   -.0001871
   -.0002995
    .0006560
    .0007484
    .0008732
    .0008070
    .0007959
    .0007220
    .0006961
    .0006542
    .0006250
    .0003610
    .0001560
    .0000220
    .0001783
    .0005683
    .0010629
    .0013726
    .0015139
    .0014491
    .0012897
    .0009637
    .0006619
    .0004454
    .0004256
    .0000691
   -.0005801
   -.0007188
   -.0002489
    .0003654
    .0004215
   -.0002197
   -.0008065
   -.0008085
   -.0003067
    .0002448
    .0003282
    .0000512
   -.0000609
    .0001533
    .0006615
    .0013338
    .0015732
    .0006438
   -.0013509
   -.0029754
   -.0026048
   -.0007382
    .0001915
   -.0010096
   -.0017278
    .0015128
    .0078900
    .0126101
    .0116282
    .0052264
   -.0022699
   -.0062979
   -.0056362
   -.0030502
   -.0020855
   -.0027817
   -.0033003
   -.0027682
   -.0014184
   -.0001275
    .0002023
   -.0002123
   -.0005884
   -.0001184
    .0012052
    .0021240
    .0013128
   -.0005197
   -.0031272
   -.0058866
   -.0063300
   -.0035396
   -.0003095
    .0007349
   -.0000259
   -.0009684
   -.0014966
    .0000153
    .0066906
    .0165631
    .0214990
    .0166842
    .0056699
   -.0033257
   -.0049119
    .0002406
    .0075469
    .0122213
    .0123409
    .0085857
    .0014899
   -.0077902
   -.0152400
   -.0175267
   -.0149206
   -.0074648
    .0031453
    .0097658
    .0078716
    .0011627
   -.0051623
   -.0097421
   -.0117629
   -.0095135
   -.0041295
   -.0001270
   -.0002296
   -.0021711
   -.0026666
    .0018476
    .0089454
    .0084274
    .0004745
   -.0060568
   -.0059832
   -.0018327
    .0005112
   -.0002433
   -.0011657
    .0021250
    .0114587
    .0216749
    .0234215
    .0129357
   -.0038529
   -.0170455
   -.0205021
   -.0152735
   -.0070818
   -.0010742
    .0007579
   -.0007734
   -.0034835
   -.0045647
   -.0026659
    .0020793
    .0089091
    .0160338
    .0237374
    .0329825
    .0396581
    .0385136
    .0281309
    .0111827
   -.0050191
   -.0110914
   -.0064456
   -.0018361
   -.0037111
   -.0090939
   -.0134016
   -.0122561
   -.0054553
   -.0007781
   -.0043707
   -.0112855
   -.0147943
   -.0105103
   -.0027311
    .0003449
    .0027850
    .0051090
    .0083795
    .0071848
    .0040348
    .0014212
    .0009876
    .0032947
    .0073060
    .0106708
    .0119290
    .0101483
    .0034462
   -.0059596
   -.0121728
   -.0108911
   -.0063365
   -.0080544
   -.0149916
   -.0216938
   -.0250252
   -.0214195
   -.0148657
   -.0156824
   -.0223942
   -.0277220
   -.0277847
   -.0207512
   -.0096288
   -.0017421
   -.0002000
   -.0024534
   -.0066168
   -.0126679
   -.0210979
   -.0315931
   -.0384415
   -.0346862
   -.0230462
   -.0136445
   -.0164254
   -.0299703
   -.0416377
   -.0439528
   -.0398751
   -.0352088
   -.0342024
   -.0378007
   -.0399535
   -.0334085
   -.0205959
   -.0100529
   -.0072215
   -.0102548
   -.0144839
   -.0167793
   -.0149823
   -.0093516
   -.0046125
   -.0045086
   -.0053825
   -.0045318
   -.0063541
   -.0125609
   -.0147615
   -.0083826
    .0019049
    .0080281
    .0059434
   -.0003848
   -.0042912
   -.0037000
   -.0014670
   -.0004965
   -.0017942
   -.0055248
   -.0088891
   -.0060638
    .0055609
    .0206090
    .0294861
    .0270313
    .0186219
    .0126699
    .0114120
    .0129903
    .0158844
    .0184612
    .0177883
    .0126649
    .0061243
    .0008924
   -.0011133
    .0038035
    .0144413
    .0223200
    .0226629
    .0173133
    .0078849
   -.0003228
   -.0003180
    .0074462
    .0168183
    .0234892
    .0266846
    .0263291
    .0220650
    .0169181
    .0180269
    .0249053
    .0307465
    .0276266
    .0165619
    .0055340
   -.0028282
   -.0106235
   -.0183449
   -.0220778
   -.0177776
   -.0076385
   -.0003161
   -.0030436
   -.0155895
   -.0298874
   -.0363750
   -.0339304
   -.0290199
   -.0265834
   -.0272665
   -.0300163
   -.0329153
   -.0316560
   -.0212896
   -.0036811
    .0118088
    .0160702
    .0084819
   -.0014804
   -.0053764
   -.0033751
    .0013601
    .0069431
    .0124658
    .0182366
    .0254164
    .0342795
    .0424527
    .0469555
    .0481694
    .0478707
    .0462615
    .0442038
    .0434445
    .0431341
    .0381314
    .0232167
    .0009635
   -.0167875
   -.0199758
   -.0112796
   -.0023646
   -.0012916
   -.0047941
   -.0095522
   -.0138591
   -.0159528
   -.0256953
   -.0412116
   -.0526830
   -.0583362
   -.0617250
   -.0649172
   -.0691237
   -.0627434
   -.0359567
    .0021494
    .0286156
    .0461048
    .0559659
    .0595350
    .0668141
    .0696604
    .0742603
    .0692725
    .0627896
    .0471210
    .0321255
    .0149024
   -.0023518
   -.0065746
   -.0001547
    .0066269
    .0153999
    .0328059
    .0388466
    .0432785
    .0421522
    .0391651
    .0339678
    .0298257
    .0290617
    .0279377
    .0270044
    .0272103
    .0247292
    .0222453
    .0232478
    .0284401
    .0326209
    .0304640
    .0246620
    .0164752
    .0081943
    .0025246
   -.0032943
   -.0062028
   -.0132751
   -.0229790
   -.0351221
   -.0455783
   -.0536326
   -.0570114
   -.0548582
   -.0553066
   -.0517894
   -.0532621
   -.0564782
   -.0588001
   -.0547404
   -.0479521
   -.0387059
   -.0309302
   -.0276256
   -.0271568
   -.0436060
   -.0561220
   -.0677298
   -.0664174
   -.0606876
   -.0621122
   -.0643520
   -.0615042
   -.0542046
   -.0534597
   -.0288787
   -.0052353
    .0108934
    .0158903
    .0080608
   -.0091460
   -.0233655
   -.0312714
   -.0357477
   -.0259546
   -.0274111
   -.0362720
   -.0445577
   -.0532692
   -.0486519
   -.0414444
   -.0359713
   -.0329023
   -.0311620
   -.0358561
   -.0516587
   -.0560408
   -.0450221
   -.0309745
   -.0194406
   -.0196271
   -.0247165
   -.0242005
   -.0190409
   -.0090019
    .0045860
    .0125009
    .0158151
    .0147326
    .0058111
   -.0061431
   -.0171450
   -.0231624
   -.0256491
   -.0252618
   -.0275916
   -.0312682
   -.0342406
   -.0418258
   -.0463888
   -.0433636
   -.0402743
   -.0356520
   -.0324802
   -.0357014
   -.0417134
   -.0439502
   -.0437405
   -.0423462
   -.0460167
   -.0579314
   -.0759131
   -.0923630
   -.1024170
   -.1033103
   -.0911120
   -.0744666
   -.0560495
   -.0398005
   -.0332175
   -.0169677
   -.0013260
    .0138175
    .0278894
    .0396775
    .0526988
    .0634411
    .0749367
    .0764563
    .0734467
    .0741280
    .0870098
    .1042741
    .1186742
    .1240504
    .1178924
    .1048997
    .0951547
    .0876482
    .0815539
    .0792526
    .0829537
    .0838652
    .0834720
    .0890731
    .0971617
    .1038196
    .1103167
    .1157373
    .1184737
    .1195494
    .1188522
    .1167075
    .1136590
    .1092198
    .1088765
    .1055454
    .0984971
    .0860331
    .0753490
    .0646476
    .0610663
    .0693581
    .0654291
    .0499726
    .0355635
    .0245723
    .0210120
    .0172635
    .0170198
    .0123414
    .0030143
   -.0096319
   -.0198948
   -.0274989
   -.0327994
   -.0342415
   -.0325691
   -.0287334
   -.0252030
   -.0324178
   -.0425017
   -.0461174
   -.0442985
   -.0379028
   -.0282897
   -.0110304
   -.0047690
   -.0123056
   -.0195227
   -.0144177
    .0035420
    .0172132
    .0207819
    .0191103
    .0094666
   -.0027947
   -.0059688
   -.0026894
    .0025634
    .0111896
    .0105045
   -.0074135
   -.0263477
   -.0308986
   -.0311138
   -.0237157
   -.0137090
   -.0132633
   -.0179983
   -.0200285
   -.0165991
   -.0045386
    .0161227
    .0266794
    .0274595
    .0179421
    .0107506
    .0091781
    .0096891
    .0064189
   -.0005144
   -.0135678
   -.0302356
   -.0432696
   -.0509494
   -.0547003
   -.0529961
   -.0540009
   -.0521802
   -.0533060
   -.0556356
   -.0551987
   -.0472096
   -.0442531
   -.0454466
   -.0502982
   -.0699134
   -.0861093
   -.0980182
   -.1045956
   -.1120326
   -.1162037
   -.1224526
   -.1293708
   -.1101620
   -.1050752
   -.1035713
   -.0978334
   -.0866395
   -.0693013
   -.0582023
   -.0438208
   -.0433041
   -.0419551
   -.0390585
   -.0037925
    .0462312
    .0941972
    .1283012
    .1252340
    .1360323
    .1435102
    .1730714
    .1840009
    .1781028
    .1695577
    .1382721
    .1240439
    .1076512
    .0977223
    .0994612
    .1025437
    .1011458
    .0945789
    .0844028
    .0738806
    .0670879
    .0622968
    .0596584
    .0533031
    .0503185
    .0428731
    .0277672
    .0126609
    .0018913
   -.0057981
    .0023644
    .0222584
    .0306805
    .0419977
    .0432958
    .0300825
    .0013024
   -.0256580
   -.0566676
   -.0933533
   -.1055346
   -.1099174
   -.1101602
   -.1070453
   -.1167367
   -.1111784
   -.1020616
   -.0732639
   -.0585797
   -.0364840
   -.0121055
   -.0084525
   -.0221213
   -.0449625
   -.0641267
   -.0688580
   -.0649908
   -.0502117
   -.0362865
   -.0221605
   -.0172052
   -.0238140
   -.0149030
    .0004335
    .0171922
    .0322688
    .0521966
    .0559089
    .0479806
    .0223564
    .0014156
   -.0033747
   -.0009660
   -.0088879
   -.0143037
   -.0181182
   -.0151067
   -.0085940
   -.0025059
    .0048586
    .0123697
    .0151403
    .0162797
    .0136437
    .0097603
    .0013891
   -.0011717
   -.0021046
   -.0076416
   -.0144778
   -.0284484
   -.0308434
   -.0250994
   -.0111537
    .0006145
    .0082452
   -.0011474
   -.0039193
   -.0018723
    .0026780
    .0176677
    .0293541
    .0278219
    .0132098
   -.0002771
   -.0271152
   -.0189614
    .0157725
    .0212055
    .0156083
    .0046862
   -.0050248
   -.0105824
   -.0084227
    .0165120
    .0270352
    .0330552
    .0233293
   -.0044583
   -.0179710
   -.0218973
   -.0099121
   -.0044402
   -.0212166
   -.0538476
   -.0608039
   -.0524951
   -.0439439
   -.0280393
   -.0241036
   -.0195045
   -.0184358
   -.0223564
   -.0225463
   -.0240419
   -.0227855
   -.0223762
   -.0292936
   -.0291981
   -.0274797
   -.0259655
   -.0222511
   -.0086213
    .0031505
    .0186428
    .0263531
    .0338342
    .0363244
    .0346746
    .0320780
    .0283269
    .0266858
    .0226908
    .0216388
    .0182619
    .0095762
    .0061620
    .0073031
    .0095563
    .0150190
    .0223445
    .0230445
    .0251571
    .0197859
    .0150088
    .0126620
    .0152626
    .0103814
    .0122290
    .0046678
    .0011121
   -.0108398
   -.0166685
   -.0116774
   -.0039676
    .0061943
    .0181945
    .0286029
    .0306230
    .0245739
    .0159601
    .0140905
    .0174065
    .0131830
    .0063354
   -.0016426
   -.0103533
   -.0126695
   -.0116066
   -.0072796
   -.0045534
   -.0041808
   -.0046201
   -.0038560
    .0004802
    .0072869
    .0162083
    .0251881
    .0288464
    .0262678
    .0166083
    .0065620
    .0023374
    .0037647
    .0136572
    .0152368
    .0146350
    .0038379
   -.0085899
   -.0159696
   -.0170319
   -.0104224
    .0086530
    .0305208
    .0322559
    .0218262
    .0141061
    .0042066
    .0095601
    .0169977
    .0155854
   -.0020305
   -.0149279
   -.0231599
   -.0255515
   -.0227058
   -.0161344
   -.0053231
    .0048747
    .0092790
    .0132642
    .0085372
    .0052273
    .0024608
    .0019930
   -.0042959
   -.0101440
   -.0124863
   -.0170151
   -.0235804
   -.0338807
   -.0401528
   -.0421273
   -.0390567
   -.0366700
   -.0244412
   -.0188525
   -.0122501
   -.0095435
   -.0075807
   -.0065277
   -.0091215
   -.0070708
   -.0120871
   -.0180495
   -.0346595
   -.0409341
   -.0371141
   -.0273313
   -.0198981
   -.0183159
   -.0202079
   -.0120023
   -.0118235
   -.0070367
    .0039835
    .0200139
    .0269082
    .0336071
    .0354936
    .0245992
    .0137558
   -.0071559
   -.0014626
    .0140506
    .0156711
    .0110814
    .0051646
    .0012868
    .0067758
    .0349653
    .0530788
    .0606919
    .0583281
    .0521746
    .0458645
    .0423780
    .0372295
    .0345312
    .0323260
    .0305625
    .0329790
    .0336417
    .0401576
    .0441656
    .0428146
    .0422769
    .0408625
    .0376454
    .0313686
    .0239649
    .0152539
    .0072355
   -.0018223
   -.0098188
   -.0202819
   -.0260981
   -.0305292
   -.0333888
   -.0333360
   -.0354415
   -.0263630
   -.0211343
   -.0196539
   -.0178099
   -.0170510
   -.0147702
   -.0160132
   -.0226169
   -.0265007
   -.0332057
   -.0365392
   -.0352831
   -.0312675
   -.0338863
   -.0394042
   -.0416970
   -.0364956
   -.0271449
   -.0073711
    .0046180
    .0114947
    .0094346
    .0090957
    .0075624
    .0058731
    .0167569
    .0250424
    .0217866
    .0086130
   -.0098036
   -.0208408
   -.0219525
   -.0200751
   -.0061564
    .0047484
    .0186613
    .0191947
    .0223748
    .0203121
    .0115534
    .0068612
    .0081631
    .0087564
    .0112274
   -.0004294
   -.0112549
   -.0224098
   -.0170429
   -.0018404
    .0219253
    .0406224
    .0476074
    .0371128
    .0069948
   -.0016536
    .0021422
    .0047728
    .0212567
    .0251508
    .0174075
    .0068879
    .0035425
    .0101386
    .0145993
    .0277158
    .0370959
    .0337095
    .0228437
   -.0009173
   -.0122683
   -.0207753
   -.0229382
   -.0107838
   -.0086195
   -.0056176
    .0029340
   -.0091586
   -.0200164
   -.0174233
   -.0126874
   -.0020757
    .0028954
   -.0033260
   -.0146391
   -.0275851
   -.0307747
   -.0300929
   -.0261383
   -.0135545
   -.0081722
   -.0072087
   -.0082262
   -.0133431
   -.0158257
   -.0071786
    .0056633
    .0077192
    .0037002
   -.0032850
   -.0152445
   -.0204539
   -.0163873
   -.0137317
   -.0112590
   -.0136256
   -.0219814
   -.0244140
   -.0243258
   -.0210717
   -.0162676
   -.0121068
   -.0118899
   -.0153968
   -.0167080
   -.0141984
   -.0117119
   -.0078448
   -.0050213
   -.0046779
   -.0045503
   -.0046762
   -.0046895
   -.0039066
    .0001553
    .0089301
    .0179431
    .0227632
    .0277513
    .0307663
    .0301040
    .0340740
    .0405258
    .0466084
    .0431562
    .0367007
    .0289570
    .0220002
    .0197911
    .0203394
    .0234802
    .0271799
    .0204541
    .0115364
    .0041009
   -.0062339
   -.0092071
   -.0088018
   -.0148097
   -.0225820
   -.0340067
   -.0428343
   -.0443774
   -.0392451
   -.0316087
   -.0204885
   -.0175140
   -.0205667
   -.0197333
   -.0127559
   -.0049053
    .0079207
    .0189581
    .0249461
    .0257644
    .0232173
    .0236575
    .0299922
    .0359221
    .0408358
    .0462903
    .0499068
    .0517846
    .0548371
    .0594176
    .0631016
    .0663310
    .0684715
    .0704510
    .0688205
    .0631585
    .0594971
    .0556461
    .0519991
    .0405395
    .0277918
    .0172716
    .0112191
    .0160095
    .0193353
    .0273531
    .0252904
    .0214998
    .0199919
    .0153335
    .0120784
    .0094686
    .0097683
    .0022575
   -.0046582
   -.0196081
   -.0258643
   -.0319663
   -.0379984
   -.0363946
   -.0361618
   -.0326397
   -.0320628
   -.0339908
   -.0331456
   -.0290089
   -.0209497
   -.0075585
   -.0047931
   -.0089024
   -.0189730
   -.0262280
   -.0315035
   -.0342498
   -.0379815
   -.0423238
   -.0462699
   -.0506006
   -.0484058
   -.0463141
   -.0383894
   -.0333842
   -.0237438
   -.0186970
   -.0146118
   -.0119712
   -.0142427
   -.0173096
   -.0202776
   -.0216321
   -.0273604
   -.0245295
   -.0238026
   -.0242615
   -.0239973
   -.0236556
   -.0204331
   -.0148943
   -.0099851
   -.0018690
    .0073576
    .0109398
    .0112801
    .0067363
    .0006493
   -.0027971
   -.0066070
   -.0059461
   -.0030274
   -.0046570
   -.0082170
   -.0126165
   -.0161334
   -.0115077
   -.0020614
    .0083131
    .0165732
    .0248073
    .0314357
    .0369699
    .0401190
    .0407677
    .0336918
    .0307860
    .0279063
    .0274428
    .0226606
    .0151408
    .0099051
    .0078479
    .0154516
    .0211232
    .0247506
    .0246858
    .0233109
    .0182091
    .0027763
   -.0127918
   -.0303448
   -.0363722
   -.0361344
   -.0334772
   -.0184622
   -.0167451
   -.0093198
   -.0022516
    .0007486
    .0022261
   -.0024155
   -.0156835
   -.0310021
   -.0418718
   -.0474297
   -.0511948
   -.0538187
   -.0548589
   -.0560700
   -.0557865
   -.0491341
   -.0414854
   -.0338620
   -.0256249
   -.0129835
   -.0165552
   -.0202060
   -.0310952
   -.0403293
   -.0530985
   -.0574610
   -.0603308
   -.0663621
   -.0686592
   -.0677312
   -.0667917
   -.0604548
   -.0436616
   -.0295473
   -.0147940
   -.0133733
   -.0170434
   -.0257457
   -.0318719
   -.0418462
   -.0473282
   -.0510756
   -.0437030
   -.0311252
   -.0225047
   -.0135775
   -.0015948
    .0036635
    .0052563
    .0057652
    .0028797
   -.0014768
   -.0065047
   -.0112701
   -.0130372
   -.0145106
   -.0161333
   -.0156620
   -.0144525
   -.0120763
   -.0089892
   -.0059953
   -.0035437
   -.0015447
   -.0003785
    .0028959
    .0064889
    .0112523
    .0138564
    .0153892
    .0097278
    .0076843
    .0097970
    .0145833
    .0189085
    .0209053
    .0196254
    .0201104
    .0211965
    .0239632
    .0253492
    .0273397
    .0260730
    .0224203
    .0175099
    .0164950
    .0174081
    .0183890
    .0172995
    .0155045
    .0109271
    .0071998
    .0045483
    .0023956
    .0035227
    .0042018
    .0056174
    .0048795
    .0041180
    .0038888
    .0027072
    .0041459
    .0070000
    .0115277
    .0147306
    .0168436
    .0164800
    .0160199
    .0151388
    .0144230
    .0143064
    .0153866
    .0146540
    .0122776
    .0114835
    .0101673
    .0095092
    .0090191
    .0075855
    .0061834
    .0035321
   -.0000652
   -.0030317
   -.0044505
   -.0046930
   -.0044294
   -.0037116
   -.0004079
    .0000675
    .0009305
   -.0004153
   -.0013910
   -.0036521
   -.0067316
   -.0105502
   -.0154895
   -.0197437
   -.0207503
   -.0195782
   -.0182814
   -.0172238
   -.0158219
   -.0172440
   -.0185291
   -.0201122
   -.0196026
   -.0175501
   -.0154941
   -.0148528
   -.0161590
   -.0197117
   -.0204380
   -.0183136
   -.0143121
   -.0103218
   -.0092034
   -.0093611
   -.0096563
   -.0080691
   -.0056446
   -.0028329
   -.0014901
   -.0005842
   -.0014246
   -.0023431
   -.0035564
   -.0054247
   -.0068985
   -.0096552
   -.0113967
   -.0134011
   -.0162312
   -.0171670
   -.0162396
   -.0154374
   -.0151158
   -.0147359
   -.0145308
   -.0155279
   -.0179588
   -.0178738
   -.0174075
   -.0147032
   -.0115100
   -.0082669
   -.0061502
   -.0056328
   -.0046169
   -.0016996
    .0039726
    .0080092
    .0093436
    .0106028
    .0095181
    .0084238
    .0091457
    .0124972
    .0155415
    .0179750
    .0205219
    .0219801
    .0227656
    .0231829
    .0249954
    .0265029
    .0298774
    .0313524
    .0323417
    .0309353
    .0278322
    .0240665
    .0213870
    .0193455
    .0165788
    .0151189
    .0115174
    .0096336
    .0072765
    .0052549
    .0042989
    .0051491
    .0059898
    .0084897
    .0148580
    .0145298
    .0127242
    .0060277
    .0011451
   -.0010177
   -.0047709
   -.0092032
   -.0145317
   -.0223676
   -.0330426
   -.0395270
   -.0486071
   -.0538514
   -.0520968
   -.0489522
   -.0440979
   -.0477513
   -.0497908
   -.0497252
   -.0450740
   -.0371878
   -.0270670
   -.0182254
   -.0150270
   -.0124144
   -.0116882
   -.0095002
   -.0074631
   -.0043748
    .0014702
    .0058249
    .0114495
    .0141030
    .0163417
    .0186341
    .0221934
    .0264799
    .0310832
    .0335038
    .0351536
    .0359139
    .0376355
    .0405278
    .0436702
    .0453802
    .0461808
    .0469279
    .0483031
    .0518850
    .0540700
    .0558798
    .0563677
    .0557886
    .0528658
    .0522309
    .0522699
    .0526191
    .0521769
    .0502670
    .0480600
    .0437008
    .0428487
    .0447048
    .0458459
    .0451879
    .0436836
    .0430135
    .0435996
    .0440228
    .0437216
    .0443551
    .0427606
    .0403171
    .0372221
    .0324798
    .0274445
    .0235980
    .0203962
    .0201894
    .0168584
    .0124157
    .0042993
   -.0029277
   -.0046191
   -.0033258
   -.0013684
   -.0041755
   -.0076464
   -.0105166
   -.0171314
   -.0197302
   -.0200895
   -.0170391
   -.0134004
   -.0132021
   -.0133320
   -.0184310
   -.0229173
   -.0238072
   -.0240359
   -.0198282
   -.0181967
   -.0171138
   -.0182611
   -.0197164
   -.0211016
   -.0201453
   -.0180354
   -.0164789
   -.0153564
   -.0143204
   -.0140391
   -.0126634
   -.0103279
   -.0078495
   -.0051733
   -.0036320
   -.0029099
   -.0026068
   -.0015027
   -.0000447
    .0013095
    .0034713
    .0067820
    .0079191
    .0067834
    .0047013
    .0042532
    .0052209
    .0065631
    .0070102
    .0075054
    .0065773
    .0047181
    .0014663
   -.0015739
   -.0032467
   -.0042979
   -.0053433
   -.0069512
   -.0114851
   -.0164483
   -.0214542
   -.0261867
   -.0284845
   -.0297778
   -.0307711
   -.0307756
   -.0296110
   -.0268801
   -.0218619
   -.0182391
   -.0152893
   -.0139444
   -.0141497
   -.0135882
   -.0135400
   -.0130104
   -.0123750
   -.0113464
   -.0120045
   -.0119407
   -.0121843
   -.0115411
   -.0102109
   -.0096546
   -.0071758
   -.0059234
   -.0055284
   -.0050840
   -.0039643
   -.0027950
   -.0006773
    .0026696
    .0064216
    .0110185
    .0145713
    .0176393
    .0200403
    .0214396
    .0223470
    .0225593
    .0217828
    .0202369
    .0183242
    .0161583
    .0146012
    .0118915
    .0066591
    .0013882
   -.0031748
   -.0055986
   -.0063300
   -.0065345
   -.0061241
   -.0056319
   -.0046480
   -.0062044
   -.0068658
   -.0071119
   -.0071513
   -.0065921
   -.0054525
   -.0045336
   -.0049049
   -.0057283
   -.0080430
   -.0103387
   -.0078431
   -.0064249
   -.0064259
   -.0070670
   -.0084204
   -.0099547
   -.0118575
   -.0110464
   -.0091577
   -.0076753
   -.0055369
   -.0041968
   -.0038268
   -.0046403
   -.0042395
   -.0035439
   -.0027006
   -.0009506
    .0002155
    .0013724
    .0013196
   -.0005565
   -.0015624
   -.0029771
   -.0048378
   -.0047603
   -.0034525
   -.0059418
   -.0078631
   -.0163322
   -.0225761
   -.0261427
   -.0266062
   -.0252510
   -.0250759
   -.0242414
   -.0244561
   -.0198597
   -.0190197
   -.0154026
   -.0114655
   -.0047361
   -.0041921
   -.0064572
   -.0131234
   -.0205002
   -.0258480
   -.0237736
   -.0173803
   -.0136590
   -.0156100
   -.0141960
   -.0074585
    .0019591
    .0114939
    .0177519
    .0212916
    .0216124
    .0172510
    .0121311
    .0031927
    .0024868
    .0033467
    .0016976
   -.0003521
   -.0031489
   -.0038502
    .0003822
    .0074594
    .0132124
    .0169023
    .0198630
    .0207594
    .0195643
    .0162764
    .0070036
    .0006012
   -.0032241
   -.0045353
   -.0066227
   -.0076814
   -.0071259
   -.0036257
    .0011948
    .0130445
    .0158917
    .0180532
    .0160782
    .0134113
    .0099411
    .0080788
    .0025836
   -.0015345
   -.0055738
   -.0086096
   -.0123969
   -.0126626
   -.0115377
   -.0079245
   -.0037819
    .0028396
    .0049386
    .0078921
    .0085733
    .0082401
   -.0001162
   -.0048987
   -.0080851
   -.0148339
   -.0196076
   -.0225533
   -.0274458
   -.0301522
   -.0305918
   -.0272501
   -.0243573
   -.0151520
   -.0083839
   -.0018575
    .0030052
    .0079184
    .0052367
    .0027794
   -.0001365
   -.0038905
   -.0041404
   -.0041019
   -.0055574
   -.0065091
   -.0095667
   -.0106006
   -.0082539
    .0046179
    .0131470
    .0173933
    .0213359
    .0217340
    .0146555
    .0087115
    .0038405
   -.0065651
   -.0156331
   -.0171410
   -.0167247
   -.0153324
   -.0151001
   -.0139803
   -.0057019
   -.0018564
    .0016586
    .0020551
    .0040746
    .0059590
    .0062929
    .0053060
    .0032041
   -.0002934
   -.0055498
   -.0166485
   -.0242523
   -.0388434
   -.0414397
   -.0408434
   -.0394092
   -.0371110
   -.0360993
   -.0330464
   -.0304010
   -.0245728
   -.0178967
   -.0141964
   -.0130115
   -.0118564
   -.0115330
   -.0141539
   -.0144348
   -.0176112
   -.0168298
   -.0185598
   -.0233738
   -.0251266
   -.0246477
   -.0233253
   -.0186574
   -.0146942
   -.0126946
   -.0093752
   -.0080028
   -.0056164
   -.0057030
   -.0060273
   -.0064154
   -.0065261
   -.0062026
   -.0072556
   -.0084074
   -.0106680
   -.0104356
   -.0097563
   -.0075402
   -.0050840
   -.0018575
    .0006319
    .0024870
    .0005893
    .0011617
    .0033392
    .0070582
    .0086618
    .0074544
    .0064352
    .0071429
    .0090835
    .0119916
    .0137546
    .0149201
    .0151334
    .0155193
    .0156237
    .0151087
    .0161558
    .0183027
    .0186801
    .0187974
    .0187063
    .0183708
    .0176687
    .0172934
    .0171489
    .0172712
    .0173259
    .0171317
    .0171430
    .0169264
    .0168764
    .0168639
    .0174973
    .0198347
    .0207725
    .0221061
    .0219756
    .0209665
    .0198775
    .0186268
    .0152562
    .0103342
    .0059528
    .0026746
   -.0005028
   -.0033492
   -.0047816
   -.0044056
   -.0037597
   -.0039285
   -.0039367
   -.0023220
    .0010502
    .0046198
    .0074451
    .0091982
    .0094383
    .0085586
    .0072666
    .0061287
    .0055800
    .0055562
    .0058171
    .0065512
    .0081338
    .0103590
    .0125071
    .0145933
    .0167884
    .0187800
    .0204160
    .0215425
    .0218295
    .0210287
    .0189238
    .0155236
    .0114528
    .0075825
    .0045781
    .0021882
   -.0006926
   -.0027988
   -.0014803
    .0032069
    .0084696
    .0122256
    .0149760
    .0179674
    .0207403
    .0222980
    .0223614
    .0211993
    .0196024
    .0181584
    .0174393
    .0170033
    .0159447
    .0146572
    .0130358
    .0121846
    .0119861
    .0124689
    .0142871
    .0162228
    .0173267
    .0168482
    .0168220
    .0164715
    .0150320
    .0133407
    .0133165
    .0137827
    .0137011
    .0121636
    .0104003
    .0090651
    .0080281
    .0064233
    .0054574
    .0060835
    .0058517
    .0025127
   -.0002657
   -.0008837
   -.0019931
   -.0026125
   -.0027985
   -.0028492
   -.0024245
   -.0005339
    .0031216
    .0055619
    .0063980
    .0079514
    .0109034
    .0137326
    .0137527
    .0111053
    .0080816
    .0065537
    .0058642
    .0049018
    .0033215
    .0009949
   -.0016278
   -.0043513
   -.0079332
   -.0122355
   -.0162509
   -.0198058
   -.0233122
   -.0265303
   -.0290522
   -.0301412
   -.0291392
   -.0266253
   -.0232960
   -.0191629
   -.0159650
   -.0155766
   -.0168843
   -.0176042
   -.0174040
   -.0167248
   -.0160442
   -.0158620
   -.0154798
   -.0140295
   -.0120683
   -.0099181
   -.0083664
   -.0083154
   -.0081656
   -.0075522
   -.0073616
   -.0077314
   -.0080616
   -.0063099
   -.0026762
   -.0003215
   -.0005702
   -.0007425
    .0007530
    .0033517
    .0049887
    .0052328
    .0050762
    .0050319
    .0052144
    .0054636
    .0055533
    .0053626
    .0050764
    .0051854
    .0060413
    .0076129
    .0091485
    .0093584
    .0082073
    .0071091
    .0066943
    .0059562
    .0031930
   -.0001863
   -.0015555
   -.0010340
   -.0005677
   -.0003711
    .0012060
    .0039030
    .0057138
    .0058478
    .0057303
    .0068132
    .0092051
    .0111849
    .0118524
    .0121003
    .0121524
    .0120041
    .0108735
    .0094494
    .0079971
    .0065188
    .0035475
    .0003295
   -.0014353
   -.0008962
    .0000703
    .0002702
   -.0001989
   -.0013070
   -.0026880
   -.0030180
   -.0017766
   -.0000230
    .0005138
   -.0011327
   -.0043452
   -.0076537
   -.0096892
   -.0100836
   -.0095832
   -.0095083
   -.0107721
   -.0126777
   -.0137040
   -.0133569
   -.0129720
   -.0137074
   -.0146022
   -.0136173
   -.0105659
   -.0084620
   -.0086393
   -.0097489
   -.0103860
   -.0095802
   -.0081129
   -.0074322
   -.0075262
   -.0071279
   -.0052721
   -.0024125
   -.0017182
   -.0028258
   -.0036338
   -.0037209
   -.0031981
   -.0026968
   -.0023254
   -.0019987
   -.0016594
   -.0012672
   -.0007454
   -.0000209
    .0007593
    .0012014
    .0012686
    .0010608
    .0003686
   -.0009482
   -.0028386
   -.0050650
   -.0072440
   -.0092702
   -.0112016
   -.0129817
   -.0139970
   -.0137168
   -.0124963
   -.0109734
   -.0093914
   -.0082051
   -.0077851
   -.0078577
   -.0081011
   -.0085389
   -.0090335
   -.0098657
   -.0116294
   -.0135209
   -.0139184
   -.0128201
   -.0126511
   -.0164393
   -.0226402
   -.0255712
   -.0245790
   -.0230747
   -.0237161
   -.0260230
   -.0274839
   -.0277335
   -.0276431
   -.0284297
   -.0304007
   -.0318304
   -.0315081
   -.0299636
   -.0283190
   -.0276646
   -.0276711
   -.0267902
   -.0245931
   -.0211495
   -.0166577
   -.0129226
   -.0116129
   -.0119506
   -.0125569
   -.0131147
   -.0137693
   -.0143675
   -.0144638
   -.0137642
   -.0133363
   -.0134356
   -.0136597
   -.0137238
   -.0135796
   -.0132367
   -.0134317
   -.0161074
   -.0211016
   -.0252378
   -.0273966
   -.0283027
   -.0292204
   -.0308242
   -.0319086
   -.0315159
   -.0301558
   -.0288761
   -.0285195
   -.0284541
   -.0272125
   -.0249714
   -.0228242
   -.0218169
   -.0228868
   -.0254065
   -.0272017
   -.0277044
   -.0275749
   -.0272571
   -.0272366
   -.0268855
   -.0249151
   -.0213334
   -.0172579
   -.0142862
   -.0126783
   -.0108931
   -.0085138
   -.0060658
   -.0036366
   -.0019390
   -.0013272
   -.0009737
   -.0005413
   -.0000332
    .0001007
   -.0002217
   -.0011285
   -.0021616
   -.0025874
   -.0024961
   -.0024171
   -.0028788
   -.0046171
   -.0071341
   -.0085141
   -.0076714
   -.0056132
   -.0050792
   -.0050872
   -.0026518
   -.0000618
    .0001600
   -.0004638
    .0018345
    .0056183
    .0081618
    .0100941
    .0112903
    .0116920
    .0112951
    .0103537
    .0090925
    .0085342
    .0091189
    .0104084
    .0109460
    .0103697
    .0101678
    .0115565
    .0138125
    .0149981
    .0141614
    .0129503
    .0131590
    .0148886
    .0174749
    .0194743
    .0196978
    .0187343
    .0177771
    .0167486
    .0150533
    .0138922
    .0133705
    .0120476
    .0089284
    .0052301
    .0032436
    .0028428
    .0022587
    .0005229
   -.0003796
   -.0007020
   -.0014643
   -.0029471
   -.0033871
   -.0012029
    .0027780
    .0056565
    .0050484
    .0013127
   -.0025551
   -.0040734
   -.0030981
   -.0002722
    .0032680
    .0058456
    .0063862
    .0055109
    .0046069
    .0041713
    .0037669
    .0032766
    .0030379
    .0032171
    .0035589
    .0038878
    .0042446
    .0043538
    .0042485
    .0040969
    .0042618
    .0042777
    .0042695
    .0050243
    .0068778
    .0095048
    .0120389
    .0138752
    .0145049
    .0137918
    .0122994
    .0117050
    .0126113
    .0137229
    .0133413
    .0122491
    .0121126
    .0130303
    .0139469
    .0135631
    .0113569
    .0087930
    .0070580
    .0058315
    .0034304
   -.0002539
   -.0033136
   -.0045156
   -.0041170
   -.0034466
   -.0033191
   -.0035656
   -.0038706
   -.0040765
   -.0034638
   -.0013722
    .0016542
    .0039688
    .0051704
    .0070057
    .0094646
    .0117759
    .0130851
    .0127225
    .0116462
    .0111022
    .0116575
    .0130485
    .0133763
    .0123987
    .0127225
    .0152061
    .0180208
    .0190376
    .0187925
    .0190090
    .0200379
    .0212626
    .0215922
    .0213430
    .0218227
    .0229528
    .0241011
    .0244048
    .0243518
    .0246181
    .0249180
    .0246103
    .0235634
    .0221531
    .0205455
    .0191166
    .0181189
    .0171706
    .0149949
    .0125556
    .0103949
    .0077555
    .0043678
    .0028257
    .0031849
    .0039858
    .0043032
    .0049705
    .0066892
    .0090380
    .0112757
    .0127605
    .0131022
    .0125218
    .0119442
    .0122459
    .0132700
    .0138878
    .0125980
    .0096143
    .0069138
    .0051712
    .0034677
    .0005192
   -.0026807
   -.0041598
   -.0037153
   -.0027997
   -.0026027
   -.0032477
   -.0038873
   -.0025607
    .0007397
    .0020831
    .0014642
    .0009978
    .0009143
    .0009159
    .0007698
    .0007939
    .0007367
    .0006367
    .0006386
    .0005308
    .0003999
    .0002704
    .0000871
   -.0001606
    .0001467
    .0021440
    .0048022
    .0064429
    .0063686
    .0063340
    .0081146
    .0114775
    .0147262
    .0153417
    .0141626
    .0135953
    .0144867
    .0151472
    .0138389
    .0126787
    .0120478
    .0113045
    .0095308
    .0068258
    .0038434
    .0006032
   -.0019895
   -.0028600
   -.0026625
   -.0022502
   -.0022936
   -.0025689
   -.0026783
   -.0026653
   -.0026926
   -.0027576
   -.0028422
   -.0031720
   -.0040276
   -.0049267
   -.0053946
   -.0052147
   -.0051876
   -.0051045
   -.0047120
   -.0036865
   -.0032432
   -.0030424
   -.0019727
    .0007318
    .0034396
    .0046002
    .0042021
    .0020469
   -.0015864
   -.0046568
   -.0057691
   -.0054649
   -.0048483
   -.0049026
   -.0054388
   -.0059096
   -.0053419
   -.0033707
   -.0009171
    .0011072
    .0017972
    .0028034
    .0036445
    .0038887
    .0028302
    .0005988
   -.0011478
   -.0020122
   -.0024274
   -.0026823
   -.0033090
   -.0051201
   -.0072078
   -.0081212
   -.0079902
   -.0077650
   -.0082073
   -.0097037
   -.0117002
   -.0126991
   -.0124912
   -.0119046
   -.0116606
   -.0118179
   -.0111005
   -.0103094
   -.0095358
   -.0091043
   -.0088250
   -.0084888
   -.0081548
   -.0080195
   -.0080693
   -.0080766
   -.0081584
   -.0085458
   -.0091962
   -.0103560
   -.0118306
   -.0133385
   -.0146017
   -.0155400
   -.0159596
   -.0160837
   -.0159510
   -.0166649
   -.0177548
   -.0179224
   -.0176408
   -.0176080
   -.0179113
   -.0181721
   -.0181653
   -.0182086
   -.0182246
   -.0185345
   -.0190272
   -.0194989
   -.0197418
   -.0197330
   -.0194080
   -.0188482
   -.0186837
   -.0188182
   -.0180983
   -.0165202
   -.0145368
   -.0130071
   -.0124609
   -.0121753
   -.0114148
   -.0103974
   -.0094196
   -.0086920
   -.0080142
   -.0074232
   -.0066086
   -.0053431
   -.0039746
   -.0028949
   -.0025316
   -.0017338
   -.0009458
   -.0003030
   -.0000383
   -.0000364
   -.0001282
   -.0000242
    .0003870
    .0007200
    .0010774
    .0009168
    .0010300
    .0013131
    .0015779
    .0014192
    .0009384
    .0008373
    .0007976
    .0009069
    .0007863
    .0004630
    .0005369
    .0009162
    .0013511
    .0016495
    .0018009
    .0018503
    .0019661
    .0024598
    .0028219
    .0031838
    .0030230
    .0028675
    .0027525
    .0026759
    .0025416
    .0024768
    .0023632
    .0022845
    .0021254
    .0020370
    .0019126
    .0018571
    .0017456
    .0016991
    .0015835
    .0015239
    .0014013
    .0013607
    .0012807
    .0012927
    .0012450
    .0012688
    .0012183
    .0012234
    .0011349
    .0011039
    .0009997
    .0009791
    .0009056
    .0009148
    .0008588
    .0008888
    .0008482
    .0008890
    .0008371
    .0008631
    .0008001
    .0008195
    .0007523
    .0007667
    .0006925
    .0006992
    .0006273
    .0006393
    .0005709
    .0005797
    .0005075
    .0005108
    .0004361
    .0004342
    .0003550
    .0003436
    .0002590
    .0002461
    .0001679
    .0001584
    .0000808
    .0000674
   -.0000119
   -.0000251
   -.0001029
   -.0001124
   -.0001866
   -.0001917
   -.0002655
   -.0002663
   -.0003386
   -.0003335
   -.0004050
   -.0003947
   -.0004646
   -.0004519
   -.0005179
   -.0005152
   -.0005784
   -.0006762
   -.0007789
   -.0012594
   -.0005993