   -.0033913
   -.0039698
   -.0059207
   -.0059553
   -.0058348
   -.0056493
   -.0054755
   -.0052971
   -.0050379
   -.0047737
   -.0044641
   -.0044390
   -.0046881
   -.0052504
   -.0059978
   -.0067907
   -.0071875
   -.0071962
   -.0068322
   -.0062158
   -.0056819
   -.0052790
   -.0050216
   -.0047119
   -.0050159
   -.0050585
   -.0056743
   -.0064573
   -.0069841
   -.0069775
   -.0064172
   -.0058517
   -.0046380
   -.0028087
   -.0017933
   -.0008500
    .0002214
   -.0010783
   -.0025040
   -.0044574
   -.0032515
   -.0015515
   -.0022325
   -.0029777
   -.0037075
   -.0019098
    .0037264
    .0044656
    .0034010
    .0010317
    .0005289
   -.0029495
   -.0049223
   -.0055858
   -.0084591
   -.0097649
   -.0073711
   -.0001823
    .0051708
    .0088327
    .0106829
    .0104674
    .0083886
    .0041102
   -.0015015
   -.0072666
   -.0143548
   -.0199872
   -.0196744
   -.0143590
   -.0077525
   -.0012933
    .0035675
    .0055752
    .0053017
    .0036181
    .0004714
   -.0053855
   -.0142266
   -.0212278
   -.0213342
   -.0197372
   -.0159268
   -.0147425
   -.0085364
   -.0015777
    .0043052
    .0078851
    .0091772
    .0076634
    .0065444
    .0070648
    .0083633
    .0085010
    .0058065
    .0093970
    .0217877
    .0313817
    .0259460
    .0107671
    .0089162
    .0158658
    .0091240
   -.0102800
   -.0230718
   -.0243361
   -.0191344
   -.0108130
   -.0003452
    .0090654
    .0117879
    .0111360
    .0135171
    .0103352
   -.0076076
   -.0204893
   -.0095221
    .0036991
    .0008880
   -.0131710
   -.0197568
   -.0118094
   -.0013118
    .0052774
    .0092824
    .0120267
    .0138630
    .0142059
    .0111325
   -.0015852
   -.0249093
   -.0419234
   -.0391364
   -.0335177
   -.0347901
   -.0236828
    .0102322
    .0107291
   -.0162789
    .0037406
    .0272030
    .0110067
   -.0030791
    .0111493
    .0320114
    .0332762
    .0240020
    .0294383
    .0428727
    .0418242
    .0322894
    .0198319
    .0078572
   -.0022946
   -.0140641
   -.0270551
   -.0392183
   -.0484137
   -.0488576
   -.0410876
   -.0344377
   -.0304977
   -.0217432
   -.0083923
   -.0009772
    .0060788
    .0138754
    .0205356
    .0262725
    .0315161
    .0355119
    .0403266
    .0404451
    .0340651
    .0234187
    .0222993
    .0230646
    .0156621
    .0065627
    .0052369
    .0110921
    .0106759
    .0005508
   -.0160781
   -.0347885
   -.0557848
   -.0804274
   -.1007411
   -.1000141
   -.0765050
   -.0488281
   -.0324863
   -.0306947
   -.0433400
   -.0398960
    .0019876
    .0353165
    .0266835
    .0370182
    .0611994
    .0613912
    .0600500
    .0674930
    .0496144
    .0318469
    .0423111
    .0470613
    .0288612
    .0180153
    .0243932
    .0254047
    .0115845
   -.0050418
   -.0216511
   -.0403199
   -.0579556
   -.0667950
   -.0616158
   -.0545147
   -.0578559
   -.0421664
   -.0216483
   -.0176804
   -.0117928
    .0072319
    .0152971
    .0111715
    .0123798
    .0268961
    .0429492
    .0501507
    .0495001
    .0458761
    .0408551
    .0361816
    .0295751
    .0198499
    .0049228
   -.0188217
   -.0434410
   -.0558916
   -.0528724
   -.0405149
   -.0360675
   -.0306402
   -.0110941
    .0057133
   -.0026025
   -.0055145
    .0167588
    .0356020
    .0307160
    .0151533
    .0130537
    .0324711
    .0422941
    .0305527
    .0365362
    .0486695
    .0329848
    .0128467
    .0184838
    .0164417
   -.0054079
   -.0328267
   -.0499970
   -.0392914
   -.0134012
   -.0008753
   -.0103637
   -.0282341
   -.0374315
   -.0337962
   -.0266302
   -.0263448
   -.0335584
   -.0317256
   -.0172451
   -.0176856
   -.0332480
   -.0329994
   -.0085773
    .0203607
    .0357626
    .0340578
    .0223473
    .0143889
    .0194861
    .0310529
    .0359080
    .0281822
    .0121188
   -.0024306
   -.0052398
    .0019803
    .0098765
    .0190294
    .0254111
    .0188261
    .0002793
   -.0158300
   -.0118792
   -.0059274
   -.0164741
   -.0153969
    .0121198
    .0139344
   -.0111476
   -.0141317
    .0076554
    .0220259
    .0125223
    .0209728
    .0351805
    .0210108
    .0071781
    .0243753
    .0413465
    .0389044
    .0247301
    .0145744
    .0059196
    .0062406
    .0130022
    .0098115
   -.0033572
   -.0151362
   -.0211508
   -.0246860
   -.0257029
   -.0211087
   -.0088578
    .0006393
   -.0071788
   -.0297628
   -.0461801
   -.0325306
   -.0140946
   -.0208111
   -.0304588
   -.0205805
    .0037110
    .0221475
    .0274569
    .0253817
    .0250240
    .0330609
    .0308404
    .0302607
    .0554563
    .0599927
    .0599576
    .0907992
    .1000834
    .0708636
    .0603893
    .0690140
    .0509064
    .0268870
    .0316899
    .0283300
    .0023347
    .0050355
    .0084429
   -.0240465
   -.0182284
    .0043155
   -.0068349
   -.0256790
   -.0174903
    .0011190
    .0008234
   -.0145821
   -.0268881
   -.0209992
   -.0035251
    .0127731
    .0206033
    .0213977
    .0221768
    .0307543
    .0418109
    .0340476
    .0279619
    .0496406
    .0901141
    .1097600
    .1107927
    .1104435
    .1035110
    .0976343
    .0996065
    .1036108
    .1024333
    .0909827
    .0692616
    .0480014
    .0345845
    .0213915
    .0011682
   -.0294085
   -.0606192
   -.0864691
   -.1091622
   -.1345184
   -.1739200
   -.1943654
   -.1665892
   -.1419326
   -.1630203
   -.1929243
   -.1599782
   -.1066761
   -.1460077
   -.2143841
   -.1611459
   -.0639454
   -.0496430
   -.0865389
   -.1075943
   -.0982139
   -.0385869
    .0448935
    .0621918
    .0144982
   -.0404984
   -.0680812
   -.0452048
   -.0024439
    .0277550
    .0314740
    .0174453
    .0036531
   -.0100341
   -.0037372
    .0041963
    .0405145
    .0869472
    .1237649
    .1566994
    .1748309
    .1664341
    .1111602
    .0592612
    .0046113
   -.0311468
   -.0235251
   -.0037353
    .0104296
    .0323747
    .0315097
   -.0046169
   -.0298276
   -.0468956
   -.0469271
   -.0625730
   -.0774763
   -.0834446
   -.0604777
   -.0214154
    .0117306
    .0302266
    .0356420
    .0240630
    .0217207
    .0406522
    .0434198
    .0332445
    .0168568
    .0069869
    .0009365
    .0162598
    .0405691
    .0365536
    .0165403
    .0114864
    .0741864
    .1031377
    .1079673
    .0924699
    .0674807
    .0385432
    .0314225
    .0079268
   -.0154159
   -.0757372
   -.0622847
    .0259703
    .0601927
    .1090535
    .1782599
    .2381941
    .2030158
    .0612142
    .0047450
   -.0327932
   -.0840101
   -.1893068
   -.2284152
   -.2007427
   -.1118778
   -.0566185
    .0334406
    .0804258
    .0532169
   -.0304703
   -.1655974
   -.2578659
   -.3140013
   -.4002287
   -.4209568
   -.4177644
   -.3629321
   -.2318016
   -.0785557
    .0608218
    .1145303
    .0841305
    .0611904
    .1573801
    .1416431
   -.1115815
   -.1936977
   -.1152385
   -.1517426
   -.1838623
   -.1896754
   -.1506684
   -.0733509
    .0647523
    .1874442
    .1528517
    .1350939
    .1348044
    .1350518
    .1521672
    .0427607
   -.0478632
   -.0627919
   -.0528455
   -.0823661
   -.0904119
   -.0677914
    .0115383
    .0621801
    .1001274
    .1377369
    .1905005
    .2150087
    .2316258
    .2215925
    .1566533
    .0543083
    .0209138
    .0180817
    .0011728
   -.0432802
   -.0721853
   -.1101895
   -.1143957
   -.0793963
   -.0002551
    .0230468
   -.0641585
   -.2296157
   -.2564702
   -.0924573
   -.0274882
   -.1112891
   -.1579074
   -.1384643
   -.0116472
    .1545807
    .1795940
    .1733994
    .2133730
    .2478193
    .2508976
    .2328251
    .1985191
    .2025186
    .2364943
    .2705221
    .2864540
    .2553450
    .2086413
    .1767205
    .1370101
    .1141114
    .0710441
   -.0101790
   -.0958336
   -.1659778
   -.2062906
   -.2259051
   -.2343181
   -.2318104
   -.2259230
   -.2319527
   -.2636675
   -.3151716
   -.3708760
   -.3620958
   -.2786008
   -.2311400
   -.2892195
   -.3378534
   -.3384405
   -.2683546
   -.2284413
   -.2277181
   -.2682503
   -.2945322
   -.2546833
   -.1323159
   -.0400890
   -.0111743
    .0009548
   -.0284362
   -.0989814
   -.1436286
   -.1749950
   -.1892197
   -.1815055
   -.1541752
   -.1095119
   -.0229223
    .0505104
    .0986989
    .1331438
    .1433577
    .1170924
    .0943596
    .0581933
    .0178620
    .0016839
    .0045340
    .0336080
    .0684490
    .0999997
    .1134771
    .0974286
    .0673800
    .0502570
    .0451477
    .0377306
    .0365997
    .0371461
    .0320006
    .0232049
    .0162802
    .0093160
    .0063060
   -.0015073
   -.0127133
   -.0196904
   -.0142775
   -.0033427
    .0004359
   -.0038343
   -.0209286
   -.0332936
   -.0282422
   -.0143326
    .0107628
    .0299175
    .0230295
    .0182233
    .0247744
    .0297756
    .0256455
    .0097767
   -.0202821
   -.0323522
   -.0314000
   -.0191336
   -.0079404
   -.0028063
   -.0102793
   -.0243647
   -.0258566
   -.0142189
   -.0067898
    .0054854
   -.0021059
    .0139665
    .0469206
    .0633896
    .0721860
    .0966618
    .1211520
    .1462026
    .1651861
    .1727458
    .1817262
    .1773472
    .1687540
    .1780528
    .1978237
    .2018801
    .2064821
    .2207867
    .2340563
    .2047919
    .1976180
    .2385359
    .2750266
    .2643475
    .2049425
    .1406262
    .0828650
    .0159219
    .0166722
    .1094022
    .2137812
    .2343048
    .0413080
   -.2240682
   -.2412610
   -.1712350
   -.4211507
   -.5609876
   -.5170652
   -.4440292
   -.3234672
   -.2710627
   -.2354110
   -.0828486
   -.0001831
   -.2030131
   -.3434736
   -.3548263
   -.2817559
   -.2156696
   -.1756839
   -.0982524
   -.0589271
   -.0073428
    .0308142
    .0277340
    .0331403
    .0628764
    .1036483
    .1098036
    .0409218
   -.0393195
   -.0832517
   -.1151732
   -.1224656
   -.1348725
   -.1305454
   -.1370397
   -.1382001
   -.1554390
   -.1357396
   -.0833467
   -.0351561
   -.0127499
   -.0095061
    .0096848
    .0290404
    .0269868
    .0274133
    .0420328
    .0726645
    .0915832
    .0987761
    .0949717
    .0901131
    .1028823
    .1265733
    .1559045
    .1482529
    .1298484
    .0972559
    .0665195
    .0385660
    .0341198
    .0377035
    .0422217
    .0383797
    .0173819
   -.0016719
    .0056792
    .0358256
    .0623335
    .0678152
    .0481732
    .0412411
    .0334718
    .0331674
    .0575602
    .0771470
    .1008458
    .1190465
    .1363632
    .1557945
    .1858004
    .1987721
    .1933065
    .1849447
    .1811265
    .1781440
    .1693897
    .1433109
    .1149200
    .1008604
    .0720942
    .0585783
    .0663437
    .0746721
    .0972569
    .1176632
    .1122415
    .0626648
   -.0077820
   -.0273271
   -.0458552
   -.0469148
   -.0659065
   -.0896340
   -.1031825
   -.0923372
   -.0307555
    .0174501
    .0738182
    .1042657
    .1035100
    .0869047
    .0682997
    .0586018
    .0535634
    .0283595
   -.0049652
   -.0455468
   -.0981535
   -.1372125
   -.1097653
   -.0953131
   -.0844918
   -.0943542
   -.1174441
   -.1245390
   -.1021380
   -.0962522
   -.1280683
   -.1683740
   -.1712728
   -.1456700
   -.1700179
   -.2069986
   -.1581566
   -.1158199
   -.1216977
   -.1103667
   -.0515203
   -.0012255
   -.0100802
    .0022667
    .0339383
    .0235819
    .0033969
   -.0095188
   -.0248699
   -.0586507
   -.1031888
   -.1220043
   -.1265365
   -.1373843
   -.1499829
   -.1413313
   -.1242263
   -.1028932
   -.0904204
   -.0836311
   -.0508603
   -.0247215
    .0058888
    .0325188
    .0612862
    .0883865
    .1430745
    .1689856
    .1982417
    .2260428
    .2287236
    .2357657
    .2444755
    .2635446
    .2331843
    .2091209
    .1368469
    .0769866
    .0025912
   -.0265853
   -.0309423
   -.0181825
   -.0007371
   -.0023681
    .0104618
    .0804255
    .1112878
    .0303518
   -.0134828
    .0693600
    .0816780
   -.1129697
   -.1411258
   -.0486108
    .0117376
    .0345074
    .0664135
    .1160788
    .1620068
    .1572072
    .1097367
    .0829958
    .0089306
   -.1222561
   -.2258608
   -.2559929
   -.2257472
   -.2167889
   -.2295403
   -.1812945
   -.1183726
   -.0720781
   -.0594375
   -.0643781
   -.0772692
   -.0641576
   -.0535075
   -.0931879
   -.0903259
   -.0974393
   -.0889849
   -.0409157
   -.0149247
    .0247607
    .0187684
    .0122436
   -.0115618
   -.0099475
   -.0448415
   -.0767066
   -.0929396
   -.0755676
   -.0491936
   -.0355776
   -.0203490
   -.0084583
   -.0115490
   -.0117909
   -.0076156
    .0020638
    .0086133
    .0042736
    .0054241
    .0147715
    .0279519
    .0412887
    .0467896
    .0483327
    .0480387
    .0516680
    .0574571
    .0597989
    .0555936
    .0511076
    .0511663
    .0571881
    .0634511
    .0651539
    .0578345
    .0513544
    .0589289
    .0735843
    .0833416
    .0756765
    .0562862
    .0302295
    .0183145
    .0269279
    .0457876
    .0484088
    .0315851
    .0078190
   -.0045451
    .0042215
    .0367122
    .0693969
    .0858014
    .0953499
    .0822305
    .0686361
    .0700363
    .0712868
    .0898160
    .1030717
    .1016833
    .0925945
    .0953601
    .1029781
    .1324891
    .1568516
    .1825690
    .1683308
    .0966312
    .0189259
   -.0771212
   -.1599732
   -.1616047
   -.1437209
   -.1424941
   -.0867116
   -.0589948
   -.0627234
   -.0605026
   -.0631059
   -.0708875
   -.0777131
   -.1080823
   -.1134888
   -.1182794
   -.1733606
   -.1988408
   -.2036829
   -.1640008
   -.0957936
   -.0293709
    .0213357
    .0267943
   -.0025880
    .0553972
    .1617721
    .1651641
    .0300366
   -.0564532
   -.0451826
   -.0268937
   -.0516703
   -.0874874
   -.0881128
   -.0170070
    .0139804
    .0499646
    .0569726
    .0567909
    .0542533
    .0388096
    .0297348
    .0104805
   -.0269335
   -.0344081
   -.0261658
   -.0101521
    .0110120
    .0338044
    .0522870
    .0690705
    .0798513
    .0852465
    .0824757
    .0724802
    .0726898
    .0814349
    .0910033
    .0983926
    .1000400
    .1036673
    .1187939
    .1392625
    .1574678
    .1646550
    .1593048
    .1491143
    .1407913
    .1134779
    .1027122
    .0870596
    .0618546
    .0532069
    .0586093
    .0496899
    .0232334
   -.0046644
   -.0259363
   -.0313227
   -.0498152
   -.0768842
   -.0794913
   -.0663240
   -.0350033
    .0098668
   -.0065352
   -.0125239
    .0023518
    .0093328
   -.0061272
   -.0120529
   -.0086018
   -.0079706
   -.0199190
   -.0427796
   -.0579778
   -.0619349
   -.0813148
   -.0814741
   -.0759685
   -.0686657
   -.0603833
   -.0517933
   -.0460347
   -.0468216
   -.0537244
   -.0549941
   -.0578634
   -.0650688
   -.0693432
   -.0607222
   -.0405864
   -.0205498
   -.0064896
   -.0002451
   -.0036578
   -.0118263
   -.0252417
   -.0379049
   -.0501858
   -.0600458
   -.0540723
   -.0452190
   -.0362653
   -.0401118
   -.0524182
   -.0532912
   -.0490842
   -.0500242
   -.0514933
   -.0570103
   -.0626994
   -.0567266
   -.0437900
   -.0316457
   -.0226521
   -.0180090
   -.0160159
   -.0152961
   -.0117779
   -.0080020
   -.0039037
    .0046916
    .0120854
    .0193882
    .0245964
    .0275988
    .0245655
    .0272956
    .0274515
    .0243861
    .0244618
    .0199794
    .0104016
    .0054663
    .0044900
   -.0002726
   -.0079226
   -.0078134
    .0004006
    .0112987
    .0179421
    .0265367
    .0266193
    .0282922
    .0358860
    .0396249
    .0567882
    .0584423
    .0665146
    .0917384
    .0984072
    .1082888
    .1078409
    .0952605
    .0834388
    .0608281
    .0533653
    .0267898
    .0134109
    .0016303
   -.0142756
   -.0252791
   -.0289724
   -.0245265
   -.0133635
   -.0054787
   -.0001715
    .0074181
    .0131426
    .0205093
    .0389534
    .0588626
    .0634674
    .0491918
    .0417140
    .0470918
    .0505647
    .0493523
    .0360372
    .0200612
    .0111883
   -.0053760
   -.0103479
   -.0189791
   -.0315401
   -.0328912
   -.0339881
   -.0387180
   -.0485764
   -.0595617
   -.0672631
   -.0576953
   -.0293494
   -.0126555
   -.0039102
    .0217815
    .0306626
    .0423162
    .0511725
    .0543726
    .0535864
    .0508115
    .0421646
    .0372294
    .0286997
    .0156215
   -.0035564
   -.0174217
   -.0262291
   -.0252163
   -.0274693
   -.0279411
   -.0217515
   -.0276097
   -.0360474
   -.0336287
   -.0261426
   -.0140332
   -.0031102
    .0035309
    .0115639
    .0308055
    .0424915
    .0573924
    .0591174
    .0583669
    .0548435
    .0532512
    .0455417
    .0312526
    .0278805
    .0165047
   -.0010190
   -.0264062
   -.0468908
   -.0556005
   -.0572272
   -.0499008
   -.0426379
   -.0367853
   -.0362905
   -.0418003
   -.0498640
   -.0559650
   -.0560604
   -.0511051
   -.0452818
   -.0401977
   -.0362450
   -.0335168
   -.0315203
   -.0297958
   -.0289212
   -.0296257
   -.0290670
   -.0236243
   -.0154619
   -.0071748
   -.0017259
    .0018945
    .0025050
    .0011447
    .0033339
    .0100495
    .0190405
    .0281900
    .0337567
    .0347244
    .0341254
    .0332469
    .0318266
    .0301043
    .0278961
    .0250364
    .0215217
    .0176874
    .0134728
    .0089367
    .0052818
    .0036768
    .0031721
    .0020956
   -.0072136
   -.0297616
   -.0486151
   -.0448600
   -.0628405
   -.0891402
   -.0910917
   -.0867997
   -.0899265
   -.0891306
   -.0822666
   -.0673021
   -.0502000
   -.0378525
   -.0277317
   -.0169520
   -.0086328
   -.0032052
    .0031701
    .0118707
    .0178745
    .0211822
    .0229366
    .0252059
    .0294079
    .0346846
    .0393446
    .0423398
    .0440841
    .0454286
    .0463732
    .0458075
    .0420363
    .0350663
    .0264631
    .0159540
    .0026720
   -.0128982
   -.0310053
   -.0446677
   -.0452670
   -.0429150
   -.0522049
   -.0728095
   -.0866333
   -.0726587
   -.0532817
   -.0532175
   -.0517981
   -.0392477
   -.0322823
   -.0302051
   -.0250473
   -.0201945
   -.0153827
   -.0108537
   -.0070244
   -.0031113
    .0019930
    .0088955
    .0170562
    .0249882
    .0322917
    .0379824
    .0409125
    .0429392
    .0455049
    .0475986
    .0497137
    .0516921
    .0523351
    .0512585
    .0478913
    .0429175
    .0388213
    .0364345
    .0355699
    .0361840
    .0367940
    .0364741
    .0364033
    .0362757
    .0335320
    .0264947
    .0147788
    .0006618
   -.0107090
   -.0119185
   -.0007264
    .0073993
   -.0012194
   -.0196959
   -.0272651
   -.0193557
   -.0083981
   -.0083485
   -.0201513
   -.0300889
   -.0278797
   -.0193509
   -.0128794
   -.0112450
   -.0139978
   -.0138420
   -.0042706
    .0107230
    .0217788
    .0217918
    .0172433
    .0227178
    .0341160
    .0442158
    .0452315
    .0363262
    .0326391
    .0388351
    .0473105
    .0551515
    .0614331
    .0624419
    .0542152
    .0452165
    .0472593
    .0566838
    .0660784
    .0716397
    .0692239
    .0614264
    .0545035
    .0504667
    .0500082
    .0546038
    .0610986
    .0656271
    .0648871
    .0572721
    .0488949
    .0442002
    .0413459
    .0393014
    .0384205
    .0385986
    .0391435
    .0400442
    .0415010
    .0429549
    .0439181
    .0442492
    .0434072
    .0412299
    .0381262
    .0335641
    .0278074
    .0230666
    .0197215
    .0164884
    .0141910
    .0133247
    .0131015
    .0156184
    .0204289
    .0201899
    .0137835
    .0057478
   -.0026551
   -.0072644
   -.0071027
   -.0048486
   -.0034304
   -.0040680
   -.0054808
   -.0073717
   -.0097461
   -.0125149
   -.0164322
   -.0217393
   -.0280599
   -.0342332
   -.0394185
   -.0430166
   -.0440742
   -.0432706
   -.0418186
   -.0398472
   -.0379839
   -.0365911
   -.0352404
   -.0329535
   -.0289650
   -.0246619
   -.0220411
   -.0205778
   -.0193913
   -.0194580
   -.0207085
   -.0232408
   -.0274173
   -.0292831
   -.0254823
   -.0176223
   -.0083801
    .0003889
    .0073742
    .0107153
    .0098134
    .0063606
    .0030009
    .0027268
    .0054618
    .0093085
    .0144772
    .0199264
    .0229357
    .0228625
    .0213905
    .0202873
    .0197181
    .0197017
    .0212471
    .0216455
    .0212616
    .0196533
    .0195880
    .0193990
    .0187352
    .0180192
    .0169848
    .0149223
    .0124146
    .0116885
    .0120436
    .0117109
    .0109075
    .0098644
    .0087521
    .0077482
    .0069890
    .0063869
    .0059763
    .0056277
    .0051762
    .0050584
    .0050503
    .0043932
    .0039153
    .0046503
    .0066005
    .0092014
    .0117702
    .0115566
    .0090016
    .0086460
    .0113905
    .0166301
    .0222815
    .0247959
    .0241261
    .0220964
    .0203380
    .0209351
    .0235927
    .0268671
    .0294511
    .0303440
    .0299186
    .0281006
    .0246471
    .0213034
    .0198009
    .0191991
    .0181158
    .0173536
    .0171987
    .0166106
    .0144175
    .0114925
    .0088888
    .0079349
    .0080426
    .0075431
    .0060274
    .0031412
   -.0006898
   -.0035530
   -.0050474
   -.0054071
   -.0049241
   -.0039438
   -.0027394
   -.0018315
   -.0019863
   -.0031473
   -.0047236
   -.0064884
   -.0094176
   -.0144994
   -.0202872
   -.0243930
   -.0256348
   -.0246654
   -.0232271
   -.0217037
   -.0201661
   -.0193052
   -.0199105
   -.0228908
   -.0281305
   -.0339960
   -.0375584
   -.0374263
   -.0353396
   -.0333281
   -.0319529
   -.0311530
   -.0301403
   -.0283616
   -.0264422
   -.0246477
   -.0229982
   -.0220503
   -.0219871
   -.0223045
   -.0220514
   -.0205160
   -.0174395
   -.0128534
   -.0069182
    .0003191
    .0083036
    .0158335
    .0219940
    .0268082
    .0304909
    .0333376
    .0347421
    .0337336
    .0312224
    .0287748
    .0276176
    .0280560
    .0286133
    .0289935
    .0294727
    .0293692
    .0279556
    .0234940
    .0155053
    .0076107
    .0018906
   -.0031409
   -.0063943
   -.0064686
   -.0040926
   -.0016958
   -.0025715
   -.0063530
   -.0100298
   -.0130711
   -.0145127
   -.0132772
   -.0096805
   -.0064440
   -.0050671
   -.0037974
   -.0024428
   -.0001791
    .0023040
    .0044420
    .0066706
    .0079710
    .0070606
    .0076164
    .0097155
    .0107806
    .0099363
    .0070846
    .0035825
    .0000294
   -.0027335
   -.0043605
   -.0063524
   -.0090986
   -.0131020
   -.0188497
   -.0244349
   -.0281970
   -.0296821
   -.0306487
   -.0323948
   -.0344859
   -.0364370
   -.0374158
   -.0382951
   -.0384003
   -.0379265
   -.0375130
   -.0366013
   -.0354545
   -.0340074
   -.0314857
   -.0280027
   -.0244845
   -.0205223
   -.0159986
   -.0116432
   -.0075712
   -.0036632
    .0001528
    .0036864
    .0070382
    .0107088
    .0142085
    .0165891
    .0185999
    .0192425
    .0180749
    .0169131
    .0167801
    .0164878
    .0162537
    .0145641
    .0100970
    .0060925
    .0053264
    .0061534
    .0067937
    .0073494
    .0059696
    .0014408
   -.0039640
   -.0077378
   -.0087555
   -.0078703
   -.0067621
   -.0054152
   -.0047780
   -.0075069
   -.0133775
   -.0174606
   -.0160135
   -.0120417
   -.0101301
   -.0136298
   -.0190449
   -.0182719
   -.0138826
   -.0105588
   -.0075649
   -.0052239
   -.0047407
   -.0046030
   -.0041612
   -.0045105
   -.0052096
   -.0057001
   -.0064224
   -.0074393
   -.0080975
   -.0083067
   -.0084759
   -.0079170
   -.0058506
   -.0029392
   -.0001383
    .0028321
    .0056020
    .0061410
    .0041682
    .0011660
   -.0023688
   -.0058034
   -.0088781
   -.0124291
   -.0163950
   -.0200488
   -.0221074
   -.0222901
   -.0227067
   -.0238599
   -.0239586
   -.0235472
   -.0232874
   -.0220284
   -.0198810
   -.0175732
   -.0161443
   -.0164653
   -.0175879
   -.0198422
   -.0231679
   -.0267995
   -.0309228
   -.0335609
   -.0331818
   -.0302931
   -.0259635
   -.0216042
   -.0170088
   -.0118776
   -.0068606
   -.0031673
   -.0019319
   -.0028066
   -.0041100
   -.0042772
   -.0031243
   -.0012762
    .0011521
    .0021385
    .0000857
   -.0035812
   -.0070195
   -.0072568
   -.0050679
   -.0035629
   -.0041553
   -.0064584
   -.0062623
   -.0034657
   -.0014301
   -.0009882
   -.0014720
   -.0021539
   -.0018233
   -.0000967
    .0030244
    .0068713
    .0091669
    .0115108
    .0131606
    .0152334
    .0165174
    .0179425
    .0195258
    .0210644
    .0226172
    .0242268
    .0257756
    .0271827
    .0283926
    .0290354
    .0280716
    .0244265
    .0194917
    .0169224
    .0165750
    .0157838
    .0141235
    .0119233
    .0090659
    .0057552
    .0023955
   -.0006428
   -.0030928
   -.0050678
   -.0069348
   -.0089453
   -.0108006
   -.0123123
   -.0134190
   -.0145164
   -.0154237
   -.0162655
   -.0171846
   -.0181484
   -.0187469
   -.0178575
   -.0152620
   -.0123713
   -.0106136
   -.0105901
   -.0111098
   -.0115511
   -.0122064
   -.0130189
   -.0137884
   -.0135464
   -.0107801
   -.0068174
   -.0035413
   -.0001569
    .0036179
    .0062506
    .0059470
    .0027642
   -.0014783
   -.0046012
   -.0058173
   -.0063808
   -.0069272
   -.0076110
   -.0085284
   -.0094549
   -.0103410
   -.0094725
   -.0062158
   -.0021790
    .0014959
    .0038393
    .0047445
    .0046890
    .0022761
   -.0022859
   -.0069035
   -.0111978
   -.0143722
   -.0143377
   -.0120596
   -.0106332
   -.0089028
   -.0050154
   -.0011987
    .0011609
    .0031059
    .0038898
    .0040481
    .0048245
    .0061581
    .0086949
    .0127696
    .0169067
    .0194883
    .0213819
    .0223603
    .0241246
    .0266773
    .0282913
    .0291130
    .0291490
    .0281027
    .0263265
    .0244994
    .0227212
    .0207322
    .0187347
    .0168011
    .0148594
    .0132776
    .0118451
    .0102116
    .0085219
    .0066743
    .0049642
    .0035796
    .0024691
    .0011945
    .0001199
   -.0004580
   -.0013321
   -.0014232
   -.0016990
   -.0024641
   -.0035675
   -.0037843
   -.0031409
   -.0030556
   -.0024282
   -.0011191
    .0001367
    .0013576
    .0028846
    .0048729
    .0065818
    .0084658
    .0106160
    .0118257
    .0119291
    .0134597
    .0151660
    .0153359
    .0142920
    .0147606
    .0153411
    .0149301
    .0137594
    .0115081
    .0103080
    .0097711
    .0080785
    .0059375
    .0032049
    .0015949
    .0008145
   -.0004689
   -.0022347
   -.0047722
   -.0079611
   -.0104695
   -.0109073
   -.0101799
   -.0103736
   -.0126308
   -.0165750
   -.0202886
   -.0222775
   -.0213976
   -.0182090
   -.0158338
   -.0159114
   -.0176529
   -.0193534
   -.0185192
   -.0161743
   -.0095302
   -.0053079
   -.0018333
    .0013472
    .0037254
    .0057841
    .0080453
    .0102590
    .0123977
    .0144897
    .0171641
    .0203839
    .0231570
    .0252052
    .0264275
    .0264373
    .0255754
    .0241343
    .0233884
    .0238697
    .0236553
    .0221302
    .0201499
    .0175097
    .0145215
    .0116582
    .0085440
    .0050174
    .0016691
   -.0008070
   -.0025628
   -.0046064
   -.0066664
   -.0091751
   -.0114439
   -.0132085
   -.0148864
   -.0163320
   -.0177395
   -.0190462
   -.0200395
   -.0202437
   -.0194355
   -.0180339
   -.0163454
   -.0144027
   -.0122612
   -.0104262
   -.0096645
   -.0097087
   -.0100425
   -.0106140
   -.0111289
   -.0115051
   -.0118133
   -.0115606
   -.0110095
   -.0105375
   -.0100113
   -.0096135
   -.0088079
   -.0064188
   -.0022134
    .0022373
    .0054911
    .0081565
    .0107601
    .0126673
    .0131208
    .0121296
    .0105919
    .0088125
    .0068663
    .0048946
    .0030374
    .0017490
    .0010368
    .0002868
   -.0005473
   -.0017158
   -.0033319
   -.0042203
   -.0041385
   -.0042277
   -.0039742
   -.0026497
   -.0008114
    .0012529
    .0035197
    .0053199
    .0058747
    .0054049
    .0043155
    .0022885
   -.0001551
   -.0023784
   -.0046832
   -.0072474
   -.0096301
   -.0116796
   -.0134899
   -.0150527
   -.0162978
   -.0169360
   -.0167873
   -.0163408
   -.0159079
   -.0151759
   -.0140287
   -.0126923
   -.0109526
   -.0089338
   -.0075146
   -.0068178
   -.0064361
   -.0068181
   -.0081497
   -.0101397
   -.0120732
   -.0126012
   -.0113991
   -.0091010
   -.0066049
   -.0045318
   -.0031991
   -.0028506
   -.0033687
   -.0044600
   -.0059792
   -.0078455
   -.0090734
   -.0085665
   -.0069784
   -.0047240
   -.0025034
   -.0021108
   -.0033401
   -.0052460
   -.0073260
   -.0079503
   -.0069278
   -.0053983
   -.0035945
   -.0015894
    .0002563
    .0017874
    .0025931
    .0022080
    .0012314
    .0004807
    .0001408
   -.0000593
    .0005992
    .0031726
    .0065963
    .0095026
    .0113722
    .0115580
    .0108299
    .0100362
    .0088713
    .0071572
    .0062394
    .0072562
    .0090448
    .0103265
    .0111954
    .0118158
    .0120051
    .0116606
    .0114767
    .0112877
    .0107906
    .0108240
    .0106917
    .0104000
    .0098915
    .0104271
    .0112009
    .0112595
    .0118556
    .0131499
    .0144236
    .0145108
    .0123711
    .0107501
    .0089300
    .0080785
    .0074382
    .0067141
    .0065976
    .0068483
    .0065890
    .0062388
    .0059388
    .0053855
    .0045658
    .0038532
    .0035198
    .0028912
    .0013365
   -.0007423
   -.0027168
   -.0045803
   -.0063229
   -.0079282
   -.0093766
   -.0107245
   -.0119356
   -.0122838
   -.0115778
   -.0105095
   -.0094248
   -.0081566
   -.0059785
   -.0032908
   -.0015681
   -.0006245
    .0000585
   -.0005628
   -.0023084
   -.0040577
   -.0055078
   -.0069125
   -.0079690
   -.0081728
   -.0076732
   -.0072471
   -.0071560
   -.0072757
   -.0075359
   -.0079854
   -.0085210
   -.0092113
   -.0100729
   -.0113375
   -.0124807
   -.0129010
   -.0129370
   -.0133194
   -.0139220
   -.0140543
   -.0141596
   -.0150852
   -.0167357
   -.0181396
   -.0179457
   -.0173718
   -.0175127
   -.0185024
   -.0173492
   -.0163921
   -.0161505
   -.0168340
   -.0169214
   -.0163884
   -.0156152
   -.0147375
   -.0139877
   -.0132127
   -.0125987
   -.0125788
   -.0132026
   -.0140302
   -.0146007
   -.0146345
   -.0149103
   -.0149741
   -.0141193
   -.0129188
   -.0120595
   -.0114618
   -.0117310
   -.0127698
   -.0138898
   -.0146462
   -.0145490
   -.0134287
   -.0121396
   -.0114484
   -.0111069
   -.0105693
   -.0100266
   -.0093521
   -.0082216
   -.0066294
   -.0049396
   -.0036127
   -.0019437
    .0000335
    .0016724
    .0031473
    .0048117
    .0062610
    .0071799
    .0080437
    .0088649
    .0095462
    .0101099
    .0105705
    .0105430
    .0100277
    .0097056
    .0095169
    .0091727
    .0081263
    .0071903
    .0064544
    .0057610
    .0047386
    .0038133
    .0030549
    .0021692
    .0012475
    .0006386
    .0002025
   -.0002184
   -.0007946
   -.0010978
   -.0012805
   -.0013805
   -.0014731
   -.0013372
   -.0010527
   -.0007176
   -.0002663
    .0003477
    .0009239
    .0019789
    .0035947
    .0051492
    .0062915
    .0072415
    .0080556
    .0087870
    .0092800
    .0097862
    .0104202
    .0113442
    .0124643
    .0137013
    .0147491
    .0154254
    .0157483
    .0161459
    .0162221
    .0163583
    .0164967
    .0166542
    .0168797
    .0173485
    .0177594
    .0181173
    .0181843
    .0181799
    .0180962
    .0179447
    .0175477
    .0172603
    .0170003
    .0169201
    .0168266
    .0168175
    .0167974
    .0168687
    .0168544
    .0168774
    .0168150
    .0167887
    .0166761
    .0165766
    .0164037
    .0162980
    .0160993
    .0159015
    .0156338
    .0154412
    .0152354
    .0150776
    .0148914
    .0147564
    .0145901
    .0144746
    .0143273
    .0142116
    .0140680
    .0139702
    .0138439
    .0137338
    .0135927
    .0134720
    .0133033
    .0131332
    .0129448
    .0128031
    .0126714
    .0125609
    .0124353
    .0123179
    .0121711
    .0120177
    .0118600
    .0117005
    .0115386
    .0113660
    .0112013
    .0110229
    .0108531
    .0106630
    .0104894
    .0102936
    .0101204
    .0099189
    .0097447
    .0095350
    .0093578
    .0091364
    .0089535
    .0087157
    .0085231
    .0082626
    .0080542
    .0077572
    .0075167
    .0071521
    .0068325
    .0062731
    .0056158
    .0044730
    .0028892