   -.0013408
   -.0001812
    .0006903
    .0011117
    .0018505
    .0020866
    .0026842
    .0026729
   -.0012277
    .0021013
    .0016863
    .0020335
    .0017071
    .0012106
    .0006913
   -.0002953
   -.0012318
   -.0017710
   -.0012298
   -.0021511
   -.0025569
   -.0028182
   -.0027953
   -.0031231
   -.0032889
   -.0046947
   -.0047346
   -.0042058
   -.0033109
   -.0030479
   -.0036710
   -.0013697
    .0003675
   -.0007321
   -.0020650
   -.0037804
   -.0043685
   -.0027529
   -.0063466
   -.0062139
   -.0045010
   -.0020218
   -.0003438
   -.0011562
    .0024871
    .0031901
    .0023406
    .0002188
   -.0017456
   -.0023441
   -.0029096
   -.0082135
   -.0038155
   -.0040371
   -.0013495
    .0004988
    .0018633
    .0017778
    .0018080
    .0002530
   -.0020048
   -.0039894
   -.0061848
   -.0085618
   -.0102033
   -.0111932
   -.0108528
   -.0091915
   -.0042942
    .0009333
    .0073891
    .0117459
    .0113026
    .0059915
   -.0001802
   -.0055552
   -.0093720
   -.0109878
   -.0112628
   -.0094397
   -.0061261
   -.0023422
    .0022456
    .0061887
    .0076242
   -.0008049
    .0007183
    .0007733
   -.0055420
   -.0073547
   -.0070773
   -.0065845
   -.0054679
   -.0044576
   -.0011088
    .0081501
   -.0006233
   -.0019008
   -.0031227
    .0020285
   -.0113485
   -.0221229
   -.0292338
   -.0340110
   -.0325241
   -.0264805
   -.0202323
   -.0129716
   -.0033508
    .0054358
    .0128891
    .0184181
    .0225912
    .0223563
    .0176674
    .0121519
    .0087714
    .0067703
    .0053773
    .0017437
   -.0050614
   -.0114545
   -.0139238
   -.0144912
   -.0140826
   -.0071259
    .0090681
    .0096863
    .0214618
    .0305356
    .0324494
    .0304826
    .0278087
    .0226100
    .0141232
    .0050709
   -.0033877
   -.0069960
    .0159630
    .0034429
    .0153152
    .0249349
    .0286172
    .0296070
    .0319550
    .0355720
    .0399750
    .0462553
    .0522033
    .0518129
    .0471492
    .0355361
    .0158164
   -.0025607
   -.0168471
   -.0317724
   -.0468824
   -.0543882
   -.0511121
   -.0460338
   -.0376780
   -.0198714
    .0017597
    .0206611
    .0345993
    .0395039
    .0357281
    .0269078
    .0125993
   -.0062357
   -.0241316
   -.0366448
   -.0442911
   -.0494896
   -.0525449
   -.0529082
   -.0463508
   -.0309070
   -.0147061
   -.0008254
    .0111413
    .0227963
    .0307781
    .0314244
    .0244143
    .0109207
    .0020769
   -.0161197
   -.0221915
   -.0212196
   -.0188587
   -.0182601
   -.0190003
   -.0171834
   -.0118506
   -.0062725
   -.0031370
   -.0025311
   -.0023002
    .0021228
    .0109142
    .0176971
    .0206420
    .0184222
    .0103015
   -.0002743
   -.0097609
   -.0196484
   -.0313757
   -.0387895
   -.0404721
   -.0356277
   -.0226929
   -.0063874
   -.0021000
   -.0004859
    .0013373
    .0035539
    .0064401
    .0096440
   -.0314540
   -.0412819
   -.0312189
   -.0089469
    .0192724
    .0467103
    .0651467
    .0704511
    .0665606
    .0598936
    .0470430
    .0302964
    .0151674
    .0064460
   -.0037562
   -.0257927
   -.0467823
   -.0579834
   -.0618708
   -.0559402
   -.0345828
   -.0141828
   -.0078333
   -.0021002
    .0022197
    .0045553
    .0051131
    .0049514
   -.0284545
   -.0319502
   -.0228322
    .0044923
    .0396972
    .0708274
    .0831007
    .0859268
    .0785288
    .0486347
    .0040370
   -.0439430
   -.0756471
   -.0795263
   -.0582190
   -.0198968
    .0181404
    .0488063
    .0704326
    .0750386
    .0681893
    .0445473
    .0174149
   -.0063943
   -.0339354
   -.0514389
   -.0510884
   -.0338601
   -.0035408
    .0272769
    .0495569
    .0569133
    .0537923
    .0449793
    .0321929
    .0169367
   -.0009030
   -.0147077
   -.0231635
   -.0279411
   -.0328391
   -.0301469
   -.0177546
   -.0034100
    .0097487
    .0203835
    .0359841
    .0426436
    .0266174
    .0010286
   -.0202377
   -.0392147
   -.0755074
   -.1158506
   -.1270330
   -.1091059
   -.0803598
   -.0541248
   -.0304440
   -.0041177
    .0182966
    .0244244
    .0108448
   -.0068630
   -.0257627
   -.0464630
   -.0545305
   -.0539207
   -.0439799
   -.0197826
    .0122291
    .0546739
    .1027855
    .1457256
    .1565554
    .1292559
    .0900792
    .0461987
    .0052672
   -.0170982
   -.0178557
    .0025369
    .0351314
    .0765882
    .1161727
    .1383102
    .1406538
    .1196154
    .0873681
    .0539269
    .0239333
    .0134120
    .0162322
    .0191880
    .0155742
    .0090555
    .0030078
    .0026854
    .0154510
    .0342391
    .0575545
    .0802379
    .0944163
    .0890598
    .0656072
    .0332982
   -.0104912
   -.0553554
   -.0879645
   -.0993859
   -.0875779
   -.0642790
   -.0364432
   -.0089270
    .0135849
    .0305194
    .0394283
    .0368208
    .0252645
    .0092352
   -.0144828
   -.0372760
   -.0526275
   -.0550354
   -.0346739
   -.0096244
    .0019741
    .0094231
    .0153259
    .0215162
    .0225992
    .0105817
   -.0147049
   -.0434016
   -.0627495
   -.0663185
   -.0566803
   -.0324162
   -.0272821
   -.0217373
   -.0015682
   -.0078051
    .0001299
    .0117483
    .0123230
    .0134339
    .0122704
    .0181524
    .0482827
    .0549297
    .0605158
    .0644347
    .0667868
    .0774210
    .0764158
    .0683770
    .0533916
    .0416574
    .0383226
    .0368392
    .0355685
    .0397788
    .0421517
    .0373376
    .0293564
    .0201942
    .0116934
   -.0005253
   -.0187574
   -.0383106
   -.0538779
   -.0396817
   -.0418831
   -.0582227
   -.0430369
   -.0263049
   -.0157334
   -.0071257
    .0037521
    .0181993
    .0252222
    .0109777
   -.0167798
   -.0375379
   -.0564191
   -.0777108
   -.0855828
   -.0824812
   -.0650113
   -.0341598
   -.0004492
    .0378766
    .0675927
    .0771695
    .0691397
    .0192991
    .0221228
   -.0005238
   -.0049792
    .0051125
    .0226434
    .0426023
    .0475300
    .0535565
    .0597460
    .0653440
    .0696407
    .0709174
    .0684679
    .0636320
    .0564620
    .0469720
    .0355650
    .0549327
    .0415031
    .0191663
   -.0114409
   -.0422478
   -.0642093
   -.0750296
   -.0660329
   -.0704051
   -.0724591
   -.0725814
   -.0709244
   -.0679501
   -.0636546
   -.0583321
   -.0515016
   -.0429336
   -.0334716
   -.0238508
   -.0142522
   -.0047971
    .0036225
    .0108399
    .0167719
    .0213157
    .0247706
    .0278362
    .0306159
    .0334906
    .0364793
    .0502358
    .0633995
    .0724617
    .0714820
    .0629049
    .0553068
    .0456633
    .0320996
    .0197557
    .0122585
    .0073350
    .0025750
    .0017078
    .0043572
    .0062578
    .0060726
    .0027807
   -.0067879
   -.0213900
   -.0343756
   -.0484835
   -.0661186
   -.0831102
   -.0975253
   -.1078123
   -.1097443
   -.1035660
   -.0940447
   -.0850760
   -.0708502
   -.0509578
   -.0465492
   -.0605245
   -.0742701
   -.0825489
   -.0849466
   -.0955193
   -.1177656
   -.1325532
   -.1308997
   -.1175072
   -.1025619
   -.0883996
   -.0724630
   -.0573252
   -.0470347
   -.0413679
   -.0406616
   -.0497905
   -.0462420
   -.0430495
   -.0426717
   -.0416814
   -.0418479
   -.0303358
   -.0273609
   -.0339255
   -.0206697
   -.0111357
   -.0127941
   -.0158545
   -.0129116
   -.0013874
    .0111656
    .0140834
    .0059848
   -.0041490
   -.0078497
   -.0070199
   -.0068660
   -.0123510
   -.0203473
   -.0200522
   -.0090619
    .0070504
    .0253384
    .0529741
    .0909594
    .1236216
    .1411221
    .1521123
    .1661441
    .1831906
    .1994112
    .2099053
    .2129332
    .2135639
    .2114224
    .2072319
    .2033406
    .1998051
    .1999171
    .2031980
    .2061409
    .2104915
    .2137673
    .2120245
    .2048011
    .1885237
    .1851882
    .1828137
    .1702577
    .1688452
    .1698756
    .1689786
    .1676921
    .1703313
    .1784981
    .1857108
    .1862026
    .1825826
    .1794910
    .1778112
    .1774251
    .1784191
    .1805532
    .1853786
    .1877000
    .1833300
    .1753469
    .1658815
    .1564425
    .1472871
    .1374967
    .1225268
    .1014387
    .0775461
    .0526874
    .0359429
    .0300852
    .0264126
    .0204829
    .0196493
    .0291278
    .0356226
    .0356660
    .0370601
    .0449090
    .0549216
    .0654265
    .0746582
    .0730427
    .0603542
    .0438901
    .0246670
   -.0008220
   -.0242351
   -.0435188
   -.0607790
   -.0785570
   -.0992058
   -.1134710
   -.1193019
   -.1200883
   -.1237011
   -.1256673
   -.1207552
   -.1164673
   -.1373549
   -.1486725
   -.1590028
   -.1689652
   -.1785926
   -.2208977
   -.2300570
   -.2283532
   -.2347595
   -.2471840
   -.2519137
   -.2458019
   -.2317936
   -.2148535
   -.1977948
   -.1818323
   -.1659904
   -.1502512
   -.1341834
   -.1161961
   -.0948515
   -.0716355
   -.0414634
   -.0117695
    .0072535
    .0192791
    .0327928
    .0462254
    .0461973
    .0367297
    .0288042
    .0219186
    .0166405
    .0169800
    .0221940
    .0338389
    .0547259
    .0779310
    .0989916
    .1136765
    .1088816
    .1128793
    .1212607
    .1189369
    .1210163
    .1232472
    .1214318
    .1182669
    .1199714
    .1167857
    .0995762
    .0997287
    .1013608
    .1013041
    .1002118
    .1061228
    .1144068
    .1154238
    .1089268
    .0967326
    .0794568
    .0599667
    .0397294
    .0143643
   -.0147801
   -.0378797
   -.0493190
   -.0496643
   -.0406866
   -.0301468
   -.0227179
   -.0172412
   -.0156904
   -.0163365
   -.0234227
   -.0384776
   -.0652964
   -.0726607
   -.0900506
   -.1025228
   -.0921711
   -.0979181
   -.1038182
   -.1020917
   -.0976093
   -.0857760
   -.0780751
   -.0797740
   -.0834934
   -.0855794
   -.0907348
   -.1007612
   -.1084608
   -.1123918
   -.1150326
   -.1134638
   -.1063733
   -.0928970
   -.0721538
   -.0473357
   -.0228858
   -.0057869
   -.0000113
   -.0015410
   -.0105418
   -.0255791
   -.0397460
   -.0523674
   -.0581652
   -.0527596
   -.0415422
   -.0304011
   -.0167634
    .0068872
    .0323660
    .0543046
    .0736388
    .0816790
    .0784192
    .0727650
    .0699191
    .0687452
    .0668165
    .0620773
    .0540882
    .0461982
    .0398060
    .0341853
    .0316853
    .0335771
    .0363211
    .0431307
    .0557329
    .0672421
    .0754049
    .0803529
    .0805594
    .0771371
    .0723453
    .0671569
    .0574591
    .0432342
    .0325792
    .0293263
    .0291198
    .0306061
    .0343242
    .0391633
    .0488993
    .0635078
    .0743936
    .0766488
    .0751301
    .0758521
    .0802329
    .0849335
    .0875993
    .0809173
    .0632651
    .0465185
    .0338194
    .0197951
    .0030802
   -.0167781
   -.0347006
   -.0437122
   -.0444422
   -.0434242
   -.0447996
   -.0465457
   -.0488238
   -.0531496
   -.0684216
   -.0712937
   -.0653818
   -.0704012
   -.0752221
   -.0782509
   -.0811790
   -.0814266
   -.0744178
   -.0629302
   -.0510222
   -.0376279
   -.0192043
   -.0024637
    .0048283
    .0064759
    .0071724
    .0018478
   -.0133127
   -.0278353
   -.0328222
   -.0334973
   -.0341602
   -.0384705
   -.0418062
   -.0358070
   -.0239087
   -.0110552
    .0020325
    .0125788
    .0196781
    .0234929
    .0203831
    .0098665
   -.0043714
   -.0157143
   -.0187869
   -.0171876
   -.0150157
   -.0154677
   -.0170201
   -.0127645
   -.0002284
    .0206455
    .0418277
    .0556259
    .0655113
    .0779640
    .0922440
    .0914315
    .0749914
    .0558597
    .0282504
    .0010893
   -.0085679
   -.0095816
   -.0154806
   -.0272543
   -.0295235
   -.0187046
   -.0055110
    .0055469
    .0161302
    .0313323
    .0451983
    .0519289
    .0526379
    .0530293
    .0533912
    .0524906
    .0492913
    .0427929
    .0396891
    .0232688
   -.0060228
   -.0286824
   -.0423909
   -.0545634
   -.0663700
   -.0683666
   -.0600636
   -.0515945
   -.0450231
   -.0393919
   -.0283813
   -.0143357
   -.0067322
   -.0050695
   -.0040193
    .0021545
    .0174656
    .0330498
    .0358207
    .0267327
    .0158256
    .0046914
   -.0060857
   -.0135168
   -.0180640
   -.0236818
   -.0322062
   -.0407266
   -.0465366
   -.0479542
   -.0435324
   -.0303199
   -.0106140
    .0072966
    .0194993
    .0292977
    .0411418
    .0487251
    .0474417
    .0425089
    .0371089
    .0306959
    .0174440
    .0017364
   -.0127960
   -.0239116
   -.0212440
   -.0092845
    .0073136
    .0298154
    .0458848
    .0495127
    .0466432
    .0439742
    .0436387
    .0388775
    .0271315
    .0082573
    .0068967
    .0058703
    .0050076
    .0043169
    .0039162
    .0069372
    .0120929
    .0159913
    .0165102
    .0143472
    .0101764
    .0046900
   -.0011398
   -.0060622
   -.0124845
   -.0213772
   -.0299743
   -.0348670
   -.0339021
   -.0246810
   -.0110890
    .0039043
    .0236555
    .0412207
    .0522646
    .0546400
    .0420460
    .0154961
    .0107157
    .0019582
    .0027707
    .0117857
    .0275026
    .0296984
    .0362639
    .0405652
    .0400158
    .0376088
    .0314250
    .0321978
    .0237505
    .0141763
    .0045177
   -.0035508
   -.0089169
   -.0138818
   -.0171046
   -.0173878
   -.0169135
   -.0170360
   -.0176787
   -.0175288
   -.0144472
   -.0093744
   -.0066388
   -.0114346
   -.0223938
   -.0395165
   -.0398537
   -.0472682
   -.0534933
   -.0560379
   -.0501104
   -.0492314
   -.0566018
   -.0499085
   -.0421861
   -.0365935
   -.0319518
   -.0257700
   -.0174684
   -.0054094
    .0114424
    .0209129
    .0133900
   -.0064070
   -.0235816
   -.0308215
   -.0386480
   -.0544120
   -.0711367
   -.0853280
   -.0913164
   -.0797362
   -.0561919
   -.0292610
    .0037504
    .0371051
    .0594263
    .0737335
    .0787650
    .0682206
    .0507957
    .0353749
    .0242058
    .0065586
   -.0182455
   -.0360098
   -.0440935
   -.0499051
   -.0549994
   -.0475825
   -.0238479
    .0097067
    .0416163
    .0649114
    .0846711
    .0943200
    .0865421
    .0700808
    .0513911
    .0335296
    .0140663
   -.0108413
   -.0383036
   -.0590351
   -.0664802
   -.0589781
   -.0434687
   -.0306563
   -.0238320
   -.0184231
   -.0111123
   -.0007110
    .0148170
    .0360229
    .0518194
    .0530291
    .0403284
    .0211989
    .0069627
    .0004933
   -.0101360
   -.0291542
   -.0459095
   -.0571044
   -.0674543
   -.0827975
   -.1051966
   -.1183646
   -.1094361
   -.0855541
   -.0542834
   -.0254921
   -.0049950
    .0146681
    .0314357
    .0400280
    .0407352
    .0381779
    .0360620
    .0347564
    .0269181
    .0119989
   -.0064501
   -.0254776
   -.0377811
   -.0141799
   -.0136972
   -.0309987
   -.0122032
    .0077941
    .0234101
   -.0055382
    .0337199
    .0251720
    .0140436
    .0077972
    .0038216
   -.0018739
   -.0103436
   -.0161331
   -.0175561
   -.0163589
   -.0232193
   -.0346937
   -.0277166
   -.0024245
    .0258440
    .0492785
    .0648633
    .0760147
    .0889458
    .1049406
    .1242198
    .1506580
    .1898896
    .2346018
    .2564054
    .2391053
    .2025790
    .1692131
    .1442165
    .1242830
    .1039842
    .0881142
    .0840429
    .0887193
    .0953590
    .1058549
    .1226022
    .1375893
    .1458607
    .1462096
    .1407067
    .1339120
    .1238154
    .1061279
    .0791774
    .0438229
    .0175366
   -.0183638
   -.0468685
   -.0340806
   -.0509108
   -.0665846
   -.0689651
   -.0783908
   -.0917788
   -.1095368
   -.1097921
   -.1105718
   -.1149482
   -.1087854
   -.1075918
   -.1185347
   -.1089137
   -.0931607
   -.0775659
   -.0621059
   -.0489095
   -.0435868
   -.0474072
   -.0592166
   -.0757919
   -.0868909
   -.0858301
   -.0835134
   -.0858422
   -.0979005
   -.1109420
   -.0988307
   -.0611443
   -.0161688
    .0218411
    .0450859
    .0621492
    .0969750
    .1384605
    .1621433
    .1658856
    .1587552
    .1562477
    .1612298
    .1594977
    .1396599
    .1084433
    .0753770
    .0479007
    .0286975
    .0082855
   -.0173008
   -.0403369
   -.0531429
   -.0604161
   -.0675164
   -.0719870
   -.0720535
   -.0716107
   -.0743421
   -.0789243
   -.0885270
   -.0959830
   -.0984769
   -.1005601
   -.1040680
   -.1100654
   -.1052830
   -.0965161
   -.0878954
   -.0806831
   -.0720840
   -.0601460
   -.0473202
   -.0376515
   -.0317162
   -.0285704
   -.0286754
   -.0286280
   -.0337162
   -.0560069
   -.0905964
   -.1132120
   -.1050076
   -.0760386
   -.0482326
   -.0280614
   -.0086992
    .0127425
    .0421608
    .0775327
    .1032336
    .1184697
    .1281661
    .1314721
    .1281912
    .1178930
    .1071838
    .1032542
    .1026328
    .0999906
    .0925577
    .0821914
    .0766778
    .0743842
    .0754149
    .0841620
    .0966350
    .1097315
    .1226254
    .1447037
    .1790898
    .2071570
    .2129742
    .2014566
    .1862919
    .1696214
    .1522113
    .1382576
    .1290805
    .1283211
    .1345396
    .1420759
    .1487092
    .1547736
    .1647601
    .1814293
    .2004937
    .2202023
    .2404498
    .2484661
    .2403510
    .2282934
    .2140270
    .1911897
    .1596863
    .1588406
    .1469977
    .1365996
    .1146446
    .1145552
    .1112605
    .1075663
    .1038442
    .0985211
    .0894462
    .0757679
    .0573199
    .0384605
    .0220617
    .0052145
   -.0127782
   -.0317463
   -.0464114
   -.0583819
   -.0556385
   -.0351094
   -.0188473
    .0148806
    .0447141
    .0451986
    .0238692
    .0017101
   -.0148108
   -.0282633
   -.0389497
   -.0463757
   -.0587818
   -.0921890
   -.1369130
   -.1632440
   -.1771810
   -.1826157
   -.1712580
   -.1585452
   -.1533821
   -.1396782
   -.1146410
   -.0883647
   -.0592546
   -.0279927
   -.0055650
    .0019509
    .0025656
    .0034128
    .0072770
    .0135079
    .0169691
    .0020957
   -.0331761
   -.0645703
   -.0783482
   -.0815066
   -.0857361
   -.0933924
   -.1037501
   -.1113290
   -.1064712
   -.0928516
   -.0796066
   -.0690992
   -.0562301
   -.0394266
   -.0260115
   -.0184302
   -.0140645
   -.0090553
   -.0059890
   -.0127410
   -.0256506
   -.0365674
   -.0432646
   -.0478377
   -.0522581
   -.0607093
   -.0740175
   -.0817632
   -.0785335
   -.0692552
   -.0606731
   -.0500634
   -.0331894
   -.0180742
   -.0092675
   -.0049054
   -.0003044
    .0053216
    .0109920
    .0175038
    .0265107
    .0421750
    .0501082
    .0440694
    .0337223
    .0183475
   -.0070818
   -.0343864
   -.0500861
   -.0479362
   -.0355523
   -.0184315
   -.0007903
    .0160959
    .0389125
    .0594266
    .0740422
    .0811259
    .0793423
    .0770552
    .0758384
    .0711903
    .0586257
    .0451837
    .0269359
    .0012861
   -.0254834
   -.0463683
   -.0515558
   -.0418358
   -.0277565
   -.0176075
   -.0095971
   -.0012006
    .0065334
    .0119822
    .0155143
    .0207256
    .0199484
    .0051183
   -.0114119
   -.0193640
   -.0217569
   -.0250166
   -.0318261
   -.0416641
   -.0609603
   -.0708475
   -.0566687
   -.0336760
   -.0120149
    .0024187
    .0184691
    .0457852
    .0740931
    .0960535
    .1058911
    .1051763
    .1025371
    .0978741
    .0872965
    .0720395
    .0568659
    .0440073
    .0370758
    .0369350
    .0387732
    .0463017
    .0607465
    .0744855
    .0829456
    .0809434
    .0653295
    .0414136
    .0151912
   -.0097413
   -.0347850
   -.0608754
   -.0824843
   -.0979146
   -.1030986
   -.1026635
   -.0970783
   -.0884617
   -.0828018
   -.0833931
   -.0915824
   -.1097590
   -.1273387
   -.1371471
   -.1416803
   -.1449653
   -.1496761
   -.1566800
   -.1639296
   -.1636400
   -.1563780
   -.1460930
   -.1352705
   -.1236436
   -.1114782
   -.1010427
   -.0927200
   -.0905979
   -.0963408
   -.1033402
   -.1055868
   -.1031931
   -.1005921
   -.1027011
   -.1064040
   -.1023436
   -.0861952
   -.0589572
   -.0471897
   -.0327502
   -.0152607
    .0034677
    .0219600
    .0384089
    .0416333
    .0539018
    .0662888
    .0744853
    .0817345
    .0951968
    .1097030
    .1204779
    .1287174
    .1320812
    .1307803
    .1282589
    .1245020
    .1165894
    .1066027
    .1054176
    .1014120
    .0900025
    .0889956
    .0880006
    .0875882
    .0897455
    .0961208
    .1017677
    .1035176
    .1008016
    .0920477
    .0788710
    .0641986
    .0518273
    .0429641
    .0372128
    .0380468
    .0446073
    .0512789
    .0561303
    .0589330
    .0614151
    .0716141
    .0864278
    .0938328
    .0935475
    .0881247
    .0752296
    .0569647
    .0409083
    .0304755
    .0232900
    .0175591
    .0080671
   -.0082731
   -.0285309
   -.0444178
   -.0514134
   -.0548323
   -.0589600
   -.0640486
   -.0662922
   -.0651531
   -.0620631
   -.0575530
   -.0531288
   -.0488641
   -.0444174
   -.0361999
   -.0286741
   -.0274332
   -.0285452
   -.0300173
   -.0367025
   -.0507248
   -.0654357
   -.0761132
   -.0855301
   -.0963408
   -.1102752
   -.1263504
   -.1406755
   -.1508995
   -.1583593
   -.1631257
   -.1642746
   -.1626306
   -.1586765
   -.1500171
   -.1348143
   -.1217903
   -.1096916
   -.0988257
   -.0952365
   -.1046453
   -.1278014
   -.1504296
   -.1579543
   -.1535108
   -.1493022
   -.1516884
   -.1553293
   -.1442187
   -.1186218
   -.0894404
   -.0644821
   -.0375203
   -.0056457
    .0218736
    .0411688
    .0505786
    .0489118
    .0438020
    .0422546
    .0425919
    .0411230
    .0297736
    .0275661
    .0314802
    .0363562
    .0167601
    .0435735
    .0650525
    .0795211
    .0907822
    .0962545
    .0981234
    .0996026
    .1001232
    .0982055
    .0928105
    .0791066
    .0615186
    .0568480
    .0257986
    .0169245
    .0179598
    .0191645
    .0144132
    .0161974
    .0190960
    .0203885
    .0160956
    .0098592
    .0039643
   -.0001025
   -.0055551
   -.0174443
   -.0309859
   -.0368588
   -.0463203
   -.0617162
   -.0748064
   -.0878191
   -.0959616
   -.0933748
   -.0805638
   -.0611527
   -.0548887
   -.0478155
   -.0401133
   -.0321766
   -.0210293
   -.0138180
   -.0087735
   -.0041089
    .0026513
    .0049758
    .0127553
    .0268016
    .0365186
    .0453629
    .0609197
    .0731831
    .0744127
    .0878035
    .0941626
    .1009829
    .1023304
    .0984375
    .0962538
    .1070907
    .1079901
    .0902462
    .0924283
    .0937663
    .0955349
    .0987976
    .1012109
    .1042767
    .1158896
    .1331917
    .1423547
    .1390555
    .1266426
    .1124405
    .0988230
    .0830772
    .0692055
    .0590957
    .0535585
    .0480286
    .0426922
    .0350814
    .0292922
    .0352671
    .0464146
    .0554833
    .0602697
    .0601437
    .0569466
    .0514174
    .0427625
    .0317601
    .0159432
    .0079466
   -.0110585
   -.0238815
   -.0327981
   -.0382400
   -.0409491
   -.0383705
   -.0328266
   -.0270908
   -.0233859
   -.0288204
   -.0412145
   -.0510287
   -.0594707
   -.0684457
   -.0746157
   -.0771260
   -.0776133
   -.0780596
   -.0782485
   -.0768281
   -.0737263
   -.0686776
   -.0616665
   -.0505453
   -.0352098
   -.0193590
   -.0059045
    .0075930
    .0233403
    .0364713
    .0418638
    .0415404
    .0401861
    .0387207
    .0371793
    .0335665
    .0246700
    .0166243
    .0121534
    .0098150
    .0064717
    .0017712
    .0011644
    .0053603
    .0103583
    .0144621
    .0182045
    .0220321
    .0251932
    .0278028
    .0298012
    .0299998
    .0284570
    .0264408
    .0232334
    .0189056
    .0138151
    .0085592
    .0063349
    .0073083
    .0085090
    .0079226
    .0062488
    .0045832
    .0047624
    .0079954
    .0121814
    .0142954
    .0061184
    .0041592
    .0057202
   -.0007156
   -.0060236
   -.0095755
   -.0126577
   -.0158971
   -.0196935
   -.0231117
   -.0243346
   -.0219441
   -.0173134
   -.0118784
   -.0044297
    .0051535
    .0133221
    .0175803
    .0194986
    .0165896
    .0057359
   -.0100815
   -.0260891
   -.0367670
   -.0400114
   -.0354613
   -.0240616
   -.0107409
   -.0001298
    .0062128
    .0087566
    .0087734
    .0074321
    .0064825
    .0050398
    .0025612
   -.0022067
   -.0074510
   -.0122180
   -.0153717
   -.0125154
   -.0053751
    .0008541
    .0055396
    .0124094
    .0224629
    .0278062
    .0251088
    .0187152
    .0141082
    .0124097
    .0106404
    .0063343
    .0029562
    .0031039
    .0057476
    .0100995
    .0155278
    .0210847
    .0256364
    .0279959
    .0298561
    .0316515
    .0340937
    .0360427
    .0341373
    .0288090
    .0288467
    .0214511
    .0197515
    .0195992
    .0208124
    .0224308
    .0261437
    .0279730
    .0275606
    .0243674
    .0196162
    .0132527
    .0058441
   -.0006866
   -.0065058
   -.0119884
   -.0152759
   -.0150989
   -.0126114
   -.0112836
   -.0117849
   -.0125899
   -.0114482
   -.0101852
   -.0127232
   -.0183646
   -.0234666
   -.0276000
   -.0323371
   -.0390465
   -.0487811
   -.0592290
   -.0668976
   -.0725868
   -.0787472
   -.0846613
   -.0862499
   -.0834900
   -.0794294
   -.0759105
   -.0718387
   -.0666703
   -.0624080
   -.0593818
   -.0560385
   -.0509395
   -.0456780
   -.0451588
   -.0494456
   -.0570012
   -.0659891
   -.0717485
   -.0741057
   -.0769280
   -.0794338
   -.0808337
   -.0800135
   -.0753365
   -.0678900
   -.0602608
   -.0532910
   -.0464642
   -.0397746
   -.0395287
   -.0277208
   -.0257176
   -.0270289
   -.0289182
   -.0267802
   -.0354577
   -.0373877
   -.0371501
   -.0366254
   -.0348132
   -.0324320
   -.0369753
   -.0434543
   -.0443847
   -.0422512
   -.0411906
   -.0406109
   -.0327431
   -.0140930
    .0077952
    .0285620
    .0508465
    .0741942
    .0907887
    .0973525
    .1005365
    .1031345
    .0988972
    .0853582
    .0721682
    .0647998
    .0606081
    .0566586
    .0525252
    .0490029
    .0459574
    .0430582
    .0401815
    .0373969
    .0345272
    .0314556
    .0262054
    .0168310
    .0078670
    .0035355
    .0010581
   -.0060351
   -.0143145
   -.0162296
   -.0144754
   -.0111154
   -.0038684
    .0068956
    .0167797
    .0235932
    .0296093
    .0355463
    .0390911
    .0392024
    .0372492
    .0352317
    .0309208
    .0241602
    .0186201
    .0156899
    .0151176
    .0156987
    .0153531
    .0151051
    .0149593
    .0140422
    .0122504
    .0130942
    .0110275
    .0081009
    .0056987
    .0039844
   -.0015542
   -.0043855
   -.0063375
   -.0071228
   -.0110067
   -.0122735
   -.0167118
   -.0226641
   -.0277687
   -.0319457
   -.0354327
   -.0399017
   -.0457005
   -.0507973
   -.0537825
   -.0544122
   -.0533320
   -.0515378
   -.0502938
   -.0487445
   -.0461689
   -.0429045
   -.0401949
   -.0380955
   -.0368065
   -.0402493
   -.0370888
   -.0399340
   -.0430818
   -.0441507
   -.0427139
   -.0387960
   -.0311972
   -.0237597
   -.0187346
   -.0138271
   -.0072857
    .0015657
    .0080913
    .0103625
    .0114935
    .0131741
    .0152429
    .0152476
    .0132840
    .0114788
    .0106949
    .0102644
    .0095559
    .0111794
    .0144496
    .0180439
    .0207989
    .0232133
    .0254470
    .0275987
    .0294426
    .0313759
    .0345548
    .0389514
    .0430992
    .0461339
    .0485872
    .0510863
    .0534626
    .0541623
    .0531397
    .0516197
    .0505174
    .0495684
    .0486835
    .0473269
    .0444405
    .0413300
    .0382330
    .0360347
    .0338214
    .0314352
    .0289316
    .0276356
    .0264894
    .0250108
    .0228535
    .0207918
    .0189989
    .0178127
    .0165334
    .0156252
    .0152110
    .0142048
    .0120818
    .0093780
    .0069008
    .0048056
    .0032361
    .0017950
   -.0007699
   -.0043405
   -.0077725
   -.0105256
   -.0128911
   -.0151529
   -.0173601
   -.0194822
   -.0216338
   -.0236410
   -.0255385
   -.0272020
   -.0287575
   -.0302287
   -.0313255
   -.0322053
   -.0328515
   -.0340913
   -.0351805
   -.0361720
   -.0367743
   -.0374668
   -.0387596
   -.0408398
   -.0436358
   -.0459992
   -.0458965
   -.0501602
   -.0514905
   -.0526600
   -.0534285
   -.0541520
   -.0540903
   -.0541389
   -.0539103
   -.0541762
   -.0556617
   -.0560832
   -.0552514
   -.0547471
   -.0540173
   -.0537788
   -.0530822
   -.0528584
   -.0522172
   -.0521625
   -.0513730
   -.0509872
   -.0497536
   -.0475910
   -.0465382
   -.0446444
   -.0438145
   -.0430904
   -.0418277
   -.0409326
   -.0397251
   -.0388505
   -.0370209
   -.0357194
   -.0335143
   -.0327635
   -.0300868
   -.0288333
   -.0267322
   -.0255146
   -.0234351
   -.0222493
   -.0202440
   -.0192841
   -.0174168
   -.0164135
   -.0144412
   -.0134474
   -.0115157
   -.0105640
   -.0086198
   -.0076014
   -.0055348
   -.0045326
   -.0025349
   -.0016564
    .0002538
    .0009804
    .0027962
    .0034198
    .0052048
    .0057589
    .0075213
    .0073018
    .0096894
    .0093530
    .0117045
    .0112548
    .0136069
    .0130669
    .0154746
    .0148554
    .0173846
    .0166930
    .0194547
    .0186968
    .0218970
    .0210785
    .0251794
    .0242968
    .0307057
    .0297328
    .0488634