    .191770E-03
    .465812E-03
    .700156E-03
    .520954E-03
    .921621E-04
    .765600E-04
    .824280E-03
    .858515E-03
   -.197847E-02
   -.706235E-02
   -.100668E-01
   -.755699E-02
   -.174725E-02
    .176804E-02
    .302495E-03
   -.384129E-02
   -.719848E-02
   -.844405E-02
   -.753904E-02
   -.417009E-02
    .134170E-02
    .688815E-02
    .949660E-02
    .778176E-02
    .372565E-02
    .149117E-02
    .356467E-02
    .783903E-02
    .965680E-02
    .678509E-02
    .121236E-02
   -.399011E-02
   -.741899E-02
   -.866619E-02
   -.724438E-02
   -.350813E-02
    .304936E-03
    .132771E-02
   -.152309E-02
   -.663471E-02
   -.111208E-01
   -.128279E-01
   -.111383E-01
   -.669724E-02
   -.137461E-02
    .220206E-02
    .242570E-02
    .608607E-03
    .951434E-04
    .263562E-02
    .642082E-02
    .843692E-02
    .782073E-02
    .591082E-02
    .408320E-02
    .233808E-02
    .104257E-03
   -.223398E-02
   -.351360E-02
   -.317340E-02
   -.142120E-02
    .195510E-02
    .718891E-02
    .125724E-01
    .147872E-01
    .123336E-01
    .723947E-02
    .203741E-02
   -.292562E-02
   -.777354E-02
   -.105573E-01
   -.919977E-02
   -.526211E-02
   -.316810E-02
   -.542206E-02
   -.941994E-02
   -.994262E-02
   -.489613E-02
    .222090E-02
    .626920E-02
    .552860E-02
    .208096E-02
   -.116864E-02
   -.248976E-02
   -.123488E-02
    .214683E-02
    .573799E-02
    .719386E-02
    .565728E-02
    .221810E-02
   -.108871E-02
   -.222863E-02
    .401883E-04
    .515376E-02
    .104694E-01
    .127310E-01
    .103407E-01
    .490495E-02
    .659131E-03
    .102847E-02
    .528344E-02
    .941260E-02
    .102301E-01
    .768230E-02
    .366016E-02
   -.310203E-03
   -.377699E-02
   -.697255E-02
   -.102156E-01
   -.130250E-01
   -.142314E-01
   -.133413E-01
   -.109083E-01
   -.682361E-02
   -.516229E-03
    .641797E-02
    .101798E-01
    .904206E-02
    .548797E-02
    .231464E-02
   -.577858E-03
   -.358579E-02
   -.450738E-02
   -.107529E-02
    .544490E-02
    .116540E-01
    .155869E-01
    .170359E-01
    .157999E-01
    .115762E-01
    .528794E-02
   -.839088E-03
   -.440318E-02
   -.454132E-02
   -.291138E-02
   -.250958E-02
   -.494667E-02
   -.911708E-02
   -.127212E-01
   -.141509E-01
   -.129743E-01
   -.963640E-02
   -.541923E-02
   -.166307E-02
    .107551E-02
    .255015E-02
    .233461E-02
    .601136E-03
   -.154361E-02
   -.363543E-02
   -.643951E-02
   -.960468E-02
   -.103024E-01
   -.657728E-02
   -.806768E-03
    .278123E-02
    .277657E-02
    .119033E-02
    .735060E-03
    .308829E-02
    .829999E-02
    .137643E-01
    .152652E-01
    .109803E-01
    .338662E-02
   -.400139E-02
   -.911625E-02
   -.105920E-01
   -.827227E-02
   -.537124E-02
   -.658824E-02
   -.118711E-01
   -.151373E-01
   -.111492E-01
   -.155611E-02
    .791821E-02
    .137276E-01
    .160504E-01
    .157750E-01
    .122794E-01
    .543966E-02
   -.151844E-02
   -.359995E-02
    .404378E-04
    .416434E-02
    .351492E-02
   -.123060E-02
   -.570182E-02
   -.762201E-02
   -.733064E-02
   -.484882E-02
   -.284910E-04
    .504627E-02
    .702242E-02
    .476195E-02
    .547771E-04
   -.451811E-02
   -.711182E-02
   -.689326E-02
   -.416456E-02
   -.169044E-03
    .385048E-02
    .713839E-02
    .911596E-02
    .938908E-02
    .823694E-02
    .648358E-02
    .463936E-02
    .282379E-02
    .135758E-02
    .740099E-03
    .101854E-02
    .191956E-02
    .367636E-02
    .662818E-02
    .973437E-02
    .107505E-01
    .860685E-02
    .464193E-02
    .804245E-03
   -.202704E-02
   -.346011E-02
   -.285140E-02
   -.407966E-03
    .194849E-02
    .177079E-02
   -.203944E-02
   -.839886E-02
   -.145474E-01
   -.175995E-01
   -.162688E-01
   -.115404E-01
   -.621187E-02
   -.347012E-02
   -.489809E-02
   -.859605E-02
   -.101771E-01
   -.714053E-02
   -.158487E-02
    .330706E-02
    .750741E-02
    .124131E-01
    .170344E-01
    .189004E-01
    .175370E-01
    .142055E-01
    .976206E-02
    .474040E-02
    .278640E-03
   -.356285E-02
   -.835068E-02
   -.137952E-01
   -.163446E-01
   -.137178E-01
   -.833032E-02
   -.358299E-02
   -.159541E-03
    .189655E-02
    .959747E-03
   -.290602E-02
   -.548382E-02
   -.334370E-02
    .106743E-02
    .277785E-02
    .552790E-03
   -.302109E-02
   -.522281E-02
   -.457096E-02
   -.846253E-03
    .358155E-02
    .441205E-02
    .240176E-03
   -.514769E-02
   -.754388E-02
   -.668054E-02
   -.379082E-02
    .126783E-02
    .734651E-02
    .100475E-01
    .640530E-02
   -.757293E-03
   -.679962E-02
   -.107195E-01
   -.132841E-01
   -.133178E-01
   -.990202E-02
   -.533355E-02
   -.199842E-02
    .558181E-03
    .239400E-02
    .989493E-03
   -.351720E-02
   -.550988E-02
   -.134765E-02
    .483218E-02
    .736326E-02
    .633085E-02
    .417012E-02
    .591649E-03
   -.412028E-02
   -.592268E-02
   -.231844E-02
    .334664E-02
    .762266E-02
    .120353E-01
    .178109E-01
    .210128E-01
    .181188E-01
    .119250E-01
    .676171E-02
    .253085E-02
   -.241523E-02
   -.665628E-02
   -.799910E-02
   -.684381E-02
   -.401027E-02
    .100508E-02
    .704906E-02
    .101233E-01
    .821235E-02
    .412793E-02
    .952010E-03
   -.184455E-02
   -.547785E-02
   -.838888E-02
   -.826748E-02
   -.522287E-02
   -.654988E-03
    .484367E-02
    .107961E-01
    .155704E-01
    .176628E-01
    .171784E-01
    .148228E-01
    .110804E-01
    .673408E-02
    .285931E-02
   -.678929E-03
   -.493937E-02
   -.928147E-02
   -.109356E-01
   -.826379E-02
   -.300506E-02
    .197212E-02
    .523904E-02
    .625045E-02
    .429805E-02
   -.638209E-03
   -.702038E-02
   -.129592E-01
   -.173195E-01
   -.193162E-01
   -.184454E-01
   -.152190E-01
   -.111341E-01
   -.709730E-02
   -.294883E-02
    .144324E-02
    .524561E-02
    .711032E-02
    .641737E-02
    .384377E-02
    .757949E-03
   -.240107E-02
   -.615989E-02
   -.989138E-02
   -.111408E-01
   -.838372E-02
   -.319280E-02
    .176083E-02
    .514665E-02
    .648855E-02
    .529330E-02
    .190382E-02
   -.213909E-02
   -.600254E-02
   -.103897E-01
   -.149499E-01
   -.164143E-01
   -.114738E-01
   -.123059E-02
    .894419E-02
    .139262E-01
    .128942E-01
    .890368E-02
    .470811E-02
    .420376E-03
   -.396099E-02
   -.566763E-02
   -.147440E-02
    .762428E-02
    .163180E-01
    .197830E-01
    .173958E-01
    .119341E-01
    .626295E-02
    .151684E-02
   -.296404E-02
   -.827946E-02
   -.141453E-01
   -.186433E-01
   -.203330E-01
   -.196754E-01
   -.175473E-01
   -.142903E-01
   -.104889E-01
   -.732300E-02
   -.474183E-02
   -.959847E-03
    .446510E-02
    .856340E-02
    .823236E-02
    .437575E-02
    .685349E-03
   -.172151E-03
    .229643E-02
    .729483E-02
    .125297E-01
    .146150E-01
    .121360E-01
    .749351E-02
    .344071E-02
   -.235323E-03
   -.451132E-02
   -.814614E-02
   -.941878E-02
   -.859877E-02
   -.639561E-02
   -.255550E-02
    .192927E-02
    .389005E-02
    .193552E-02
   -.138084E-02
   -.379700E-02
   -.637274E-02
   -.982349E-02
   -.115669E-01
   -.946677E-02
   -.534930E-02
   -.200386E-02
    .242518E-03
    .192513E-02
    .237499E-02
    .122145E-02
   -.406042E-03
   -.176986E-02
   -.353207E-02
   -.572399E-02
   -.649370E-02
   -.415319E-02
    .410686E-03
    .469767E-02
    .751531E-02
    .102788E-01
    .147319E-01
    .193042E-01
    .196652E-01
    .138528E-01
    .517871E-02
   -.184360E-02
   -.606149E-02
   -.863937E-02
   -.972917E-02
   -.847149E-02
   -.541483E-02
   -.242363E-02
   -.404738E-03
    .163752E-02
    .467410E-02
    .774015E-02
    .881652E-02
    .730935E-02
    .462705E-02
    .181056E-02
   -.157860E-02
   -.511654E-02
   -.609184E-02
   -.239112E-02
    .441290E-02
    .108193E-01
    .148798E-01
    .165358E-01
    .159331E-01
    .130075E-01
    .850747E-02
    .377524E-02
   -.401708E-03
   -.452043E-02
   -.943580E-02
   -.145057E-01
   -.173323E-01
   -.163953E-01
   -.133361E-01
   -.106074E-01
   -.836326E-02
   -.546791E-02
   -.230346E-02
    .144153E-03
    .243204E-02
    .523847E-02
    .736903E-02
    .744547E-02
    .599275E-02
    .360312E-02
   -.361274E-03
   -.490852E-02
   -.617208E-02
   -.209162E-02
    .419235E-02
    .817931E-02
    .856993E-02
    .618213E-02
    .161092E-02
   -.364708E-02
   -.638933E-02
   -.471203E-02
   -.380053E-03
    .359196E-02
    .609452E-02
    .738637E-02
    .726479E-02
    .538736E-02
    .250561E-02
   -.146898E-03
   -.227651E-02
   -.461098E-02
   -.756584E-02
   -.103352E-01
   -.114294E-01
   -.993861E-02
   -.649251E-02
   -.262047E-02
    .691751E-03
    .356619E-02
    .601174E-02
    .664047E-02
    .397021E-02
   -.140239E-02
   -.719869E-02
   -.125269E-01
   -.184505E-01
   -.246147E-01
   -.276402E-01
   -.248656E-01
   -.183456E-01
   -.121396E-01
   -.733363E-02
   -.195486E-02
    .485651E-02
    .110935E-01
    .140802E-01
    .128728E-01
    .889437E-02
    .459848E-02
    .148444E-02
   -.130920E-02
   -.534995E-02
   -.969417E-02
   -.111835E-01
   -.839776E-02
   -.332603E-02
    .153677E-02
    .521078E-02
    .704481E-02
    .593136E-02
    .240831E-02
   -.649579E-04
    .186934E-02
    .762490E-02
    .130232E-01
    .143111E-01
    .111214E-01
    .597397E-02
    .109409E-02
   -.345845E-02
   -.830172E-02
   -.125218E-01
   -.141555E-01
   -.125423E-01
   -.879037E-02
   -.431293E-02
    .325145E-03
    .483908E-02
    .913960E-02
    .136449E-01
    .184079E-01
    .221625E-01
    .233678E-01
    .219942E-01
    .189187E-01
    .147848E-01
    .100961E-01
    .561605E-02
    .169145E-02
   -.161786E-02
   -.320507E-02
   -.160863E-02
    .274309E-02
    .768777E-02
    .124372E-01
    .178508E-01
    .233736E-01
    .264541E-01
    .257617E-01
    .228494E-01
    .198249E-01
    .174071E-01
    .152534E-01
    .131640E-01
    .119097E-01
    .127357E-01
    .153890E-01
    .178047E-01
    .194607E-01
    .225279E-01
    .265303E-01
    .258216E-01
    .167287E-01
    .350698E-02
   -.848745E-02
   -.197506E-01
   -.322952E-01
   -.442891E-01
   -.549279E-01
   -.678161E-01
   -.821176E-01
   -.879830E-01
   -.783192E-01
   -.597278E-01
   -.426006E-01
   -.283450E-01
   -.127016E-01
    .425362E-02
    .198712E-01
    .351016E-01
    .516424E-01
    .665251E-01
    .751009E-01
    .772219E-01
    .755577E-01
    .719979E-01
    .684972E-01
    .680964E-01
    .703703E-01
    .701246E-01
    .631874E-01
    .505042E-01
    .338909E-01
    .139677E-01
   -.694086E-02
   -.254484E-01
   -.429886E-01
   -.643955E-01
   -.867446E-01
   -.974792E-01
   -.884547E-01
   -.670020E-01
   -.461784E-01
   -.313762E-01
   -.203786E-01
   -.114989E-01
   -.571458E-02
   -.336242E-02
   -.324537E-02
   -.418894E-02
   -.556567E-02
   -.625573E-02
   -.510194E-02
   -.193432E-02
    .249654E-02
    .725105E-02
    .121267E-01
    .177616E-01
    .233680E-01
    .251321E-01
    .193197E-01
    .742042E-02
   -.437782E-02
   -.108170E-01
   -.115829E-01
   -.973505E-02
   -.803071E-02
   -.776356E-02
   -.941256E-02
   -.127005E-01
   -.160483E-01
   -.172791E-01
   -.151734E-01
   -.106632E-01
   -.598591E-02
   -.248269E-02
    .589943E-03
    .442545E-02
    .869580E-02
    .123190E-01
    .157504E-01
    .204604E-01
    .253652E-01
    .264675E-01
    .213292E-01
    .124107E-01
    .371874E-02
   -.355521E-02
   -.107705E-01
   -.186540E-01
   -.266373E-01
   -.342240E-01
   -.416476E-01
   -.493750E-01
   -.568251E-01
   -.618451E-01
   -.615138E-01
   -.548010E-01
   -.432293E-01
   -.295967E-01
   -.157765E-01
   -.218961E-02
    .111644E-01
    .226647E-01
    .283527E-01
    .256474E-01
    .167646E-01
    .658037E-02
   -.349505E-02
   -.151730E-01
   -.268273E-01
   -.320085E-01
   -.262981E-01
   -.129755E-01
    .356825E-03
    .862601E-02
    .119361E-01
    .119096E-01
    .746574E-02
   -.269401E-02
   -.135222E-01
   -.153597E-01
   -.486410E-02
    .111743E-01
    .265455E-01
    .425122E-01
    .591407E-01
    .682997E-01
    .632114E-01
    .491709E-01
    .360736E-01
    .263863E-01
    .161524E-01
    .386004E-02
   -.805260E-02
   -.172341E-01
   -.225917E-01
   -.234218E-01
   -.195265E-01
   -.122549E-01
   -.521255E-02
   -.396453E-02
   -.123008E-01
   -.279831E-01
   -.445953E-01
   -.567431E-01
   -.607924E-01
   -.542510E-01
   -.383444E-01
   -.192319E-01
   -.930010E-03
    .186026E-01
    .390611E-01
    .512090E-01
    .469996E-01
    .318283E-01
    .180855E-01
    .117796E-01
    .113064E-01
    .146419E-01
    .194560E-01
    .203105E-01
    .135416E-01
    .259201E-02
   -.691461E-02
   -.133748E-01
   -.157151E-01
   -.108725E-01
    .625254E-03
    .127747E-01
    .232146E-01
    .362904E-01
    .513353E-01
    .572873E-01
    .466456E-01
    .269334E-01
    .884030E-02
   -.723329E-02
   -.248692E-01
   -.404413E-01
   -.476884E-01
   -.468104E-01
   -.409359E-01
   -.308784E-01
   -.194046E-01
   -.139267E-01
   -.175722E-01
   -.245134E-01
   -.296772E-01
   -.352541E-01
   -.421830E-01
   -.439268E-01
   -.351491E-01
   -.201154E-01
   -.595970E-02
    .609078E-02
    .188296E-01
    .329088E-01
    .464567E-01
    .573361E-01
    .630556E-01
    .617871E-01
    .545267E-01
    .450444E-01
    .359138E-01
    .273186E-01
    .187877E-01
    .102720E-01
    .151584E-02
   -.747970E-02
   -.163242E-01
   -.253242E-01
   -.346047E-01
   -.422495E-01
   -.451903E-01
   -.426400E-01
   -.361231E-01
   -.275738E-01
   -.186472E-01
   -.109493E-01
   -.399845E-02
    .467076E-02
    .144436E-01
    .198685E-01
    .175588E-01
    .114110E-01
    .630115E-02
    .188761E-02
   -.329214E-02
   -.684789E-02
   -.614766E-02
   -.209705E-02
    .450714E-02
    .147077E-01
    .257522E-01
    .297689E-01
    .227124E-01
    .991405E-02
   -.191506E-02
   -.124301E-01
   -.237316E-01
   -.334791E-01
   -.365290E-01
   -.314896E-01
   -.217523E-01
   -.112799E-01
   -.641240E-03
    .113874E-01
    .233385E-01
    .302124E-01
    .287684E-01
    .220567E-01
    .154887E-01
    .106950E-01
    .549158E-02
   -.113230E-02
   -.733187E-02
   -.110005E-01
   -.113115E-01
   -.805720E-02
   -.116637E-02
    .815658E-02
    .173649E-01
    .239033E-01
    .264618E-01
    .250791E-01
    .202130E-01
    .127833E-01
    .506702E-02
    .416565E-03
    .362986E-03
    .298904E-02
    .550784E-02
    .720332E-02
    .895733E-02
    .110936E-01
    .129658E-01
    .138295E-01
    .131433E-01
    .104900E-01
    .566322E-02
   -.557068E-03
   -.664302E-02
   -.117490E-01
   -.169241E-01
   -.236410E-01
   -.303324E-01
   -.325247E-01
   -.278942E-01
   -.196192E-01
   -.119601E-01
   -.536197E-02
    .184324E-02
    .906620E-02
    .139223E-01
    .155752E-01
    .150582E-01
    .135817E-01
    .118298E-01
    .102574E-01
    .889386E-02
    .794032E-02
    .863128E-02
    .120613E-01
    .172292E-01
    .216354E-01
    .234036E-01
    .218995E-01
    .173659E-01
    .112425E-01
    .531210E-02
    .367607E-03
   -.312921E-02
   -.412864E-02
   -.270083E-02
   -.948275E-03
    .253266E-03
    .256009E-02
    .548943E-02
    .458851E-02
   -.228397E-02
   -.112576E-01
   -.191797E-01
   -.281869E-01
   -.382454E-01
   -.418582E-01
   -.328195E-01
   -.156158E-01
    .662625E-03
    .122051E-01
    .192921E-01
    .208390E-01
    .161351E-01
    .849495E-02
    .182621E-02
   -.315449E-02
   -.648478E-02
   -.638638E-02
   -.254633E-02
    .168947E-02
    .326095E-02
    .250015E-02
    .784211E-03
   -.185944E-02
   -.517495E-02
   -.741597E-02
   -.704398E-02
   -.419611E-02
    .361161E-03
    .610934E-02
    .120705E-01
    .164308E-01
    .175821E-01
    .152174E-01
    .100254E-01
    .321214E-02
   -.373610E-02
   -.920790E-02
   -.120192E-01
   -.118235E-01
   -.902087E-02
   -.484554E-02
   -.801427E-03
    .246134E-02
    .584496E-02
    .103686E-01
    .147707E-01
    .158292E-01
    .117167E-01
    .423750E-02
   -.330666E-02
   -.889797E-02
   -.118703E-01
   -.118346E-01
   -.891845E-02
   -.454152E-02
   -.566495E-03
    .199068E-02
    .291169E-02
    .203576E-02
   -.681190E-03
   -.464755E-02
   -.878474E-02
   -.119764E-01
   -.134519E-01
   -.130236E-01
   -.110668E-01
   -.841661E-02
   -.580858E-02
   -.334973E-02
   -.575540E-03
    .253128E-02
    .528156E-02
    .740288E-02
    .967604E-02
    .127742E-01
    .156539E-01
    .160516E-01
    .124316E-01
    .568418E-02
   -.159282E-02
   -.753531E-02
   -.131112E-01
   -.204450E-01
   -.282030E-01
   -.312295E-01
   -.266999E-01
   -.182924E-01
   -.107893E-01
   -.423078E-02
    .326995E-02
    .100725E-01
    .128447E-01
    .114579E-01
    .787827E-02
    .298088E-02
   -.271973E-02
   -.762048E-02
   -.117111E-01
   -.172206E-01
   -.235020E-01
   -.254538E-01
   -.201145E-01
   -.111502E-01
   -.294719E-02
    .481724E-02
    .134943E-01
    .205915E-01
    .222884E-01
    .182360E-01
    .105137E-01
    .753169E-03
   -.948607E-02
   -.172562E-01
   -.197902E-01
   -.167229E-01
   -.931810E-02
    .655812E-03
    .109308E-01
    .189315E-01
    .231430E-01
    .234591E-01
    .202317E-01
    .145233E-01
    .819751E-02
    .261488E-02
   -.288750E-02
   -.956011E-02
   -.162772E-01
   -.194138E-01
   -.164526E-01
   -.927905E-02
   -.198552E-02
    .364475E-02
    .939248E-02
    .169972E-01
    .244534E-01
    .271730E-01
    .227383E-01
    .138443E-01
    .512073E-02
   -.163345E-02
   -.852132E-02
   -.175803E-01
   -.267536E-01
   -.312924E-01
   -.291561E-01
   -.233845E-01
   -.178066E-01
   -.131587E-01
   -.809013E-02
   -.233301E-02
    .300226E-02
    .701842E-02
    .944433E-02
    .101454E-01
    .943323E-02
    .864051E-02
    .875310E-02
    .912642E-02
    .810161E-02
    .473289E-02
   -.788161E-03
   -.756324E-02
   -.143813E-01
   -.198439E-01
   -.224921E-01
   -.214917E-01
   -.172680E-01
   -.116188E-01
   -.623602E-02
   -.151259E-02
    .323777E-02
    .841386E-02
    .138007E-01
    .192287E-01
    .244507E-01
    .283857E-01
    .292087E-01
    .261577E-01
    .202260E-01
    .132104E-01
    .607042E-02
   -.107349E-02
   -.804110E-02
   -.140425E-01
   -.177370E-01
   -.180174E-01
   -.150418E-01
   -.105867E-01
   -.646141E-02
   -.351238E-02
   -.247216E-02
   -.425430E-02
   -.814839E-02
   -.114789E-01
   -.123925E-01
   -.111801E-01
   -.811245E-02
   -.288732E-02
    .267422E-02
    .477821E-02
    .280966E-02
    .113193E-02
    .352491E-02
    .866480E-02
    .132973E-01
    .169061E-01
    .206566E-01
    .239207E-01
    .240747E-01
    .197807E-01
    .125162E-01
    .469206E-02
   -.331341E-02
   -.125300E-01
   -.216024E-01
   -.259923E-01
   -.228893E-01
   -.153118E-01
   -.808766E-02
   -.219267E-02
    .408093E-02
    .100483E-01
    .128029E-01
    .116221E-01
    .845158E-02
    .468976E-02
    .141599E-03
   -.484681E-02
   -.898001E-02
   -.113663E-01
   -.111114E-01
   -.685551E-02
    .155247E-02
    .118016E-01
    .213197E-01
    .287177E-01
    .320379E-01
    .291093E-01
    .209842E-01
    .120362E-01
    .409328E-02
   -.505142E-02
   -.151646E-01
   -.207557E-01
   -.183359E-01
   -.117475E-01
   -.592699E-02
   -.720985E-03
    .541462E-02
    .101405E-01
    .104833E-01
    .778457E-02
    .566276E-02
    .569346E-02
    .751336E-02
    .108892E-01
    .146020E-01
    .152465E-01
    .981939E-02
   -.506423E-03
   -.105268E-01
   -.149799E-01
   -.125703E-01
   -.649121E-02
   -.380318E-03
    .508952E-02
    .107588E-01
    .155791E-01
    .166528E-01
    .124639E-01
    .451242E-02
   -.416494E-02
   -.114984E-01
   -.167530E-01
   -.193492E-01
   -.186466E-01
   -.150460E-01
   -.105062E-01
   -.646452E-02
   -.240726E-02
    .220696E-02
    .570011E-02
    .578497E-02
    .239554E-02
   -.327722E-02
   -.106193E-01
   -.181876E-01
   -.223419E-01
   -.206665E-01
   -.153507E-01
   -.104346E-01
   -.779295E-02
   -.753791E-02
   -.963616E-02
   -.123129E-01
   -.118275E-01
   -.697304E-02
   -.147135E-02
    .611850E-03
   -.772646E-03
   -.403651E-02
   -.891135E-02
   -.143288E-01
   -.167200E-01
   -.137750E-01
   -.784743E-02
   -.252226E-02
    .178544E-02
    .664185E-02
    .122033E-01
    .172427E-01
    .206925E-01
    .213278E-01
    .180300E-01
    .113193E-01
    .353670E-02
   -.408739E-02
   -.122932E-01
   -.208354E-01
   -.269863E-01
   -.282813E-01
   -.251722E-01
   -.193843E-01
   -.120260E-01
   -.416795E-02
    .205570E-02
    .474470E-02
    .387062E-02
    .521107E-03
   -.435061E-02
   -.969656E-02
   -.137359E-01
   -.150147E-01
   -.135983E-01
   -.104381E-01
   -.638140E-02
   -.209470E-02
    .171425E-02
    .504384E-02
    .859023E-02
    .126177E-01
    .166038E-01
    .203768E-01
    .243170E-01
    .281847E-01
    .312806E-01
    .339768E-01
    .374907E-01
    .413524E-01
    .430421E-01
    .408813E-01
    .361631E-01
    .312613E-01
    .271917E-01
    .233820E-01
    .191370E-01
    .145625E-01
    .102930E-01
    .640524E-02
    .227112E-02
   -.228975E-02
   -.670521E-02
   -.109170E-01
   -.155628E-01
   -.204157E-01
   -.244384E-01
   -.279972E-01
   -.328409E-01
   -.381077E-01
   -.392712E-01
   -.331957E-01
   -.227058E-01
   -.129747E-01
   -.564678E-02
    .159587E-02
    .106624E-01
    .196277E-01
    .238524E-01
    .205057E-01
    .120431E-01
    .382465E-02
   -.717798E-03
   -.179855E-02
   -.100485E-02
    .415333E-03
    .134263E-02
    .148642E-02
    .203004E-02
    .322170E-02
    .267719E-02
   -.113725E-02
   -.603493E-02
   -.100478E-01
   -.147589E-01
   -.206610E-01
   -.233194E-01
   -.191232E-01
   -.113703E-01
   -.486736E-02
    .969725E-03
    .809805E-02
    .136566E-01
    .137974E-01
    .952580E-02
    .298332E-02
   -.654897E-02
   -.175262E-01
   -.229898E-01
   -.191353E-01
   -.112029E-01
   -.466253E-02
    .199929E-02
    .996064E-02
    .138618E-01
    .995761E-02
    .290415E-02
   -.234789E-02
   -.757035E-02
   -.141967E-01
   -.172741E-01
   -.130148E-01
   -.536087E-02
    .105010E-02
    .732494E-02
    .148806E-01
    .201291E-01
    .197355E-01
    .159779E-01
    .127005E-01
    .104602E-01
    .797664E-02
    .509708E-02
    .250008E-02
    .790614E-03
    .521200E-03
    .181875E-02
    .448971E-02
    .843246E-02
    .126416E-01
    .145127E-01
    .126763E-01
    .935057E-02
    .688705E-02
    .437081E-02
    .935365E-03
   -.847919E-03
    .111236E-02
    .455238E-02
    .695006E-02
    .953944E-02
    .131292E-01
    .142346E-01
    .982092E-02
    .234285E-02
   -.437054E-02
   -.103732E-01
   -.170340E-01
   -.226312E-01
   -.240853E-01
   -.210057E-01
   -.149934E-01
   -.732944E-02
    .777123E-03
    .704073E-02
    .934418E-02
    .749036E-02
    .256137E-02
   -.419077E-02
   -.112856E-01
   -.167227E-01
   -.190100E-01
   -.180555E-01
   -.145058E-01
   -.929160E-02
   -.368845E-02
    .119091E-02
    .588886E-02
    .117988E-01
    .179100E-01
    .205929E-01
    .182251E-01
    .137741E-01
    .102092E-01
    .681538E-02
    .252616E-02
   -.545934E-03
   -.424205E-03
    .117049E-02
    .203400E-02
    .291159E-02
    .448706E-02
    .450492E-02
    .133413E-02
   -.297160E-02
   -.636153E-02
   -.989606E-02
   -.142567E-01
   -.168222E-01
   -.153447E-01
   -.116635E-01
   -.873432E-02
   -.669079E-02
   -.397517E-02
   -.493621E-03
    .263751E-02
    .508220E-02
    .755604E-02
    .106511E-01
    .137735E-01
    .151950E-01
    .134727E-01
    .940578E-02
    .533560E-02
    .236773E-02
   -.648969E-03
   -.475414E-02
   -.873927E-02
   -.102805E-01
   -.843924E-02
   -.455941E-02
   -.566076E-03
    .293492E-02
    .705367E-02
    .127163E-01
    .184848E-01
    .213451E-01
    .200562E-01
    .165790E-01
    .132690E-01
    .105372E-01
    .767582E-02
    .461526E-02
    .165392E-02
   -.135912E-02
   -.470469E-02
   -.812634E-02
   -.112285E-01
   -.141734E-01
   -.171489E-01
   -.195646E-01
   -.201887E-01
   -.184256E-01
   -.149341E-01
   -.109959E-01
   -.732246E-02
   -.417754E-02
   -.229054E-02
   -.258124E-02
   -.434401E-02
   -.480796E-02
   -.173147E-02
    .398946E-02
    .963483E-02
    .140352E-01
    .184822E-01
    .242467E-01
    .299469E-01
    .323524E-01
    .297399E-01
    .239204E-01
    .179368E-01
    .130105E-01
    .824093E-02
    .290365E-02
   -.257140E-02
   -.764906E-02
   -.126118E-01
   -.179928E-01
   -.234585E-01
   -.276281E-01
   -.286406E-01
   -.257497E-01
   -.200536E-01
   -.134101E-01
   -.682213E-02
   -.107449E-02
    .210908E-02
    .133166E-02
   -.203583E-02
   -.417355E-02
   -.220191E-02
    .337075E-02
    .934660E-02
    .127070E-01
    .127763E-01
    .106309E-01
    .658160E-02
    .274857E-03
   -.633175E-02
   -.911576E-02
   -.652230E-02
   -.142901E-02
    .347758E-02
    .865051E-02
    .139257E-01
    .157663E-01
    .114682E-01
    .339189E-02
   -.451783E-02
   -.116008E-01
   -.190049E-01
   -.254036E-01
   -.274532E-01
   -.240219E-01
   -.171439E-01
   -.934669E-02
   -.110604E-02
    .811588E-02
    .168964E-01
    .211588E-01
    .179385E-01
    .963725E-02
    .149269E-02
   -.451210E-02
   -.109805E-01
   -.197695E-01
   -.279669E-01
   -.305529E-01
   -.254594E-01
   -.153010E-01
   -.460774E-02
    .339633E-02
    .848085E-02
    .119979E-01
    .137008E-01
    .118337E-01
    .651755E-02
    .593328E-03
   -.457642E-02
   -.105327E-01
   -.172281E-01
   -.206809E-01
   -.180490E-01
   -.120744E-01
   -.676414E-02
   -.224097E-02
    .291188E-02
    .731094E-02
    .855144E-02
    .681050E-02
    .345605E-02
   -.122402E-02
   -.644526E-02
   -.956323E-02
   -.916012E-02
   -.714698E-02
   -.587518E-02
   -.559678E-02
   -.593898E-02
   -.727765E-02
   -.912363E-02
   -.950744E-02
   -.718074E-02
   -.313235E-02
    .744473E-03
    .329933E-02
    .415051E-02
    .322798E-02
    .583160E-03
   -.337873E-02
   -.738232E-02
   -.945600E-02
   -.864521E-02
   -.611957E-02
   -.354650E-02
   -.133615E-02
    .825251E-03
    .287469E-02
    .497960E-02
    .778149E-02
    .107473E-01
    .117446E-01
    .955339E-02
    .573171E-02
    .236432E-02
   -.506353E-03
   -.378862E-02
   -.682624E-02
   -.767738E-02
   -.567618E-02
   -.211103E-02
    .158086E-02
    .542888E-02
    .999610E-02
    .143696E-01
    .160695E-01
    .134009E-01
    .767885E-02
    .188463E-02
   -.252971E-02
   -.684758E-02
   -.125243E-01
   -.180155E-01
   -.196256E-01
   -.155997E-01
   -.816702E-02
   -.696876E-03
    .509604E-02
    .878549E-02
    .996052E-02
    .900557E-02
    .795487E-02
    .885906E-02
    .118307E-01
    .158444E-01
    .205432E-01
    .256408E-01
    .295310E-01
    .299542E-01
    .261843E-01
    .193625E-01
    .113128E-01
    .314144E-02
   -.486372E-02
   -.124740E-01
   -.187524E-01
   -.221144E-01
   -.215740E-01
   -.176909E-01
   -.124434E-01
   -.734858E-02
   -.247371E-02
    .281200E-02
    .845339E-02
    .136420E-01
    .175414E-01
    .193841E-01
    .186387E-01
    .156642E-01
    .119698E-01
    .856728E-02
    .515726E-02
    .143745E-02
   -.197798E-02
   -.507209E-02
   -.897769E-02
   -.134435E-01
   -.158235E-01
   -.143347E-01
   -.107056E-01
   -.747650E-02
   -.498165E-02
   -.238341E-02
    .311145E-03
    .296686E-02
    .598575E-02
    .922285E-02
    .118874E-01
    .141542E-01
    .171593E-01
    .204479E-01
    .214320E-01
    .181536E-01
    .117549E-01
    .508871E-02
   -.221258E-03
   -.515676E-02
   -.113845E-01
   -.177740E-01
   -.204222E-01
   -.172712E-01
   -.110601E-01
   -.527743E-02
    .318601E-04
    .602013E-02
    .110810E-01
    .123587E-01
    .952728E-02
    .401062E-02
   -.333030E-02
   -.111630E-01
   -.162789E-01
   -.165777E-01
   -.137745E-01
   -.105624E-01
   -.747976E-02
   -.413213E-02
   -.112049E-02
    .143259E-02
    .467632E-02
    .856777E-02
    .108201E-01
    .993043E-02
    .740237E-02
    .524578E-02
    .353042E-02
    .151405E-02
   -.579774E-03
   -.216680E-02
   -.326604E-02
   -.380913E-02
   -.312285E-02
   -.776474E-03
    .259798E-02
    .581560E-02
    .784526E-02
    .794000E-02
    .588477E-02
    .206115E-02
   -.282226E-02
   -.792654E-02
   -.120427E-01
   -.138476E-01
   -.128442E-01
   -.967582E-02
   -.567057E-02
   -.186171E-02
    .154282E-02
    .513845E-02
    .934805E-02
    .133422E-01
    .154775E-01
    .150553E-01
    .131260E-01
    .110081E-01
    .911215E-02
    .720764E-02
    .512630E-02
    .301622E-02
    .145320E-02
    .124040E-02
    .269830E-02
    .524250E-02
    .760692E-02
    .837304E-02
    .671398E-02
    .309563E-02
   -.105665E-02
   -.516354E-02
   -.986055E-02
   -.146029E-01
   -.167433E-01
   -.147549E-01
   -.106597E-01
   -.701815E-02
   -.387099E-02
   -.280582E-03
    .331293E-02
    .647405E-02
    .100325E-01
    .137198E-01
    .150281E-01
    .124462E-01
    .789793E-02
    .373454E-02
   -.658715E-04
   -.414652E-02
   -.750169E-02
   -.861653E-02
   -.736747E-02
   -.453398E-02
   -.783458E-03
    .326085E-02
    .652955E-02
    .776770E-02
    .638854E-02
    .298250E-02
   -.112634E-02
   -.537182E-02
   -.100997E-01
   -.146822E-01
   -.168593E-01
   -.153715E-01
   -.119697E-01
   -.903785E-02
   -.688013E-02
   -.453079E-02
   -.188768E-02
    .602920E-03
    .306968E-02
    .563081E-02
    .751770E-02
    .756981E-02
    .542536E-02
    .155921E-02
   -.323681E-02
   -.820965E-02
   -.124051E-01
   -.143976E-01
   -.131596E-01
   -.935191E-02
   -.497997E-02
   -.985145E-03
    .327413E-02
    .761548E-02
    .997644E-02
    .899547E-02
    .603372E-02
    .316608E-02
    .842376E-03
   -.148973E-02
   -.353609E-02
   -.410988E-02
   -.261517E-02
    .221188E-03
    .320253E-02
    .624588E-02
    .100912E-01
    .138976E-01
    .148225E-01
    .114208E-01
    .588676E-02
    .775320E-03
   -.394410E-02
   -.908143E-02
   -.140007E-01
   -.185109E-01
   -.240541E-01
   -.301907E-01
   -.328910E-01
   -.291802E-01
   -.215344E-01
   -.143403E-01
   -.874732E-02
   -.304047E-02
    .361950E-02
    .102227E-01
    .155507E-01
    .190871E-01
    .206891E-01
    .201048E-01
    .174759E-01
    .135174E-01
    .925327E-02
    .512343E-02
    .853075E-03
   -.353905E-02
   -.697151E-02
   -.798969E-02
   -.616919E-02
   -.224002E-02
    .265208E-02
    .758343E-02
    .115280E-01
    .129005E-01
    .105175E-01
    .516804E-02
   -.717835E-03
   -.602119E-02
   -.117755E-01
   -.178694E-01
   -.212375E-01
   -.196518E-01
   -.152140E-01
   -.110984E-01
   -.748803E-02
   -.356772E-02
   -.101415E-02
   -.182961E-02
   -.482676E-02
   -.738145E-02
   -.855330E-02
   -.808117E-02
   -.504017E-02
    .301290E-03
    .581981E-02
    .108071E-01
    .168112E-01
    .234792E-01
    .270563E-01
    .252208E-01
    .205169E-01
    .164778E-01
    .134319E-01
    .980519E-02
    .553544E-02
    .178626E-02
   -.131256E-02
   -.489512E-02
   -.951250E-02
   -.139005E-01
   -.160073E-01
   -.150079E-01
   -.122527E-01
   -.968594E-02
   -.792213E-02
   -.621084E-02
   -.405781E-02
   -.185482E-02
   -.408961E-05
    .180311E-02
    .395971E-02
    .615139E-02
    .783545E-02
    .896856E-02
    .966492E-02
    .938420E-02
    .758674E-02
    .478865E-02
    .203817E-02
   -.714820E-03
   -.434342E-02
   -.815930E-02
   -.931239E-02
   -.599403E-02
   -.488429E-03
    .268365E-02
    .140411E-02
   -.204334E-02
   -.382529E-02
   -.258511E-02
    .194019E-03
    .317975E-02
    .645385E-02
    .969604E-02
    .113640E-01
    .105605E-01
    .839060E-02
    .644671E-02
    .502880E-02
    .343988E-02
    .144541E-02
   -.426682E-03
   -.183807E-02
   -.306092E-02
   -.393400E-02
   -.300483E-02
    .665666E-03
    .475531E-02
    .497771E-02
    .703964E-03
   -.327985E-02
   -.285973E-02
    .403584E-03
    .295815E-02
    .457399E-02
    .686050E-02
    .929609E-02
    .100490E-01
    .904810E-02
    .745102E-02
    .552528E-02
    .301525E-02
    .486839E-03
   -.151250E-02
   -.343150E-02
   -.582040E-02
   -.834032E-02
   -.104498E-01
   -.123169E-01
   -.145389E-01
   -.173217E-01
   -.197629E-01
   -.201718E-01
   -.175848E-01
   -.130358E-01
   -.830282E-02
   -.405529E-02
    .249456E-03
    .496705E-02
    .961450E-02
    .133330E-01
    .153153E-01
    .151246E-01
    .129312E-01
    .970014E-02
    .648803E-02
    .380720E-02
    .139964E-02
   -.130995E-02
   -.432709E-02
   -.671873E-02
   -.748240E-02
   -.659994E-02
   -.461925E-02
   -.202969E-02
    .695194E-03
    .305920E-02
    .527463E-02
    .808241E-02
    .110151E-01
    .120124E-01
    .983896E-02
    .596169E-02
    .255074E-02
   -.221093E-04
   -.278463E-02
   -.622822E-02
   -.974696E-02
   -.122997E-01
   -.129442E-01
   -.114105E-01
   -.832753E-02
   -.479381E-02
   -.130578E-02
    .228555E-02
    .585109E-02
    .856128E-02
    .929252E-02
    .738574E-02
    .315483E-02
   -.200228E-02
   -.698279E-02
   -.119653E-01
   -.171353E-01
   -.210928E-01
   -.217342E-01
   -.184426E-01
   -.120102E-01
   -.370210E-02
    .462724E-02
    .105306E-01
    .125465E-01
    .109099E-01
    .592042E-02
   -.208936E-02
   -.103308E-01
   -.138366E-01
   -.105154E-01
   -.373470E-02
    .236320E-02
    .738447E-02
    .127525E-01
    .178418E-01
    .205788E-01
    .202433E-01
    .177113E-01
    .141729E-01
    .104336E-01
    .699284E-02
    .370099E-02
    .118225E-03
   -.353952E-02
   -.636333E-02
   -.764227E-02
   -.740642E-02
   -.616461E-02
   -.465208E-02
   -.322306E-02
   -.163231E-02
    .659475E-04
    .866742E-03
   -.217146E-05
   -.185485E-02
   -.372124E-02
   -.582329E-02
   -.815591E-02
   -.866863E-02
   -.509718E-02
    .178293E-02
    .842352E-02
    .114663E-01
    .967418E-02
    .425499E-02
   -.121488E-02
   -.242988E-02
    .152742E-02
    .662008E-02
    .831534E-02
    .615486E-02
    .191385E-02
   -.380432E-02
   -.103812E-01
   -.152310E-01
   -.160661E-01
   -.134077E-01
   -.832233E-02
   -.702317E-03
    .763457E-02
    .118128E-01
    .965389E-02
    .496880E-02
    .148962E-02
   -.190146E-02
   -.643136E-02
   -.903990E-02
   -.723420E-02
   -.361484E-02
   -.119476E-02
    .114589E-02
    .459496E-02
    .645593E-02
    .447961E-02
    .928088E-03
   -.155530E-02
   -.392717E-02
   -.724055E-02
   -.916436E-02
   -.745053E-02
   -.364354E-02
   -.700796E-03
    .279851E-03
   -.542145E-03
   -.293000E-02
   -.582815E-02
   -.751977E-02
   -.726210E-02
   -.550922E-02
   -.259693E-02
    .130317E-02
    .537315E-02
    .842127E-02
    .959525E-02
    .859265E-02
    .588764E-02
    .271396E-02
   -.397412E-03
   -.404954E-02
   -.776683E-02
   -.911664E-02
   -.681669E-02
   -.279494E-02
    .996755E-03
    .507928E-02
    .958691E-02
    .118591E-01
    .989841E-02
    .578812E-02
    .248198E-02
   -.203224E-03
   -.365226E-02
   -.684215E-02
   -.774247E-02
   -.650262E-02
   -.454355E-02
   -.219200E-02
    .890011E-03
    .416110E-02
    .695806E-02
    .938629E-02
    .112287E-01
    .115346E-01
    .102028E-01
    .847909E-02
    .688688E-02
    .467796E-02
    .215180E-02
    .138750E-02
    .345924E-02
    .681450E-02
    .979460E-02
    .126429E-01
    .155592E-01
    .168604E-01
    .150514E-01
    .112957E-01
    .770581E-02
    .471445E-02
    .157840E-02
   -.174386E-02
   -.494160E-02
   -.820308E-02
   -.115695E-01
   -.146093E-01
   -.175614E-01
   -.213496E-01
   -.251532E-01
   -.260200E-01
   -.223082E-01
   -.161298E-01
   -.103552E-01
   -.527200E-02
    .429046E-03
    .689144E-02
    .127138E-01
    .161125E-01
    .157963E-01
    .122457E-01
    .832577E-02
    .724148E-02
    .927528E-02
    .121834E-01
    .147388E-01
    .176878E-01
    .208417E-01
    .217768E-01
    .185106E-01
    .123046E-01
    .632263E-02
    .209405E-02
   -.230676E-02
   -.969565E-02
   -.191915E-01
   -.258298E-01
   -.261603E-01
   -.223414E-01
   -.187510E-01
   -.172837E-01
   -.176304E-01
   -.195903E-01
   -.219072E-01
   -.212770E-01
   -.156665E-01
   -.737229E-02
    .333502E-03
    .729240E-02
    .145139E-01
    .207097E-01
    .236026E-01
    .229163E-01
    .197449E-01
    .151042E-01
    .100811E-01
    .589468E-02
    .228680E-02
   -.212064E-02
   -.701081E-02
   -.991988E-02
   -.936376E-02
   -.664736E-02
   -.389497E-02
   -.226171E-02
   -.230905E-02
   -.450942E-02
   -.843260E-02
   -.121705E-01
   -.133534E-01
   -.110886E-01
   -.660507E-02
   -.189023E-02
    .251236E-02
    .749181E-02
    .127593E-01
    .156900E-01
    .142318E-01
    .991761E-02
    .585249E-02
    .297615E-02
   -.140581E-03
   -.435536E-02
   -.828293E-02
   -.941667E-02
   -.624681E-02
    .201875E-03
    .668497E-02
    .994701E-02
    .936809E-02
    .698050E-02
    .472465E-02
    .288139E-02
    .979527E-03
   -.105090E-02
   -.307578E-02
   -.509648E-02
   -.707424E-02
   -.862934E-02
   -.896220E-02
   -.747447E-02
   -.443146E-02
   -.888151E-03
    .254038E-02
    .610732E-02
    .977153E-02
    .125147E-01
    .133672E-01
    .123087E-01
    .961305E-02
    .570863E-02
    .153592E-02
   -.202475E-02
   -.537129E-02
   -.943274E-02
   -.135984E-01
   -.157399E-01
   -.145448E-01
   -.111461E-01
   -.782797E-02
   -.568435E-02
   -.354319E-02
    .136049E-03
    .407974E-02
    .477240E-02
    .108925E-02
   -.406483E-02
   -.847921E-02
   -.132990E-01
   -.187984E-01
   -.215251E-01
   -.189922E-01
   -.138457E-01
   -.953441E-02
   -.550361E-02
    .485344E-04
    .571810E-02
    .886164E-02
    .941358E-02
    .892419E-02
    .803190E-02
    .683064E-02
    .614954E-02
    .670158E-02
    .812119E-02
    .964125E-02
    .109533E-01
    .122942E-01
    .140990E-01
    .159457E-01
    .160691E-01
    .132536E-01
    .889997E-02
    .513443E-02
    .193484E-02
   -.191636E-02
   -.616851E-02
   -.969116E-02
   -.123466E-01
   -.139660E-01
   -.133450E-01
   -.102441E-01
   -.668063E-02
   -.389358E-02
   -.678959E-03
    .324844E-02
    .525969E-02
    .353796E-02
   -.331310E-04
   -.309404E-02
   -.584027E-02
   -.873743E-02
   -.100644E-01
   -.825181E-02
   -.461065E-02
   -.136901E-02
    .116189E-02
    .402399E-02
    .752209E-02
    .109867E-01
    .135880E-01
    .146026E-01
    .137419E-01
    .112823E-01
    .771193E-02
    .348221E-02
   -.375316E-03
   -.217668E-02
   -.873344E-03
    .280812E-02
    .669544E-02
    .859788E-02
    .762972E-02
    .463467E-02
    .126304E-02
   -.176372E-02
   -.489816E-02
   -.808502E-02
   -.997194E-02
   -.953493E-02
   -.752308E-02
   -.536020E-02
   -.356156E-02
   -.170276E-02
    .478509E-03
    .261188E-02
    .410072E-02
    .458800E-02
    .402773E-02
    .248516E-02
    .313458E-03
   -.185494E-02
   -.362419E-02
   -.539018E-02
   -.775474E-02
   -.100820E-01
   -.105073E-01
   -.792108E-02
   -.344743E-02
    .962228E-03
    .451147E-02
    .782866E-02
    .116743E-01
    .157745E-01
    .188907E-01
    .199012E-01
    .187530E-01
    .160027E-01
    .122450E-01
    .809985E-02
    .432961E-02
    .989313E-03
   -.265268E-02
   -.675290E-02
   -.104041E-01
   -.133196E-01
   -.165327E-01
   -.199468E-01
   -.212256E-01
   -.187375E-01
   -.142284E-01
   -.103178E-01
   -.718741E-02
   -.347039E-02
    .871593E-03
    .460250E-02
    .711769E-02
    .845408E-02
    .828180E-02
    .628719E-02
    .324788E-02
    .341973E-03
   -.185192E-02
   -.287199E-02
   -.198876E-02
    .711578E-03
    .384911E-02
    .634880E-02
    .825429E-02
    .925285E-02
    .819097E-02
    .503643E-02
    .159004E-02
   -.120760E-02
   -.450031E-02
   -.839945E-02
   -.101059E-01
   -.737096E-02
   -.182151E-02
    .342192E-02
    .707592E-02
    .892206E-02
    .824951E-02
    .518031E-02
    .162859E-02
   -.123778E-02
   -.442292E-02
   -.822029E-02
   -.102002E-01
   -.828647E-02
   -.388910E-02
    .431278E-04
    .217790E-02
    .266782E-02
    .164612E-02
   -.659781E-03
   -.338578E-02
   -.581031E-02
   -.782410E-02
   -.906504E-02
   -.868474E-02
   -.660937E-02
   -.404749E-02
   -.195009E-02
   -.770555E-04
    .197703E-02
    .379340E-02
    .467244E-02
    .439074E-02
    .301590E-02
    .869468E-03
   -.137388E-02
   -.318220E-02
   -.491863E-02
   -.721804E-02
   -.952663E-02
   -.102906E-01
   -.878715E-02
   -.600531E-02
   -.325744E-02
   -.902524E-03
    .143803E-02
    .389437E-02
    .614462E-02
    .804858E-02
    .101464E-01
    .130277E-01
    .159430E-01
    .169739E-01
    .151414E-01
    .117294E-01
    .851602E-02
    .588428E-02
    .331239E-02
    .682578E-03
   -.202155E-02
   -.518059E-02
   -.847933E-02
   -.103795E-01
   -.984964E-02
   -.792397E-02
   -.621947E-02
   -.501147E-02
   -.361034E-02
   -.182172E-02
    .542394E-04
    .192919E-02
    .394031E-02
    .605810E-02
    .804455E-02
    .958058E-02
    .101914E-01
    .953569E-02
    .783067E-02
    .582972E-02
    .415457E-02
    .296633E-02
    .222616E-02
    .196893E-02
    .225438E-02
    .300677E-02
    .394087E-02
    .456365E-02
    .420974E-02
    .233656E-02
   -.107200E-02
   -.533876E-02
   -.949488E-02
   -.126819E-01
   -.141677E-01
   -.135457E-01
   -.111300E-01
   -.798225E-02
   -.493775E-02
   -.211443E-02
    .537973E-03
    .269962E-02
    .402478E-02
    .445198E-02
    .394501E-02
    .266581E-02
    .139661E-02
    .113539E-02
    .210803E-02
    .376286E-02
    .569638E-02
    .789187E-02
    .997232E-02
    .108600E-01
    .959642E-02
    .659503E-02
    .353418E-02
    .165885E-02
    .107288E-03
   -.300689E-02
   -.744099E-02
   -.102486E-01
   -.938481E-02
   -.634653E-02
   -.383076E-02
   -.261471E-02
   -.218630E-02
   -.281716E-02
   -.515238E-02
   -.860674E-02
   -.118043E-01
   -.140202E-01
   -.151757E-01
   -.151370E-01
   -.139542E-01
   -.122758E-01
   -.107422E-01
   -.949935E-02
   -.840466E-02
   -.730201E-02
   -.599491E-02
   -.445867E-02
   -.292071E-02
   -.149348E-02
   -.345241E-04
    .149343E-02
    .295746E-02
    .439590E-02
    .592204E-02
    .736364E-02
    .842611E-02
    .907152E-02
    .908959E-02
    .787351E-02
    .525898E-02
    .222260E-02
   -.351437E-03
   -.285950E-02
   -.584357E-02
   -.843638E-02
   -.921674E-02
   -.804577E-02
   -.572518E-02
   -.283538E-02
    .112218E-03
    .226183E-02
    .330910E-02
    .372864E-02
    .323430E-02
    .771165E-03
   -.295991E-02
   -.506703E-02
   -.409307E-02
   -.186191E-02
   -.253800E-03
    .128641E-02
    .337614E-02
    .444666E-02
    .295668E-02
   -.866202E-04
   -.279590E-02
   -.487987E-02
   -.697220E-02
   -.887436E-02
   -.979881E-02
   -.944719E-02
   -.800784E-02
   -.591964E-02
   -.377260E-02
   -.199644E-02
   -.471465E-03
    .112424E-02
    .292722E-02
    .494098E-02
    .704324E-02
    .895289E-02
    .107284E-01
    .129116E-01
    .152283E-01
    .160746E-01
    .144674E-01
    .116804E-01
    .943046E-02
    .772297E-02
    .572536E-02
    .355094E-02
    .165877E-02
   -.229386E-03
   -.238916E-02
   -.439339E-02
   -.614484E-02
   -.833659E-02
   -.107145E-01
   -.114865E-01
   -.955194E-02
   -.613435E-02
   -.294965E-02
   -.266365E-03
    .259478E-02
    .590837E-02
    .932953E-02
    .121764E-01
    .135499E-01
    .129186E-01
    .105660E-01
    .735738E-02
    .413611E-02
    .169278E-02
    .618844E-03
    .877734E-03
    .193766E-02
    .319988E-02
    .388351E-02
    .316871E-02
    .125787E-02
   -.609425E-03
   -.198031E-02
   -.368760E-02
   -.559803E-02
   -.582735E-02
   -.332302E-02
    .577573E-03
    .446305E-02
    .848574E-02
    .124018E-01
    .141658E-01
    .122660E-01
    .809615E-02
    .414252E-02
    .112214E-02
   -.204366E-02
   -.604971E-02
   -.993063E-02
   -.118530E-01
   -.110342E-01
   -.870093E-02
   -.650068E-02
   -.411366E-02
   -.244041E-02
   -.163948E-02
   -.282722E-02
   -.549812E-02
   -.802175E-02
   -.947740E-02
   -.951116E-02
   -.756176E-02
   -.379813E-02
    .288358E-03
    .393049E-02
    .798377E-02
    .123133E-01
    .145323E-01
    .131684E-01
    .996870E-02
    .702007E-02
    .414756E-02
    .952521E-03
   -.933867E-03
   -.398374E-04
    .238791E-02
    .430626E-02
    .561672E-02
    .729906E-02
    .928277E-02
    .107849E-01
    .114244E-01
    .107967E-01
    .840995E-02
    .472058E-02
    .107069E-02
   -.219218E-02
   -.587479E-02
   -.959482E-02
   -.111806E-01
   -.938477E-02
   -.572256E-02
   -.248525E-02
   -.507883E-03
    .406255E-03
    .227779E-03
   -.107943E-02
   -.291842E-02
   -.466088E-02
   -.627036E-02
   -.775227E-02
   -.858288E-02
   -.829637E-02
   -.710209E-02
   -.541623E-02
   -.347394E-02
   -.151724E-02
    .147423E-03
    .160723E-02
    .322203E-02
    .479903E-02
    .552324E-02
    .502329E-02
    .396082E-02
    .306694E-02
    .230788E-02
    .134149E-02
    .263728E-03
   -.631068E-03
   -.132334E-02
   -.193178E-02
   -.246288E-02
   -.297919E-02
   -.361896E-02
   -.425836E-02
   -.459870E-02
   -.471139E-02
   -.499171E-02
   -.535745E-02
   -.513334E-02
   -.393152E-02
   -.220040E-02
   -.587348E-03
    .695513E-03
    .178318E-02
    .278024E-02
    .362099E-02
    .411598E-02
    .402770E-02
    .326093E-02
    .196965E-02
    .528000E-03
   -.667045E-03
   -.137644E-02
   -.157615E-02
   -.133654E-02
   -.777537E-03
   -.234491E-03
   -.230030E-03
   -.986539E-03
   -.197995E-02
   -.232124E-02
   -.164992E-02
   -.449933E-03
    .549328E-03
    .101680E-02
    .106175E-02
    .875255E-03
    .487836E-03
   -.770733E-04
   -.567772E-03
   -.666408E-03
   -.379485E-03
   -.138716E-04
    .270847E-03
    .581985E-03
    .919652E-03
    .102794E-02
    .770561E-03
    .356407E-03
    .375832E-04
   -.161338E-03
   -.322164E-03
   -.451075E-03
   -.525989E-03
   -.564188E-03
   -.568151E-03
   -.507076E-03
   -.386289E-03
   -.261962E-03
   -.171463E-03
   -.111482E-03
   -.722208E-04
   -.514636E-04
   -.420866E-04
   -.351628E-04
   -.316248E-04
   -.343092E-04
   -.340758E-04
   -.162060E-04
    .218268E-04
    .704327E-04
    .120557E-03
    .166489E-03
