    .0007127
   -.0001509
    .0029597
    .0041316
    .0051710
    .0053770
    .0056264
    .0057038
    .0058137
    .0059292
    .0060201
    .0061682
    .0062217
    .0063219
    .0062344
    .0062066
    .0060534
    .0061339
    .0062275
    .0064744
    .0065202
    .0065105
    .0060160
    .0057405
    .0054111
    .0055528
    .0054765
    .0054262
    .0053112
    .0056586
    .0060239
    .0062538
    .0059241
    .0052818
    .0041374
    .0037251
    .0037647
    .0040190
    .0041299
    .0044001
    .0041688
    .0037068
    .0026398
    .0020240
    .0025125
    .0033833
    .0041749
    .0045845
    .0041485
    .0033174
    .0020992
    .0019941
    .0017087
    .0014038
    .0008395
   -.0001032
   -.0015563
   -.0028964
   -.0043013
   -.0053958
   -.0043401
   -.0029550
   -.0011715
    .0005601
    .0013797
    .0017049
    .0013556
    .0004925
   -.0002932
   -.0006843
   -.0015851
   -.0029347
   -.0055791
   -.0077732
   -.0083591
   -.0081069
   -.0083352
   -.0094084
   -.0106448
   -.0106036
   -.0105027
   -.0095222
   -.0069036
   -.0036307
   -.0011305
   -.0009316
   -.0033282
   -.0079135
   -.0139109
   -.0186123
   -.0201868
   -.0175834
   -.0101342
   -.0014202
   -.0000547
   -.0078023
   -.0201342
   -.0263138
   -.0223408
   -.0112151
    .0011564
    .0019566
   -.0046944
   -.0097728
   -.0146898
   -.0152140
   -.0202609
   -.0255639
   -.0266121
   -.0235876
   -.0146993
   -.0083878
   -.0068750
   -.0087036
   -.0104356
   -.0112121
   -.0110571
   -.0098352
   -.0066920
   -.0028730
   -.0002472
   -.0006720
   -.0053540
   -.0121706
   -.0193465
   -.0258331
   -.0302264
   -.0298111
   -.0243896
   -.0156060
   -.0072427
   -.0046030
   -.0080408
   -.0163523
   -.0265973
   -.0334445
   -.0338554
   -.0275357
   -.0151355
   -.0023820
    .0043965
    .0041412
   -.0020282
   -.0105403
   -.0180987
   -.0233854
   -.0248189
   -.0181699
   -.0051560
    .0037770
    .0015122
   -.0134232
   -.0275002
   -.0346452
   -.0345290
   -.0289943
   -.0198909
   -.0101880
   -.0021864
    .0018295
    .0020215
    .0002169
   -.0032136
   -.0075193
   -.0107064
   -.0108366
   -.0074846
   -.0015827
    .0022081
    .0005672
   -.0040873
   -.0102541
   -.0159667
   -.0222253
   -.0277210
   -.0303086
   -.0267044
   -.0155928
   -.0028688
    .0057714
    .0056960
   -.0017637
   -.0093542
   -.0141668
   -.0147903
   -.0100305
   -.0009906
    .0087105
    .0136425
    .0058117
   -.0116268
   -.0281476
   -.0359006
   -.0294102
   -.0128406
    .0015719
    .0045270
   -.0048487
   -.0105682
   -.0099570
   -.0060575
   -.0014349
   -.0027159
   -.0043162
   -.0033311
   -.0026603
   -.0012882
   -.0031497
   -.0088890
   -.0167628
   -.0234091
   -.0256028
   -.0225199
   -.0144074
   -.0017582
    .0056400
    .0060949
    .0050569
    .0048352
    .0062706
    .0079881
    .0046052
   -.0002369
    .0000762
    .0007164
    .0024089
    .0012444
   -.0051966
   -.0126723
   -.0190677
   -.0233747
   -.0252438
   -.0248992
   -.0218569
   -.0161279
   -.0099926
   -.0077042
   -.0079795
   -.0059374
    .0004032
    .0099811
    .0177214
    .0160439
    .0048084
   -.0025179
   -.0063209
   -.0047837
   -.0019325
   -.0029784
   -.0023274
   -.0029039
   -.0040204
   -.0057307
   -.0124691
   -.0236294
   -.0329636
   -.0298282
   -.0166745
   -.0004495
    .0090797
    .0000684
   -.0104737
   -.0104320
   -.0013282
    .0113965
    .0152203
    .0138851
    .0121541
    .0112858
    .0099939
    .0077104
    .0041571
   -.0006687
   -.0089281
   -.0198163
   -.0299991
   -.0345250
   -.0284788
   -.0152529
    .0005056
    .0132094
    .0146264
    .0089488
    .0029865
   -.0002955
   -.0009992
    .0001192
    .0033522
    .0077672
    .0109309
    .0098599
    .0052515
   -.0008473
   -.0053352
   -.0059732
   -.0039688
   -.0004130
   -.0003921
   -.0074851
   -.0130505
   -.0128948
   -.0069771
    .0038575
    .0088661
    .0047110
   -.0033724
   -.0061676
   -.0034728
    .0026781
    .0083358
    .0073093
    .0017984
   -.0024478
   -.0035048
   -.0015335
    .0018511
    .0054833
    .0087021
    .0109545
    .0118967
    .0109602
    .0069550
   -.0007142
   -.0114191
   -.0189119
   -.0210791
   -.0194784
   -.0133837
   -.0059207
   -.0011459
    .0007060
    .0032867
    .0039721
    .0049454
    .0046599
   -.0003438
   -.0036776
   -.0034418
   -.0008330
    .0049955
    .0103946
    .0119619
    .0085098
   -.0002832
   -.0142055
   -.0269570
   -.0325012
   -.0276177
   -.0118922
    .0066448
    .0189931
    .0181602
    .0038967
   -.0082809
   -.0111248
   -.0059158
    .0038327
    .0084418
    .0052764
   -.0022980
   -.0086528
   -.0087053
   -.0043811
    .0027136
    .0105907
    .0132087
    .0103442
    .0039307
   -.0044924
   -.0133245
   -.0191706
   -.0191664
   -.0117679
    .0030475
    .0141768
    .0152315
    .0055410
   -.0097616
   -.0211346
   -.0236474
   -.0158860
    .0024040
    .0234658
    .0360816
    .0342364
    .0162335
   -.0114529
   -.0320381
   -.0381711
   -.0276549
   -.0041742
    .0199933
    .0361494
    .0370462
    .0179525
   -.0074191
   -.0254165
   -.0298382
   -.0203191
   -.0052534
    .0083278
    .0155868
    .0126685
   -.0000297
   -.0158730
   -.0283022
   -.0301278
   -.0169743
    .0022308
    .0219437
    .0361953
    .0324028
    .0161920
   -.0019345
   -.0144316
   -.0181599
   -.0187086
   -.0171072
   -.0127966
   -.0040891
    .0058114
    .0102334
    .0048330
   -.0107762
   -.0237165
   -.0259285
   -.0168932
    .0012520
    .0178831
    .0224546
    .0136091
   -.0017679
   -.0057335
    .0032188
    .0182233
    .0340700
    .0330463
    .0134460
   -.0109478
   -.0297770
   -.0381499
   -.0392316
   -.0296995
   -.0108339
    .0111237
    .0174474
    .0084195
   -.0084571
   -.0209437
   -.0214213
   -.0130954
    .0037916
    .0271164
    .0468516
    .0492194
    .0340575
    .0099719
   -.0040684
   -.0050956
   -.0001903
    .0013815
   -.0102223
   -.0243911
   -.0309252
   -.0282092
   -.0170155
   -.0055621
    .0007580
    .0023663
    .0040858
    .0100712
    .0173828
    .0240663
    .0247062
    .0140804
    .0034148
   -.0037527
   -.0073460
   -.0088981
   -.0125234
   -.0102213
   -.0054715
    .0036601
    .0015832
   -.0112533
   -.0242394
   -.0263796
   -.0165744
   -.0030773
    .0044647
   -.0004449
   -.0068908
   -.0065418
    .0006506
    .0134825
    .0264596
    .0356250
    .0391783
    .0368598
    .0278533
    .0151167
    .0017597
   -.0094127
   -.0160999
   -.0175982
   -.0136459
   -.0050554
    .0052861
    .0120231
    .0130350
    .0073900
   -.0044981
   -.0178249
   -.0267698
   -.0260873
   -.0105408
    .0203623
    .0527684
    .0740140
    .0700130
    .0411131
    .0129132
   -.0036727
   -.0056112
    .0028390
    .0149209
    .0266435
    .0333876
    .0290970
    .0200160
    .0171030
    .0231909
    .0367065
    .0445047
    .0358689
    .0118394
   -.0105956
   -.0097954
    .0087278
    .0371047
    .0661603
    .0830183
    .0869029
    .0811460
    .0702668
    .0598696
    .0521159
    .0479389
    .0476466
    .0523641
    .0596242
    .0662494
    .0688708
    .0631521
    .0499301
    .0324382
    .0137362
   -.0020099
   -.0094256
   -.0066891
    .0055545
    .0253277
    .0434332
    .0493522
    .0394261
    .0208139
    .0181835
    .0306184
    .0449018
    .0530555
    .0324530
   -.0048320
   -.0394838
   -.0595844
   -.0601468
   -.0425479
   -.0099029
    .0307176
    .0659313
    .0800916
    .0757949
    .0577457
    .0327560
    .0072723
   -.0163371
   -.0356408
   -.0461155
   -.0381846
   -.0193976
   -.0018235
    .0017474
   -.0200473
   -.0498856
   -.0728051
   -.0773470
   -.0578790
   -.0224307
    .0223991
    .0664351
    .0898582
    .0795206
    .0508785
    .0192770
    .0031208
    .0032359
    .0059605
    .0040961
   -.0047361
   -.0200398
   -.0434482
   -.0704859
   -.0916938
   -.0914655
   -.0776672
   -.0593194
   -.0451553
   -.0500339
   -.0692244
   -.0910250
   -.1055989
   -.1059131
   -.0961993
   -.0803644
   -.0617769
   -.0467657
   -.0494720
   -.0691720
   -.0965616
   -.1166178
   -.1200926
   -.1142871
   -.1016782
   -.0837245
   -.0632171
   -.0493084
   -.0453380
   -.0509734
   -.0575151
   -.0587827
   -.0561732
   -.0510365
   -.0456937
   -.0446462
   -.0484860
   -.0554187
   -.0617234
   -.0646824
   -.0628525
   -.0542142
   -.0354555
   -.0075915
    .0192065
    .0367991
    .0359010
    .0176855
   -.0015233
   -.0124551
   -.0110771
   -.0008749
    .0230412
    .0665438
    .1268575
    .1802534
    .1986785
    .1893986
    .1642266
    .1424861
    .1276801
    .1178323
    .1124198
    .1171972
    .1337540
    .1482750
    .1543100
    .1508467
    .1424514
    .1318685
    .1192122
    .1035936
    .0802288
    .0483862
    .0127139
   -.0201956
   -.0431931
   -.0574779
   -.0634676
   -.0619255
   -.0570918
   -.0602875
   -.0731510
   -.0906313
   -.1005130
   -.0933112
   -.0750360
   -.0529419
   -.0343338
   -.0209370
   -.0085360
    .0028636
    .0101480
    .0023539
   -.0159445
   -.0372378
   -.0551128
   -.0660626
   -.0705644
   -.0670978
   -.0552210
   -.0329288
   -.0035710
    .0288139
    .0590961
    .0780426
    .0831783
    .0832702
    .0854415
    .0946168
    .1064362
    .1144718
    .1141672
    .1002989
    .0685430
    .0271880
   -.0110038
   -.0319234
   -.0264088
   -.0083589
    .0095956
    .0129343
    .0007275
   -.0080461
   -.0096447
   -.0083492
   -.0115680
   -.0246367
   -.0491650
   -.0824887
   -.1145913
   -.1291414
   -.1222607
   -.0963353
   -.0608019
   -.0499955
   -.0758951
   -.1159983
   -.1299893
   -.0994300
   -.0623431
   -.0419004
   -.0594213
   -.1009858
   -.1311258
   -.1418355
   -.1347587
   -.1168242
   -.0860324
   -.0541992
   -.0380831
   -.0565909
   -.0771694
   -.0712959
   -.0365257
    .0041193
    .0094599
   -.0134486
   -.0451552
   -.0622608
   -.0530534
   -.0299039
    .0003337
    .0311230
    .0492807
    .0411107
    .0063998
   -.0468975
   -.0925907
   -.1112571
   -.0993944
   -.0591620
    .0027762
    .0583434
    .0864532
    .0775264
    .0345169
   -.0092193
   -.0354985
   -.0390102
   -.0226216
    .0053962
    .0381682
    .0687171
    .0869466
    .0797129
    .0604613
    .0431601
    .0394275
    .0587613
    .0874781
    .1159201
    .1396327
    .1577117
    .1710023
    .1777022
    .1759092
    .1612266
    .1370462
    .1062251
    .0669942
    .0175320
   -.0314578
   -.0600766
   -.0651530
   -.0491388
   -.0305552
   -.0319726
   -.0562973
   -.0866894
   -.0903139
   -.0668923
   -.0295002
    .0120213
    .0359466
    .0419104
    .0354828
    .0214194
    .0017186
   -.0191696
   -.0364766
   -.0458131
   -.0438227
   -.0262993
    .0029377
    .0382781
    .0700218
    .0803948
    .0719658
    .0530029
    .0331793
    .0187797
    .0156179
    .0286952
    .0584926
    .0935782
    .1056594
    .0867506
    .0385833
   -.0182469
   -.0623848
   -.0886013
   -.0924857
   -.0625335
    .0038100
    .0774966
    .1276021
    .1177862
    .0472884
   -.0403564
   -.1167740
   -.1595746
   -.1539265
   -.1182311
   -.0745717
   -.0446233
   -.0482176
   -.0659763
   -.0832082
   -.0908512
   -.0866447
   -.0723931
   -.0501636
   -.0247189
   -.0047078
    .0018102
    .0005795
   -.0045534
   -.0096817
   -.0162027
   -.0232338
   -.0269306
   -.0236115
   -.0182120
   -.0182334
   -.0280007
   -.0535274
   -.0885588
   -.1093479
   -.1014092
   -.0605515
    .0013747
    .0481513
    .0592285
    .0289286
   -.0222865
   -.0592818
   -.0767305
   -.0771380
   -.0700269
   -.0578666
   -.0392905
   -.0176121
   -.0034191
   -.0144859
   -.0423790
   -.0740514
   -.0986634
   -.1140634
   -.1266845
   -.1346852
   -.1341998
   -.1112966
   -.0744974
   -.0383221
   -.0155806
   -.0176631
   -.0335750
   -.0483331
   -.0505365
   -.0345122
   -.0077883
    .0286691
    .0732386
    .1209569
    .1522103
    .1579701
    .1412343
    .1113497
    .0882584
    .0722507
    .0603757
    .0481207
    .0449346
    .0536562
    .0648565
    .0582830
    .0214508
   -.0184032
   -.0524240
   -.0660468
   -.0575147
   -.0552387
   -.0567749
   -.0526022
   -.0408221
   -.0217471
   -.0108022
   -.0181114
   -.0432454
   -.0704209
   -.0834215
   -.0747483
   -.0422503
    .0008465
    .0327432
    .0438242
    .0292382
   -.0106747
   -.0602219
   -.1084694
   -.1467514
   -.1652931
   -.1595220
   -.1319443
   -.0878037
   -.0380733
   -.0071655
   -.0067842
   -.0348492
   -.0755395
   -.0961684
   -.0935751
   -.0694549
   -.0309677
    .0093148
    .0285894
    .0173933
   -.0267198
   -.0790273
   -.1082542
   -.1068263
   -.0757337
   -.0218344
    .0392207
    .0908165
    .1174044
    .1022044
    .0618647
    .0255229
    .0127915
    .0328248
    .0654760
    .0889632
    .0906648
    .0590769
   -.0029233
   -.0660070
   -.1124777
   -.1330104
   -.1381721
   -.1343198
   -.1145172
   -.0769559
   -.0286194
    .0032580
    .0084850
   -.0143697
   -.0549197
   -.0903099
   -.1115225
   -.1131963
   -.0941831
   -.0560408
   -.0137141
    .0121884
   -.0040670
   -.0632121
   -.1304542
   -.1838878
   -.2014657
   -.1639299
   -.0932178
   -.0179260
    .0314821
    .0282987
   -.0013284
   -.0337233
   -.0501599
   -.0363516
   -.0127746
    .0057124
    .0151014
    .0177326
    .0134565
   -.0015756
   -.0304883
   -.0779275
   -.1344541
   -.1871962
   -.2291630
   -.2545530
   -.2516776
   -.2018749
   -.1539202
   -.0994154
   -.0381808
   -.0015076
   -.0228071
   -.0809044
   -.0948170
   -.0349444
    .0155627
    .0180964
    .0177068
    .0067912
   -.0129587
   -.0529645
   -.1427306
   -.1850322
   -.2251309
   -.1913225
   -.0709767
    .0281823
    .1078352
    .1451909
    .1147503
    .0424243
   -.0263140
   -.0858254
   -.1576462
   -.1847731
   -.1295396
   -.1480770
   -.1127055
   -.0413507
    .0238040
    .0728092
    .0751283
    .0374213
   -.0095357
   -.0067413
    .0013790
    .0265422
    .0632497
    .0517132
    .0446956
    .0642301
    .0051788
   -.0271190
   -.0730699
   -.0609738
    .0101717
    .0903631
    .1130643
    .1221990
    .1030090
    .0668731
    .0458487
    .0020130
    .0300279
    .0547779
    .0637087
    .0615496
    .0310614
   -.0430161
   -.0628129
   -.0561362
    .0147422
    .0852980
    .1446514
    .1651152
    .1524777
    .1153734
    .0500860
    .0368537
    .0664406
    .1675441
    .1988443
    .2097913
    .1960309
    .0742335
    .0170196
    .0253100
    .1111993
    .2240944
    .2416773
    .2162694
    .1095728
    .0499293
   -.0086545
   -.0528708
   -.0938824
   -.1260343
   -.1451347
   -.1485016
   -.1615821
   -.1769256
   -.1921121
   -.2190932
   -.2189627
   -.2089577
   -.1811590
   -.1246021
   -.0886144
   -.0558204
   -.0229342
    .0051029
    .0221287
    .0716789
    .1233400
    .1560356
    .2022841
    .2621524
    .2735869
    .2672513
    .2417933
    .1986097
    .0720908
    .0139050
   -.0602074
   -.0438060
   -.0258640
   -.0122986
   -.0325673
   -.0759238
   -.1173927
   -.1406881
   -.1162796
   -.1069106
   -.1052875
   -.1186803
   -.1348798
   -.2165930
   -.2993059
   -.3268933
   -.3458824
   -.3393605
   -.3289219
   -.2808671
   -.2126136
   -.1721306
   -.1244288
   -.1255480
   -.1181645
   -.1467363
   -.1881052
   -.2047283
   -.2184916
   -.1966196
   -.1963205
   -.2187661
   -.2669174
   -.3253958
   -.3180660
   -.2855003
   -.2186801
   -.1393139
   -.0344370
    .0407049
    .1031330
    .1071945
    .0921204
    .0146502
   -.0341697
   -.0663180
   -.0658317
   -.0237480
    .0748367
    .1814434
    .2710595
    .3367942
    .3646007
    .3798042
    .3726601
    .3337155
    .3157448
    .3153792
    .3078779
    .3122885
    .2919719
    .2640993
    .2736342
    .3023317
    .2537736
    .2603379
    .2653678
    .2629460
    .2591247
    .3172892
    .4142489
    .5236977
    .5053587
    .4506927
    .3618364
    .2735685
    .2272870
    .1737090
    .1476400
    .1978876
    .2298656
    .3258587
    .2773456
    .2292493
    .1687937
    .0662287
   -.0065770
   -.0612775
   -.1009698
   -.1606225
   -.1894199
   -.2252307
   -.2676727
   -.3202833
   -.3670862
   -.3783714
   -.3900654
   -.3586767
   -.3087405
   -.2782992
   -.2559798
   -.2751353
   -.3248796
   -.4040998
   -.4508036
   -.4711731
   -.4651886
   -.3485486
   -.2092657
   -.0998129
   -.0525000
   -.0805653
   -.1022110
   -.1978115
   -.1650410
   -.1416270
   -.0499976
    .0557121
    .2747875
    .4895434
    .4783571
    .3954570
    .2484381
    .0628965
    .0286824
    .1240144
    .2692743
    .5288237
    .6012923
    .5809463
    .3846204
    .0615694
   -.1168339
   -.2401060
   -.3155985
   -.3126452
   -.0223690
    .0936961
    .1492648
    .0539917
   -.0443290
   -.0421658
   -.0084102
    .0775298
    .1521911
    .3107963
    .3897598
    .3817819
    .3021402
    .1764006
    .0672310
   -.0544801
   -.0592921
   -.0083931
    .0421197
    .0862734
    .1231793
    .2105763
    .1631567
    .1685917
    .2048399
    .2245775
    .1870474
    .1199324
    .0133104
   -.0464464
   -.1225407
   -.1925871
   -.2898264
   -.3994187
   -.3629849
   -.1511183
    .0800201
    .2044534
    .3297940
    .3569078
    .3475933
    .2817303
    .1809033
    .1578192
    .1632685
    .1937189
    .2489427
    .2382778
    .2130316
    .1532531
    .1205058
    .1497350
    .2363293
    .3392518
    .5090905
    .6425021
    .6340299
    .5468308
    .4277058
    .2782650
    .0841288
   -.0217375
   -.1581823
   -.2168856
   -.1984841
   -.1577796
   -.1220997
   -.1281028
   -.1882611
   -.1968351
   -.1648437
   -.1304379
   -.0766824
    .0133665
    .1191330
    .2048314
    .1718187
    .1118814
    .0438467
   -.0295282
   -.0904290
   -.1508877
   -.1327678
   -.0712554
    .0659613
    .1914677
    .2560827
    .2823205
    .2353366
    .1427893
    .1332351
    .1333901
    .1921567
    .3410093
    .3485779
    .2858869
    .1533136
    .0473333
   -.1287691
   -.2206009
   -.2329108
   -.2337730
   -.1731927
   -.0947307
   -.0040541
    .0693769
    .1098872
    .0600144
   -.0035006
   -.0949003
   -.1797879
   -.1956149
   -.1803037
   -.1430376
   -.1913582
   -.2314060
   -.3108651
   -.3675976
   -.4328773
   -.4691327
   -.4743941
   -.4626156
   -.4382033
   -.4164519
   -.4206289
   -.4413534
   -.4733419
   -.5094764
   -.5519676
   -.5650078
   -.5406159
   -.5024339
   -.4069630
   -.3471346
   -.2806016
   -.3029505
   -.3443033
   -.4153276
   -.4174253
   -.2804142
   -.1422838
    .0445343
    .1841923
    .1372037
    .0039466
   -.0751260
   -.1417389
   -.1479785
   -.0871423
    .0542418
    .0712488
   -.0117663
   -.0762621
   -.1008695
   -.1122710
   -.1107840
   -.0801622
   -.0452647
   -.0040402
    .0235540
    .0425247
    .0379686
    .0318060
    .0238231
    .0250884
    .0254527
    .0306427
    .0699277
    .0846049
    .0949538
    .0951540
    .0819749
    .0887444
    .1189790
    .1539761
    .1668974
    .1993742
    .2357855
    .2317785
    .2077874
    .1792224
    .1478169
    .1069863
    .0573541
    .0319119
    .0550530
    .0866853
    .1047057
    .1472707
    .1635120
    .1551845
    .1219422
    .0650217
    .0323383
    .0348376
    .0164705
    .0423439
    .0792381
    .1106493
    .1149272
    .1097483
    .1024507
    .1145805
    .1335437
    .1672793
    .1997880
    .2294036
    .2359142
    .2248528
    .2232435
    .2168907
    .2034005
    .1910494
    .1967957
    .2095218
    .2261087
    .2562535
    .2733543
    .2629074
    .2210479
    .2013823
    .2123878
    .2556384
    .2786227
    .2936022
    .2738580
    .1999578
    .1646714
    .1303388
    .1600622
    .2066820
    .2079429
    .1948279
    .1836765
    .1683695
    .1451940
    .0982914
    .0884126
    .0853249
    .1542593
    .2145954
    .2870338
    .3080422
    .2869830
    .2485211
    .1877903
    .1069969
    .0436821
    .0475156
    .0743401
    .1971795
    .2727559
    .2818462
    .2081491
    .1179404
    .0238388
    .0296771
    .0717174
    .1486561
    .1690203
    .0748326
   -.1041314
   -.2394979
   -.2851553
   -.2590982
   -.1539015
   -.0525785
    .0389637
    .0895877
    .0273296
   -.0560396
   -.1760822
   -.1768372
   -.1380145
   -.0696280
   -.0368710
   -.0361339
   -.0499560
   -.0574154
   -.0862859
   -.0959840
   -.0884117
   -.0619748
   -.0530941
   -.0450715
   -.0509443
   -.0652738
   -.0824808
   -.1106782
   -.1457639
   -.1719493
   -.1961138
   -.2146224
   -.2189079
   -.2052909
   -.2132479
   -.2306543
   -.2528642
   -.2627655
   -.2717956
   -.2844653
   -.2829476
   -.2785211
   -.2584659
   -.2486844
   -.2535416
   -.1984856
   -.1959987
   -.2007265
   -.1824138
   -.1480809
   -.1091143
   -.0415439
    .0274697
    .0487380
    .0278216
   -.0331272
   -.1027417
   -.1445342
   -.1595238
   -.1184054
    .0643077
    .1131945
    .0677793
   -.1708057
   -.3103491
   -.3043077
   -.3052419
   -.2148197
   -.0548564
    .1345857
    .1685278
    .1145422
   -.1226301
   -.3838516
   -.5233464
   -.5774797
   -.4708651
   -.2924439
    .0824971
    .2179697
    .2087015
    .0040547
   -.1439940
   -.2205665
   -.2435384
   -.2265484
   -.0113144
    .2122021
    .1932462
    .0560332
   -.1639052
   -.2363651
   -.1644114
   -.0140502
    .2981224
    .4469210
    .5408473
    .4636014
    .1911852
    .0658919
   -.1160031
   -.2540588
   -.3498225
   -.3620512
   -.4236878
   -.3059979
   -.1516625
   -.0812248
   -.0666713
   -.0003188
   -.0188747
   -.1668788
   -.2064859
   -.0699866
    .2225862
    .3466779
    .3503376
    .3489606
    .3397543
    .2190148
    .1707911
    .0287671
   -.1537136
   -.3928516
   -.3861098
   -.1131562
    .0994375
    .2596698
    .3381285
    .3454680
    .3018597
    .1419243
   -.4136313
   -.5722321
   -.6542427
   -.4456751
   -.2338416
   -.0733497
    .1045844
    .2369968
    .2351133
    .1315046
   -.0866539
   -.3130744
   -.2533183
   -.0604125
    .2581156
    .4063910
    .4767670
    .4825239
    .3980402
    .0671954
   -.1919231
   -.3579530
   -.3620804
   -.2150055
   -.0522160
    .0349774
    .1425810
    .2321721
    .1698668
   -.0162301
   -.1972626
   -.3269126
   -.3911321
   -.2821723
   -.1713184
   -.1692892
   -.0598775
    .0026008
   -.0542680
   -.1105786
   -.2246055
   -.3181293
   -.2980211
   -.1995426
   -.0514217
    .1275394
    .1531623
    .1152761
    .0707414
   -.0439021
   -.1387402
   -.2532383
   -.3036623
   -.3172023
   -.3144232
   -.2202886
   -.1862334
   -.1968773
   -.2176213
   -.2188115
   -.1948248
   -.2346471
   -.2268042
   -.1205655
   -.1160103
   -.1125403
   -.1271415
   -.1530874
   -.2558717
   -.2995080
   -.3379643
   -.3295546
   -.2588652
   -.0917555
    .0326921
    .0946475
   -.0017084
   -.0902292
   -.1444652
   -.1464290
   -.1116025
    .0751587
    .1537314
    .1325210
    .0336528
   -.0511658
   -.1228620
   -.1607971
   -.1674021
   -.1415433
   -.0863830
    .0048828
    .0735989
    .0896881
    .0635768
    .0326428
    .0065707
   -.0335596
   -.0445530
   -.0652277
   -.0355313
   -.0296100
   -.0213957
   -.0313480
   -.0744826
   -.1202156
   -.0770946
   -.0261109
    .0085956
    .0797386
    .1146127
    .1642326
    .1289020
    .0563492
   -.0609274
   -.0993852
   -.1475408
   -.1340234
   -.0472875
    .0237761
    .1188082
    .2016237
    .2220965
    .1999560
    .1970532
    .2411314
    .2466067
    .2655599
    .2360957
    .1808201
    .1560090
    .1226108
    .0564116
   -.0316752
   -.0957370
   -.1089534
   -.0943286
   -.0729421
   -.0339349
   -.0032781
    .0427332
    .0576697
    .0842496
    .0692013
    .0616842
    .0610391
    .0574224
    .0975495
    .0892087
    .0625917
    .0045949
   -.1162515
   -.2009339
   -.2948273
   -.3403720
   -.3610847
   -.3378181
   -.2329837
   -.1668201
   -.0955660
   -.0496461
   -.0469623
   -.1106751
   -.1801908
   -.2100832
   -.2419375
   -.3055984
   -.3393785
   -.3753232
   -.3259342
   -.3127007
   -.2858347
   -.2386859
   -.1574568
   -.1324878
   -.0593391
    .0888879
    .1741823
    .2899106
    .3239885
    .3369218
    .2979480
    .2317278
    .1040281
   -.0054049
   -.0483148
   -.0200512
   -.0054342
    .0152805
    .0536754
    .0503340
    .0020241
   -.0616750
   -.1156187
   -.1533658
   -.1213948
   -.0812886
   -.0398932
   -.0160775
   -.0111085
   -.0847147
   -.1511407
   -.1891067
   -.1638718
   -.0551037
    .0370719
    .1169952
    .1767502
    .2105799
    .2199834
    .2447659
    .2650121
    .2578379
    .2821572
    .3189990
    .3483708
    .3113605
    .2479457
    .1794539
    .1051573
    .0534418
   -.0110971
   -.0145371
   -.0043177
   -.0047522
    .0483348
    .0836063
    .0893338
    .0745211
    .0298645
   -.0349328
   -.1652063
   -.1887005
   -.1794218
   -.1007652
   -.0477246
    .0264581
    .1229985
    .1413873
    .1272520
    .1775428
    .2810300
    .3866047
    .4244625
    .4401867
    .3887163
    .2436417
    .0990741
   -.0083356
   -.0421220
    .0256887
    .0738845
    .1712398
    .1127723
    .1238643
    .1307541
    .0469690
   -.0837546
   -.1437793
   -.1375974
   -.1189801
   -.0984079
   -.0998780
   -.0915876
   -.0693120
   -.0678995
    .0122281
    .0254053
    .0571431
    .1230304
    .1865020
    .2896456
    .3822808
    .3694867
    .3162149
    .1965018
    .0558451
   -.0723975
   -.1208064
   -.1171379
   -.1277230
    .0099343
    .0800149
    .0989824
    .0745202
    .0223053
   -.0282780
   -.1663037
   -.2008122
   -.1911180
   -.0670577
    .0204754
   -.0240797
   -.1472281
   -.2144690
   -.2132956
   -.1825527
   -.1250860
   -.0169656
    .1337613
    .2032983
    .1752252
    .1233545
    .0666334
    .0252481
    .0197257
    .0251708
    .0915599
    .0959607
    .0853631
    .0370386
   -.0691525
   -.1316363
   -.1577635
   -.1239533
   -.0544523
    .0061633
    .0000825
   -.0341499
   -.1636558
   -.2369155
   -.3349065
   -.3424018
   -.3164183
   -.2846196
   -.2212160
   -.1827148
   -.1491178
   -.1489865
   -.2007688
   -.2298817
   -.1978604
   -.1753524
   -.1347478
   -.0773173
    .0143681
    .0487801
    .0311279
   -.0449297
   -.0795555
   -.1160585
   -.1209957
   -.0655281
   -.0304667
    .0403058
    .0553579
    .0349939
   -.0477460
   -.0856682
   -.1324526
   -.1205733
   -.1037941
   -.0453217
   -.0284263
   -.0354600
   -.0591532
   -.1356353
   -.2029601
   -.2233912
   -.2339813
   -.2036122
   -.1614630
   -.1663464
   -.1680392
   -.1760553
   -.1846783
   -.2060394
   -.1880115
   -.1349263
   -.0648127
   -.0304511
   -.0321862
   -.0552224
   -.0799590
   -.1141221
   -.1639714
   -.2396781
   -.2663668
   -.2646435
   -.2690391
   -.2706131
   -.2927117
   -.3204536
   -.3154433
   -.3258948
   -.3232792
   -.2333559
   -.1694270
   -.1524721
   -.1536896
   -.2593064
   -.3336645
   -.3628623
   -.3717676
   -.3158435
   -.2189007
   -.1589407
   -.1004764
   -.0869790
   -.1058473
   -.0884931
   -.0569227
    .0147683
    .0726538
    .1210641
    .1227904
    .0869225
    .0830151
    .0947600
    .0878945
    .0974478
    .1190438
    .1586209
    .1915445
    .2392798
    .3068921
    .3357107
    .3330558
    .3062929
    .2168757
    .1438802
    .0836386
    .0442156
    .0315158
    .0129864
    .0123600
    .0155353
    .0330325
    .0355200
    .0158063
    .0280627
    .0439988
    .0954368
    .1404543
    .1751958
    .1822496
    .1668558
    .1035645
    .0529051
    .0281049
    .0064580
    .0350015
    .1082568
    .2094368
    .2921788
    .3491083
    .3714527
    .3437744
    .2955331
    .2645396
    .2338617
    .1809374
    .1319083
    .1015239
    .1016393
    .1215699
    .1250655
    .1198913
    .1040533
    .0789227
    .0277492
    .0091271
    .0100051
    .0528469
    .0595090
    .0579427
    .0451057
    .0293910
   -.0321016
   -.0436020
    .0013490
    .0676018
    .1301150
    .2165027
    .3096359
    .3580747
    .3756166
    .3563717
    .3499066
    .3113142
    .3102789
    .2936404
    .2816359
    .3017632
    .3098004
    .2959785
    .2668039
    .2557743
    .2472702
    .2213272
    .1887604
    .1885846
    .1873885
    .1759643
    .1695736
    .1565964
    .1135460
    .0804718
    .0401171
    .0183538
    .0456015
    .0921969
    .1608178
    .2311314
    .2161287
    .2019583
    .2501128
    .3099164
    .3254415
    .3449965
    .3392022
    .2576638
    .1418238
    .0768023
    .0631696
    .0743077
    .1223261
    .1509148
    .1923301
    .2086683
    .1682507
    .1382252
    .1114830
    .1219683
    .0744086
    .0448229
    .0614688
    .0712425
    .0527811
   -.0123787
   -.0779386
   -.1389970
   -.1401710
   -.1035946
    .0131200
    .1021083
    .1721275
    .2005928
    .1585682
    .0703294
    .0075350
    .0180228
    .1633769
    .2365162
    .2191193
    .1550458
    .0336317
   -.1390227
   -.1969799
   -.1870205
   -.0527410
    .1102792
    .1829357
    .1855276
    .1593541
    .0930608
    .0061452
   -.1110899
   -.1660000
   -.1425317
   -.1352825
   -.0404379
   -.0611692
   -.1092347
   -.2029108
   -.2530782
   -.3089831
   -.3156580
   -.2519873
   -.1591725
   -.0511754
    .0189860
    .0272939
    .0173635
   -.0144483
   -.0300996
   -.0471271
   -.0577426
   -.0353179
   -.0259930
    .0019969
   -.0163065
   -.0680613
   -.1282748
   -.1602318
   -.1724271
   -.1587864
   -.1292620
   -.1137876
   -.0428297
   -.0432649
   -.0477718
   -.0664870
   -.0884403
   -.1001194
   -.0881309
   -.0661140
   -.0544058
   -.0355131
   -.0279625
   -.0237820
   -.0159903
    .0014861
    .0322763
    .0719135
    .1383829
    .1904258
    .2222357
    .2109316
    .1626412
    .0830789
    .0046064
   -.0159496
   -.0110433
    .0388687
    .0669700
    .1260390
    .1205672
    .1012994
    .0757327
    .0018881
   -.0504080
   -.0013450
    .0480515
    .0831319
    .0971454
    .0880999
    .0164394
   -.1028609
   -.1933324
   -.2319544
   -.2015222
   -.0854787
    .0002256
    .1058313
    .1120479
    .1115157
    .1065339
    .1052031
    .0988280
    .0795764
    .0413041
   -.0068913
   -.0510525
   -.0843925
   -.1033780
   -.1022544
   -.0862879
   -.0629438
   -.0412122
   -.0359984
   -.0561360
   -.1001486
   -.1602043
   -.2150792
   -.2405871
   -.2346611
   -.1995995
   -.1416421
   -.0752411
   -.0196821
    .0102383
    .0026416
   -.0253465
   -.0559006
   -.0884340
   -.1254639
   -.1669372
   -.1987816
   -.2107531
   -.1931083
   -.1389438
   -.0693677
   -.0029714
    .0403352
    .0428186
    .0458522
    .0727802
    .1288775
    .2004028
    .2571195
    .2832885
    .2705036
    .2112275
    .1237770
    .0353693
   -.0366532
   -.0797696
   -.0968933
   -.0885742
   -.0556745
   -.0067116
    .0288339
    .0415231
    .0388888
    .0345976
    .0431224
    .0549539
    .0447248
    .0052824
   -.0406605
   -.0673108
   -.0643493
   -.0519850
   -.0605627
   -.0882408
   -.1144243
   -.1254592
   -.1088907
   -.0721448
   -.0401420
   -.0319819
   -.0634339
   -.1222304
   -.1803013
   -.2190086
   -.2228552
   -.1766852
   -.0903941
    .0093239
    .0876992
    .0977832
    .0626189
    .0196046
   -.0049485
   -.0016532
   -.0004349
   -.0072694
   -.0167888
   -.0214455
   -.0335464
   -.0654318
   -.1158989
   -.1754084
   -.2236614
   -.2577133
   -.2775248
   -.2799145
   -.2498999
   -.1911443
   -.1166554
   -.0421909
    .0128815
    .0508124
    .0734079
    .0801600
    .0680104
    .0368763
    .0084326
    .0074808
    .0612131
    .1264306
    .1488334
    .1047981
    .0052225
   -.0941853
   -.1706975
   -.2177317
   -.2343353
   -.1974075
   -.0990919
    .0322858
    .1495289
    .1867927
    .1776087
    .1503534
    .1147217
    .0683114
    .0045054
   -.0559701
   -.0849332
   -.0446214
    .0119359
    .0246885
   -.0137371
   -.0667768
   -.0945934
   -.0755299
   -.0088908
    .0689817
    .1134036
    .1336797
    .1391503
    .1381369
    .1364075
    .1326636
    .1258368
    .1161170
    .1042497
    .0916470
    .0784397
    .0636218
    .0454554
    .0232645
   -.0005319
   -.0219919
   -.0364944
   -.0461912
   -.0559941
   -.0666890
   -.0774235
   -.0768880
   -.0624486
   -.0378448
   -.0060840
    .0235788
    .0490444
    .0739254
    .1025170
    .1351429
    .1619778
    .1774202
    .1741854
    .1482367
    .1100123
    .0636482
    .0100257
   -.0488846
   -.0966027
   -.1156396
   -.0967078
   -.0359330
    .0339115
    .0773265
    .0808533
    .0461493
    .0050210
   -.0211159
   -.0358360
   -.0469840
   -.0618583
   -.0755585
   -.0867430
   -.0900262
   -.0866409
   -.0781391
   -.0583535
   -.0256564
    .0160404
    .0470785
    .0624572
    .0649951
    .0649844
    .0697775
    .0740880
    .0741987
    .0660498
    .0495401
    .0321832
    .0181658
    .0115297
    .0138483
    .0117912
   -.0013427
   -.0293335
   -.0649717
   -.0975011
   -.1201447
   -.1261320
   -.1039185
   -.0545497
    .0053181
    .0575725
    .0839700
    .0879451
    .0721676
    .0374179
   -.0127187
   -.0579819
   -.0817553
   -.0801396
   -.0568242
   -.0320182
   -.0090150
    .0119843
    .0322339
    .0443290
    .0548967
    .0660045
    .0709043
    .0684364
    .0593011
    .0412974
    .0173161
   -.0024565
   -.0112144
   -.0163051
   -.0316746
   -.0601998
   -.0774095
   -.0691456
   -.0422274
   -.0073882
    .0127084
    .0102085
   -.0059946
   -.0223344
   -.0240299
   -.0166892
   -.0038839
    .0114621
    .0300556
    .0500193
    .0655779
    .0689728
    .0514259
    .0255864
    .0038483
   -.0089937
   -.0159230
   -.0238395
   -.0286239
   -.0283980
   -.0204296
   -.0104134
   -.0039030
   -.0012393
    .0004690
    .0003270
   -.0069322
   -.0213415
   -.0401146
   -.0525976
   -.0528241
   -.0430851
   -.0298806
   -.0334178
   -.0597907
   -.0914114
   -.1142651
   -.1152823
   -.0980635
   -.0757032
   -.0569885
   -.0463825
   -.0424048
   -.0414327
   -.0408473
   -.0389487
   -.0354630
   -.0279155
   -.0129000
    .0122755
    .0450242
    .0666258
    .0673779
    .0456127
    .0164286
    .0007520
    .0030645
    .0216548
    .0421195
    .0479573
    .0413741
    .0285548
    .0175836
    .0137243
    .0154321
    .0205698
    .0268215
    .0337007
    .0404825
    .0461609
    .0496880
    .0506698
    .0499068
    .0474069
    .0432198
    .0366495
    .0287505
    .0215702
    .0168826
    .0148354
    .0144763
    .0146714
    .0128095
    .0071692
    .0003088
   -.0054650
   -.0092694
   -.0126348
   -.0146593
   -.0149010
   -.0145947
   -.0144423
   -.0149888
   -.0159977
   -.0171794
   -.0178169
   -.0191202
   -.0208520
   -.0225628
   -.0245157
   -.0262363
   -.0279393
   -.0293943
   -.0304617
   -.0311934
   -.0317717
   -.0319149
   -.0319504
   -.0322985
   -.0326033
   -.0326751
   -.0326981
   -.0328960
   -.0331196
   -.0330271
   -.0328607
   -.0327717
   -.0328301
   -.0326480
   -.0325244
   -.0324622
   -.0323437
   -.0319572
   -.0315203
   -.0311417
   -.0309922
   -.0307082
   -.0302734
   -.0297040
   -.0292414
   -.0288107
   -.0284828
   -.0280171
   -.0272457
   -.0266683
   -.0263756
   -.0259979
   -.0251862
   -.0245391
   -.0241116
   -.0237473
   -.0232534
   -.0226273
   -.0221700
   -.0217835
   -.0214385
   -.0209269
   -.0204205
   -.0199974
   -.0196741
   -.0194318
   -.0191692
   -.0188505
   -.0184308
   -.0180181
   -.0178653
   -.0176854
   -.0173536
   -.0169566
   -.0170307
   -.0170262
   -.0168210
   -.0163839
   -.0183664
   -.0163026
   -.0163274
   -.0162591
   -.0162040
   -.0162266
   -.0161897
   -.0161075
   -.0160936
   -.0161790
   -.0161623
   -.0160254
   -.0159414
   -.0159163
   -.0158777
   -.0157938
   -.0156671
   -.0155509
   -.0155904
   -.0155918
   -.0154449
   -.0154739
   -.0154309
   -.0152450
   -.0149750
   -.0150223
   -.0150707
   -.0151114
   -.0149735
   -.0146886
   -.0147075
   -.0147116
   -.0146188
   -.0144308
   -.0145254
   -.0145017
   -.0143354
   -.0140175
   -.0139298
   -.0140393
   -.0142276
   -.0140678
   -.0136861
   -.0135987
   -.0136247
   -.0136612
   -.0133965
   -.0134756
   -.0135025
   -.0133822
   -.0130492
   -.0128669
   -.0129038
   -.0131308
   -.0131313
   -.0127276
   -.0125175
   -.0125735
   -.0126750
   -.0123551
   -.0122629
   -.0122913
   -.0124078
   -.0121245
   -.0119566
   -.0118619
   -.0119466
   -.0118636
   -.0118670
   -.0117716
   -.0115631
   -.0112685
   -.0112801
   -.0112741
   -.0112368
   -.0110987
   -.0111404
   -.0110240
   -.0108827
   -.0107018
   -.0106802
   -.0106684
   -.0107155
   -.0106435
   -.0104102
   -.0102228
   -.0101558
   -.0101296
   -.0099395
   -.0099918
   -.0100989
   -.0100117
   -.0097495
   -.0096779
   -.0096284
   -.0094944
   -.0094250
   -.0092781
   -.0092149
   -.0091888
   -.0091696
   -.0088387
   -.0088010
   -.0089354
   -.0088083
   -.0084792
   -.0085418
   -.0087073
   -.0085590
   -.0083007
   -.0082389
   -.0081705
   -.0080395
   -.0079593
   -.0079889
   -.0079394
   -.0077897
   -.0076112
   -.0075481
   -.0075252
   -.0075337
   -.0073459
   -.0072102
   -.0071573
   -.0072101
   -.0070859
   -.0069281
   -.0067935
   -.0067343
   -.0066731
   -.0067086
   -.0066267
   -.0064864
   -.0062623
   -.0063000
   -.0062718
   -.0061618
   -.0058733
   -.0058000
   -.0059897
   -.0061526
   -.0058692
   -.0052956
   -.0053458
   -.0055521
   -.0055726
   -.0052311
   -.0052394
   -.0051582
   -.0049788
   -.0048829
   -.0050007
   -.0050137
   -.0048483
   -.0045783
   -.0044769
   -.0045230
   -.0045764
   -.0045038
   -.0041709
   -.0040610
   -.0040817
   -.0042575
   -.0040588
   -.0039672
   -.0038894
   -.0038596
   -.0038097
   -.0037743
   -.0035673
   -.0033629
   -.0033983
   -.0033073
   -.0029595
   -.0026482
   -.0027742
   -.0027090
   -.0026766
   -.0027792
   -.0030702
   -.0028285
   -.0029147
   -.0036764
   -.0036757
   -.0014066
    .0002392
   -.0028123
   -.0030364
   -.0033676
   -.0038140
   -.0044735
   -.0049947
   -.0053937
   -.0056709
   -.0055230
   -.0051816
   -.0051900
   -.0053701
   -.0053802
   -.0052293
   -.0051756
   -.0049617
   -.0048497
   -.0047703
   -.0047614
   -.0045097
   -.0043785
   -.0042286
   -.0041170
   -.0039590
   -.0037494
   -.0035570
   -.0035061
   -.0031997
   -.0028261
   -.0026685
   -.0027931
   -.0023260
   -.0020226
   -.0018094
   -.0017220
   -.0012634
   -.0012161
   -.0011023
   -.0009195
   -.0003928
   -.0001439
    .0001345
    .0004297
    .0008664
    .0008667
    .0009425
    .0012447
    .0019143
    .0021119
    .0024784
    .0027910
    .0030680
    .0030587
    .0034843
    .0038943
    .0042999
    .0044880
    .0048991
    .0051468
    .0054467
    .0057438
    .0060020
    .0062077
    .0065921
    .0070627
    .0074110
    .0076585
    .0079485
    .0081486
    .0086282
    .0090590
    .0093711
    .0093770
    .0097664
    .0103217
    .0107273
    .0108190
    .0111137
    .0114713
    .0118656
    .0121356
    .0125260
    .0128011
    .0131184
    .0133293
    .0136270
    .0140058
    .0143559
    .0145869
    .0149584
    .0152493
    .0154952
    .0156967
    .0161562
    .0164365
    .0166785
    .0168863
    .0172965
    .0175697
    .0178688
    .0180353
    .0182931
    .0185464
    .0189458
    .0191493
    .0193921
    .0196002
    .0199501
    .0201935
    .0205185
    .0207268
    .0209075
    .0210260
    .0213514
    .0216957
    .0218664
    .0219932
    .0222561
    .0224908
    .0227550
    .0230137
    .0232825
    .0233559
    .0235587
    .0237551
    .0240027
    .0240715
    .0242088
    .0243852
    .0247480
    .0249564
    .0250712
    .0250473
    .0252841
    .0254479
    .0256878
    .0257114
    .0259344
    .0260524
    .0262077
    .0261921
    .0264315
    .0265782
    .0267237
    .0266845
    .0268944
    .0269618
    .0270539
    .0270443
    .0272139
    .0272803
    .0274131
    .0274351
    .0274947
    .0275015
    .0276264
    .0276583
    .0276899
    .0276834
    .0278077
    .0278365
    .0278541
    .0277756
    .0278533
    .0279096
    .0279765
    .0278433
    .0278394
    .0278171
    .0278775
    .0278125
    .0278252
    .0277568
    .0277240
    .0276437
    .0276399
    .0275376
    .0275115
    .0274250
    .0273660
    .0272393
    .0272944
    .0271715
    .0270473
    .0268941
    .0269175
    .0267837
    .0266475
    .0264824
    .0264426
    .0263258
    .0261728
    .0259820
    .0259152
    .0257705
    .0256284
    .0254416
    .0253275
    .0251127
    .0249912
    .0247933
    .0246255
    .0244169
    .0242880
    .0240659
    .0238713
    .0236738
    .0234865
    .0232304
    .0230249
    .0228404
    .0226275
    .0223866
    .0221683
    .0219241
    .0216794
    .0214498
    .0212146
    .0209536
    .0207139
    .0204594
    .0201902
    .0199217
    .0196516
    .0193977
    .0191322
    .0188750
    .0185731
    .0183146
    .0180158
    .0177269
    .0174108
    .0171535
    .0168612
    .0165893
    .0162705
    .0159649
    .0156405
    .0153715
    .0150537
    .0147706
    .0144302
    .0141425
    .0137975
    .0135351
    .0131886
    .0129003
    .0125497
    .0122835
    .0119276
    .0116420
    .0112866
    .0110179
    .0106647
    .0103808
    .0100134
    .0097458
    .0093893
    .0091253
    .0087632
    .0084969
    .0081229
    .0078640
    .0075040
    .0072465
    .0068718
    .0066194
    .0062585
    .0060055
    .0056240
    .0053861
    .0050305
    .0047812
    .0044001
    .0041612
    .0038077
    .0035669
    .0031964
    .0029584
    .0026091
    .0023839
    .0020295
    .0018032
    .0014614
    .0012491
    .0009113
    .0006997
    .0003698
    .0001652
   -.0001648
   -.0003755
   -.0007002
   -.0009029
   -.0012247
   -.0014344
   -.0017585
   -.0019720
   -.0022920
   -.0025115
   -.0028329
   -.0030641
   -.0033877
   -.0036354
   -.0039619
   -.0042262
   -.0045584
   -.0048525
   -.0051929
   -.0055220
   -.0058757
   -.0062547
   -.0066239
   -.0070711
   -.0074654
   -.0080127
   -.0084422
   -.0091416
   -.0096257
   -.0105794
   -.0111574
   -.0126085
   -.0134502
   -.0162855
   -.0177306
   -.0263567