    .0041279
    .0040910
    .0041216
    .0041280
    .0041247
    .0041343
    .0041245
    .0041363
    .0041244
    .0041380
    .0041236
    .0041407
    .0041219
    .0041427
    .0041206
    .0041396
    .0041228
    .0041303
    .0041272
    .0041209
    .0041034
    .0041346
    .0041270
    .0041739
    .0040809
    .0039656
    .0040710
    .0041613
    .0041332
    .0041331
    .0041237
    .0041261
    .0041231
    .0041252
    .0041235
    .0041239
    .0041256
    .0041246
    .0041303
    .0041260
    .0041323
    .0041259
    .0041295
    .0041214
    .0041308
    .0041211
    .0041302
    .0041196
    .0041267
    .0041172
    .0041294
    .0041203
    .0041264
    .0041238
    .0041249
    .0041226
    .0041152
    .0041302
    .0041185
    .0041280
    .0041163
    .0041223
    .0041173
    .0041301
    .0041155
    .0041293
    .0041158
    .0041228
    .0041143
    .0041277
    .0041122
    .0041245
    .0041114
    .0041247
    .0041139
    .0041232
    .0041129
    .0041228
    .0041069
    .0041243
    .0041117
    .0041237
    .0041131
    .0041205
    .0041040
    .0041217
    .0040856
    .0041295
    .0041033
    .0041245
    .0040990
    .0041203
    .0041007
    .0041205
    .0040992
    .0041185
    .0040989
    .0041181
    .0041103
    .0041246
    .0041044
    .0041278
    .0041187
    .0041166
    .0041055
    .0041287
    .0041173
    .0041284
    .0041175
    .0041223
    .0041241
    .0041279
    .0041271
    .0041360
    .0041286
    .0041459
    .0041691
    .0041666
    .0042149
    .0041474
    .0041759
    .0041100
    .0041713
    .0041091
    .0041521
    .0041040
    .0041617
    .0041025
    .0041592
    .0041107
    .0041681
    .0040963
    .0041529
    .0040978
    .0041534
    .0040914
    .0041714
    .0040979
    .0041479
    .0041026
    .0041761
    .0041149
    .0041669
    .0040810
    .0037400
    .0041065
    .0041566
    .0041080
    .0041700
    .0040791
    .0040582
    .0040791
    .0040425
    .0040653
    .0040453
    .0040717
    .0040848
    .0040850
    .0040819
    .0040779
    .0040868
    .0040922
    .0041084
    .0040933
    .0041144
    .0041015
    .0041106
    .0041240
    .0041309
    .0041087
    .0039947
    .0041256
    .0041258
    .0041515
    .0041469
    .0041449
    .0040795
    .0039065
    .0039737
    .0040998
    .0041199
    .0041855
    .0041066
    .0041344
    .0040664
    .0040435
    .0040801
    .0040353
    .0040607
    .0040615
    .0040849
    .0040723
    .0040616
    .0040812
    .0040772
    .0040955
    .0040905
    .0041049
    .0040788
    .0040945
    .0040747
    .0040614
    .0040867
    .0040401
    .0040589
    .0040297
    .0040746
    .0040283
    .0040799
    .0040423
    .0040542
    .0040467
    .0040707
    .0040824
    .0040892
    .0040793
    .0040955
    .0041162
    .0040965
    .0041133
    .0041170
    .0041045
    .0040944
    .0041028
    .0041198
    .0041354
    .0041117
    .0041308
    .0041571
    .0041487
    .0041497
    .0038973
    .0041726
    .0041472
    .0041897
    .0041775
    .0041568
    .0040614
    .0038519
    .0039367
    .0041441
    .0041697
    .0042865
    .0041565
    .0041675
    .0040770
    .0039824
    .0040318
    .0039566
    .0040693
    .0039773
    .0040586
    .0039831
    .0040621
    .0039774
    .0040409
    .0040070
    .0040391
    .0040018
    .0040720
    .0040590
    .0040703
    .0040714
    .0040856
    .0040457
    .0040606
    .0040503
    .0040595
    .0040236
    .0040560
    .0040665
    .0040725
    .0040677
    .0040864
    .0040897
    .0040762
    .0040749
    .0040734
    .0041053
    .0041011
    .0041060
    .0041063
    .0041238
    .0040957
    .0041134
    .0041408
    .0041443
    .0041270
    .0041489
    .0041521
    .0041682
    .0041963
    .0041584
    .0041922
    .0041702
    .0042336
    .0041971
    .0042206
    .0040981
    .0038361
    .0041062
    .0043381
    .0041188
    .0039781
    .0040640
    .0039914
    .0040679
    .0040196
    .0040861
    .0028967
    .0041049
    .0040809
    .0041006
    .0040568
    .0040860
    .0040679
    .0040737
    .0040839
    .0041145
    .0040981
    .0041169
    .0040926
    .0040678
    .0040920
    .0041216
    .0041299
    .0041196
    .0041014
    .0041151
    .0041105
    .0041012
    .0041076
    .0041060
    .0040984
    .0041117
    .0041343
    .0041347
    .0041454
    .0041568
    .0041496
    .0041518
    .0041382
    .0041528
    .0041529
    .0041586
    .0041465
    .0041760
    .0041713
    .0041720
    .0041633
    .0041782
    .0041805
    .0042031
    .0041776
    .0042371
    .0041718
    .0042619
    .0042171
    .0043112
    .0042167
    .0042983
    .0042074
    .0041423
    .0040760
    .0039412
    .0040756
    .0039378
    .0040697
    .0039804
    .0040682
    .0040181
    .0041051
    .0040844
    .0041038
    .0040810
    .0040985
    .0040793
    .0040996
    .0041031
    .0041150
    .0041069
    .0041130
    .0040906
    .0041036
    .0041102
    .0041024
    .0041101
    .0041136
    .0041121
    .0041258
    .0041332
    .0041087
    .0041209
    .0041293
    .0041502
    .0041396
    .0041413
    .0041433
    .0041447
    .0041269
    .0041371
    .0041382
    .0041544
    .0041239
    .0041337
    .0041459
    .0041544
    .0041580
    .0041591
    .0041657
    .0041521
    .0041530
    .0041498
    .0041568
    .0041593
    .0041826
    .0041693
    .0042071
    .0041738
    .0042195
    .0041872
    .0042724
    .0041671
    .0041750
    .0041376
    .0040549
    .0041053
    .0040675
    .0041120
    .0041038
    .0041329
    .0041251
    .0041200
    .0041183
    .0041167
    .0041151
    .0041248
    .0041324
    .0041327
    .0041337
    .0041226
    .0041303
    .0041489
    .0041436
    .0041215
    .0041382
    .0037231
    .0041475
    .0041508
    .0041576
    .0041568
    .0041494
    .0041380
    .0041343
    .0041288
    .0041315
    .0041458
    .0041419
    .0041532
    .0041509
    .0041429
    .0041507
    .0041614
    .0041387
    .0041660
    .0041520
    .0041511
    .0041416
    .0041537
    .0041482
    .0041736
    .0041461
    .0041589
    .0041576
    .0041749
    .0041482
    .0042081
    .0041796
    .0042087
    .0041785
    .0042334
    .0030333
    .0042662
    .0041615
    .0042323
    .0041425
    .0040995
    .0040982
    .0040933
    .0041061
    .0041248
    .0041216
    .0041303
    .0041308
    .0041335
    .0041125
    .0041390
    .0041279
    .0041618
    .0041646
    .0041534
    .0041381
    .0041691
    .0041655
    .0041853
    .0042101
    .0042838
    .0043171
    .0043344
    .0043188
    .0043133
    .0042635
    .0042124
    .0041253
    .0041422
    .0041523
    .0041298
    .0042289
    .0045848
    .0049017
    .0054811
    .0062755
    .0070186
    .0076905
    .0076985
    .0072478
    .0057688
    .0029881
    .0002809
   -.0006530
    .0004744
    .0016212
    .0020727
    .0058317
    .0089491
    .0061362
    .0064363
    .0070050
    .0042116
   -.0008141
   -.0068574
   -.0093796
   -.0085397
   -.0072443
   -.0050522
   -.0046390
   -.0016151
    .0038372
    .0085341
    .0108315
    .0105776
    .0039322
   -.0109952
   -.0170188
   -.0153120
   -.0110842
   -.0133212
   -.0092622
   -.0013955
    .0155921
    .0322801
    .0425733
    .0187910
   -.0065743
   -.0220071
   -.0284533
   -.0248986
   -.0157403
   -.0074261
    .0003762
    .0088951
    .0182455
    .0258793
    .0181075
   -.0021678
   -.0147908
   -.0172422
   -.0141860
   -.0034660
    .0149262
    .0142882
    .0031432
    .0039723
    .0258084
    .0323740
    .0356448
    .0415833
    .0322213
    .0144386
    .0052263
   -.0045408
   -.0208001
   -.0350559
   -.0342933
   -.0154507
    .0187246
    .0440375
    .0533134
    .0565736
    .0695270
    .0632246
    .0278346
    .0010288
   -.0100426
   -.0150395
   -.0128506
   -.0116472
   -.0207569
   -.0216239
   -.0094509
   -.0051925
    .0061573
    .0161658
    .0024224
   -.0091232
   -.0118084
   -.0099048
   -.0074833
   -.0126996
   -.0161265
   -.0034760
    .0191345
    .0415775
    .0504528
    .0523831
    .0639359
    .0674517
    .0445671
    .0131857
   -.0092965
   -.0209635
   -.0297025
   -.0356869
   -.0312950
   -.0206792
   -.0047919
    .0174683
    .0351741
    .0472503
    .0502895
    .0405424
    .0271945
    .0311029
    .0294939
    .0087766
    .0107979
    .0144579
    .0144210
    .0255548
    .0290623
    .0193020
    .0183073
    .0176144
    .0095604
    .0191606
    .0273704
    .0115658
    .0056249
    .0097306
    .0011749
   -.0020456
    .0007381
   -.0090897
   -.0130537
   -.0067788
   -.0127518
   -.0189515
   -.0153129
   -.0203976
   -.0290203
   -.0247990
   -.0187273
   -.0183667
   -.0064781
    .0062395
    .0064989
    .0127646
    .0224330
    .0139503
    .0095883
    .0158345
    .0216801
    .0264439
    .0322695
    .0376914
    .0397641
    .0297601
    .0097717
   -.0091830
   -.0235000
   -.0370910
   -.0448394
   -.0452608
   -.0374143
   -.0202420
   -.0018566
    .0156237
    .0234570
    .0279313
    .0365230
    .0369906
    .0172447
   -.0016738
   -.0045319
   -.0099816
   -.0092268
    .0069813
    .0119432
    .0153984
    .0289993
    .0312781
    .0280611
    .0356396
    .0209062
    .0006257
   -.0012631
   -.0104723
   -.0232995
   -.0318347
   -.0374571
   -.0490034
   -.0544289
   -.0546294
   -.0427628
   -.0213320
    .0010185
    .0219583
    .0328875
    .0332273
    .0305508
    .0247926
    .0120930
    .0014062
   -.0081961
   -.0121525
   -.0078990
   -.0005001
    .0070713
    .0101485
    .0099684
    .0113843
    .0145463
    .0088214
    .0030992
    .0043430
    .0092207
    .0161859
    .0231770
    .0279249
    .0274093
    .0285202
    .0335226
    .0239662
    .0078914
   -.0021215
   -.0250451
   -.0443164
   -.0431857
   -.0509647
   -.0552210
   -.0458518
   -.0441671
   -.0398791
   -.0167515
    .0148945
    .0276573
    .0313398
    .0337372
    .0287767
    .0195056
    .0134301
    .0043872
   -.0039462
   -.0104870
   -.0167819
   -.0223595
   -.0227892
   -.0195484
   -.0127375
    .0073040
    .0241177
    .0219781
    .0178150
    .0259170
    .0189752
    .0113953
    .0145540
    .0022604
   -.0100359
   -.0039080
   -.0095522
   -.0178548
   -.0132198
   -.0140661
   -.0206031
   -.0102031
    .0131958
    .0158988
    .0187552
    .0429987
    .0468250
    .0426531
    .0515786
    .0497460
    .0385668
    .0378155
    .0359792
    .0211924
    .0061238
   -.0043252
   -.0196899
   -.0244871
   -.0226407
   -.0266022
   -.0097360
    .0111292
    .0157417
    .0386076
    .0492465
    .0206656
    .0108354
   -.0003973
   -.0155473
   -.0135839
   -.0108490
   -.0161926
   -.0088303
   -.0056750
   -.0225620
   -.0181879
   -.0143339
   -.0310908
   -.0198095
   -.0093548
   -.0124143
   -.0131211
   -.0133621
   -.0166867
   -.0206045
   -.0236661
   -.0244605
   -.0231688
   -.0194406
   -.0119013
   -.0100308
   -.0133837
   -.0084296
    .0045576
    .0089649
    .0087561
   -.0115909
   -.0360628
   -.0335946
   -.0255425
   -.0199268
   -.0093530
    .0045803
    .0071260
    .0135286
    .0226463
    .0169203
   -.0002685
   -.0043858
    .0026944
    .0111081
    .0173219
    .0173258
    .0125768
    .0044880
    .0024547
    .0047258
    .0026901
    .0023908
    .0090501
    .0009503
   -.0127138
   -.0162404
   -.0309390
   -.0463016
   -.0444717
   -.0510598
   -.0490275
   -.0292065
   -.0194039
   -.0095052
    .0204607
    .0464231
    .0344978
    .0413301
    .0590009
    .0426996
    .0144649
   -.0058640
   -.0178543
   -.0140951
   -.0010550
    .0014622
   -.0094903
   -.0157307
   -.0161147
   -.0363531
   -.0566064
   -.0618279
   -.0794084
   -.0913820
   -.0852858
   -.0884684
   -.1049568
   -.1114324
   -.1121774
   -.1085541
   -.1039439
   -.0962029
   -.1025116
   -.1088686
   -.1003821
   -.0988337
   -.1109034
   -.1241422
   -.1371748
   -.1515474
   -.1604437
   -.1635703
   -.1718119
   -.1832338
   -.1850581
   -.1884940
   -.1916637
   -.1946165
   -.1973150
   -.1880830
   -.1546140
   -.1024728
   -.0276771
    .0450054
    .0637136
    .0736997
    .1280451
    .1599944
    .1810232
    .2162815
    .2348707
    .2287239
    .2393436
    .2772127
    .2951957
    .3006978
    .2827846
    .2875519
    .2861068
    .2792083
    .2429320
    .1995885
    .1630854
    .1305943
    .1005268
    .0691868
    .0131540
   -.0071669
   -.0187698
   -.0285406
   -.0188464
    .0160008
    .0614336
    .1064068
    .1674333
    .2269628
    .2750766
    .3070334
    .2960073
    .2903028
    .2623795
    .2488926
    .2243429
    .1934659
    .1750865
    .1639570
    .1522325
    .1461554
    .1471112
    .1775464
    .1795321
    .1998050
    .1915103
    .1877038
    .1732956
    .1519451
    .1142817
    .0668219
   -.0120530
   -.0483288
   -.0766762
   -.1003580
   -.1312912
   -.1616819
   -.1524263
   -.1497866
   -.1474554
   -.1472974
   -.1490533
   -.1578162
   -.1749711
   -.1953759
   -.2274184
   -.2530530
   -.2698396
   -.2731832
   -.2630878
   -.2432250
   -.2375815
   -.2314741
   -.1818597
   -.1643172
   -.1572803
   -.1649309
   -.1431478
   -.0756522
   -.0646399
   -.1203563
   -.0864445
   -.0103187
   -.0094332
   -.0514091
   -.0510497
    .0327241
    .0467936
    .0673555
    .0495428
    .1136459
    .2260379
    .2611076
    .2912497
    .3183191
    .3804199
    .4039086
    .3781596
    .3447874
    .3084919
    .2837666
    .2581858
    .2459748
    .2429003
    .2237729
    .1922172
    .1599346
    .1348996
    .0961671
    .0339266
   -.0294994
   -.0886290
   -.1348607
   -.1894670
   -.2044468
   -.2249338
   -.2261972
   -.2662242
   -.3054589
   -.3419032
   -.3967303
   -.4726342
   -.5135589
   -.5266164
   -.5243100
   -.4839436
   -.4454935
   -.3830373
   -.2709753
   -.0887559
    .0355017
    .1284390
    .3359950
    .4830954
    .4276105
    .3878103
    .5666551
    .6557149
    .7099306
    .7145711
    .6453750
    .4960477
    .1616800
    .1095763
    .0090396
   -.1273816
   -.2023931
   -.2247914
    .0928767
    .1967541
    .3616560
    .2744493
    .1388344
    .0807149
   -.0192219
   -.1271743
   -.3454583
   -.5272877
   -.5387459
   -.5229556
   -.4747724
   -.4509078
   -.3918090
   -.2785386
   -.2323584
    .0646364
    .0994829
    .1203087
    .0907560
    .0945575
    .0156458
   -.2308544
   -.3276115
   -.4194971
   -.4248622
   -.4413836
   -.4027248
   -.2732312
   -.1347228
   -.0153015
    .0679858
    .1223266
    .2089652
    .2532255
    .2788903
    .2352995
    .2106599
    .1763769
    .1735111
    .1392586
   -.0199174
   -.1690676
   -.0789562
   -.0054049
    .0626810
    .0013952
    .1027998
    .3433524
    .3942637
    .3467585
    .4043217
    .4627003
    .4273271
    .3435841
    .2911053
    .2389257
    .2003858
    .0809351
    .0299527
    .0235950
    .0100523
    .0993992
    .1340802
    .1826857
    .1532340
    .1405051
    .1196047
    .1066802
    .0316784
   -.0230171
    .0118710
    .0018849
   -.0484227
   -.1068850
   -.1480584
   -.1502036
   -.1565286
   -.1699165
   -.1283714
   -.0875176
   -.0306084
    .0273989
    .0729984
    .0882253
    .1053443
    .1219120
    .1074950
    .0865387
   -.0075574
   -.0561518
   -.0948628
   -.1676199
   -.2378083
   -.2331026
   -.2072513
   -.1835056
   -.1423993
   -.1031429
   -.0694163
   -.0311002
    .0275316
    .0967351
    .1465590
    .2310687
    .3012661
    .3143704
    .2949380
    .2394311
    .1898824
    .1972368
    .1168140
    .0934819
    .0952714
    .0971344
    .1245151
    .1888402
    .2273735
    .2776673
    .3165565
    .3507637
    .3090698
    .2757138
    .2223030
    .1606539
    .1528876
    .0662884
   -.1975449
   -.2632118
   -.2544923
   -.2434363
   -.2689157
   -.2734728
   -.2495802
   -.1949583
   -.1534954
   -.1363355
   -.1331915
   -.1255118
   -.1229524
   -.1496442
   -.1734364
   -.1659089
   -.2083337
   -.2230246
   -.2281199
   -.2125511
   -.1852459
   -.1573003
   -.0957751
   -.0144023
    .0205439
    .0596641
    .0954748
    .1071657
    .1119873
    .1409922
    .1514856
    .1345928
    .1264053
    .1287034
    .1284549
    .1384172
    .1321631
    .1197757
    .1200181
    .1278772
    .1213659
    .1141487
    .0913194
    .0965999
    .0932940
    .0819812
    .0522503
    .0357359
    .0292463
    .0266617
    .0046892
   -.0209088
   -.0400853
   -.0392682
   -.0630650
   -.0900446
   -.1041490
   -.0771332
   -.0251082
   -.0218019
   -.0350305
   -.0984692
   -.0782457
    .1046541
    .0879316
   -.0405289
   -.0797666
   -.0297493
    .0648338
   -.0870065
   -.1640179
   -.0679233
    .0492184
    .0023039
   -.0962159
    .0082116
    .1518732
    .0818756
    .0502201
   -.0224408
    .0739891
    .0970714
   -.0747649
   -.1252405
    .0237434
    .0987900
    .0156884
   -.0232773
    .0528125
    .1660524
    .1082993
    .0916107
    .0978385
    .1281536
    .1663001
    .0467071
   -.0092804
   -.0191242
   -.0044153
   -.0082620
   -.0055300
    .0201946
    .0332178
    .0366448
    .0460453
    .0642022
    .0735061
    .0823588
    .0718713
    .0634981
    .0606489
    .0732858
    .0801171
    .0623647
    .0534416
    .0515544
    .0692964
    .0605680
    .0633164
    .0728386
    .0920272
    .1070146
    .1174306
    .1167377
    .1077934
    .1085046
    .1061689
    .0972705
    .0660288
    .0499614
    .0320656
    .0111760
   -.0114167
   -.0325636
   -.0576413
   -.0878823
   -.1008589
   -.1045596
   -.1068927
   -.1175870
   -.1114607
   -.0995989
   -.0736486
   -.0601092
   -.0608563
   -.0491808
   -.0103149
    .0097572
    .0310284
    .0556639
    .0801335
    .0974287
    .1042209
    .1059333
    .1085721
    .1251538
    .1200868
    .1175328
    .1003115
    .0861384
    .0687973
    .0316677
   -.0015181
   -.0418055
   -.0517479
   -.0664408
   -.0940674
   -.1093975
   -.1087860
   -.0995938
   -.1008528
   -.1107345
   -.1093907
   -.0955761
   -.0902768
   -.0865835
   -.0790912
   -.0691169
   -.0385376
   -.0057332
    .0198766
    .0392190
    .0611149
    .0857329
    .1001610
    .0914807
    .0763317
    .0774641
    .0811657
    .0811867
    .0738434
    .0578957
    .0414950
    .0489520
    .0448825
    .0194726
   -.0013259
   -.0139851
   -.0054144
   -.0160500
   -.0465536
   -.0428371
   -.0421041
   -.0372468
   -.0504289
   -.0452963
   -.0333371
   -.0345751
   -.0402654
   -.0426079
   -.0448557
   -.0540261
   -.0694650
   -.0809447
   -.0922036
   -.0958383
   -.1016077
   -.1218869
   -.1275223
   -.1310038
   -.1225325
   -.1037819
   -.0711043
   -.0534422
   -.0363270
    .0201890
    .0518785
    .0802582
    .1113086
    .1312746
    .1622059
    .1731858
    .1733759
    .1619611
    .1453494
    .0997938
    .0578018
    .0364520
   -.0020664
   -.0351797
   -.0851878
   -.0972594
   -.0886100
   -.0529627
   -.0500325
   -.0579305
   -.0862578
   -.0832603
   -.0819554
   -.1016661
   -.1223918
   -.1336465
   -.1320879
   -.1375002
   -.1334077
   -.1361683
   -.1265324
   -.0931584
   -.0731372
   -.0657808
   -.0673105
   -.0565579
   -.0435646
   -.0356771
   -.0511941
   -.0511873
   -.0530359
   -.0633003
   -.0765477
   -.0861571
   -.0842962
   -.0952421
   -.1023303
   -.1040491
   -.1005764
   -.0874306
   -.0706553
   -.0461165
   -.0301277
   -.0074473
    .0230189
    .0417352
    .0497570
    .0594324
    .0665890
    .0753440
    .0900475
    .0906976
    .0863701
    .0707045
    .0436082
    .0519260
    .0708201
    .0502955
    .0386248
    .0461879
    .0609395
    .0751080
    .0901969
    .1011447
    .1110688
    .1174799
    .1277771
    .1290344
    .1298821
    .1348146
    .1374877
    .1343406
    .1277975
    .1215247
    .1145207
    .1083794
    .1046897
    .0980273
    .0867307
    .0747973
    .0711881
    .0776834
    .0768251
    .0681153
    .0591105
    .0531339
    .0414124
    .0261709
   -.0077729
   -.0332946
   -.0524641
   -.0674251
   -.0842049
   -.0953905
   -.0996790
   -.0866790
   -.0794845
   -.0618759
   -.0490428
   -.0384637
   -.0297700
   -.0188542
   -.0140861
   -.0141232
   -.0072303
   -.0065925
   -.0111076
   -.0040883
   -.0038252
   -.0036338
    .0024300
    .0074408
    .0100283
    .0142585
    .0266499
    .0381326
    .0470740
    .0540683
    .0617427
    .0687045
    .0770568
    .0706634
    .0575725
    .0487668
    .0381198
    .0143786
   -.0038154
   -.0174223
   -.0270440
   -.0327165
   -.0412188
   -.0469006
   -.0486277
   -.0478287
   -.0424341
   -.0391724
   -.0353325
   -.0424455
   -.0475838
   -.0545984
   -.0662056
   -.0783106
   -.0915329
   -.1044780
   -.1220288
   -.1331177
   -.1417225
   -.1439174
   -.1404910
   -.1346358
   -.1303636
   -.1234823
   -.1197663
   -.1056431
   -.0956424
   -.0846515
   -.0801450
   -.0680231
   -.0621969
   -.0559343
   -.0449371
   -.0380581
   -.0295752
   -.0082711
    .0244921
    .0362187
    .0405442
    .0531961
    .0567531
    .0557939
    .0474683
    .0362267
    .0058713
    .0020354
   -.0029802
   -.0040545
    .0023465
    .0055302
    .0074735
    .0178443
    .0247925
    .0307702
    .0300412
    .0273172
    .0218690
    .0209308
    .0170199
    .0087076
    .0014459
   -.0042694
   -.0104006
   -.0165623
   -.0252242
   -.0360595
   -.0476202
   -.0544641
   -.0629516
   -.0726213
   -.0856782
   -.0969098
   -.1004598
   -.1047569
   -.1097664
   -.1103822
   -.1113255
   -.1079515
   -.1021337
   -.0986647
   -.0922854
   -.0819202
   -.0687041
   -.0549666
   -.0435619
   -.0312683
   -.0163309
   -.0041581
    .0039569
    .0151996
    .0206526
    .0258947
    .0269476
    .0239735
    .0203009
    .0214856
    .0222711
    .0219066
    .0174325
    .0182416
    .0250092
    .0297656
    .0319588
    .0337150
    .0345969
    .0352513
    .0290302
    .0205233
    .0103916
    .0019215
   -.0128820
   -.0266835
   -.0466949
   -.0595070
   -.0696334
   -.0682619
   -.0723183
   -.0715680
   -.0623406
   -.0494766
   -.0307214
   -.0143962
    .0036980
    .0195925
    .0348768
    .0501264
    .0594610
    .0640379
    .0717503
    .0777228
    .0813527
    .0832476
    .0787878
    .0667762
    .0562312
    .0468831
    .0402705
    .0336384
    .0293209
    .0234924
    .0188727
    .0164981
    .0052176
    .0182970
    .0268872
    .0384853
    .0310337
    .0245644
    .0166082
    .0001522
   -.0216604
   -.0387408
   -.0630216
   -.0717997
   -.0754578
   -.0714207
   -.0439746
   -.0240631
    .0385743
    .0584037
    .0879161
    .1040645
    .1196472
    .1247790
    .1312052
    .1015561
    .0395132
    .0113800
    .0078236
    .0194228
    .1049559
    .1288881
    .1446454
    .1547127
    .1661154
    .1698847
    .1620921
    .1466567
    .1198652
    .0955270
    .0314314
   -.0153261
   -.0703965
   -.0742884
   -.0838972
   -.0898463
   -.0893606
   -.0559496
   -.0461651
   -.0366975
   -.0243306
    .0598944
    .0780061
    .0834490
    .0859816
    .0850994
    .0873568
    .0786398
   -.0378279
   -.0587045
   -.0579405
   -.0506653
   -.0346909
   -.0190229
   -.0006800
    .0293498
    .0476094
    .0702082
    .0909964
    .1060614
    .1517319
    .1644936
    .1669799
    .1647158
    .1594324
    .1508198
    .1380743
    .1271269
    .1007474
    .0888003
    .0748278
    .0645972
    .0550730
    .0454421
    .0297946
    .0125072
    .0002835
   -.0109605
   -.0223472
   -.0316338
   -.0358704
   -.0427120
   -.0513128
   -.0540770
   -.0574421
   -.0637175
   -.0689447
   -.0666719
   -.0575928
   -.0454417
   -.0318370
   -.0222644
   -.0153210
   -.0052213
    .0006272
    .0040375
    .0102712
    .0167214
    .0209400
    .0249541
    .0320504
    .0402599
    .0466752
    .0489507
    .0485009
    .0494429
    .0513024
    .0485197
    .0440362
    .0437305
    .0439707
    .0402955
    .0356357
    .0349000
    .0316182
    .0252430
    .0170316
    .0091914
   -.0002178
   -.0097212
   -.0189570
   -.0285227
   -.0366516
   -.0437497
   -.0477742
   -.0511993
   -.0547620
   -.0609645
   -.0689621
   -.0742840
   -.0780562
   -.0820681
   -.0817710
   -.0821756
   -.0834604
   -.0860618
   -.0915294
   -.0978953
   -.1028628
   -.1014098
   -.0986889
   -.0956889
   -.0908000
   -.0777733
   -.0600781
   -.0422926
   -.0239830
   -.0024530
    .0154393
    .0301532
    .0408507
    .0481432
    .0576333
    .0622943
    .0642906
    .0638446
    .0656505
    .0668771
    .0635440
    .0570491
    .0509719
    .0485437
    .0498477
    .0516966
    .0511305
    .0499024
    .0487104
    .0492107
    .0521529
    .0522597
    .0495259
    .0485954
    .0484500
    .0520484
    .0559664
    .0597588
    .0612027
    .0611101
    .0617749
    .0608021
    .0638513
    .0692999
    .0772176
    .0854523
    .0933182
    .0993906
    .1033965
    .1022628
    .0948247
    .0844389
    .0755404
    .0668181
    .0572657
    .0483881
    .0412933
    .0335115
    .0255277
    .0153363
    .0050986
   -.0034493
   -.0093180
   -.0154955
   -.0253544
   -.0371512
   -.0469308
   -.0525079
   -.0526752
   -.0441672
   -.0303808
   -.0173262
   -.0059329
    .0078442
    .0202521
    .0293760
    .0380354
    .0452015
    .0504917
    .0533716
    .0515411
    .0446976
    .0331636
    .0169853
   -.0026048
   -.0226235
   -.0418373
   -.0568200
   -.0646897
   -.0622953
   -.0630459
   -.0639590
   -.0561581
   -.0451144
   -.0338078
   -.0236717
   -.0148324
   -.0073005
    .0005309
    .0089664
    .0173937
    .0260035
    .0332236
    .0394456
    .0440318
    .0432638
    .0390180
    .0327250
    .0282596
    .0227922
    .0166033
    .0105393
    .0032519
   -.0034203
   -.0088911
   -.0168274
   -.0233001
   -.0293702
   -.0342717
   -.0361468
   -.0355256
   -.0356972
   -.0367978
   -.0360098
   -.0333768
   -.0327694
   -.0356432
   -.0396133
   -.0416222
   -.0436448
   -.0446858
   -.0412485
   -.0360478
   -.0293799
   -.0196359
   -.0079310
    .0034671
    .0156941
    .0248718
    .0251206
    .0236373
    .0196153
    .0125564
    .0019831
   -.0057106
   -.0104239
   -.0132838
   -.0134150
   -.0111973
   -.0076678
   -.0038063
   -.0015211
   -.0004734
   -.0011263
   -.0021483
   -.0027160
   -.0040835
   -.0079684
   -.0135237
   -.0175896
   -.0169226
   -.0115736
   -.0039824
    .0030243
    .0102842
    .0175276
    .0227458
    .0236308
    .0199663
    .0127346
    .0046532
   -.0056596
   -.0182003
   -.0294443
   -.0384559
   -.0477637
   -.0532677
   -.0553192
   -.0551063
   -.0522355
   -.0456831
   -.0380206
   -.0303774
   -.0227068
   -.0129378
   -.0039920
    .0013394
    .0049878
    .0091291
    .0135254
    .0186228
    .0242194
    .0292460
    .0335793
    .0376327
    .0401387
    .0394132
    .0408197
    .0414118
    .0397983
    .0359471
    .0336604
    .0321304
    .0308354
    .0298217
    .0273029
    .0230751
    .0162351
    .0075893
   -.0018919
   -.0096645
   -.0145434
   -.0174222
   -.0228343
   -.0266452
   -.0301605
   -.0358103
   -.0371972
   -.0384280
   -.0414238
   -.0451072
   -.0455765
   -.0433901
   -.0390084
   -.0330183
   -.0260381
   -.0185189
   -.0113237
   -.0074005
   -.0054553
   -.0056099
   -.0068660
   -.0083768
   -.0086926
   -.0080899
   -.0039321
    .0029123
    .0116909
    .0203437
    .0277705
    .0310022
    .0321604
    .0302547
    .0299358
    .0315263
    .0357539
    .0417463
    .0489058
    .0574013
    .0662255
    .0742370
    .0780931
    .0786444
    .0781932
    .0776689
    .0766652
    .0741823
    .0672002
    .0594660
    .0511873
    .0451754
    .0410263
    .0392839
    .0375801
    .0331895
    .0283968
    .0262537
    .0205378
    .0136352
    .0102869
    .0053329
   -.0002085
   -.0036216
   -.0044825
   -.0059901
   -.0079577
   -.0097393
   -.0116506
   -.0125711
   -.0112896
   -.0090096
   -.0071266
   -.0072726
   -.0105140
   -.0150675
   -.0183998
   -.0211081
   -.0240236
   -.0250285
   -.0244897
   -.0233185
   -.0215001
   -.0191653
   -.0160823
   -.0109016
   -.0075589
   -.0061329
   -.0026738
    .0031714
    .0050161
    .0034279
    .0023065
    .0004473
   -.0001258
    .0000398
    .0012154
    .0047094
    .0101092
    .0173021
    .0251614
    .0316735
    .0337884
    .0320993
    .0279494
    .0213963
    .0125701
    .0024739
   -.0055358
   -.0093364
   -.0096588
   -.0062911
    .0013156
    .0105505
    .0190675
    .0264697
    .0324040
    .0353781
    .0347314
    .0310689
    .0213350
    .0089261
   -.0033353
   -.0154112
   -.0263998
   -.0335921
   -.0417214
   -.0483240
   -.0518573
   -.0525092
   -.0491292
   -.0451319
   -.0415805
   -.0382164
   -.0356378
   -.0331727
   -.0302096
   -.0274402
   -.0244130
   -.0204713
   -.0150797
   -.0111361
   -.0089357
   -.0055995
   -.0021261
   -.0021840
   -.0038289
   -.0056981
   -.0076043
   -.0089892
   -.0079485
   -.0047816
   -.0006906
    .0059137
    .0144359
    .0215027
    .0314186
    .0427273
    .0511320
    .0586816
    .0626751
    .0654794
    .0647453
    .0612021
    .0548217
    .0469463
    .0415924
    .0355954
    .0320258
    .0285226
    .0249910
    .0216155
    .0191127
    .0184331
    .0151264
    .0108485
    .0077715
    .0054065
    .0037895
    .0036774
    .0042777
    .0050882
    .0065873
    .0085265
    .0092815
    .0102057
    .0097180
    .0099135
    .0128278
    .0173861
    .0245172
    .0320464
    .0382681
    .0426547
    .0458054
    .0473693
    .0477714
    .0463833
    .0440164
    .0424632
    .0413593
    .0399715
    .0396115
    .0392978
    .0378119
    .0354510
    .0331158
    .0317977
    .0312495
    .0316109
    .0326930
    .0323733
    .0313060
    .0322851
    .0330564
    .0310899
    .0267470
    .0197498
    .0106079
    .0009091
   -.0080101
   -.0161575
   -.0235270
   -.0301499
   -.0367744
   -.0417990
   -.0455621
   -.0478340
   -.0486121
   -.0485218
   -.0471396
   -.0458722
   -.0450891
   -.0462516
   -.0472855
   -.0462215
   -.0439423
   -.0407531
   -.0359354
   -.0300422
   -.0218893
   -.0125454
   -.0016257
    .0084034
    .0172802
    .0235109
    .0272972
    .0297135
    .0317251
    .0310774
    .0253550
    .0187173
    .0116735
    .0051844
    .0019579
   -.0007485
   -.0030247
   -.0015780
    .0011321
    .0048930
    .0067796
    .0100265
    .0122807
    .0137448
    .0140115
    .0132640
    .0111798
    .0089473
    .0086943
    .0101718
    .0108102
    .0097140
    .0083107
    .0052913
    .0013002
   -.0023286
   -.0042499
   -.0056945
   -.0096975
   -.0139838
   -.0127058
   -.0101688
   -.0095138
   -.0075470
   -.0054373
   -.0049377
   -.0057150
   -.0068504
   -.0095158
   -.0130315
   -.0161681
   -.0189229
   -.0205280
   -.0200388
   -.0174746
   -.0168807
   -.0159355
   -.0128447
   -.0092870
   -.0051576
   -.0020995
    .0020336
    .0064732
    .0105203
    .0115582
    .0125727
    .0130242
    .0086892
    .0067376
    .0072109
    .0046736
    .0039712
    .0075496
    .0111519
    .0124208
    .0159242
    .0201843
    .0213336
    .0225036
    .0248920
    .0264840
    .0257763
    .0235056
    .0201570
    .0143325
    .0074763
    .0021749
   -.0006581
   -.0009832
    .0010195
    .0031826
    .0049700
    .0067601
    .0069002
    .0056253
    .0054784
    .0050323
    .0047361
    .0046394
    .0044329
    .0060120
    .0093156
    .0102360
    .0110635
    .0150964
    .0182642
    .0170052
    .0139113
    .0111805
    .0083779
    .0065082
    .0052834
    .0056507
    .0066702
    .0083028
    .0098378
    .0095232
    .0090479
    .0077739
    .0051100
    .0013150
   -.0004159
   -.0000733
    .0017634
    .0029854
    .0077785
    .0142664
    .0194948
    .0229929
    .0256048
    .0273511
    .0286457
    .0288364
    .0285962
    .0275968
    .0256932
    .0233766
    .0197845
    .0158459
    .0115560
    .0065133
   -.0014379
   -.0094177
   -.0149744
   -.0186608
   -.0208529
   -.0212911
   -.0207599
   -.0192027
   -.0160713
   -.0130253
   -.0098589
   -.0055543
   -.0027250
   -.0003306
    .0032861
    .0073475
    .0097813
    .0082162
    .0080224
    .0085996
    .0079598
    .0066230
    .0074203
    .0085971
    .0074175
    .0084698
    .0106605
    .0129350
    .0132336
    .0127262
    .0117708
    .0110565
    .0105865
    .0096835
    .0088677
    .0105741
    .0123756
    .0128636
    .0146719
    .0168253
    .0181780
    .0182994
    .0184974
    .0192452
    .0204883
    .0222814
    .0227836
    .0234375
    .0248669
    .0259646
    .0264508
    .0244688
    .0214664
    .0191036
    .0167724
    .0139902
    .0116427
    .0100011
    .0085545
    .0062694
    .0030386
    .0007431
   -.0021103
   -.0050384
   -.0082469
   -.0095339
   -.0091573
   -.0083080
   -.0063230
   -.0044705
   -.0034240
   -.0018018
   -.0005454
   -.0012065
   -.0035403
   -.0051019
   -.0065617
   -.0093699
   -.0114340
   -.0125175
   -.0135969
   -.0137404
   -.0139892
   -.0135665
   -.0139799
   -.0152618
   -.0162448
   -.0164661
   -.0169562
   -.0167200
   -.0158077
   -.0144124
   -.0122001
   -.0083121
   -.0038773
    .0000628
    .0034668
    .0055379
    .0059281
    .0061743
    .0062607
    .0057941
    .0049520
    .0044854
    .0041612
    .0034020
    .0023282
    .0029088
    .0022753
    .0006815
   -.0011638
   -.0032224
   -.0051949
   -.0063379
   -.0062999
   -.0060290
   -.0055530
   -.0040906
   -.0016678
    .0011355
    .0044251
    .0078733
    .0107704
    .0129427
    .0140349
    .0140289
    .0127512
    .0107735
    .0088681
    .0070150
    .0046615
    .0023231
   -.0002284
   -.0032163
   -.0062969
   -.0101138
   -.0145752
   -.0178003
   -.0191324
   -.0176344
   -.0164394
   -.0145834
   -.0101022
   -.0049158
    .0004352
    .0056666
    .0103523
    .0138787
    .0162357
    .0169884
    .0164509
    .0140768
    .0101510
    .0062947
    .0026131
   -.0002659
   -.0022849
   -.0046349
   -.0067919
   -.0080394
   -.0092172
   -.0100049
   -.0086098
   -.0061500
   -.0034759
   -.0001309
    .0035038
    .0071697
    .0116521
    .0153526
    .0179685
    .0206063
    .0241126
    .0270105
    .0297945
    .0309343
    .0330579
    .0339096
    .0345798
    .0360827
    .0371868
    .0373892
    .0370559
    .0349510
    .0318954
    .0287836
    .0257389
    .0223071
    .0190452
    .0149666
    .0108119
    .0064240
    .0047356
    .0047302
    .0063772
    .0096798
    .0126689
    .0141939
    .0149087
    .0142633
    .0122776
    .0102807
    .0083154
    .0056284
    .0034483
    .0023189
    .0016651
    .0011795
    .0009782
    .0000648
   -.0010991
   -.0022670
   -.0033815
   -.0047407
   -.0059546
   -.0077306
   -.0096263
   -.0110336
   -.0126117
   -.0136526
   -.0144125
   -.0148927
   -.0156478
   -.0160209
   -.0180522
   -.0219179
   -.0264480
   -.0291516
   -.0312090
   -.0328285
   -.0325225
   -.0301937
   -.0257164
   -.0202732
   -.0149486
   -.0102616
   -.0063407
   -.0031766
   -.0009526
    .0002308
    .0012277
    .0025855
    .0043952
    .0067858
    .0098974
    .0132080
    .0160023
    .0182784
    .0196468
    .0203667
    .0210973
    .0215566
    .0219762
    .0227523
    .0243974
    .0269439
    .0299144
    .0324390
    .0346089
    .0363157
    .0375385
    .0373938
    .0366740
    .0346275
    .0312937
    .0278098
    .0244934
    .0193440
    .0123366
    .0058397
    .0007627
   -.0039685
   -.0076765
   -.0102255
   -.0116380
   -.0113357
   -.0093872
   -.0073798
   -.0066022
   -.0071588
   -.0088220
   -.0109733
   -.0129322
   -.0143097
   -.0155126
   -.0173381
   -.0189305
   -.0199374
   -.0205325
   -.0212144
   -.0221728
   -.0224937
   -.0220207
   -.0218510
   -.0220459
   -.0213997
   -.0205972
   -.0207649
   -.0221027
   -.0240475
   -.0263283
   -.0278195
   -.0277524
   -.0263705
   -.0235899
   -.0194482
   -.0145597
   -.0094729
   -.0044248
   -.0002511
    .0024598
    .0034060
    .0033819
    .0025245
    .0011143
   -.0000229
   -.0010698
   -.0020255
   -.0023006
   -.0016098
   -.0005608
    .0013496
    .0035592
    .0058727
    .0078096
    .0097269
    .0114089
    .0125466
    .0124426
    .0111200
    .0097652
    .0080887
    .0061658
    .0044937
    .0030795
    .0020741
    .0016772
    .0014767
    .0007794
   -.0003130
   -.0015608
   -.0029762
   -.0045204
   -.0055255
   -.0055774
   -.0055243
   -.0052723
   -.0052163
   -.0048221
   -.0043593
   -.0043944
   -.0052212
   -.0061012
   -.0061758
   -.0050264
   -.0023644
    .0009336
    .0049356
    .0092445
    .0128705
    .0151677
    .0159812
    .0157627
    .0144371
    .0123622
    .0101168
    .0083251
    .0064945
    .0047131
    .0032695
    .0016901
    .0000318
   -.0006335
   -.0008135
   -.0009299
   -.0008028
   -.0006509
   -.0004270
   -.0002612
   -.0005802
   -.0016946
   -.0031897
   -.0046591
   -.0059093
   -.0066345
   -.0075911
   -.0087885
   -.0102532
   -.0115724
   -.0128147
   -.0145698
   -.0162125
   -.0167163
   -.0161498
   -.0138395
   -.0090975
   -.0024631
    .0048158
    .0119108
    .0182901
    .0235066
    .0268489
    .0295838
    .0312861
    .0316527
    .0302615
    .0281735
    .0267657
    .0264584
    .0265068
    .0265555
    .0269244
    .0273568
    .0278193
    .0284413
    .0290345
    .0296039
    .0296921
    .0293702
    .0278754
    .0266312
    .0251636
    .0233681
    .0201339
    .0166969
    .0136751
    .0114216
    .0104927
    .0106197
    .0119916
    .0145541
    .0172691
    .0197810
    .0222917
    .0242682
    .0254239
    .0260949
    .0265246
    .0261593
    .0257923
    .0258589
    .0260971
    .0254299
    .0255213
    .0265233
    .0265897
    .0253777
    .0249123
    .0246876
    .0244456
    .0236286
    .0231742
    .0231331
    .0229019
    .0223613
    .0214444
    .0202102
    .0186834
    .0168686
    .0149066
    .0131375
    .0114523
    .0095545
    .0077767
    .0063680
    .0054543
    .0044978
    .0031494
    .0020478
    .0012196
    .0001401
   -.0004329
   -.0001783
    .0002344
    .0005573
    .0016724
    .0029809
    .0038237
    .0049938
    .0069398
    .0080254
    .0076991
    .0080745
    .0071230
    .0055142
    .0036693
    .0019186
   -.0001895
   -.0013041
   -.0012539
   -.0004768
    .0011809
    .0034745
    .0054629
    .0070198
    .0076874
    .0067663
    .0048053
    .0020067
   -.0017864
   -.0060519
   -.0104428
   -.0149254
   -.0190166
   -.0229337
   -.0260548
   -.0279734
   -.0293044
   -.0300800
   -.0302185
   -.0297992
   -.0292779
   -.0284961
   -.0276503
   -.0261932
   -.0243858
   -.0231934
   -.0224660
   -.0207736
   -.0185978
   -.0169208
   -.0152914
   -.0125898
   -.0097667
   -.0078007
   -.0067947
   -.0074516
   -.0095763
   -.0107192
   -.0113655
   -.0130654
   -.0143543
   -.0137130
   -.0121565
   -.0104905
   -.0081929
   -.0056191
   -.0033300
   -.0013279
   -.0002005
   -.0008527
   -.0029378
   -.0050038
   -.0070497
   -.0107028
   -.0144476
   -.0161490
   -.0177657
   -.0193983
   -.0189770
   -.0171428
   -.0151075
   -.0123460
   -.0086967
   -.0050196
   -.0023223
    .0017848
    .0050613
    .0064828
    .0073568
    .0085559
    .0087163
    .0085973
    .0081673
    .0076326
    .0071591
    .0073757
    .0078889
    .0084607
    .0089869
    .0095482
    .0097702
    .0093104
    .0091517
    .0097872
    .0101322
    .0095169
    .0093095
    .0088526
    .0076902
    .0057698
    .0035073
    .0011611
   -.0004122
   -.0007570
   -.0009044
   -.0000056
    .0018786
    .0035376
    .0059061
    .0090879
    .0119498
    .0145824
    .0173614
    .0197914
    .0214410
    .0222321
    .0220265
    .0210839
    .0199422
    .0182851
    .0161310
    .0133123
    .0110062
    .0091884
    .0068860
    .0043628
    .0022571
    .0007566
   -.0000422
   -.0007223
   -.0017796
   -.0023551
   -.0024195
   -.0028559
   -.0039301
   -.0036089
   -.0031411
   -.0037079
   -.0043729
   -.0038290
   -.0027410
   -.0016687
    .0002271
    .0024029
    .0047836
    .0072648
    .0091970
    .0103289
    .0108265
    .0108925
    .0105131
    .0099830
    .0098047
    .0097199
    .0092377
    .0084379
    .0083256
    .0093555
    .0102349
    .0103211
    .0108931
    .0115893
    .0117382
    .0118572
    .0120133
    .0120669
    .0115393
    .0106599
    .0091227
    .0070389
    .0048549
    .0028089
    .0010317
    .0000252
   -.0005639
   -.0017328
   -.0021635
   -.0015949
   -.0012572
   -.0017896
   -.0020462
   -.0019798
   -.0022738
   -.0033096
   -.0043911
   -.0045016
   -.0038588
   -.0035082
   -.0023604
   -.0004113
    .0010054
    .0027901
    .0049966
    .0058447
    .0064663
    .0069607
    .0062313
    .0055084
    .0057210
    .0059711
    .0053582
    .0055084
    .0062133
    .0069825
    .0080168
    .0091040
    .0099623
    .0104776
    .0100528
    .0090890
    .0081223
    .0071127
    .0063053
    .0060418
    .0065147
    .0081114
    .0104538
    .0130649
    .0156308
    .0174846
    .0186054
    .0189084
    .0182936
    .0175326
    .0171989
    .0170032
    .0166781
    .0164657
    .0166918
    .0171866
    .0174042
    .0170488
    .0159792
    .0160736
    .0160110
    .0147815
    .0125601
    .0108129
    .0090940
    .0077105
    .0060317
    .0050095
    .0045933
    .0041307
    .0027634
    .0015553
    .0008916
    .0016190
    .0034283
    .0055927
    .0077618
    .0093250
    .0098346
    .0094762
    .0081093
    .0059057
    .0034508
    .0010836
   -.0012403
   -.0025481
   -.0027809
   -.0026065
   -.0023409
   -.0023951
   -.0027707
   -.0029933
   -.0032164
   -.0036801
   -.0042089
   -.0045253
   -.0047097
   -.0046395
   -.0041678
   -.0037075
   -.0035001
   -.0037440
   -.0043390
   -.0051864
   -.0061932
   -.0071299
   -.0077269
   -.0074384
   -.0063937
   -.0053733
   -.0045492
   -.0034742
   -.0024742
   -.0016809
   -.0013845
   -.0012550
   -.0005857
   -.0001406
   -.0004736
    .0001545
    .0008279
    .0012886
    .0017407
    .0022698
    .0018551
    .0004048
   -.0005989
   -.0012068
   -.0014493
   -.0018033
   -.0018209
   -.0012831
   -.0002029
    .0014207
    .0033813
    .0052707
    .0069643
    .0082571
    .0091532
    .0098284
    .0103484
    .0105115
    .0101051
    .0096962
    .0091635
    .0080738
    .0070187
    .0062825
    .0053133
    .0043549
    .0034240
    .0024567
    .0014164
    .0004463
    .0000388
    .0000312
   -.0001255
    .0005818
    .0016016
    .0016900
    .0017951
    .0025375
    .0037402
    .0051476
    .0066496
    .0088302
    .0112978
    .0137404
    .0158025
    .0180092
    .0196194
    .0208950
    .0219006
    .0225288
    .0227940
    .0224245
    .0216671
    .0210543
    .0207764
    .0208587
    .0211639
    .0218034
    .0222457
    .0223051
    .0221578
    .0213773
    .0202268
    .0190588
    .0176016
    .0158059
    .0141145
    .0122899
    .0106941
    .0088732
    .0067159
    .0057745
    .0053170
    .0046113
    .0042612
    .0050279
    .0052354
    .0050132
    .0042847
    .0029275
    .0013854
    .0002774
   -.0003696
   -.0005348
   -.0001656
    .0008110
    .0021050
    .0034126
    .0041502
    .0043364
    .0036856
    .0023419
    .0004995
   -.0015234
   -.0031689
   -.0039997
   -.0038778
   -.0035983
   -.0027951
   -.0010917
    .0006926
    .0024707
    .0041081
    .0055703
    .0066006
    .0073445
    .0079154
    .0083198
    .0082529
    .0080205
    .0075338
    .0066490
    .0054130
    .0041331
    .0026763
    .0014065
    .0007506
    .0004163
   -.0001680
   -.0008665
   -.0019462
   -.0034928
   -.0054441
   -.0074286
   -.0095726
   -.0111625
   -.0123105
   -.0131637
   -.0145964
   -.0156219
   -.0159456
   -.0161455
   -.0161735
   -.0162789
   -.0165410
   -.0168922
   -.0173997
   -.0173688
   -.0163134
   -.0155071
   -.0141452
   -.0125725
   -.0109340
   -.0096831
   -.0086639
   -.0083545
   -.0084287
   -.0085304
   -.0087393
   -.0087437
   -.0085014
   -.0081304
   -.0077989
   -.0074329
   -.0072398
   -.0073508
   -.0080044
   -.0091449
   -.0108553
   -.0125910
   -.0141268
   -.0152696
   -.0165228
   -.0175131
   -.0176540
   -.0169873
   -.0153397
   -.0131778
   -.0109626
   -.0089693
   -.0076190
   -.0067587
   -.0063855
   -.0063753
   -.0064388
   -.0063403
   -.0060926
   -.0061852
   -.0063221
   -.0061737
   -.0057450
   -.0052724
   -.0047292
   -.0038919
   -.0028329
   -.0016085
   -.0002300
    .0008187
    .0019594
    .0036678
    .0053995
    .0068194
    .0082089
    .0096682
    .0112982
    .0129292
    .0146753
    .0163728
    .0179234
    .0193588
    .0206983
    .0221721
    .0239503
    .0254779
    .0265758
    .0276195
    .0285951
    .0289674
    .0287221
    .0283302
    .0276982
    .0267233
    .0259494
    .0253403
    .0247471
    .0239331
    .0235217
    .0236156
    .0237367
    .0237632
    .0244069
    .0254904
    .0258375
    .0266249
    .0280541
    .0286574
    .0290577
    .0295150
    .0293265
    .0287110
    .0279055
    .0267720
    .0257104
    .0251117
    .0248881
    .0251522
    .0257662
    .0265583
    .0274201
    .0283652
    .0288172
    .0287446
    .0281450
    .0268754
    .0246509
    .0220927
    .0188807
    .0158222
    .0136485
    .0122858
    .0099060
    .0074708
    .0063874
    .0054834
    .0044208
    .0028684
    .0011448
   -.0008757
   -.0028290
   -.0045231
   -.0059840
   -.0070385
   -.0075896
   -.0078990
   -.0081290
   -.0082138
   -.0080522
   -.0081175
   -.0082762
   -.0084633
   -.0085473
   -.0089026
   -.0091836
   -.0096113
   -.0094964
   -.0089577
   -.0081994
   -.0073645
   -.0061505
   -.0047167
   -.0026300
   -.0002833
    .0019263
    .0038987
    .0051589
    .0062036
    .0072502
    .0081573
    .0090202
    .0101802
    .0112027
    .0124346
    .0142415
    .0160636
    .0176569
    .0189123
    .0196257
    .0196373
    .0191126
    .0180307
    .0166933
    .0151283
    .0130245
    .0103204
    .0077146
    .0054836
    .0031301
    .0010325
   -.0010826
   -.0031162
   -.0048509
   -.0063573
   -.0078567
   -.0089517
   -.0088816
   -.0078959
   -.0065113
   -.0044574
   -.0022544
   -.0002806
    .0011140
    .0020054
    .0022227
    .0017468
    .0004826
   -.0012488
   -.0032635
   -.0053411
   -.0070546
   -.0082765
   -.0095068
   -.0103420
   -.0106739
   -.0105849
   -.0102266
   -.0095345
   -.0086921
   -.0078711
   -.0070293
   -.0062333
   -.0056472
   -.0050997
   -.0043702
   -.0037538
   -.0034962
   -.0032863
   -.0031551
   -.0034915
   -.0039767
   -.0046349
   -.0055547
   -.0065123
   -.0075541
   -.0087085
   -.0096025
   -.0101554
   -.0106687
   -.0109501
   -.0109852
   -.0110242
   -.0108369
   -.0104705
   -.0099028
   -.0084228
   -.0064308
   -.0044160
   -.0021383
    .0005011
    .0030893
    .0055534
    .0074869
    .0079985
    .0089248
    .0101902
    .0108828
    .0118064
    .0127734
    .0135302
    .0143157
    .0150235
    .0153723
    .0153594
    .0153538
    .0151813
    .0143829
    .0138907
    .0138399
    .0136004
    .0127858
    .0125442
    .0124263
    .0119469
    .0116791
    .0116920
    .0112111
    .0106268
    .0108373
    .0114758
    .0115804
    .0113054
    .0112558
    .0118505
    .0122429
    .0124832
    .0124191
    .0127797
    .0133460
    .0131277
    .0132046
    .0141386
    .0148108
    .0144183
    .0137612
    .0135938
    .0131420
    .0118483
    .0108851
    .0101823
    .0085528
    .0071782
    .0066742
    .0054074
    .0043396
    .0037911
    .0026440
    .0016666
    .0018161
    .0020471
    .0017121
    .0021389
    .0030766
    .0034280
    .0040627
    .0051456
    .0059451
    .0063554
    .0070915
    .0080400
    .0084920
    .0089047
    .0094226
    .0092809
    .0090669
    .0093844
    .0099988
    .0103336
    .0106204
    .0110464
    .0114491
    .0115441
    .0111814
    .0107735
    .0102027
    .0091786
    .0079967
    .0071934
    .0061124
    .0050217
    .0042610
    .0034420
    .0025493
    .0021344
    .0017806
    .0014409
    .0014287
    .0013472
    .0016243
    .0029333
    .0034970
    .0046092
    .0057293
    .0059185
    .0056228
    .0053755
    .0047780
    .0037476
    .0025462
    .0011406
   -.0000489
   -.0006368
   -.0008968
   -.0010153
   -.0013929
   -.0018899
   -.0018819
   -.0016411
   -.0017764
   -.0018463
   -.0018209
   -.0023744
   -.0032402
   -.0034645
   -.0052991
   -.0061764
   -.0053043
   -.0060362
   -.0072736
   -.0061265
   -.0044912
   -.0030450
   -.0017185
   -.0003651
    .0009601
    .0025128
    .0039561
    .0045036
    .0052405
    .0062529
    .0051814
    .0042416
    .0040175
    .0024540
    .0014150
    .0007860
   -.0008264
   -.0015019
   -.0011472
   -.0013546
   -.0010459
   -.0004821
   -.0002871
    .0002385
    .0011370
    .0008745
    .0005962
    .0005181
    .0001137
   -.0006668
   -.0007415
   -.0007462
   -.0012517
   -.0015636
   -.0009394
   -.0005469
   -.0004421
   -.0001670
    .0001187
   -.0004651
   -.0006109
   -.0003560
   -.0006229
   -.0006802
   -.0005017
   -.0011211
   -.0010670
   -.0003911
    .0001393
    .0006004
    .0019558
    .0031996
    .0043649
    .0058304
    .0071927
    .0086367
    .0102207
    .0116970
    .0123253
    .0125959
    .0126024
    .0123363
    .0114664
    .0103459
    .0092122
    .0076199
    .0063741
    .0054163
    .0045523
    .0037099
    .0031519
    .0022140
    .0014323
    .0013429
    .0022935
    .0024481
    .0023338
    .0028919
    .0030672
    .0023132
    .0019404
    .0013517
   -.0000135
   -.0005263
   -.0003669
    .0000730
    .0010002
    .0024005
    .0037040
    .0047365
    .0056572
    .0062070
    .0068161
    .0074149
    .0079361
    .0082683
    .0084088
    .0089038
    .0089739
    .0088132
    .0088677
    .0090644
    .0100481
    .0114356
    .0136406
    .0150488
    .0159494
    .0169291
    .0172843
    .0170977
    .0166180
    .0157785
    .0146664
    .0136329
    .0127251
    .0114655
    .0102156
    .0094376
    .0090675
    .0086237
    .0083225
    .0080531
    .0075837
    .0073655
    .0073218
    .0073646
    .0076602
    .0078854
    .0076848
    .0074905
    .0080558
    .0081866
    .0082845
    .0092365
    .0096335
    .0095295
    .0106130
    .0116124
    .0120642
    .0126009
    .0132120
    .0130995
    .0134872
    .0137348
    .0126704
    .0118768
    .0105639
    .0084180
    .0069279
    .0051191
    .0033875
    .0015720
    .0005558
   -.0003950
   -.0013543
   -.0018795
   -.0018414
   -.0018265
   -.0020928
   -.0018089
   -.0011797
   -.0013371
   -.0015247
   -.0016146
   -.0023931
   -.0029741
   -.0032174
   -.0036501
   -.0045163
   -.0048277
   -.0048742
   -.0050131
   -.0047742
   -.0040427
   -.0033258
   -.0027235
   -.0017521
   -.0002507
    .0014577
    .0029068
    .0039557
    .0047912
    .0053349
    .0056821
    .0063015
    .0069548
    .0067746
    .0056387
    .0041801
    .0037185
    .0031611
    .0016617
    .0003320
    .0002913
    .0000184
   -.0003388
   -.0004815
   -.0004416
   -.0002707
   -.0000154
    .0003481
    .0010098
    .0020261
    .0024931
    .0022469
    .0031029
    .0034946
    .0029643
    .0032568
    .0036587
    .0032300
    .0030273
    .0030741
    .0026780
    .0016455
    .0007476
    .0001982
   -.0007581
   -.0018782
   -.0021013
   -.0022779
   -.0031032
   -.0036427
   -.0037898
   -.0042458
   -.0046604
   -.0044526
   -.0038782
   -.0031804
   -.0022218
   -.0010807
    .0001560
    .0011466
    .0018170
    .0022315
    .0024009
    .0024594
    .0025288
    .0025505
    .0014576
    .0002449
    .0009697
    .0024537
    .0037384
    .0049572
    .0059286
    .0060170
    .0048201
    .0018672
   -.0016244
   -.0045149
   -.0065513
   -.0075624
   -.0074338
   -.0067062
   -.0059366
   -.0055391
   -.0050049
   -.0039842
   -.0027207
   -.0013673
   -.0000838
    .0013086
    .0024908
    .0031253
    .0031015
    .0037518
    .0052380
    .0052690
    .0057316
    .0076209
    .0092790
    .0103745
    .0123266
    .0139405
    .0151234
    .0157668
    .0156611
    .0145381
    .0122461
    .0107257
    .0094108
    .0076347
    .0070237
    .0080580
    .0084769
    .0094357
    .0114016
    .0128014
    .0136169
    .0157635
    .0171770
    .0177077
    .0190520
    .0203202
    .0203937
    .0207461
    .0214408
    .0213666
    .0211788
    .0211103
    .0205832
    .0192815
    .0181224
    .0166895
    .0159827
    .0161090
    .0165023
    .0173377
    .0181056
    .0181807
    .0172175
    .0151731
    .0117527
    .0075840
    .0039346
    .0012032
   -.0008354
   -.0013442
   -.0007021
   -.0001057
    .0001918
    .0006368
    .0003423
   -.0006066
   -.0019041
   -.0034383
   -.0045801
   -.0048450
   -.0047903
   -.0049408
   -.0045419
   -.0039283
   -.0040780
   -.0035598
   -.0020733
   -.0004257
    .0007754
    .0019749
    .0034044
    .0038907
    .0032092
    .0028568
    .0017894
   -.0001100
   -.0018117
   -.0028926
   -.0033937
   -.0035598
   -.0034917
   -.0027485
   -.0016582
   -.0008319
   -.0003765
   -.0003313
   -.0004796
   -.0006081
   -.0007677
   -.0008593
   -.0011084
   -.0016910
   -.0021513
   -.0026990
   -.0042144
   -.0058548
   -.0068966
   -.0068943
   -.0062389
   -.0048273
   -.0028410
   -.0006159
    .0013632
    .0025754
    .0035588
    .0037099
    .0036451
    .0039859
    .0046687
    .0053992
    .0059548
    .0060229
    .0055486
    .0047675
    .0039777
    .0036304
    .0039312
    .0047039
    .0056917
    .0067332
    .0076103
    .0080659
    .0077958
    .0066853
    .0054570
    .0043247
    .0034304
    .0038412
    .0053469
    .0069702
    .0089122
    .0109236
    .0127855
    .0143461
    .0157945
    .0157938
    .0140527
    .0119568
    .0098582
    .0078989
    .0067909
    .0060409
    .0052661
    .0054960
    .0067828
    .0080063
    .0091607
    .0099385
    .0098498
    .0092427
    .0086018
    .0083492
    .0082740
    .0082441
    .0085432
    .0090124
    .0094337
    .0094948
    .0090731
    .0084385
    .0078854
    .0074994
    .0072433
    .0072308
    .0074186
    .0077175
    .0081508
    .0087272
    .0093160
    .0097465
    .0097675
    .0091746
    .0086145
    .0083397
    .0080507
    .0077590
    .0076242
    .0078162
    .0080191
    .0083318
    .0086680
    .0091820
    .0094175
    .0089665
    .0077917
    .0062784
    .0046386
    .0030066
    .0016290
    .0006769
   -.0001733
   -.0003643
   -.0001699
    .0001038
    .0004278
    .0006024
    .0007141
    .0005971
    .0005408
    .0008235
    .0011223
    .0010605
    .0007641
    .0001653
   -.0007590
   -.0020638
   -.0036369
   -.0052865
   -.0066993
   -.0080109
   -.0095745
   -.0108859
   -.0111046
   -.0113259
   -.0123166
   -.0132547
   -.0136648
   -.0138920
   -.0138588
   -.0138327
   -.0137708
   -.0130482
   -.0120519
   -.0113978
   -.0105570
   -.0095015
   -.0086561
   -.0081021
   -.0076074
   -.0071747
   -.0067140
   -.0061580
   -.0056468
   -.0050734
   -.0043801
   -.0038656
   -.0037857
   -.0033188
   -.0024623
   -.0018025
   -.0011640
   -.0001981
    .0008153
    .0014159
    .0016173
    .0017110
    .0016815
    .0018264
    .0020704
    .0022457
    .0029725
    .0040543
    .0045420
    .0053684
    .0064585
    .0071152
    .0073750
    .0073396
    .0073705
    .0074266
    .0072841
    .0073049
    .0078568
    .0084055
    .0086801
    .0093930
    .0102580
    .0107475
    .0109607
    .0110849
    .0114155
    .0118009
    .0120040
    .0117037
    .0114278
    .0115290
    .0118384
    .0123040
    .0126424
    .0130297
    .0134000
    .0135958
    .0134531
    .0132327
    .0129876
    .0126364
    .0117566
    .0116051
    .0120918
    .0120994
    .0121640
    .0126925
    .0127246
    .0122857
    .0121637
    .0119645
    .0114626
    .0113511
    .0118967
    .0127941
    .0136525
    .0141663
    .0145890
    .0147570
    .0145254
    .0139098
    .0130288
    .0120491
    .0111108
    .0105010
    .0100730
    .0096731
    .0092820
    .0088847
    .0083627
    .0085232
    .0086751
    .0082540
    .0081739
    .0084664
    .0084450
    .0084750
    .0086831
    .0083100
    .0077132
    .0073166
    .0067607
    .0057401
    .0052866
    .0049384
    .0039376
    .0037426
    .0039921
    .0033425
    .0033688
    .0037358
    .0034230
    .0035684
    .0041944
    .0042092
    .0042428
    .0044317
    .0041749
    .0036243
    .0033934
    .0028447
    .0017745
    .0009659
    .0004817
   -.0004873
   -.0012448
   -.0013538
   -.0015558
   -.0024399
   -.0034043
   -.0047936
   -.0064673
   -.0079584
   -.0091756
   -.0099718
   -.0101155
   -.0098872
   -.0092701
   -.0083403
   -.0080258
   -.0067794
   -.0045729
   -.0033142
   -.0024634
   -.0016272
   -.0009276
   -.0006588
   -.0005194
   -.0000230
   -.0001401
   -.0000746
    .0001560
   -.0000548
   -.0007222
   -.0012944
   -.0019185
   -.0032435
   -.0045923
   -.0056138
   -.0065247
   -.0072124
   -.0073190
   -.0069831
   -.0065154
   -.0060196
   -.0055016
   -.0049424
   -.0044081
   -.0037482
   -.0028999
   -.0021383
   -.0014426
   -.0001830
    .0013538
    .0026984
    .0038870
    .0047817
    .0057242
    .0067238
    .0070336
    .0075747
    .0084462
    .0087983
    .0091871
    .0096621
    .0101510
    .0105062
    .0107808
    .0108173
    .0107776
    .0110694
    .0114164
    .0111440
    .0107940
    .0106733
    .0103003
    .0094601
    .0089388
    .0087941
    .0087832
    .0091163
    .0096011
    .0101857
    .0104397
    .0107262
    .0108026
    .0103533
    .0102951
    .0105521
    .0102227
    .0100495
    .0102038
    .0104257
    .0103613
    .0101647
    .0097271
    .0094842
    .0096158
    .0096895
    .0092897
    .0089224
    .0086324
    .0082196
    .0078084
    .0074684
    .0067367
    .0054541
    .0040447
    .0029730
    .0025011
    .0012437
   -.0007992
   -.0016852
   -.0012807
   -.0017856
   -.0017634
   -.0005184
    .0002647
   -.0001529
    .0007381
    .0012575
    .0012431
    .0013172
    .0030970
    .0041321
    .0040003
    .0057145
    .0081457
    .0077043
    .0077112
    .0084005
    .0076565
    .0068064
    .0067546
    .0059374
    .0049705
    .0053371
    .0043457
    .0037871
    .0040386
    .0030367
    .0028080
    .0034636
    .0032272
    .0031947
    .0041643
    .0040677
    .0025633
    .0017267
    .0017991
    .0009480
    .0007764
    .0018976
    .0029855
    .0031989
    .0038244
    .0042176
    .0030077
    .0026846
    .0023838
    .0007261
    .0009435
    .0021001
    .0023275
    .0038010
    .0051324
    .0054481
    .0076621
    .0091351
    .0082121
    .0092035
    .0107986
    .0106762
    .0121407
    .0148576
    .0144114
    .0136806
    .0132688
    .0110906
    .0078247
    .0058168
    .0041143
    .0011340
   -.0002006
    .0007352
   -.0005843
   -.0008002
    .0001437
    .0003233
    .0000806
    .0009489
    .0017132
    .0016721
    .0014970
    .0016566
    .0020247
    .0019983
    .0017867
    .0012159
    .0010415
    .0016156
    .0018299
    .0016575
    .0011233
    .0000886
   -.0006137
   -.0007331
   -.0014186
   -.0027371
   -.0023687
   -.0029210
   -.0042083
   -.0044137
   -.0045162
   -.0053503
   -.0056936
   -.0053075
   -.0065468
   -.0063949
   -.0046774
   -.0038045
   -.0023792
   -.0002595
    .0015967
    .0032076
    .0043614
    .0049105
    .0047012
    .0040022
    .0034802
    .0029329
    .0025597
    .0016890
    .0000057
   -.0008186
   -.0008726
   -.0015185
   -.0021488
   -.0017743
   -.0012087
   -.0012180
   -.0012388
   -.0007009
    .0000340
    .0004258
   -.0001014
    .0003928
    .0021920
    .0026928
    .0022736
    .0029467
    .0025904
    .0012437
    .0010459
    .0011524
    .0004453
    .0005245
    .0012304
    .0020002
    .0024712
    .0040524
    .0058108
    .0056127
    .0055313
    .0062402
    .0065667
    .0057144
    .0054234
    .0054002
    .0052378
    .0050453
    .0048593
    .0047441
    .0049601
    .0052830
    .0051047
    .0047922
    .0050393
    .0055448
    .0061574
    .0064668
    .0066019
    .0063466
    .0053175
    .0041428
    .0036416
    .0041500
    .0040006
    .0031167
    .0037193
    .0048225
    .0068928
    .0065576
    .0068466
    .0075594
    .0079832
    .0077604
    .0089694
    .0114252
    .0099321
    .0088799
    .0094811
    .0086255
    .0071911
    .0070496
    .0068714
    .0061334
    .0056028
    .0058536
    .0064092
    .0062287
    .0054210
    .0060173
    .0078466
    .0082439
    .0087691
    .0104161
    .0106106
    .0094527
    .0093113
    .0089491
    .0077334
    .0069134
    .0065583
    .0066465
    .0069650
    .0061192
    .0064570
    .0077538
    .0076398
    .0063893
    .0061027
    .0051771
    .0032123
    .0026233
    .0024706
    .0015692
    .0015003
    .0025351
    .0044027
    .0067819
    .0091092
    .0109039
    .0121001
    .0126212
    .0118496
    .0101428
    .0083073
    .0058486
    .0024528
   -.0008563
   -.0041300
   -.0074223
   -.0105797
   -.0134811
   -.0154769
   -.0152128
   -.0126945
   -.0075068
   -.0001464
    .0083527
    .0162736
    .0228005
    .0253815
    .0247586
    .0214049
    .0178408
    .0137243
    .0097807
    .0059430
    .0021830
    .0002433
   -.0008905
   -.0017548
   -.0025763
   -.0031527
   -.0034107
   -.0028594
   -.0024566
   -.0026453
   -.0025922
   -.0026474
   -.0036413
   -.0043737
   -.0057161
   -.0074824
   -.0086108
   -.0092512
   -.0093610
   -.0084562
   -.0070710
   -.0055116
   -.0038615
   -.0023874
   -.0018730
   -.0016953
   -.0006698
    .0009217
    .0006312
   -.0009497
   -.0023768
   -.0027389
   -.0027944
   -.0018656
   -.0005060
    .0004343
    .0007720
    .0008775
    .0004800
   -.0000137
   -.0004750
   -.0021672
   -.0041419
   -.0053280
   -.0055954
   -.0059952
   -.0061912
   -.0051163
   -.0028707
   -.0002577
    .0027733
    .0056731
    .0077160
    .0083896
    .0080002
    .0067697
    .0053543
    .0036366
    .0025470
    .0019062
    .0011249
    .0010735
    .0007422
    .0000776
   -.0006421
   -.0014318
   -.0020167
   -.0019697
   -.0014777
   -.0006824
    .0004174
    .0012353
    .0020081
    .0035786
    .0047927
    .0049144
    .0056991
    .0064580
    .0066489
    .0068603
    .0074129
    .0081445
    .0083437
    .0076924
    .0068464
    .0061094
    .0049825
    .0038585
    .0031314
    .0029007
    .0037082
    .0058043
    .0084485
    .0105867
    .0122569
    .0129239
    .0120921
    .0107184
    .0092037
    .0075787
    .0062720
    .0054958
    .0047785
    .0046692
    .0047468
    .0045069
    .0039580
    .0028658
    .0014173
    .0003566
    .0000526
    .0010201
    .0031162
    .0061146
    .0091461
    .0123913
    .0147618
    .0154074
    .0144432
    .0138802
    .0127693
    .0105309
    .0083652
    .0066535
    .0057044
    .0057079
    .0063802
    .0073286
    .0083161
    .0093016
    .0099742
    .0104016
    .0107467
    .0105280
    .0103524
    .0102504
    .0099771
    .0087252
    .0071917
    .0066726
    .0057808
    .0049319
    .0059819
    .0074935
    .0086185
    .0103738
    .0126686
    .0140307
    .0146898
    .0161991
    .0167698
    .0160290
    .0145848
    .0132991
    .0111976
    .0074744
    .0029949
    .0011488
   -.0005553
   -.0033916
   -.0035156
   -.0027752
   -.0034591
   -.0017576
   -.0002124
   -.0011790
   -.0008675
   -.0016586
   -.0040386
   -.0038243
   -.0035977
   -.0041548
   -.0015740
    .0007349
    .0013718
    .0037908
    .0062160
    .0056844
    .0054004
    .0052907
    .0042590
    .0035929
    .0036784
    .0034884
    .0042240
    .0055470
    .0062260
    .0074346
    .0083483
    .0078009
    .0070205
    .0069421
    .0052582
    .0039726
    .0038463
    .0023656
    .0012145
    .0012003
    .0000633
   -.0010268
   -.0003933
   -.0005278
   -.0016094
   -.0003096
    .0004320
    .0001916
    .0006881
    .0017002
    .0013506
    .0011121
    .0021181
    .0027747
    .0023326
    .0027075
    .0036297
    .0033854
    .0037195
    .0044856
    .0046759
    .0044207
    .0040355
    .0040320
    .0042090
    .0043650
    .0043761
    .0042308
    .0041324
    .0034476
    .0025169
    .0016138
    .0007742
    .0005565
    .0007375
    .0011624
    .0016392
    .0019803
    .0020610
    .0018793
    .0014036
    .0004684
   -.0005364
   -.0009392
   -.0014977
   -.0023757
   -.0026417
   -.0016537
   -.0004742
    .0000756
    .0005538
    .0008342
    .0014236
    .0023508
    .0034090
    .0043780
    .0051478
    .0056015
    .0059148
    .0059040
    .0058125
    .0059219
    .0058802
    .0051345
    .0042271
    .0041835
    .0037272
    .0027107
    .0024011
    .0025406
    .0018446
    .0016380
    .0018005
    .0019553
    .0020382
    .0017087
    .0017599
    .0018626
    .0020959
    .0025887
    .0028393
    .0027525
    .0034143
    .0039010
    .0036196
    .0031234
    .0033008
    .0031670
    .0026347
    .0030305
    .0039973
    .0052495
    .0063603
    .0068929
    .0063882
    .0050754
    .0033962
    .0016100
    .0000678
   -.0010431
   -.0018001
   -.0021388
   -.0021346
   -.0020711
   -.0013956
    .0005243
    .0025423
    .0034120
    .0043195
    .0053441
    .0046674
    .0039495
    .0035615
    .0025168
    .0013176
    .0011677
    .0013222
    .0014361
    .0024823
    .0035002
    .0038562
    .0050144
    .0056985
    .0054060
    .0054121
    .0047366
    .0032076
    .0019908
    .0006743
   -.0011760
   -.0018550
   -.0016177
   -.0017209
   -.0016476
    .0000191
    .0016111
    .0021324
    .0035639
    .0057469
    .0060673
    .0062779
    .0074343
    .0074495
    .0066292
    .0073154
    .0079102
    .0078408
    .0081006
    .0084213
    .0078616
    .0075217
    .0074286
    .0061269
    .0053256
    .0052506
    .0052622
    .0050873
    .0049848
    .0054340
    .0052875
    .0041613
    .0035982
    .0028262
    .0018743
    .0012682
    .0013732
    .0017067
    .0022024
    .0029538
    .0035686
    .0038646
    .0040736
    .0045702
    .0050602
    .0053747
    .0055136
    .0058973
    .0064141
    .0064014
    .0067953
    .0071941
    .0070066
    .0073438
    .0074090
    .0068689
    .0061192
    .0057196
    .0050854
    .0043357
    .0036436
    .0033514
    .0032140
    .0031430
    .0030677
    .0028330
    .0025420
    .0019450
    .0012041
    .0010254
    .0010139
   -.0001227
   -.0007759
   -.0006709
   -.0009517
   -.0012443
   -.0007504
   -.0004098
   -.0007471
   -.0000424
    .0003936
    .0006194
    .0015256
    .0020664
    .0019130
    .0023526
    .0027441
    .0029207
    .0031358
    .0034549
    .0036590
    .0039463
    .0041322
    .0042545
    .0043343
    .0042095
    .0039790
    .0040312
    .0042974
    .0045493
    .0047093
    .0048504
    .0048929
    .0046512
    .0041191
    .0037922
    .0031616
    .0022169
    .0019146
    .0017680
    .0016957
    .0017520
    .0021653
    .0027915
    .0034180
    .0038450
    .0044013
    .0048448
    .0050068
    .0052147
    .0055910
    .0056208
    .0051776
    .0051854
    .0049339
    .0043730
    .0040377
    .0035082
    .0029970
    .0025504
    .0021283
    .0019341
    .0017147
    .0016877
    .0020342
    .0023083
    .0024399
    .0028418
    .0030395
    .0019860
    .0007174
   -.0001578
   -.0013292
   -.0024502
   -.0026774
   -.0027631
   -.0030371
   -.0028143
   -.0021981
   -.0018181
   -.0011734
   -.0001298
    .0007563
    .0016801
    .0028471
    .0037453
    .0040058
    .0038232
    .0037976
    .0039012
    .0038657
    .0040045
    .0041511
    .0041316
    .0041027
    .0041197
    .0043623
    .0048153
    .0053819
    .0056599
    .0053781
    .0054701
    .0060099
    .0059352
    .0057052
    .0060260
    .0058383
    .0051916
    .0053744
    .0053100
    .0048345
    .0058243
    .0065012
    .0064553
    .0073266
    .0082828
    .0080963
    .0081625
    .0084627
    .0082120
    .0078017
    .0080747
    .0082245
    .0077795
    .0084597
    .0088529
    .0088685
    .0094618
    .0099373
    .0101423
    .0106313
    .0111205
    .0113931
    .0117551
    .0121580
    .0120462
    .0118801
    .0117684
    .0111878
    .0103742
    .0097560
    .0086349
    .0073463
    .0063019
    .0053621
    .0046040
    .0038758
    .0032344
    .0028972
    .0025877
    .0023282
    .0020752
    .0021142
    .0022235
    .0020692
    .0019431
    .0019136
    .0013863
    .0007813
    .0003871
   -.0001072
   -.0002727
    .0000890
    .0005664
    .0005837
    .0007032
    .0006584
    .0005117
    .0005611
    .0006691
    .0009918
    .0011366
    .0011669
    .0012514
    .0013514
    .0011372
    .0009013
    .0005143
    .0001684
   -.0002080
   -.0004248
   -.0005588
   -.0004693
   -.0004024
   -.0003365
    .0000888
    .0005692
    .0006256
    .0009517
    .0014438
    .0014699
    .0018925
    .0023992
    .0024090
    .0026808
    .0030133
    .0025657
    .0022439
    .0021858
    .0015514
    .0011143
    .0011429
    .0013172
    .0015079
    .0019813
    .0024351
    .0026138
    .0028021
    .0032548
    .0034236
    .0032379
    .0031450
    .0030597
    .0029485
    .0030413
    .0031563
    .0031686
    .0032681
    .0035953
    .0038990
    .0040859
    .0042831
    .0043603
    .0043345
    .0043199
    .0045802
    .0047179
    .0045191
    .0046068
    .0050850
    .0050098
    .0050656
    .0055432
    .0053731
    .0050838
    .0054898
    .0053082
    .0049873
    .0052924
    .0052605
    .0050231
    .0054353
    .0056632
    .0055501
    .0056686
    .0056292
    .0052303
    .0052082
    .0051014
    .0048290
    .0046443
    .0046031
    .0046406
    .0047153
    .0047121
    .0045251
    .0045481
    .0047559
    .0046801
    .0046118
    .0048207
    .0048114
    .0045906
    .0044525
    .0043875
    .0042316
    .0040194
    .0039205
    .0039510
    .0039605
    .0039559
    .0039980
    .0040426
    .0040463
    .0040458
    .0041828
    .0041384
    .0041186
    .0042762
    .0042488
    .0043135
    .0045087
    .0044803
    .0045314
    .0046886
    .0046382
    .0046216
    .0046680
    .0045434
    .0044366
    .0044154
    .0042288
    .0040923
    .0040930
    .0039184
    .0037982
    .0038367
    .0037418
    .0037032
    .0037577
    .0037533
    .0036921
    .0036942
    .0036796
    .0036189
    .0035962
    .0035512
    .0035030
    .0034978
    .0034928
    .0035100
    .0035766
    .0036625
    .0036986
    .0037767
    .0038007
    .0038288
    .0038678
    .0038288
    .0037907
    .0037504
    .0037023
    .0036570
    .0036141
    .0035464
    .0034608
    .0033743
    .0033061
    .0032385
    .0031768
    .0031275
    .0031074
    .0030284
    .0029797
    .0029672
    .0029674
    .0029530
    .0029417
    .0029448
    .0029515
    .0029711
    .0029867
    .0030319
    .0030738
    .0031090
    .0031571
    .0031886
    .0032147
    .0032504
    .0032878
    .0033202
    .0033544
    .0034001
    .0034263
    .0034525
    .0034857
    .0035201
    .0035209
    .0035285
    .0035480
    .0035557
    .0035526
    .0035607
    .0035697
    .0035532
    .0035412
    .0035446
    .0035276
    .0035211
    .0035378
    .0035221
    .0035169
    .0035357
    .0035139
    .0034901
    .0034979
    .0034819
    .0034605
    .0034665
    .0034686
    .0034533
    .0034532
    .0034560
    .0034464
    .0034358
    .0034275
    .0034171
    .0034085
    .0034053
    .0034059
    .0022566
    .0033951
    .0033934
    .0033926
    .0033872
    .0033889
    .0033901
    .0033847
    .0033793
    .0033826
    .0033775
    .0033801
    .0033829
    .0033808
    .0033779
    .0033768
    .0033730
    .0033680
    .0033618
    .0033599
    .0033544
    .0033515
    .0033493
    .0033490
    .0033453
    .0033450
    .0033452
    .0033465
    .0033476
    .0033490
    .0033488
    .0033464
    .0033410
    .0033361
    .0033318
    .0033277
    .0033263
    .0033266
    .0033285
    .0033287
    .0033304
    .0033288
    .0033282
    .0033255
    .0033246
    .0033207
    .0033203
    .0033161
    .0033160
    .0033116
    .0033127
    .0033078
    .0033096
    .0033043
    .0033066
    .0032999
    .0033020
    .0032937
    .0032955
    .0032856
    .0032874
    .0032758
    .0032780
    .0032648
    .0032673
    .0032523
    .0032554
    .0032381
    .0032417
    .0032217
    .0032261
    .0032027
    .0032081
    .0031805
    .0031872
    .0031540
    .0031628
    .0031215
    .0031334
    .0030801
    .0030973
    .0030233
    .0030541
    .0029417
    .0030163
    .0026702