    .119383E-01
    .124210E-01
    .133763E-01
    .126561E-01
    .105999E-01
    .935293E-02
    .679148E-02
    .537069E-02
    .570462E-02
    .715167E-02
    .930588E-02
    .917050E-02
    .680264E-02
    .684535E-02
    .529512E-02
    .612484E-02
    .909279E-02
    .901634E-02
    .782838E-02
    .687328E-02
    .685076E-02
    .133473E-01
    .226962E-01
    .255611E-01
    .281948E-01
    .311869E-01
    .331602E-01
    .270626E-01
    .216476E-01
    .132290E-01
    .135562E-01
    .208493E-01
    .273093E-01
    .292459E-01
    .271272E-01
    .386483E-01
    .324645E-01
   -.776052E-02
   -.522458E-01
   -.719998E-01
   -.637342E-01
   -.487221E-01
   -.540015E-01
   -.611829E-01
   -.442136E-01
   -.154507E-01
    .123302E-01
    .246634E-01
    .170478E-01
    .454527E-01
    .852901E-01
    .115138E+00
    .114277E+00
    .836400E-01
    .700723E-01
    .624463E-01
    .438056E-01
    .147417E-01
   -.211681E-01
   -.498999E-01
   -.288523E-01
   -.513116E-01
   -.780230E-01
   -.931368E-01
   -.779991E-01
   -.674828E-01
   -.672163E-01
   -.748432E-01
   -.581643E-01
    .175034E-01
    .111247E-01
   -.181644E-02
    .107171E-01
    .869662E-02
    .336950E-02
    .281826E-01
    .308824E-01
    .390179E-01
    .465550E-01
    .843374E-01
    .925400E-01
    .330047E-01
    .215014E-01
   -.151715E-03
   -.586000E-01
   -.927374E-01
   -.374461E-01
   -.731585E-02
   -.437384E-01
   -.672994E-01
   -.844098E-01
   -.129464E+00
   -.140010E+00
   -.652881E-01
    .631697E-01
    .129950E+00
    .997284E-01
    .837365E-01
    .463851E-01
   -.508695E-02
   -.992337E-02
    .389159E-01
    .764048E-01
    .926739E-01
    .763266E-01
    .374407E-01
    .103778E-01
   -.997024E-02
   -.753634E-02
   -.551941E-02
    .545641E-02
    .370874E-01
    .679272E-01
    .655712E-01
    .340547E-01
    .974982E-02
   -.708030E-02
    .156226E-02
    .218524E-01
    .201067E-01
    .201054E-01
    .663519E-02
   -.114013E-02
   -.482096E-02
   -.282712E-01
   -.102519E+00
   -.190264E+00
   -.256008E+00
   -.298622E+00
   -.334697E+00
   -.376506E+00
   -.446841E+00
   -.494393E+00
   -.447881E+00
   -.270538E+00
    .717542E-03
   -.319286E-01
   -.161176E+00
   -.288150E+00
   -.327825E+00
   -.462376E+00
   -.441466E+00
   -.472014E+00
   -.413279E+00
   -.487928E+00
   -.399893E+00
   -.493713E+00
   -.499110E-01
    .144419E+01
    .141323E+01
    .149731E+01
    .128755E+01
    .547765E+00
   -.195263E+00
   -.429118E+00
   -.247763E+00
   -.292301E+00
   -.324416E+00
   -.349591E+00
   -.335172E+00
    .111624E+00
    .423240E+00
    .209619E+00
    .326806E+00
    .201754E-01
   -.125466E+00
   -.170896E+00
   -.178319E+00
   -.530969E-01
    .364417E-01
    .787291E-01
   -.478688E-01
   -.940774E-01
   -.127232E+00
   -.176523E-01
    .218994E+00
    .129782E+00
   -.492410E-01
   -.226603E-01
    .593576E-01
    .115963E+00
    .107575E+00
    .796323E-01
    .564909E-01
    .592899E-02
   -.718086E-01
   -.173766E+00
   -.212600E+00
   -.148700E+00
   -.539196E-02
    .122871E+00
    .192516E+00
    .254791E+00
    .195768E+00
    .147257E+00
    .159652E+00
    .816657E-01
   -.103357E-01
   -.221180E-01
    .400040E-01
    .799625E-01
    .568821E-01
    .119756E-02
    .183810E-01
    .859168E-01
    .135489E+00
    .108254E+00
   -.386214E-01
   -.168500E+00
   -.182448E+00
    .368057E-01
    .157369E+00
    .110364E+00
    .731445E-01
    .131298E+00
    .180551E+00
    .250054E+00
    .222884E+00
    .496440E-02
   -.129844E+00
   -.228035E+00
   -.428198E-01
    .230435E+00
    .394821E+00
    .276830E+00
    .726692E-01
   -.322656E-01
   -.162420E+00
   -.206824E+00
   -.187762E+00
   -.112426E+00
    .320750E-02
    .106144E+00
    .146456E+00
    .122252E+00
    .351384E-01
    .250353E-02
   -.522448E-01
   -.134681E+00
   -.180013E+00
   -.490551E-01
    .545174E-01
    .127045E+00
    .675762E-01
   -.178223E-01
    .692665E-01
    .215180E+00
    .299644E+00
    .189390E+00
    .923550E-01
    .333875E-01
   -.710504E-01
   -.203482E+00
   -.316272E+00
   -.196513E+00
    .282829E+00
    .396857E+00
    .294843E+00
    .145027E+00
    .445187E-01
    .513139E-01
    .403581E-01
    .290862E-01
   -.404031E-01
   -.104800E+00
   -.114779E+00
    .337227E-01
    .102500E+00
    .993908E-01
    .710822E-02
   -.521905E-01
   -.652362E-01
   -.101484E+00
   -.148525E+00
   -.162892E+00
   -.122952E+00
   -.108059E+00
    .326959E-01
    .196460E+00
    .252549E+00
    .131555E+00
    .122765E-01
   -.219035E-01
   -.328845E-01
    .336465E-01
    .324639E-01
   -.710665E-01
   -.840473E-01
    .589851E-01
    .342173E-01
   -.646757E-01
   -.140733E+00
   -.210203E+00
   -.236894E+00
   -.266889E-01
    .161184E+00
    .133822E+00
    .871174E-01
   -.788501E-01
   -.254165E+00
   -.338708E+00
   -.276054E+00
   -.587103E-01
    .378676E-01
   -.246391E-02
   -.575394E-01
   -.988347E-01
   -.430972E-01
   -.260667E-01
    .320771E-01
    .295810E-01
   -.407124E-01
   -.112027E+00
   -.110307E+00
   -.800169E-01
   -.115759E+00
   -.157652E+00
   -.961483E-01
    .120451E+00
    .268860E+00
    .307556E+00
    .693542E-01
   -.126471E+00
   -.174047E+00
   -.151851E+00
   -.172390E+00
   -.160309E+00
    .166481E-02
    .244265E+00
    .309380E+00
    .513377E-02
   -.184498E+00
   -.270825E+00
   -.226987E+00
   -.120118E+00
    .627515E-01
    .295513E+00
    .413805E+00
    .221113E+00
    .156885E-03
   -.412550E-01
   -.879035E-01
   -.114507E+00
   -.150899E+00
   -.767530E-01
    .106963E+00
    .301125E+00
    .319617E+00
    .111486E+00
   -.554189E-01
   -.114055E+00
   -.197856E-01
    .884699E-01
    .345323E-01
   -.518719E-01
   -.120224E+00
   -.115486E+00
   -.107879E+00
   -.163032E+00
   -.225484E+00
   -.209784E+00
    .164035E+00
    .332146E+00
    .441860E+00
    .252099E+00
   -.121698E+00
   -.304050E+00
   -.405948E+00
   -.386998E+00
   -.204527E+00
    .188917E+00
    .286911E+00
    .194629E+00
   -.273092E-01
   -.129122E+00
   -.675081E-01
    .103342E+00
    .220217E+00
    .113394E+00
   -.145138E-01
   -.364851E-01
   -.523446E-01
   -.220134E-01
   -.734211E-02
   -.187777E-01
   -.169665E-01
   -.152246E-01
    .382160E-01
    .130751E+00
    .176994E+00
    .805578E-01
   -.528287E-01
   -.137800E+00
   -.161322E+00
   -.683122E-01
    .241162E-01
    .699664E-01
    .901545E-01
    .795059E-01
    .705231E-01
    .363187E-01
    .171762E-02
   -.184769E-01
   -.492030E-01
   -.270308E-01
    .287526E-01
    .410747E-01
    .218881E-01
   -.626529E-02
    .119485E-01
    .177877E-01
   -.323578E-01
   -.814741E-01
   -.120264E+00
   -.160613E+00
   -.191005E+00
   -.208238E+00
   -.177613E+00
   -.852263E-01
   -.200300E-01
    .148357E-01
    .567415E-01
    .731574E-01
    .647966E-01
    .181889E-01
   -.259881E-01
   -.154656E-01
    .311806E-02
    .683624E-02
    .194259E-02
    .384319E-02
    .108241E-02
    .221703E-01
    .711389E-01
    .872492E-01
    .339496E-01
   -.201650E-01
   -.282480E-01
   -.310147E-01
   -.528268E-01
   -.790076E-01
   -.990939E-01
   -.788227E-01
   -.509536E-01
   -.599045E-01
   -.664868E-01
   -.420204E-01
    .290346E-01
    .104286E+00
    .110967E+00
    .420277E-01
    .235051E-02
   -.127467E-01
   -.481174E-01
   -.516151E-01
    .540281E-02
    .259884E-01
    .137901E-01
    .326784E-01
    .391451E-01
    .181433E-01
    .149568E-01
    .203271E-01
    .291532E-01
    .652353E-02
   -.360859E-01
    .944493E-02
    .665497E-01
    .689397E-01
    .620445E-01
    .250064E-01
   -.109524E-02
   -.932243E-02
    .154276E-02
    .198887E-01
    .892076E-02
    .563552E-02
    .230389E-01
    .456780E-01
    .355415E-01
    .197684E-01
    .152633E-01
    .112662E-01
    .146732E-01
    .258955E-01
    .301165E-01
    .633857E-02
   -.121140E-01
   -.230389E-01
   -.627799E-02
    .336227E-01
    .547961E-01
    .606930E-01
    .315224E-01
    .905717E-02
    .111240E-01
    .141915E-01
    .673966E-02
    .388440E-03
    .201859E-01
    .470194E-01
    .619872E-01
    .473434E-01
    .206769E-01
    .716627E-02
   -.249892E-02
   -.131760E-01
   -.581427E-02
    .800196E-02
    .299919E-02
   -.376920E-02
   -.100286E-01
    .112549E-03
    .218450E-01
    .346035E-01
    .215509E-01
   -.108522E-01
   -.296841E-01
   -.376541E-01
   -.415890E-01
   -.245179E-01
   -.736635E-02
   -.712840E-02
   -.191896E-01
   -.372005E-01
   -.460191E-01
   -.476060E-01
   -.419253E-01
   -.301716E-01
   -.187239E-01
   -.179628E-01
   -.217692E-01
   -.260652E-01
   -.361324E-01
   -.391361E-01
   -.289032E-01
   -.210470E-01
   -.170382E-01
   -.148879E-01
   -.144817E-01
   -.200620E-01
   -.222110E-01
   -.176035E-01
   -.196771E-01
   -.278115E-01
   -.256479E-01
   -.123379E-01
   -.700729E-02
   -.124561E-01
   -.181996E-01
   -.128568E-01
   -.940005E-02
   -.202712E-01
   -.328141E-01
   -.296073E-01
   -.606979E-02
    .785826E-02
    .730128E-02
    .243070E-02
    .105156E-02
    .503252E-02
    .796183E-02
    .734051E-02
    .718515E-03
   -.835762E-02
   -.188077E-01
   -.281909E-01
   -.281003E-01
   -.882360E-02
    .114201E-01
    .180610E-01
    .158820E-01
    .831431E-02
    .215215E-02
    .117056E-02
   -.264954E-03
    .804051E-02
    .208380E-01
    .227195E-01
    .230791E-01
    .207286E-01
    .172591E-01
    .140874E-01
    .126517E-01
    .189139E-01
    .213787E-01
    .154590E-01
    .132746E-01
    .174825E-01
    .189649E-01
    .131441E-01
    .405514E-02
    .415232E-02
    .129419E-01
    .156992E-01
    .158810E-01
    .160036E-01
    .131579E-01
   -.109744E-02
   -.161515E-01
   -.198805E-01
   -.930511E-02
   -.104002E-02
   -.452229E-02
   -.113971E-01
   -.625226E-02
    .180390E-01
    .270190E-01
    .220188E-01
    .188760E-01
    .144266E-01
    .356852E-02
   -.814946E-02
   -.151112E-01
   -.168475E-01
   -.847161E-02
    .168689E-01
    .293605E-01
    .174802E-01
    .504390E-02
    .492308E-02
    .138884E-01
    .184616E-01
    .626182E-02
   -.132585E-01
   -.194383E-01
   -.129568E-01
   -.331539E-02
    .124842E-02
   -.142776E-02
   -.117162E-01
   -.189335E-01
   -.189282E-01
   -.193687E-01
   -.246328E-01
   -.106066E-01
    .656921E-02
    .520246E-02
    .458333E-02
    .123159E-01
    .656206E-02
   -.130832E-01
   -.168675E-01
   -.109140E-01
   -.996146E-02
   -.138764E-01
   -.157096E-01
   -.229121E-01
   -.306247E-01
   -.421408E-01
   -.225338E-01
    .540464E-02
    .868655E-02
    .126049E-01
    .555821E-02
   -.181563E-01
   -.400512E-01
   -.428201E-01
   -.360715E-01
   -.105660E-01
    .200268E-02
    .366846E-03
    .161248E-02
   -.367299E-02
   -.791401E-02
   -.168848E-01
   -.276111E-01
   -.227150E-01
   -.888384E-02
   -.687160E-03
    .185358E-02
    .374461E-03
   -.210531E-02
    .810674E-03
    .591044E-02
    .715560E-02
    .139719E-01
    .253946E-01
    .277066E-01
    .741407E-03
   -.287207E-01
   -.124257E-01
    .217580E-01
    .280570E-01
    .192038E-01
    .120264E-01
    .963690E-02
    .669245E-02
   -.146220E-02
   -.108093E-01
   -.169291E-01
   -.349964E-02
    .194250E-01
    .208591E-01
    .820401E-02
   -.947456E-03
   -.317160E-03
    .331700E-02
    .153593E-02
   -.367645E-02
    .498312E-02
    .225095E-01
    .214851E-01
   -.129487E-02
   -.139790E-01
   -.818681E-02
    .254516E-02
    .241044E-01
    .292671E-01
    .242756E-01
    .252103E-01
    .186664E-01
    .986712E-02
    .264171E-02
    .821929E-02
    .181930E-01
    .518919E-02
   -.110246E-01
   -.278515E-01
   -.188286E-01
    .114970E-01
    .107666E-01
   -.177466E-01
   -.384568E-01
   -.430480E-01
   -.363040E-01
    .195791E-02
    .467733E-01
    .477420E-01
   -.126031E-03
   -.436723E-01
   -.321407E-01
    .193361E-01
    .568236E-01
    .477633E-01
   -.654927E-02
   -.495083E-01
   -.280625E-01
   -.276325E-02
   -.262088E-01
   -.485232E-01
   -.192511E-01
    .371672E-01
    .381596E-01
   -.307800E-02
   -.155119E-01
    .110916E-01
    .253103E-01
    .599738E-02
   -.576143E-02
    .146464E-01
    .137108E-01
   -.140795E-01
   -.247237E-01
   -.111173E-01
    .104463E-02
    .456553E-03
    .104316E-01
    .205860E-01
    .278416E-01
    .380327E-01
    .223790E-01
   -.661122E-02
   -.296886E-01
   -.400751E-01
   -.348261E-01
   -.226534E-01
    .675417E-02
    .228783E-01
    .682947E-02
   -.580848E-02
    .136898E-03
    .512519E-01
    .738773E-01
    .941702E-02
   -.564499E-01
   -.606323E-01
   -.199755E-01
   -.331435E-02
   -.712562E-02
   -.135094E-01
   -.478595E-02
    .238386E-01
    .492614E-01
    .354794E-01
   -.324411E-03
   -.360477E-01
   -.543892E-01
   -.386669E-01
   -.877474E-02
    .224311E-01
    .301800E-01
    .175992E-01
    .907085E-02
    .251591E-01
    .335494E-01
    .115283E-01
   -.202185E-01
   -.350374E-01
   -.377439E-01
   -.132409E-01
    .109153E-01
    .911344E-02
    .582947E-02
    .433454E-02
    .177020E-01
    .224728E-01
    .325170E-01
    .507548E-01
    .651411E-01
    .777321E-01
    .755147E-01
    .472148E-01
    .249462E-01
    .117545E-01
   -.247024E-01
   -.632320E-01
   -.583474E-01
   -.153873E-01
   -.145981E-01
   -.535685E-01
   -.572133E-01
   -.108078E-01
    .269450E-01
    .665042E-01
    .885214E-01
    .479932E-01
    .122150E-02
   -.290395E-01
   -.542209E-01
   -.483128E-01
   -.268184E-02
    .275512E-01
    .229052E-01
    .729015E-02
   -.100712E-01
   -.335159E-01
   -.448736E-01
   -.876360E-02
    .761329E-01
    .724588E-01
   -.285051E-01
   -.539084E-01
    .105573E-01
    .315527E-01
   -.771660E-02
   -.592137E-01
   -.102166E+00
   -.109088E+00
   -.646579E-01
   -.541478E-02
    .281008E-01
    .510787E-01
    .389462E-01
    .164973E-01
   -.152075E-02
   -.129425E-01
   -.104107E-01
   -.399372E-02
    .360742E-02
   -.296065E-03
   -.198454E-01
   -.276943E-01
   -.452771E-01
   -.213358E-01
    .414828E-01
    .645132E-01
    .496108E-01
   -.181919E-01
   -.838772E-01
   -.547167E-01
    .267258E-01
    .240244E-01
   -.676167E-02
   -.135747E-01
   -.168464E-01
   -.141940E-01
    .231354E-01
    .642264E-01
    .892157E-01
    .615088E-01
   -.110120E-01
   -.429204E-01
   -.213442E-01
    .235094E-01
    .195968E-01
   -.997699E-02
   -.181349E-01
    .237013E-02
    .690092E-02
    .165266E-01
    .499478E-01
    .687044E-01
    .586256E-01
    .202999E-01
   -.312043E-01
   -.689538E-01
   -.620150E-01
   -.414267E-01
   -.363873E-01
   -.326841E-01
   -.170619E-02
    .465383E-01
    .810280E-01
    .859611E-01
    .727301E-01
    .651814E-01
    .399001E-01
    .890561E-02
   -.190717E-01
   -.460219E-01
   -.515654E-01
   -.321016E-01
    .553240E-02
    .381888E-01
    .248187E-01
   -.473191E-03
   -.937882E-02
   -.781214E-02
    .148165E-01
    .234191E-01
    .238820E-01
    .255638E-01
    .389144E-01
    .582523E-01
    .466465E-01
    .102893E-01
   -.244430E-01
   -.425688E-01
   -.448224E-01
   -.245544E-01
   -.547982E-02
   -.119359E-01
   -.310767E-01
   -.433111E-01
   -.419490E-01
   -.190455E-01
   -.359313E-02
   -.138060E-01
   -.302532E-01
   -.336883E-01
   -.173384E-01
   -.161550E-01
   -.416150E-01
   -.741202E-01
   -.299051E-01
    .708690E-01
    .106135E+00
    .479885E-01
    .194745E-01
    .753205E-01
    .130945E+00
    .955858E-01
   -.761681E-02
   -.793596E-01
   -.970547E-01
   -.597983E-01
    .450537E-02
    .634224E-01
    .578693E-01
   -.764348E-02
   -.528695E-01
   -.779414E-01
   -.900053E-01
   -.287995E-01
    .104732E+00
    .128156E+00
    .473387E-02
   -.736607E-01
   -.195869E-01
    .592443E-01
    .813901E-01
    .669055E-01
    .197484E-01
   -.308717E-01
   -.857514E-01
   -.140673E+00
   -.152987E+00
   -.498014E-01
    .130953E+00
    .254164E+00
    .196533E+00
    .305290E-01
   -.538319E-01
   -.321047E-01
   -.196309E-01
   -.505846E-01
   -.113425E+00
   -.482617E-01
    .115515E+00
    .742355E-01
   -.648843E-01
   -.132352E+00
   -.767100E-01
    .469814E-01
    .718521E-01
   -.240575E-01
   -.983910E-01
   -.755623E-01
    .603559E-02
    .539501E-01
    .303645E-01
   -.109476E-01
   -.428196E-01
   -.408817E-01
    .109527E-02
    .290472E-01
    .195866E-01
   -.103954E-01
   -.243319E-01
   -.237027E-01
   -.204093E-01
   -.517380E-02
    .371528E-02
   -.516405E-02
   -.116393E-01
   -.150647E-01
   -.771685E-02
    .118138E-01
    .163505E-01
    .113522E-01
    .636807E-03
   -.124654E-01
   -.245334E-01
   -.283505E-01
   -.147318E-01
    .529654E-02
    .191570E-01
    .330225E-01
    .390197E-01
    .305237E-01
    .853827E-02
   -.163552E-01
   -.333284E-01
   -.272394E-01
    .714266E-03
    .114647E-01
    .103463E-01
    .958291E-02
    .780054E-02
    .413524E-02
   -.352847E-02
   -.156745E-02
    .146827E-01
    .145670E-01
   -.844565E-02
   -.216408E-01
   -.235507E-01
   -.185206E-01
   -.316696E-02
    .485692E-02
    .644872E-03
   -.130889E-01
   -.997630E-02
    .367695E-02
    .509836E-02
    .238062E-02
   -.317272E-02
   -.124950E-01
   -.237603E-01
   -.288608E-01
   -.286103E-01
   -.204375E-01
   -.772671E-02
    .515034E-02
    .115739E-01
    .104310E-01
    .759600E-02
    .661943E-02
    .763492E-02
    .533950E-02
    .340065E-03
   -.681360E-02
   -.147057E-01
   -.180385E-01
   -.194964E-01
   -.148324E-01
   -.379346E-03
    .877377E-02
    .119986E-01
    .166944E-01
    .222000E-01
    .245936E-01
    .147013E-01
    .156547E-02
   -.380513E-02
   -.640132E-02
   -.444115E-02
   -.376718E-03
    .388663E-02
    .873547E-02
    .119431E-01
    .159525E-01
    .196743E-01
    .132186E-01
   -.149613E-02
   -.123572E-01
   -.227469E-02
    .198949E-01
    .209688E-01
    .217116E-02
   -.881738E-02
   -.735782E-02
   -.910410E-02
   -.134187E-01
   -.492010E-02
    .956289E-02
    .154381E-01
    .122068E-01
    .678966E-02
    .500168E-02
    .627781E-02
    .754274E-02
    .402185E-02
    .430604E-03
   -.775062E-02
   -.149179E-01
   -.881301E-02
    .336503E-02
    .102993E-01
    .100364E-01
    .794168E-02
    .971361E-03
   -.875804E-02
   -.168391E-01
   -.189837E-01
   -.126439E-01
   -.723644E-02
   -.314267E-02
    .438242E-02
    .821105E-02
    .861863E-02
    .103410E-01
    .116758E-01
    .917956E-02
   -.473762E-02
   -.211507E-01
   -.319946E-01
   -.356219E-01
   -.190756E-01
   -.300467E-02
    .284594E-02
    .211145E-02
   -.859851E-03
    .433398E-02
    .778976E-02
    .717373E-02
    .470440E-02
    .223817E-02
    .133023E-01
    .211963E-01
    .778553E-02
   -.379018E-02
   -.700593E-02
    .931044E-03
    .861815E-02
    .160166E-01
    .173553E-01
    .714565E-02
   -.274270E-02
   -.108776E-01
   -.134352E-01
   -.853135E-02
    .323506E-02
    .897740E-02
    .751654E-02
    .725932E-02
    .390237E-02
    .732744E-02
    .164258E-01
    .141838E-01
    .447961E-02
    .933164E-03
   -.794575E-03
   -.167771E-02
    .181297E-02
    .831269E-02
    .176073E-01
    .204830E-01
    .138810E-01
    .406398E-02
   -.242880E-02
   -.187946E-02
   -.686445E-03
   -.476168E-02
   -.412650E-02
    .451034E-03
    .540398E-02
    .318434E-02
    .101677E-02
    .422103E-03
    .151967E-02
    .621891E-02
    .524496E-02
    .555217E-03
   -.198023E-02
    .132516E-03
   -.376248E-02
   -.901605E-02
   -.569947E-03
    .546392E-02
    .118258E-02
    .106291E-02
   -.497966E-03
   -.827638E-03
    .103371E-02
   -.166529E-02
   -.337484E-02
   -.207328E-02
   -.231491E-02
   -.409056E-02
   -.316825E-02
   -.996368E-03
   -.213662E-03
   -.326449E-03
   -.216501E-02
   -.226236E-02
   -.663854E-02
   -.706522E-02
   -.454198E-02
   -.365680E-02
   -.181886E-02
   -.198924E-02
   -.525626E-02
   -.419127E-02
    .395973E-02
    .245141E-02
   -.178432E-02
   -.473682E-02
   -.479958E-02
   -.315377E-02
   -.687803E-03
    .344594E-02
    .470132E-02
    .269686E-02
    .161048E-02
    .421555E-02
    .223682E-02
   -.173388E-02
   -.921731E-03
    .104718E-02
   -.225926E-02
   -.474759E-02
   -.521011E-02
   -.346629E-02
    .126723E-02
   -.242538E-02
   -.607711E-02
   -.751535E-02
   -.135955E-01
   -.169308E-01
   -.109116E-01
   -.255339E-02
    .946621E-03
   -.351846E-02
   -.102315E-01
   -.833776E-02
   -.440900E-02
    .460048E-02
    .197796E-02
   -.844644E-02
   -.525885E-02
   -.267804E-03
    .551532E-03
    .443198E-02
    .521989E-02
    .688585E-03
   -.555214E-02
   -.182310E-01
   -.146530E-01
   -.107486E-02
   -.259260E-02
   -.714575E-02
   -.487399E-02
   -.252971E-02
   -.286589E-02
   -.298267E-02
   -.201917E-02
    .295303E-02
    .331494E-02
   -.242914E-03
   -.112341E-03
   -.565104E-03
   -.201226E-02
   -.101335E-02
   -.291420E-02
   -.517908E-02
   -.198277E-02
    .110858E-02
    .283937E-02
    .273324E-02
    .231102E-02
    .238973E-02
    .391900E-02
    .652243E-02
    .738892E-02
    .196620E-02
   -.148883E-02
    .160874E-02
    .141692E-02
   -.528163E-03
    .784750E-03
    .499764E-02
    .765718E-02
    .817077E-02
    .880483E-02
    .865565E-02
    .733563E-02
    .465913E-02
   -.270433E-03
   -.568641E-02
   -.598595E-02
   -.455850E-02
   -.149791E-02
   -.164306E-02
   -.337316E-02
   -.324980E-02
   -.314365E-02
   -.577200E-02
   -.108758E-01
   -.120351E-01
   -.997713E-02
   -.455717E-02
   -.220931E-02
    .589046E-02
    .181081E-01
    .140334E-01
    .331864E-02
   -.461751E-02
   -.160052E-01
   -.239003E-01
   -.198561E-01
   -.202346E-01
   -.123549E-01
   -.129481E-02
    .252549E-02
    .824619E-02
    .240941E-02
    .574052E-02
   -.179122E-02
   -.178408E-01
   -.256355E-01
   -.307382E-01
   -.133201E-01
    .168572E-02
   -.221908E-02
   -.139063E-01
   -.166817E-01
   -.937318E-02
   -.268163E-02
   -.737676E-02
   -.398651E-02
    .617663E-02
    .870927E-02
    .633688E-02
    .259739E-02
   -.499160E-03
   -.746657E-02
   -.162708E-01
   -.134036E-01
   -.449556E-02
   -.746935E-02
   -.712205E-02
    .326608E-02
    .702013E-02
   -.800819E-02
   -.217299E-01
   -.104038E-01
    .802380E-02
    .216798E-01
    .166907E-01
   -.666088E-02
   -.179940E-01
   -.108145E-01
   -.347235E-02
   -.461618E-02
    .794447E-02
    .247292E-01
    .166542E-01
    .163149E-02
   -.132428E-01
   -.276821E-01
   -.259059E-01
   -.367391E-02
    .216046E-01
    .250872E-01
    .125176E-01
   -.149965E-02
   -.268011E-02
    .473648E-02
    .508806E-02
    .310597E-02
   -.409786E-02
   -.633196E-02
    .157032E-02
    .984366E-02
    .972169E-02
    .464810E-02
    .659647E-02
    .100599E-01
    .415943E-02
   -.238223E-02
   -.104483E-03
    .392342E-02
    .800108E-02
    .116822E-01
    .132432E-01
    .613632E-02
    .309576E-03
    .364596E-02
    .735787E-02
    .749987E-02
   -.133786E-03
   -.325881E-02
    .180152E-02
    .643590E-02
    .105689E-01
    .115837E-01
    .964922E-02
    .538085E-02
    .191493E-02
    .225662E-03
    .135332E-02
    .403853E-02
    .745798E-02
    .950913E-02
    .842587E-02
    .578562E-02
    .226595E-02
   -.118734E-03
    .175621E-02
    .641956E-02
    .983845E-02
    .950523E-02
    .712850E-02
    .483075E-02
    .252097E-02
    .201356E-02
    .196772E-02
    .304324E-02
    .348120E-02
    .443291E-02
    .603298E-02
    .901097E-02
    .860281E-02
    .551198E-02
    .593734E-02
    .368728E-02
   -.881827E-03
   -.134789E-02
    .156812E-02
    .241149E-02
    .186636E-02
    .312676E-02
    .418907E-02
    .427571E-02
    .423163E-02
    .354856E-02
    .193531E-02
    .101538E-02
    .160808E-02
    .206277E-02
    .146566E-02
    .107001E-02
    .142185E-02
    .975983E-03
    .958263E-03
    .984237E-03
    .536427E-03
    .463894E-04
   -.330839E-03
   -.130061E-02
   -.202375E-02
   -.165000E-02
   -.135443E-02
   -.135036E-02
   -.154567E-02
   -.148802E-02
   -.157287E-02
   -.196079E-02
   -.217509E-02
   -.251378E-02
   -.281203E-02
   -.285577E-02
   -.279614E-02
   -.289364E-02
   -.299478E-02
   -.306962E-02
   -.324927E-02
   -.344027E-02
   -.359273E-02
   -.370985E-02
   -.379673E-02
   -.386502E-02
   -.393983E-02
   -.401526E-02
   -.408203E-02
   -.414536E-02
   -.419825E-02
   -.424192E-02
