    .145132E-03
    .144009E-03
    .144590E-03
    .142829E-03
    .139065E-03
    .135751E-03
    .139299E-03
    .143494E-03
    .160657E-03
    .180541E-03
    .197622E-03
    .219290E-03
    .209174E-03
    .205355E-03
    .166485E-03
    .131124E-03
    .108323E-03
    .762334E-04
    .125365E-03
    .138332E-03
    .170260E-03
    .217606E-03
    .195294E-03
    .221597E-03
    .239143E-03
    .240116E-03
    .256973E-03
    .261529E-03
    .269709E-03
    .277576E-03
    .285600E-03
    .290281E-03
    .307712E-03
    .296086E-03
    .261186E-03
    .204480E-03
    .633287E-04
   -.692573E-04
   -.260653E-03
   -.452757E-03
   -.635712E-03
   -.813386E-03
   -.926149E-03
   -.100772E-02
   -.948114E-03
   -.897383E-03
   -.710029E-03
   -.572256E-03
   -.513561E-03
   -.424073E-03
   -.537945E-03
   -.617638E-03
   -.804326E-03
   -.100672E-02
   -.120813E-02
   -.153125E-02
   -.135836E-02
   -.192248E-02
   -.368320E-02
   -.461426E-02
   -.627566E-02
   -.745182E-02
   -.682689E-02
   -.729817E-02
   -.727515E-02
   -.687604E-02
   -.738162E-02
   -.666394E-02
   -.539857E-02
   -.415953E-02
   -.868879E-03
    .135924E-02
    .176141E-02
    .414885E-02
    .836177E-02
    .100142E-01
    .920023E-02
    .103658E-01
    .108953E-01
    .105793E-01
    .113652E-01
    .110190E-01
    .962267E-02
    .787696E-02
    .899986E-02
    .515449E-02
   -.117341E-01
   -.176064E-01
   -.152319E-01
   -.214301E-01
   -.255914E-01
   -.246950E-01
   -.241353E-01
   -.197992E-01
    .806890E-03
    .884671E-02
    .371745E-02
    .109652E-01
    .144066E-01
    .141509E-01
    .146827E-01
    .130657E-01
    .100392E-01
    .638933E-02
    .171771E-02
   -.350091E-02
   -.917007E-02
   -.149098E-01
   -.203826E-01
   -.255248E-01
   -.296924E-01
   -.329177E-01
   -.354389E-01
   -.352137E-01
   -.314581E-01
   -.266164E-01
   -.156178E-01
   -.661573E-02
    .390036E-02
    .132124E-01
    .167064E-01
    .214676E-01
    .196399E-01
    .188842E-01
    .166353E-01
    .132314E-01
    .132043E-01
    .105592E-01
    .637523E-02
    .562393E-02
    .942168E-02
    .974554E-02
    .127920E-01
    .134181E-01
    .784961E-02
    .511632E-02
   -.365890E-02
   -.900630E-02
   -.124307E-01
   -.153082E-01
   -.750674E-02
   -.513519E-02
   -.902549E-03
    .425605E-02
    .225391E-02
    .528174E-02
    .849596E-02
    .953286E-02
    .122360E-01
    .142876E-01
    .136114E-01
    .155243E-01
    .253730E-01
    .262440E-01
    .180289E-01
    .168901E-01
    .140929E-01
    .722044E-02
    .223114E-02
   -.620503E-02
   -.235853E-01
   -.328437E-01
   -.384371E-01
   -.452206E-01
   -.417889E-01
   -.406627E-01
   -.371894E-01
   -.305694E-01
   -.238061E-01
   -.155281E-01
   -.693471E-02
    .163045E-02
    .963908E-02
    .170765E-01
    .228883E-01
    .271219E-01
    .304465E-01
    .308283E-01
    .208152E-01
    .181697E-01
    .219853E-01
    .181248E-01
    .193749E-01
    .166607E-01
    .813987E-02
    .172120E-02
   -.147628E-01
   -.240884E-01
   -.294582E-01
   -.352764E-01
   -.294525E-01
   -.261453E-01
   -.171158E-01
   -.783448E-02
    .116011E-02
    .101007E-01
    .125702E-01
    .178716E-01
    .187847E-01
    .203746E-01
    .245369E-01
    .259889E-01
    .290342E-01
    .277334E-01
    .349049E-01
    .280825E-01
   -.202074E-01
   -.328673E-01
   -.195335E-01
   -.339078E-01
   -.393252E-01
   -.386103E-01
   -.457613E-01
   -.419077E-01
   -.288822E-01
   -.205862E-01
    .109889E-02
    .127455E-01
    .552009E-02
    .126262E-01
    .161988E-01
    .156093E-01
    .189789E-01
    .188955E-01
    .198287E-01
    .187745E-01
    .155017E-01
    .117815E-01
    .353651E-02
   -.271348E-02
   -.100482E-01
   -.163662E-01
   -.183366E-01
   -.213512E-01
   -.223129E-01
   -.203913E-01
   -.156419E-01
   -.100725E-01
    .198481E-02
    .101673E-01
    .120506E-01
    .195429E-01
    .289548E-01
    .326943E-01
    .307467E-01
    .325452E-01
    .332421E-01
    .323635E-01
    .324226E-01
    .323597E-01
    .344395E-01
    .349257E-01
    .370868E-01
    .368337E-01
    .332062E-01
    .298244E-01
    .222637E-01
    .147288E-01
    .515739E-02
   -.451802E-02
   -.141121E-01
   -.231801E-01
   -.303094E-01
   -.363694E-01
   -.389099E-01
   -.408630E-01
   -.385596E-01
   -.372758E-01
   -.359976E-01
   -.337184E-01
   -.343006E-01
   -.331066E-01
   -.323247E-01
   -.320240E-01
   -.313903E-01
   -.304900E-01
   -.314837E-01
   -.284887E-01
   -.213924E-01
   -.151849E-01
   -.290947E-03
    .851778E-02
    .125962E-01
    .195411E-01
    .180710E-01
    .191563E-01
    .217006E-01
    .195184E-01
    .155363E-01
    .129163E-01
    .902064E-02
    .610015E-02
    .742718E-02
    .588585E-02
    .576012E-02
    .485679E-02
    .178490E-02
   -.112791E-02
   -.809969E-02
   -.131652E-01
   -.193088E-01
   -.239983E-01
   -.268036E-01
   -.270239E-01
   -.211289E-01
   -.146815E-01
   -.260342E-03
    .114643E-01
    .246692E-01
    .361061E-01
    .401816E-01
    .453249E-01
    .423273E-01
    .398845E-01
    .347879E-01
    .285041E-01
    .228354E-01
    .170900E-01
    .148828E-01
    .120480E-01
    .126670E-01
    .126718E-01
    .132910E-01
    .158878E-01
    .128632E-01
    .170692E-01
    .372993E-01
    .430206E-01
    .390005E-01
    .444912E-01
    .486821E-01
    .454118E-01
    .372013E-01
    .292860E-01
    .104364E-01
   -.116207E-02
   -.649951E-02
   -.152689E-01
   -.125409E-01
   -.136348E-01
   -.139750E-01
   -.117495E-01
   -.117867E-01
   -.109660E-01
   -.134357E-01
   -.137797E-01
   -.163118E-01
   -.155712E-01
   -.100010E-01
   -.509755E-02
    .713028E-02
    .165013E-01
    .273015E-01
    .365018E-01
    .398586E-01
    .436142E-01
    .405160E-01
    .373117E-01
    .309713E-01
    .233162E-01
    .149001E-01
    .644467E-02
   -.682439E-03
   -.719720E-02
   -.954156E-02
   -.126950E-01
   -.130030E-01
   -.132123E-01
   -.142321E-01
   -.138622E-01
   -.142537E-01
   -.123912E-01
   -.160322E-01
   -.118842E-01
    .154693E-01
    .213892E-01
    .111374E-01
    .163959E-01
    .129374E-01
    .932044E-02
    .982821E-02
    .776276E-02
    .965396E-02
    .107456E-01
    .142346E-01
    .175565E-01
    .210042E-01
    .220480E-01
    .273520E-01
    .239330E-01
   -.941647E-02
   -.168986E-01
   -.403087E-02
   -.123125E-01
   -.101552E-01
   -.970026E-02
   -.188762E-01
   -.224204E-01
   -.346991E-01
   -.412917E-01
   -.460981E-01
   -.480115E-01
   -.382422E-01
   -.295027E-01
   -.874446E-02
    .848025E-02
    .274209E-01
    .448053E-01
    .490360E-01
    .593454E-01
    .633499E-01
    .665733E-01
    .720589E-01
    .728596E-01
    .789510E-01
    .762556E-01
    .656126E-01
    .554398E-01
    .316729E-01
    .131776E-01
   -.788965E-02
   -.262682E-01
   -.325889E-01
   -.422162E-01
   -.396930E-01
   -.389816E-01
   -.425297E-01
   -.351317E-01
   -.253095E-01
   -.141353E-01
    .112903E-01
    .255987E-01
    .332580E-01
    .432916E-01
    .376491E-01
    .358250E-01
    .300833E-01
    .209398E-01
    .122284E-01
    .246927E-02
   -.556705E-02
   -.122294E-01
   -.163634E-01
   -.185106E-01
   -.729032E-02
   -.646165E-02
   -.148052E-01
   -.148067E-01
   -.231714E-01
   -.279624E-01
   -.301498E-01
   -.323293E-01
   -.272209E-01
   -.230631E-01
   -.130017E-01
   -.431836E-02
    .499502E-02
    .139077E-01
    .156922E-01
    .208204E-01
    .271409E-01
    .274690E-01
    .227032E-01
    .188331E-01
    .134221E-01
    .459547E-02
   -.118540E-01
   -.223187E-01
   -.258883E-01
   -.351501E-01
   -.437132E-01
   -.477133E-01
   -.463708E-01
   -.477445E-01
   -.485779E-01
   -.473970E-01
   -.477252E-01
   -.469601E-01
   -.464055E-01
   -.458130E-01
   -.451947E-01
   -.450057E-01
   -.435985E-01
   -.440381E-01
   -.490201E-01
   -.503535E-01
   -.487969E-01
   -.510979E-01
   -.534460E-01
   -.554472E-01
   -.592566E-01
   -.627530E-01
   -.669345E-01
   -.713334E-01
   -.758362E-01
   -.803085E-01
   -.844869E-01
   -.883749E-01
   -.916023E-01
   -.943089E-01
   -.960466E-01
   -.973342E-01
   -.966996E-01
   -.970205E-01
   -.973417E-01
   -.977960E-01
   -.100803E+00
   -.102125E+00
   -.104293E+00
   -.106485E+00
   -.104452E+00
   -.106230E+00
   -.114968E+00
   -.116010E+00
   -.111443E+00
   -.111860E+00
   -.109901E+00
   -.107023E+00
   -.105234E+00
   -.102447E+00
   -.100022E+00
   -.978726E-01
   -.953574E-01
   -.944612E-01
   -.955573E-01
   -.963259E-01
   -.100619E+00
   -.102724E+00
   -.102254E+00
   -.104126E+00
   -.103283E+00
   -.103948E+00
   -.107106E+00
   -.108010E+00
   -.110209E+00
   -.111355E+00
   -.110613E+00
   -.110160E+00
   -.107532E+00
   -.104972E+00
   -.101693E+00
   -.979231E-01
   -.940513E-01
   -.901426E-01
   -.864991E-01
   -.835027E-01
   -.799708E-01
   -.796953E-01
   -.820895E-01
   -.866565E-01
   -.980507E-01
   -.108804E+00
   -.123866E+00
   -.138689E+00
   -.153429E+00
   -.167256E+00
   -.177523E+00
   -.186584E+00
   -.186930E+00
   -.190880E+00
   -.193183E+00
   -.194478E+00
   -.203391E+00
   -.205286E+00
   -.205142E+00
   -.206270E+00
   -.201558E+00
   -.198942E+00
   -.196713E+00
   -.191875E+00
   -.190514E+00
   -.183405E+00
   -.174178E+00
   -.160807E+00
   -.137850E+00
   -.113981E+00
   -.822416E-01
   -.478087E-01
   -.915671E-02
    .318308E-01
    .745166E-01
    .117793E+00
    .160346E+00
    .201609E+00
    .239789E+00
    .275021E+00
    .304998E+00
    .330668E+00
    .349378E+00
    .363923E+00
    .366827E+00
    .372464E+00
    .376020E+00
    .377229E+00
    .388243E+00
    .391132E+00
    .388643E+00
    .392038E+00
    .402945E+00
    .402163E+00
    .391050E+00
    .386244E+00
    .374549E+00
    .362922E+00
    .352361E+00
    .340885E+00
    .335112E+00
    .325902E+00
    .319177E+00
    .311003E+00
    .298204E+00
    .288170E+00
    .275286E+00
    .263760E+00
    .253335E+00
    .243182E+00
    .238331E+00
    .231276E+00
    .221927E+00
    .218020E+00
    .217539E+00
    .215913E+00
    .217896E+00
    .219286E+00
    .220750E+00
    .222074E+00
    .220342E+00
    .219677E+00
    .216523E+00
    .213731E+00
    .211367E+00
    .208278E+00
    .204721E+00
    .202253E+00
    .204981E+00
    .202481E+00
    .195784E+00
    .192439E+00
    .185327E+00
    .179330E+00
    .176425E+00
    .169995E+00
    .164616E+00
    .157825E+00
    .146348E+00
    .137915E+00
    .127804E+00
    .119311E+00
    .114498E+00
    .109613E+00
    .109370E+00
    .109297E+00
    .111655E+00
    .114731E+00
    .118553E+00
    .122435E+00
    .125388E+00
    .126832E+00
    .128459E+00
    .125714E+00
    .108699E+00
    .101236E+00
    .102089E+00
    .908090E-01
    .793683E-01
    .679001E-01
    .507643E-01
    .333444E-01
    .128875E-01
   -.960486E-02
   -.341048E-01
   -.602662E-01
   -.878722E-01
   -.116615E+00
   -.146182E+00
   -.176295E+00
   -.206581E+00
   -.236819E+00
   -.266572E+00
   -.295673E+00
   -.323650E+00
   -.350425E+00
   -.375467E+00
   -.398786E+00
   -.419837E+00
   -.438781E+00
   -.454997E+00
   -.468524E+00
   -.479161E+00
   -.487203E+00
   -.492053E+00
   -.490939E+00
   -.495516E+00
   -.483250E+00
   -.434034E+00
   -.407168E+00
   -.401534E+00
   -.357111E+00
   -.298295E+00
   -.244074E+00
   -.165069E+00
   -.897546E-01
   -.848057E-02
    .718753E-01
    .145569E+00
    .213275E+00
    .264910E+00
    .309471E+00
    .321881E+00
    .342959E+00
    .361309E+00
    .366679E+00
    .385894E+00
    .386398E+00
    .371017E+00
    .364057E+00
    .346693E+00
    .330549E+00
    .325955E+00
    .308351E+00
    .294762E+00
    .274373E+00
    .236971E+00
    .207009E+00
    .167035E+00
    .131505E+00
    .100582E+00
    .708100E-01
    .625649E-01
    .454960E-01
    .190918E-01
    .150686E-01
    .266954E-01
    .309397E-01
    .508051E-01
    .644422E-01
    .682849E-01
    .775122E-01
    .718234E-01
    .703469E-01
    .664285E-01
    .595442E-01
    .545018E-01
    .484550E-01
    .456519E-01
    .420398E-01
    .410163E-01
    .398734E-01
    .387838E-01
    .388146E-01
    .386155E-01
    .388281E-01
    .390597E-01
    .393012E-01
    .394213E-01
    .394410E-01
    .391295E-01
    .389559E-01
    .373293E-01
    .377900E-01
    .391114E-01
    .416913E-01
    .485879E-01
    .546802E-01
    .635676E-01
    .721830E-01
    .807829E-01
    .888409E-01
    .947700E-01
    .998371E-01
    .100164E+00
    .101693E+00
    .100940E+00
    .100357E+00
    .102181E+00
    .101922E+00
    .103345E+00
    .103950E+00
    .104402E+00
    .103456E+00
    .104789E+00
    .982900E-01
    .844255E-01
    .684323E-01
    .349248E-01
    .934642E-02
   -.204278E-01
   -.463780E-01
   -.547155E-01
   -.700038E-01
   -.716985E-01
   -.758438E-01
   -.845695E-01
   -.859372E-01
   -.911344E-01
   -.940562E-01
   -.939524E-01
   -.971903E-01
   -.999045E-01
   -.104623E+00
   -.114791E+00
   -.123433E+00
   -.135829E+00
   -.147689E+00
   -.159552E+00
   -.170712E+00
   -.179217E+00
   -.186681E+00
   -.188093E+00
   -.191250E+00
   -.192181E+00
   -.192579E+00
   -.196576E+00
   -.196891E+00
   -.196301E+00
   -.197038E+00
   -.196167E+00
   -.196443E+00
   -.199094E+00
   -.199909E+00
   -.201812E+00
   -.202502E+00
   -.202278E+00
   -.200768E+00
   -.194403E+00
   -.189130E+00
   -.185529E+00
   -.175604E+00
   -.160953E+00
   -.146357E+00
   -.126271E+00
   -.105784E+00
   -.832500E-01
   -.602838E-01
   -.376923E-01
   -.158672E-01
    .344672E-02
    .206795E-01
    .337408E-01
    .450088E-01
    .475002E-01
    .525242E-01
    .645235E-01
    .637905E-01
    .560745E-01
    .499566E-01
    .345476E-01
    .197860E-01
    .242022E-02
   -.144471E-01
   -.287004E-01
   -.427900E-01
   -.453181E-01
   -.541346E-01
   -.704286E-01
   -.749203E-01
   -.720815E-01
   -.750949E-01
   -.760617E-01
   -.745403E-01
   -.762721E-01
   -.738863E-01
   -.699677E-01
   -.653615E-01
   -.553901E-01
   -.480035E-01
   -.392488E-01
   -.315213E-01
   -.297563E-01
   -.245176E-01
   -.218225E-01
   -.188678E-01
   -.114557E-01
   -.882309E-02
   -.621854E-02
   -.518293E-02
   -.903775E-02
   -.127205E-01
   -.208405E-01
   -.288713E-01
   -.384955E-01
   -.477120E-01
   -.554459E-01
   -.629890E-01
   -.641948E-01
   -.691705E-01
   -.759404E-01
   -.789297E-01
   -.857018E-01
   -.876369E-01
   -.831807E-01
   -.812306E-01
   -.750114E-01
   -.683556E-01
   -.610424E-01
   -.535602E-01
   -.472376E-01
   -.416756E-01
   -.388798E-01
   -.372580E-01
   -.390484E-01
   -.422501E-01
   -.485241E-01
   -.561638E-01
   -.659518E-01
   -.767200E-01
   -.885172E-01
   -.100575E+00
   -.112456E+00
   -.123835E+00
   -.133818E+00
   -.142646E+00
   -.149057E+00
   -.154027E+00
   -.155157E+00
   -.156269E+00
   -.155139E+00
   -.153500E+00
   -.152706E+00
   -.151111E+00
   -.148173E+00
   -.147727E+00
   -.156605E+00
   -.156610E+00
   -.149706E+00
   -.148959E+00
   -.143447E+00
   -.138673E+00
   -.137040E+00
   -.132470E+00
   -.128624E+00
   -.125474E+00
   -.120775E+00
   -.118487E+00
   -.119759E+00
   -.119224E+00
   -.117758E+00
   -.120648E+00
   -.123124E+00
   -.130450E+00
   -.146054E+00
   -.160707E+00
   -.182008E+00
   -.203500E+00
   -.226621E+00
   -.249536E+00
   -.270298E+00
   -.289101E+00
   -.302664E+00
   -.314185E+00
   -.314441E+00
   -.318908E+00
   -.324833E+00
   -.325336E+00
   -.329778E+00
   -.330621E+00
   -.328069E+00
   -.327032E+00
   -.327984E+00
   -.322834E+00
   -.313333E+00
   -.303214E+00
   -.286208E+00
   -.269252E+00
   -.248850E+00
   -.228250E+00
   -.207934E+00
   -.188477E+00
   -.172623E+00
   -.157021E+00
   -.152736E+00
   -.138459E+00
   -.122614E+00
   -.102547E+00
   -.615419E-01
   -.285341E-01
    .156092E-01
    .551564E-01
    .890577E-01
    .121470E+00
    .129125E+00
    .146791E+00
    .169872E+00
    .174085E+00
    .167878E+00
    .165098E+00
    .155041E+00
    .142761E+00
    .130460E+00
    .117037E+00
    .105864E+00
    .954388E-01
    .917948E-01
    .857998E-01
    .828426E-01
    .801315E-01
    .737765E-01
    .715917E-01
    .693364E-01
    .676537E-01
    .689260E-01
    .695281E-01
    .716208E-01
    .737779E-01
    .757641E-01
    .783413E-01
    .771428E-01
    .810534E-01
    .871696E-01
    .947107E-01
    .112372E+00
    .124733E+00
    .139888E+00
    .153042E+00
    .155066E+00
    .163369E+00
    .169003E+00
    .171573E+00
    .179437E+00
    .178681E+00
    .170962E+00
    .164362E+00
    .149525E+00
    .135301E+00
    .118419E+00
    .102102E+00
    .882048E-01
    .753905E-01
    .705945E-01
    .639534E-01
    .624351E-01
    .607875E-01
    .570950E-01
    .565769E-01
    .544316E-01
    .536740E-01
    .523939E-01
    .526561E-01
    .566145E-01
    .589610E-01
    .607190E-01
    .650751E-01
    .729189E-01
    .776502E-01
    .784311E-01
    .842226E-01
    .884475E-01
    .953105E-01
    .110960E+00
    .120967E+00
    .134049E+00
    .144696E+00
    .146729E+00
    .152693E+00
    .152857E+00
    .153836E+00
    .158349E+00
    .157964E+00
    .158682E+00
    .157412E+00
    .153185E+00
    .148281E+00
    .140010E+00
    .130679E+00
    .118965E+00
    .106009E+00
    .915933E-01
    .763412E-01
    .604654E-01
    .444041E-01
    .285945E-01
    .133006E-01
   -.878548E-03
   -.142074E-01
   -.254636E-01
   -.349351E-01
   -.419040E-01
   -.504558E-01
   -.456296E-01
   -.547830E-01
   -.102983E+00
   -.113535E+00
   -.973232E-01
   -.107250E+00
   -.105437E+00
   -.100044E+00
   -.102818E+00
   -.968672E-01
   -.914768E-01
   -.839067E-01
   -.697073E-01
   -.578169E-01
   -.423108E-01
   -.282745E-01
   -.161913E-01
   -.470209E-02
   -.137674E-02
    .608668E-02
    .110314E-01
    .167894E-01
    .297875E-01
    .374230E-01
    .477877E-01
    .563959E-01
    .578724E-01
    .642020E-01
    .685314E-01
    .730155E-01
    .845418E-01
    .886078E-01
    .936724E-01
    .942313E-01
    .785488E-01
    .725857E-01
    .614757E-01
    .529903E-01
    .601926E-01
    .584711E-01
    .622782E-01
    .650435E-01
    .677253E-01
    .675236E-01
    .445649E-01
    .399469E-01
    .533779E-01
    .466498E-01
    .372762E-01
    .367663E-01
    .270159E-01
    .264045E-01
    .424006E-01
    .468457E-01
    .562978E-01
    .653448E-01
    .615063E-01
    .666236E-01
    .722397E-01
    .738429E-01
    .785150E-01
    .800521E-01
    .821047E-01
    .805524E-01
    .717014E-01
    .634889E-01
    .555664E-01
    .386957E-01
    .773650E-02
   -.145623E-01
   -.424758E-01
   -.650276E-01
   -.724877E-01
   -.836147E-01
   -.799517E-01
   -.771853E-01
   -.727364E-01
   -.629157E-01
   -.537882E-01
   -.428803E-01
   -.323824E-01
   -.224455E-01
   -.143632E-01
   -.726606E-02
   -.418425E-02
   -.745946E-03
    .149780E-03
    .909950E-03
    .212154E-02
    .250090E-02
    .413081E-02
    .550715E-02
    .843520E-02
    .106620E-01
    .132362E-01
    .155879E-01
    .161570E-01
    .179348E-01
    .190465E-01
    .205419E-01
    .237449E-01
    .257059E-01
    .283001E-01
    .306086E-01
    .306172E-01
    .329679E-01
    .354496E-01
    .385108E-01
    .458262E-01
    .507240E-01
    .570528E-01
    .604252E-01
    .661287E-01
    .622972E-01
    .362627E-01
    .243343E-01
    .446850E-02
   -.112174E-01
   -.270242E-02
   -.928463E-02
   -.125648E-01
   -.100091E-01
   -.130090E-01
   -.108214E-01
   -.571328E-02
   -.282434E-02
   -.113478E-02
    .315948E-02
    .997295E-02
    .138195E-01
    .159689E-01
    .194724E-01
    .200378E-01
    .219700E-01
    .256602E-01
    .274153E-01
    .303105E-01
    .317218E-01
    .338971E-01
    .327436E-01
    .236134E-01
    .193072E-01
    .128181E-01
    .668173E-02
    .737732E-02
    .354183E-02
    .171620E-02
   -.102736E-02
   -.652653E-02
   -.115099E-01
   -.238029E-01
   -.304024E-01
   -.333891E-01
   -.385061E-01
   -.365375E-01
   -.370334E-01
   -.378400E-01
   -.363070E-01
   -.361766E-01
   -.350394E-01
   -.344212E-01
   -.331054E-01
   -.313800E-01
   -.292560E-01
   -.257309E-01
   -.224540E-01
   -.182860E-01
   -.141144E-01
   -.100572E-01
   -.626982E-02
   -.324866E-02
    .913987E-03
   -.799083E-03
    .431005E-02
    .254733E-01
    .326864E-01
    .304426E-01
    .393517E-01
    .484419E-01
    .532714E-01
    .547804E-01
    .614346E-01
    .739610E-01
    .808670E-01
    .922087E-01
    .995601E-01
    .958675E-01
    .992993E-01
    .102392E+00
    .101210E+00
    .103288E+00
    .101142E+00
    .931737E-01
    .892226E-01
    .829995E-01
    .778851E-01
    .790973E-01
    .773417E-01
    .732101E-01
    .763257E-01
    .884203E-01
    .943757E-01
    .103831E+00
    .112025E+00
    .109411E+00
    .114223E+00
    .121042E+00
    .121856E+00
    .124870E+00
    .123379E+00
    .116552E+00
    .108392E+00
    .923590E-01
    .763847E-01
    .559409E-01
    .355163E-01
    .152245E-01
   -.396267E-02
   -.191305E-01
   -.323420E-01
   -.373374E-01
   -.427697E-01
   -.426436E-01
   -.419310E-01
   -.420138E-01
   -.394026E-01
   -.380987E-01
   -.357251E-01
   -.353589E-01
   -.334349E-01
   -.267590E-01
   -.257975E-01
   -.295616E-01
   -.302556E-01
   -.358627E-01
   -.385779E-01
   -.408001E-01
   -.415471E-01
   -.290702E-01
   -.262922E-01
   -.300024E-01
   -.257634E-01
   -.260759E-01
   -.240765E-01
   -.194199E-01
   -.140461E-01
   -.302821E-02
    .764307E-02
    .221383E-01
    .369696E-01
    .527388E-01
    .683275E-01
    .826516E-01
    .958010E-01
    .105831E+00
    .113055E+00
    .118075E+00
    .117427E+00
    .103264E+00
    .942620E-01
    .873109E-01
    .715256E-01
    .525111E-01
    .366551E-01
    .167648E-01
    .180757E-02
    .158733E-03
   -.858038E-02
   -.183617E-01
   -.195145E-01
   -.152490E-01
   -.125553E-01
   -.987126E-02
   -.160692E-02
    .120431E-01
    .224682E-01
    .353380E-01
    .457259E-01
    .488370E-01
    .551488E-01
    .531123E-01
    .548663E-01
    .670421E-01
    .671438E-01
    .620458E-01
    .609349E-01
    .544613E-01
    .476558E-01
    .400640E-01
    .316779E-01
    .234740E-01
    .155483E-01
    .922984E-02
    .504674E-02
   -.150310E-03
    .213275E-03
    .227109E-01
    .252612E-01
    .804671E-02
    .124776E-01
   -.267323E-02
    .284705E-02
    .536421E-01
    .714320E-01
    .107435E+00
    .137858E+00
    .106183E+00
    .125467E+00
    .196963E+00
    .205011E+00
    .184619E+00
    .195610E+00
    .188677E+00
    .180167E+00
    .180332E+00
    .174169E+00
    .176868E+00
    .175221E+00
    .172489E+00
    .172769E+00
    .171950E+00
    .168311E+00
    .170620E+00
    .162578E+00
    .123575E+00
    .111101E+00
    .119033E+00
    .105218E+00
    .979169E-01
    .944691E-01
    .860909E-01
    .811285E-01
    .813248E-01
    .726565E-01
    .578152E-01
    .447245E-01
    .139711E-01
   -.745434E-02
   -.881033E-02
   -.316511E-01
   -.828092E-01
   -.988904E-01
   -.868462E-01
   -.976933E-01
   -.963867E-01
   -.896546E-01
   -.904870E-01
   -.816195E-01
   -.683682E-01
   -.586712E-01
   -.464853E-01
   -.365812E-01
   -.331331E-01
   -.274955E-01
   -.274520E-01
   -.265853E-01
   -.247891E-01
   -.257772E-01
   -.243503E-01
   -.260201E-01
   -.298855E-01
   -.332462E-01
   -.416124E-01
   -.463021E-01
   -.488707E-01
   -.520073E-01
   -.484462E-01
   -.480808E-01
   -.464702E-01
   -.448427E-01
   -.482426E-01
   -.488831E-01
   -.490827E-01
   -.519921E-01
   -.571852E-01
   -.623591E-01
   -.639291E-01
   -.713322E-01
   -.961347E-01
   -.103103E+00
   -.931719E-01
   -.972882E-01
   -.939611E-01
   -.894647E-01
   -.895058E-01
   -.863646E-01
   -.868164E-01
   -.862276E-01
   -.867280E-01
   -.867440E-01
   -.873041E-01
   -.851945E-01
   -.784382E-01
   -.728391E-01
   -.599766E-01
   -.518172E-01
   -.479826E-01
   -.415155E-01
   -.423666E-01
   -.398100E-01
   -.402077E-01
   -.363970E-01
   -.230181E-01
   -.151044E-01
    .774149E-02
    .171707E-01
    .548732E-02
    .838162E-02
    .201883E-02
   -.438407E-02
   -.520991E-02
   -.883893E-02
   -.557290E-02
   -.369487E-02
    .191012E-02
    .738535E-02
    .129195E-01
    .167455E-01
    .211539E-01
    .200790E-01
   -.861164E-03
   -.796866E-02
   -.472789E-02
   -.157358E-01
   -.272565E-01
   -.347456E-01
   -.463318E-01
   -.531303E-01
   -.577905E-01
   -.598641E-01
   -.432257E-01
   -.403006E-01
   -.480446E-01
   -.444232E-01
   -.480229E-01
   -.505059E-01
   -.499238E-01
   -.507604E-01
   -.520306E-01
   -.495442E-01
   -.339207E-01
   -.293924E-01
   -.341000E-01
   -.295752E-01
   -.287415E-01
   -.291404E-01
   -.274615E-01
   -.278200E-01
   -.280378E-01
   -.284554E-01
   -.296239E-01
   -.303985E-01
   -.313746E-01
   -.325248E-01
   -.318234E-01
   -.331320E-01
   -.378074E-01
   -.396242E-01
   -.396664E-01
   -.422389E-01
   -.461149E-01
   -.478242E-01
   -.489123E-01
   -.502007E-01
   -.493301E-01
   -.492211E-01
   -.492871E-01
   -.481865E-01
   -.488696E-01
   -.464023E-01
   -.421711E-01
   -.365276E-01
   -.248683E-01
   -.148632E-01
   -.183067E-02
    .100245E-01
    .201316E-01
    .296884E-01
    .319302E-01
    .367907E-01
    .425604E-01
    .429252E-01
    .402780E-01
    .380670E-01
    .326998E-01
    .276637E-01
    .226283E-01
    .180522E-01
    .155680E-01
    .135280E-01
    .174683E-01
    .182292E-01
    .167199E-01
    .187123E-01
    .205174E-01
    .209191E-01
    .226501E-01
    .209823E-01
    .160218E-01
    .982293E-02
   -.335641E-02
   -.149687E-01
   -.299202E-01
   -.437250E-01
   -.554391E-01
   -.657775E-01
   -.698352E-01
   -.738257E-01
   -.686752E-01
   -.673106E-01
   -.700198E-01
   -.666956E-01
   -.678232E-01
   -.644657E-01
   -.565266E-01
   -.500109E-01
   -.346177E-01
   -.251126E-01
   -.213983E-01
   -.126982E-01
   -.109215E-01
   -.565466E-02
    .455536E-02
    .977143E-02
    .177863E-01
    .237992E-01
    .250953E-01
    .290249E-01
    .304078E-01
    .321328E-01
    .369324E-01
    .382139E-01
    .396515E-01
    .399526E-01
    .370086E-01
    .342013E-01
    .284505E-01
    .227807E-01
    .160288E-01
    .955697E-02
    .405093E-02
   -.110038E-02
   -.277962E-02
   -.575560E-02
   -.710467E-02
   -.864543E-02
   -.122153E-01
   -.139323E-01
   -.166194E-01
   -.183729E-01
   -.195777E-01
   -.196144E-01
   -.167165E-01
   -.143841E-01
   -.861724E-02
   -.485621E-02
   -.337673E-02
   -.364154E-03
   -.144647E-02
   -.236430E-03
    .227338E-02
    .340567E-02
    .760917E-02
    .938603E-02
    .108911E-01
    .117250E-01
    .676594E-02
    .524783E-02
    .597698E-02
    .275465E-02
   -.519771E-03
   -.376344E-02
   -.868237E-02
   -.133694E-01
   -.186397E-01
   -.239957E-01
   -.292759E-01
   -.343270E-01
   -.387989E-01
   -.428092E-01
   -.457979E-01
   -.478492E-01
   -.492819E-01
   -.492164E-01
   -.440450E-01
   -.424186E-01
   -.439285E-01
   -.419010E-01
   -.416045E-01
   -.409482E-01
   -.391166E-01
   -.379641E-01
   -.354165E-01
   -.339178E-01
   -.325956E-01
   -.319220E-01
   -.332472E-01
   -.344411E-01
   -.378440E-01
   -.405744E-01
   -.436619E-01
   -.462616E-01
   -.470616E-01
   -.477631E-01
   -.461515E-01
   -.442763E-01
   -.409427E-01
   -.370771E-01
   -.325112E-01
   -.277759E-01
   -.231027E-01
   -.186776E-01
   -.150916E-01
   -.120930E-01
   -.104107E-01
   -.965388E-02
   -.105876E-01
   -.124701E-01
   -.161582E-01
   -.205624E-01
   -.262812E-01
   -.325340E-01
   -.393958E-01
   -.464195E-01
   -.533210E-01
   -.599470E-01
   -.657559E-01
   -.708881E-01
   -.745954E-01
   -.774826E-01
   -.781139E-01
   -.787205E-01
   -.780218E-01
   -.770762E-01
   -.766190E-01
   -.752599E-01
   -.743285E-01
   -.734827E-01
   -.716881E-01
   -.713764E-01
   -.752408E-01
   -.753882E-01
   -.727601E-01
   -.729661E-01
   -.720332E-01
   -.707351E-01
   -.700532E-01
   -.687865E-01
   -.679053E-01
   -.664709E-01
   -.645336E-01
   -.626963E-01
   -.597737E-01
   -.573449E-01
   -.565818E-01
   -.532972E-01
   -.494814E-01
   -.446621E-01
   -.351491E-01
   -.283023E-01
   -.200498E-01
   -.123488E-01
   -.112203E-01
   -.548379E-02
    .513448E-02
    .854464E-02
    .677605E-02
    .922748E-02
    .101469E-01
    .973376E-02
    .106609E-01
    .106121E-01
    .103930E-01
    .110186E-01
    .121097E-01
    .137651E-01
    .171374E-01
    .202890E-01
    .245411E-01
    .286994E-01
    .328600E-01
    .367755E-01
    .398445E-01
    .423294E-01
    .435714E-01
    .436975E-01
    .420468E-01
    .393009E-01
    .343827E-01
    .287519E-01
    .215155E-01
    .136927E-01
    .515693E-02
   -.358080E-02
   -.121659E-01
   -.204240E-01
   -.277241E-01
   -.342179E-01
   -.390779E-01
   -.428404E-01
   -.443178E-01
   -.450099E-01
   -.437009E-01
   -.417387E-01
   -.388045E-01
   -.352406E-01
   -.314267E-01
   -.276445E-01
   -.244253E-01
   -.206237E-01
   -.211478E-01
   -.165385E-01
   -.463384E-02
    .153142E-02
    .107037E-01
    .189884E-01
    .184857E-01
    .253782E-01
    .354040E-01
    .417503E-01
    .523306E-01
    .605717E-01
    .677999E-01
    .746380E-01
    .756346E-01
    .795467E-01
    .836390E-01
    .853537E-01
    .893659E-01
    .906834E-01
    .886376E-01
    .887017E-01
    .883053E-01
    .866958E-01
    .867202E-01
    .844118E-01
    .804425E-01
    .768517E-01
    .694345E-01
    .647076E-01
    .620567E-01
    .581667E-01
    .579619E-01
    .566645E-01
    .546263E-01
    .550926E-01
    .554426E-01
    .572968E-01
    .615164E-01
    .659049E-01
    .722718E-01
    .791891E-01
    .870561E-01
    .953397E-01
    .103822E+00
    .112245E+00
    .120154E+00
    .127525E+00
    .133746E+00
    .138995E+00
    .142617E+00
    .144857E+00
    .145540E+00
    .143939E+00
    .139765E+00
    .133709E+00
    .123926E+00
    .113358E+00
    .100189E+00
    .864989E-01
    .720865E-01
    .578323E-01
    .446291E-01
    .324405E-01
    .228260E-01
    .147544E-01
    .107617E-01
    .746090E-02
    .835871E-02
    .840339E-02
    .897083E-02
    .918266E-02
    .506166E-02
    .292060E-02
   -.315666E-02
   -.724300E-02
   -.863973E-02
   -.122110E-01
   -.127017E-01
   -.146012E-01
   -.181484E-01
   -.198132E-01
   -.225497E-01
   -.244728E-01
   -.250948E-01
   -.260907E-01
   -.262296E-01
   -.257685E-01
   -.251299E-01
   -.233020E-01
   -.202240E-01
   -.167925E-01
   -.121122E-01
   -.694083E-02
   -.102145E-02
    .536033E-02
    .121373E-01
    .191205E-01
    .261548E-01
    .331373E-01
    .398246E-01
    .461594E-01
    .518938E-01
    .570852E-01
    .613464E-01
    .648509E-01
    .671859E-01
    .694282E-01
    .679213E-01
    .701605E-01
    .784331E-01
    .815354E-01
    .880893E-01
    .918471E-01
    .879889E-01
    .880477E-01
    .862925E-01
    .818316E-01
    .765119E-01
    .703766E-01
    .629606E-01
    .556431E-01
    .483376E-01
    .413946E-01
    .356947E-01
    .304977E-01
    .282034E-01
    .249709E-01
    .228070E-01
    .205915E-01
    .163612E-01
    .138286E-01
    .104831E-01
    .754094E-02
    .683235E-02
    .391963E-02
    .121300E-02
   -.251966E-02
   -.998444E-02
   -.159164E-01
   -.239071E-01
   -.310592E-01
   -.371641E-01
   -.429522E-01
   -.443859E-01
   -.479698E-01
   -.501253E-01
   -.526640E-01
   -.589449E-01
   -.624386E-01
   -.674033E-01
   -.708371E-01
   -.725745E-01
   -.735438E-01
   -.673767E-01
   -.654485E-01
   -.665967E-01
   -.635027E-01
   -.611612E-01
   -.598487E-01
   -.580331E-01
   -.573577E-01
   -.592468E-01
   -.595030E-01
   -.609410E-01
   -.611912E-01
   -.581481E-01
   -.567029E-01
   -.525862E-01
   -.496769E-01
   -.484488E-01
   -.461444E-01
   -.462293E-01
   -.455060E-01
   -.446823E-01
   -.446246E-01
   -.440894E-01
   -.440247E-01
   -.433394E-01
   -.438694E-01
   -.451653E-01
   -.470417E-01
   -.514487E-01
   -.551608E-01
   -.601462E-01
   -.646472E-01
   -.683854E-01
   -.720710E-01
   -.720841E-01
   -.744896E-01
   -.784264E-01
   -.799547E-01
   -.836144E-01
   -.848665E-01
   -.822421E-01
   -.815531E-01
   -.793318E-01
   -.763291E-01
   -.734307E-01
   -.700210E-01
   -.667436E-01
   -.636088E-01
   -.609775E-01
   -.586019E-01
   -.572969E-01
   -.558934E-01
   -.551643E-01
   -.545097E-01
   -.536277E-01
   -.532088E-01
   -.524364E-01
   -.521474E-01
   -.519981E-01
   -.521722E-01
   -.530572E-01
   -.540370E-01
   -.556057E-01
   -.574005E-01
   -.595498E-01
   -.619166E-01
   -.644671E-01
   -.671277E-01
   -.698054E-01
   -.724693E-01
   -.749874E-01
   -.773619E-01
   -.794625E-01
   -.812932E-01
   -.827149E-01
   -.837946E-01
   -.843751E-01
   -.845340E-01
   -.841453E-01
   -.833486E-01
   -.818963E-01
   -.801630E-01
   -.779081E-01
   -.758005E-01
   -.736712E-01
   -.705450E-01
   -.715192E-01
   -.670423E-01
   -.510186E-01
   -.442078E-01
   -.433793E-01
   -.342994E-01
   -.226310E-01
   -.165054E-01
   -.121345E-01
   -.674624E-02
   -.645647E-02
   -.400143E-02
    .212876E-03
    .173852E-02
    .482454E-02
    .647561E-02
    .791581E-02
    .795023E-02
    .350169E-02
    .136939E-02
   -.118584E-02
   -.510650E-02
   -.642960E-02
   -.100191E-01
   -.168328E-01
   -.207270E-01
   -.212267E-01
   -.253116E-01
   -.350607E-01
   -.371579E-01
   -.325349E-01
   -.328034E-01
   -.290234E-01
   -.254895E-01
   -.251735E-01
   -.219720E-01
   -.196368E-01
   -.177132E-01
   -.149036E-01
   -.133901E-01
   -.135236E-01
   -.126693E-01
   -.120402E-01
   -.118619E-01
   -.114718E-01
   -.110239E-01
   -.102466E-01
   -.935621E-02
   -.772712E-02
   -.647519E-02
   -.506486E-02
   -.332153E-02
   -.397139E-02
   -.143031E-02
    .563429E-02
    .910398E-02
    .149643E-01
    .190451E-01
    .169091E-01
    .186359E-01
    .195177E-01
    .189039E-01
    .195307E-01
    .189934E-01
    .195073E-01
    .182753E-01
    .152726E-01
    .126618E-01
    .631954E-02
    .259775E-02
    .873869E-03
   -.198430E-02
   -.116539E-02
   -.149711E-02
   -.178700E-02
   -.879982E-03
   -.520705E-03
    .341049E-03
    .117069E-02
    .203021E-02
    .287822E-02
    .368452E-02
    .442935E-02
    .508302E-02
    .562685E-02
    .600119E-02
    .640100E-02
    .629813E-02
    .574233E-02
    .490975E-02
    .308719E-02
    .146359E-02
   -.654065E-03
   -.258730E-02
   -.422042E-02
   -.569587E-02
   -.607641E-02
   -.668363E-02
   -.654013E-02
   -.639933E-02
   -.646974E-02
   -.612337E-02
   -.602295E-02
   -.554818E-02
   -.593983E-02
   -.455755E-02
   -.181089E-02
    .141015E-02
    .849418E-02
    .137218E-01
    .199262E-01
    .254041E-01
    .265963E-01
    .301128E-01
    .323761E-01
    .336091E-01
    .367448E-01
    .367887E-01
    .340712E-01
    .325628E-01
    .282749E-01
    .251579E-01
    .241927E-01
    .213775E-01
    .206187E-01
    .188295E-01
    .154188E-01
    .135433E-01
    .107805E-01
    .902178E-02
    .756718E-02
    .750799E-02
    .119822E-01
    .137555E-01
    .173045E-01
    .193507E-01
    .162312E-01
    .155250E-01
    .119159E-01
    .845567E-02
    .521015E-02
    .174324E-02
    .119896E-02
   -.127476E-02
   -.305901E-02
   -.486448E-02
   -.943561E-02
   -.115357E-01
   -.124660E-01
   -.144620E-01
   -.143912E-01
   -.154691E-01
   -.176894E-01
   -.189865E-01
   -.214178E-01
   -.234862E-01
   -.256251E-01
   -.276074E-01
   -.290731E-01
   -.301490E-01
   -.307001E-01
   -.301736E-01
   -.277587E-01
   -.255358E-01
   -.209986E-01
   -.175933E-01
   -.166372E-01
   -.129563E-01
   -.104744E-01
   -.666866E-02
    .105936E-02
    .613526E-02
    .126662E-01
    .179810E-01
    .197130E-01
    .226948E-01
    .225922E-01
    .229525E-01
    .238073E-01
    .233248E-01
    .235464E-01
    .233274E-01
    .231920E-01
    .230365E-01
    .229429E-01
    .226869E-01
    .223121E-01
    .217989E-01
    .208971E-01
    .199967E-01
    .187937E-01
    .175261E-01
    .161536E-01
    .147394E-01
    .133543E-01
    .120189E-01
    .108437E-01
    .977633E-02
    .897671E-02
    .827993E-02
    .816019E-02
    .768649E-02
    .717050E-02
    .660946E-02
    .518659E-02
    .429117E-02
    .309363E-02
    .225963E-02
    .172018E-02
    .187010E-02
    .326245E-02
    .503255E-02
    .872247E-02
    .121159E-01
    .163855E-01
    .203779E-01
    .237189E-01
    .269168E-01
    .275274E-01
    .295897E-01
    .310181E-01
    .327251E-01
    .370652E-01
    .395476E-01
    .430290E-01
    .455811E-01
    .465589E-01
    .471709E-01
    .448551E-01
    .430459E-01
    .391884E-01
    .359071E-01
    .353569E-01
    .316291E-01
    .286363E-01
    .242853E-01
    .151893E-01
    .906979E-02
    .133639E-02
   -.507024E-02
   -.692765E-02
   -.106409E-01
   -.108523E-01
   -.117167E-01
   -.138966E-01
   -.141016E-01
   -.153662E-01
   -.158790E-01
   -.159288E-01
   -.159944E-01
   -.153179E-01
   -.146490E-01
   -.135917E-01
   -.124262E-01
   -.111734E-01
   -.991674E-02
   -.883723E-02
   -.771143E-02
   -.747055E-02
   -.627740E-02
   -.493010E-02
   -.303940E-02
    .666759E-03
    .394680E-02
    .842846E-02
    .127738E-01
    .170902E-01
    .211907E-01
    .243734E-01
    .272545E-01
    .279772E-01
    .295821E-01
    .304796E-01
    .316313E-01
    .346041E-01
    .364896E-01
    .394513E-01
    .419396E-01
    .440278E-01
    .459384E-01
    .461891E-01
    .470006E-01
    .468727E-01
    .469591E-01
    .477768E-01
    .480735E-01
    .490305E-01
    .499286E-01
    .510331E-01
    .522386E-01
    .534632E-01
    .546860E-01
    .558155E-01
    .568530E-01
    .576582E-01
    .582947E-01
    .586129E-01
    .586680E-01
    .584534E-01
    .577396E-01
    .564534E-01
    .548653E-01
    .523930E-01
    .499920E-01
    .472132E-01
    .445420E-01
    .422662E-01
    .396465E-01
    .397331E-01
    .362292E-01
    .299872E-01
    .244789E-01
    .114801E-01
    .383665E-02
    .544898E-03
   -.615641E-02
   -.655166E-02
   -.970031E-02
   -.155355E-01
   -.178877E-01
   -.222340E-01
   -.250919E-01
   -.258669E-01
   -.274170E-01
   -.270169E-01
   -.269375E-01
   -.271470E-01
   -.265522E-01
   -.263885E-01
   -.259402E-01
   -.255669E-01
   -.251860E-01
   -.248279E-01
   -.243407E-01
   -.243037E-01
   -.233102E-01
   -.217029E-01
   -.196265E-01
   -.155430E-01
   -.120125E-01
   -.746453E-02
   -.330708E-02
    .258950E-03
    .356890E-02
    .459574E-02
    .643005E-02
    .702969E-02
    .793966E-02
    .997692E-02
    .112165E-01
    .134004E-01
    .153994E-01
    .175827E-01
    .197430E-01
    .216996E-01
    .235047E-01
    .248266E-01
    .258439E-01
    .262774E-01
    .262261E-01
    .253730E-01
    .241953E-01
    .221504E-01
    .200724E-01
    .176254E-01
    .152838E-01
    .132559E-01
    .114492E-01
    .105570E-01
    .979832E-02
    .100624E-01
    .104424E-01
    .113841E-01
    .123401E-01
    .132634E-01
    .146358E-01
    .136067E-01
    .157615E-01
    .224527E-01
    .255417E-01
    .310239E-01
    .347295E-01
    .322211E-01
    .335783E-01
    .340829E-01
    .331152E-01
    .333504E-01
    .326269E-01
    .322959E-01
    .315594E-01
    .305074E-01
    .293846E-01
    .274140E-01
    .258642E-01
    .240989E-01
    .225301E-01
    .217592E-01
    .207234E-01
    .203690E-01
    .199044E-01
    .193439E-01
    .190721E-01
    .186601E-01
    .183331E-01
    .179977E-01
    .176652E-01
    .173453E-01
    .170077E-01
    .166829E-01
    .163910E-01
    .159795E-01
    .158258E-01
    .158436E-01
    .159916E-01
    .166923E-01
    .172389E-01
    .180599E-01
    .187851E-01
    .193467E-01
    .198364E-01
    .197601E-01
    .198041E-01
    .194597E-01
    .191187E-01
    .188806E-01
    .184411E-01
    .180967E-01
    .177344E-01
    .172634E-01
    .170505E-01
    .169794E-01
    .170396E-01
    .176026E-01
    .180336E-01
    .187300E-01
    .193224E-01
    .198028E-01
    .200303E-01
    .203338E-01
    .195335E-01
    .171849E-01
    .150884E-01
    .105665E-01
    .725868E-02
    .680532E-02
    .266601E-02
   -.177220E-02
   -.647275E-02
   -.172722E-01
   -.231454E-01
   -.259010E-01
   -.309384E-01
   -.308271E-01
   -.325791E-01
   -.359251E-01
   -.363772E-01
   -.373796E-01
   -.377234E-01
   -.367647E-01
   -.359281E-01
   -.344411E-01
   -.324562E-01
   -.301315E-01
   -.274119E-01
   -.243635E-01
   -.210726E-01
   -.175628E-01
   -.139189E-01
   -.101936E-01
   -.644919E-02
   -.275716E-02
    .832102E-03
    .423883E-02
    .742446E-02
    .103009E-01
    .128822E-01
    .150305E-01
    .168122E-01
    .180707E-01
    .191266E-01
    .189289E-01
    .196373E-01
    .216765E-01
    .223881E-01
    .239704E-01
    .249149E-01
    .239724E-01
    .243690E-01
    .248144E-01
    .247257E-01
    .252324E-01
    .254547E-01
    .257221E-01
    .259409E-01
    .259620E-01
    .262722E-01
    .251051E-01
    .260148E-01
    .302745E-01
    .319776E-01
    .353300E-01
    .375159E-01
    .353691E-01
    .359253E-01
    .358955E-01
    .348431E-01
    .346303E-01
    .337983E-01
    .331359E-01
    .322860E-01
    .320215E-01
    .304978E-01
    .282958E-01
    .251948E-01
    .195436E-01
    .140296E-01
    .669484E-02
   -.799542E-03
   -.873877E-02
   -.165844E-01
   -.238149E-01
   -.304847E-01
   -.356422E-01
   -.395992E-01
   -.419909E-01
   -.427708E-01
   -.377143E-01
   -.359091E-01
   -.370413E-01
   -.342259E-01
   -.318580E-01
   -.309771E-01
   -.285646E-01
   -.291839E-01
   -.358705E-01
   -.386778E-01
   -.433579E-01
   -.475896E-01
   -.460231E-01
   -.483403E-01
   -.510874E-01
   -.515263E-01
   -.522293E-01
   -.528460E-01
   -.526291E-01
   -.529704E-01
   -.540901E-01
   -.543893E-01
   -.551169E-01
   -.562115E-01
   -.545091E-01
   -.560512E-01
   -.659334E-01
   -.675902E-01
   -.630505E-01
   -.642184E-01
   -.620226E-01
   -.596204E-01
   -.595996E-01
   -.570616E-01
   -.553272E-01
   -.525224E-01
   -.475686E-01
   -.433073E-01
   -.374793E-01
   -.319256E-01
   -.263529E-01
   -.210721E-01
   -.168738E-01
   -.130699E-01
   -.117683E-01
   -.964029E-02
   -.825455E-02
   -.713566E-02
   -.424202E-02
   -.320379E-02
   -.214572E-02
   -.163371E-02
   -.293900E-02
   -.398335E-02
   -.659361E-02
   -.886020E-02
   -.112795E-01
   -.135081E-01
   -.140658E-01
   -.153948E-01
   -.155774E-01
   -.160638E-01
   -.172681E-01
   -.177765E-01
   -.188335E-01
   -.195993E-01
   -.202321E-01
   -.209645E-01
   -.206514E-01
   -.213471E-01
   -.232729E-01
   -.240761E-01
   -.256679E-01
   -.266126E-01
   -.256908E-01
   -.259357E-01
   -.259184E-01
   -.254552E-01
   -.253496E-01
   -.249798E-01
   -.246635E-01
   -.243490E-01
   -.240162E-01
   -.237059E-01
   -.233673E-01
   -.231725E-01
   -.225017E-01
   -.228737E-01
   -.238429E-01
   -.254681E-01
   -.292229E-01
   -.326582E-01
   -.374616E-01
   -.421604E-01
   -.468417E-01
   -.512369E-01
   -.545645E-01
   -.573919E-01
   -.579968E-01
   -.588320E-01
   -.582691E-01
   -.575908E-01
   -.573479E-01
   -.562731E-01
   -.556027E-01
   -.547326E-01
   -.537982E-01
   -.531145E-01
   -.525758E-01
   -.521815E-01
   -.522825E-01
   -.522647E-01
   -.525052E-01
   -.526545E-01
   -.526445E-01
   -.526278E-01
   -.519271E-01
   -.516773E-01
   -.512507E-01
   -.510492E-01
   -.516030E-01
   -.519003E-01
   -.527243E-01
   -.534183E-01
   -.541679E-01
   -.548699E-01
   -.552711E-01
   -.548098E-01
   -.557795E-01
   -.535150E-01
   -.429582E-01
   -.384135E-01
   -.379825E-01
   -.318086E-01
   -.243567E-01
   -.201980E-01
   -.171927E-01
   -.133591E-01
   -.125855E-01
   -.101616E-01
   -.618634E-02
   -.363970E-02
    .504496E-03
    .411313E-02
    .779605E-02
    .112834E-01
    .140254E-01
    .166152E-01
    .171939E-01
    .190241E-01
    .210460E-01
    .227602E-01
    .271317E-01
    .292879E-01
    .304160E-01
    .321709E-01
    .316308E-01
    .318699E-01
    .322419E-01
    .318493E-01
    .319554E-01
    .312485E-01
    .322533E-01
    .303141E-01
    .232237E-01
    .198203E-01
    .141350E-01
    .995299E-02
    .121402E-01
    .103617E-01
    .945879E-02
    .100306E-01
    .941184E-02
    .970356E-02
    .977783E-02
    .989246E-02
    .996474E-02
    .101582E-01
    .104399E-01
    .107994E-01
    .114371E-01
    .120457E-01
    .128689E-01
    .137003E-01
    .145708E-01
    .154487E-01
    .162533E-01
    .169854E-01
    .175749E-01
    .179935E-01
    .183755E-01
    .182338E-01
    .176185E-01
    .166454E-01
    .146530E-01
    .127090E-01
    .101328E-01
    .757406E-02
    .504047E-02
    .264588E-02
    .790951E-03
   -.812837E-03
   -.128947E-02
   -.189056E-02
   -.177159E-02
   -.159441E-02
   -.164964E-02
   -.126803E-02
   -.112326E-02
   -.705967E-03
   -.830434E-03
    .144913E-03
    .195519E-02
    .404829E-02
    .853206E-02
    .118566E-01
    .158172E-01
    .191082E-01
    .204727E-01
    .218755E-01
    .207865E-01
    .197951E-01
    .174975E-01
    .151340E-01
    .127903E-01
    .105841E-01
    .981463E-02
    .886452E-02
    .940724E-02
    .999125E-02
    .110856E-01
    .126395E-01
    .143643E-01
    .162362E-01
    .180615E-01
    .197890E-01
    .211677E-01
    .223128E-01
    .228739E-01
    .231319E-01
    .226155E-01
    .219535E-01
    .206004E-01
    .193680E-01
    .180492E-01
    .168516E-01
    .164690E-01
    .158078E-01
    .158142E-01
    .157174E-01
    .155212E-01
    .156205E-01
    .155457E-01
    .156033E-01
    .155680E-01
    .156752E-01
    .158608E-01
    .161349E-01
    .166878E-01
    .172223E-01
    .179512E-01
    .186992E-01
    .194866E-01
    .202722E-01
    .209950E-01
    .216457E-01
    .221342E-01
    .225335E-01
    .226323E-01
    .228297E-01
    .225363E-01
    .229066E-01
    .238552E-01
    .248724E-01
    .274427E-01
    .292644E-01
    .314763E-01
    .332867E-01
    .338865E-01
    .344947E-01
    .336532E-01
    .326097E-01
    .307869E-01
    .284317E-01
    .256104E-01
    .224529E-01
    .190541E-01
    .155711E-01
    .121457E-01
    .884961E-02
    .591311E-02
    .329206E-02
    .128536E-02
   -.105240E-03
   -.133448E-02
   -.778758E-03
    .214582E-02
    .481896E-02
    .110222E-01
    .153646E-01
    .160689E-01
    .209280E-01
    .248780E-01
    .294923E-01
    .402731E-01
    .457317E-01
    .482685E-01
    .530575E-01
    .526585E-01
    .544597E-01
    .581040E-01
    .590823E-01
    .615931E-01
    .629948E-01
    .630075E-01
    .635502E-01
    .627617E-01
    .622144E-01
    .618586E-01
    .609465E-01
    .603451E-01
    .595641E-01
    .587986E-01
    .580992E-01
    .574343E-01
    .568244E-01
    .563483E-01
    .558840E-01
    .555324E-01
    .552208E-01
    .549586E-01
    .547455E-01
    .545502E-01
    .543727E-01
    .541918E-01
    .539981E-01
    .537612E-01
    .535021E-01
    .531801E-01
    .528068E-01
    .523521E-01
    .517975E-01
    .512854E-01
    .504100E-01
    .491980E-01
    .478758E-01
    .458175E-01
    .440782E-01
    .421848E-01
    .404069E-01
    .395493E-01
    .380811E-01
    .369651E-01
    .356759E-01
    .335008E-01
    .319808E-01
    .300925E-01
    .286848E-01
    .273317E-01
    .271531E-01
    .286920E-01
    .305128E-01
    .353420E-01
    .389608E-01
    .432388E-01
    .468769E-01
    .475465E-01
    .492441E-01
    .484485E-01
    .480290E-01
    .480201E-01
    .469146E-01
    .464262E-01
    .454329E-01
    .449649E-01
    .435436E-01
    .415018E-01
    .390044E-01
    .344828E-01
    .305480E-01
    .255785E-01
    .210031E-01
    .170122E-01
    .134324E-01
    .116101E-01
    .100959E-01
    .105758E-01
    .112176E-01
    .130653E-01
    .149326E-01
    .168337E-01
    .185603E-01
    .188948E-01
    .194843E-01
    .187246E-01
    .179544E-01
    .169168E-01
    .153046E-01
    .136104E-01
    .116237E-01
    .951062E-02
    .731374E-02
    .507460E-02
    .285528E-02
    .746435E-03
   -.125284E-02
   -.303319E-02
   -.461701E-02
   -.586568E-02
   -.696544E-02
   -.736177E-02
   -.819010E-02
   -.903582E-02
   -.100345E-01
   -.121222E-01
   -.137346E-01
   -.159432E-01
   -.179060E-01
   -.196092E-01
   -.210333E-01
   -.219008E-01
   -.220038E-01
   -.207996E-01
   -.191341E-01
   -.156077E-01
   -.122944E-01
   -.812384E-02
   -.422863E-02
   -.942938E-03
    .202879E-02
    .292331E-02
    .421976E-02
    .408641E-02
    .396718E-02
    .419961E-02
    .367881E-02
    .354869E-02
    .318535E-02
    .285621E-02
    .255004E-02
    .223673E-02
    .188573E-02
    .170026E-02
    .115045E-02
    .415490E-03
   -.595450E-03
   -.234215E-02
   -.405551E-02
   -.629293E-02
   -.856986E-02
   -.109881E-01
   -.133720E-01
   -.155812E-01
   -.176166E-01
   -.191983E-01
   -.205340E-01
   -.211007E-01
   -.216900E-01
   -.218232E-01
   -.217429E-01
   -.223102E-01
   -.215397E-01
   -.201137E-01
   -.183189E-01
   -.142814E-01
   -.113262E-01
   -.778058E-02
   -.477720E-02
   -.390964E-02
   -.242729E-02
   -.230554E-02
   -.293445E-02
   -.385984E-02
   -.622347E-02
   -.102642E-01
   -.142486E-01
   -.195353E-01
   -.247040E-01
   -.298722E-01
   -.347305E-01
   -.385380E-01
   -.418619E-01
   -.429495E-01
   -.443345E-01
   -.443977E-01
   -.444005E-01
   -.450044E-01
   -.447979E-01
   -.451279E-01
   -.452468E-01
   -.454625E-01
   -.457018E-01
   -.459143E-01
   -.461303E-01
   -.462486E-01
   -.463413E-01
   -.462775E-01
   -.463523E-01
   -.455613E-01
   -.461998E-01
   -.478238E-01
   -.498009E-01
   -.549241E-01
   -.584987E-01
   -.628948E-01
   -.665273E-01
   -.673027E-01
   -.688907E-01
   -.678354E-01
   -.670472E-01
   -.661988E-01
   -.643969E-01
   -.629379E-01
   -.612108E-01
   -.597045E-01
   -.581845E-01
   -.574197E-01
   -.560108E-01
   -.543447E-01
   -.528164E-01
   -.499687E-01
   -.481621E-01
   -.469504E-01
   -.453889E-01
   -.450300E-01
   -.442550E-01
   -.434379E-01
   -.430222E-01
   -.423757E-01
   -.418866E-01
   -.413695E-01
   -.408360E-01
   -.403971E-01
   -.397579E-01
   -.390226E-01
   -.381314E-01
   -.368343E-01
   -.355418E-01
   -.339396E-01
   -.322761E-01
   -.305007E-01
   -.286972E-01
   -.269157E-01
   -.251773E-01
   -.236125E-01
   -.221995E-01
   -.210566E-01
   -.197461E-01
   -.198510E-01
   -.185374E-01
   -.131730E-01
   -.118416E-01
   -.133129E-01
   -.123125E-01
   -.128477E-01
   -.138363E-01
   -.145683E-01
   -.159466E-01
   -.173743E-01
   -.189019E-01
   -.204669E-01
   -.220077E-01
   -.234739E-01
   -.248259E-01
   -.259639E-01
   -.269212E-01
   -.275583E-01
   -.280213E-01
   -.279077E-01
   -.280065E-01
   -.279883E-01
   -.280298E-01
   -.286844E-01
   -.290130E-01
   -.296987E-01
   -.302289E-01
   -.306378E-01
   -.309153E-01
   -.308416E-01
   -.305219E-01
   -.295757E-01
   -.285384E-01
   -.268230E-01
   -.252919E-01
   -.236567E-01
   -.221550E-01
   -.213997E-01
   -.203994E-01
   -.200190E-01
   -.195491E-01
   -.189931E-01
   -.187055E-01
   -.182979E-01
   -.178739E-01
   -.177876E-01
   -.169592E-01
   -.155751E-01
   -.139936E-01
   -.108023E-01
   -.838549E-02
   -.556283E-02
   -.311710E-02
   -.221110E-02
   -.770490E-03
   -.637049E-03
   -.309483E-03
    .224480E-03
    .185464E-03
    .451330E-03
    .531366E-03
    .631461E-03
    .740574E-03
    .848761E-03
    .945679E-03
    .105210E-02
    .115738E-02
    .125158E-02
    .135496E-02
    .143730E-02
    .161995E-02
    .148641E-02
    .202533E-02
    .308189E-02
    .432853E-02
    .705600E-02
    .907462E-02
    .114525E-01
    .135998E-01
    .139665E-01
    .155543E-01
    .165080E-01
    .178471E-01
    .209760E-01
    .228229E-01
    .253339E-01
    .274384E-01
    .275794E-01
    .290859E-01
    .307273E-01
    .315449E-01
    .331995E-01
    .338830E-01
    .330676E-01
    .331838E-01
    .330905E-01
    .325823E-01
    .324219E-01
    .319369E-01
    .317500E-01
    .310553E-01
    .300752E-01
    .287804E-01
    .264693E-01
    .243202E-01
    .215095E-01
    .187582E-01
    .160123E-01
    .134166E-01
    .113311E-01
    .946779E-02
    .877385E-02
    .774348E-02
    .723534E-02
    .666023E-02
    .537554E-02
    .465520E-02
    .345797E-02
    .245071E-02
    .156841E-02
    .112460E-02
    .107712E-03
    .591597E-03
    .595681E-02
    .725539E-02
    .547791E-02
    .693477E-02
    .707965E-02
    .671031E-02
    .751871E-02
    .665147E-02
    .480714E-02
    .316814E-02
   -.838353E-03
   -.321226E-02
   -.420127E-02
   -.615522E-02
   -.590279E-02
   -.654872E-02
   -.768701E-02
   -.799996E-02
   -.899617E-02
   -.968266E-02
   -.104301E-01
   -.111245E-01
   -.116158E-01
   -.120272E-01
   -.120469E-01
   -.121156E-01
   -.119283E-01
   -.117225E-01
   -.115987E-01
   -.113336E-01
   -.111315E-01
   -.108901E-01
   -.106610E-01
   -.104337E-01
   -.102081E-01
   -.998438E-02
   -.976242E-02
   -.954235E-02
   -.932398E-02
   -.910712E-02
   -.889224E-02
   -.867902E-02
   -.846763E-02
   -.826799E-02
   -.805983E-02
   -.785347E-02
   -.765887E-02
   -.744554E-02
   -.726443E-02
   -.706460E-02
   -.690654E-02
   -.649695E-02
   -.693306E-02
   -.564544E-02
   -.262784E-02
    .377551E-04
    .636405E-02
    .104337E-01
    .113353E-01
    .157697E-01
    .189182E-01
    .228019E-01
    .318093E-01
    .361609E-01
    .384957E-01
    .420122E-01
    .407869E-01
    .412233E-01
    .418447E-01
    .409084E-01
    .408919E-01
    .402737E-01
    .397831E-01
    .392748E-01
    .387601E-01
    .382793E-01
    .377713E-01
    .372873E-01
    .368062E-01
    .363286E-01
    .358541E-01
    .353830E-01
    .349149E-01
    .344502E-01
    .339885E-01
    .335302E-01
    .330747E-01
    .326225E-01
    .321734E-01
    .317073E-01
    .313255E-01
    .307734E-01
    .301049E-01
    .293307E-01
    .281798E-01
    .270929E-01
    .257650E-01
    .244638E-01
    .231575E-01
    .219184E-01
    .208660E-01
    .198877E-01
    .193761E-01
    .186766E-01
    .181479E-01
    .175526E-01
    .165896E-01
    .158104E-01
    .147869E-01
    .138171E-01
    .128385E-01
    .119132E-01
    .111307E-01
    .104090E-01
    .100503E-01
    .955324E-02
    .920430E-02
    .878736E-02
    .810209E-02
    .753669E-02
    .674506E-02
    .596395E-02
    .512167E-02
    .425018E-02
    .340016E-02
    .258187E-02
    .183506E-02
    .115917E-02
    .603758E-03
    .207682E-03
   -.193461E-03
   -.122400E-03
    .371681E-03
    .112301E-02
    .279442E-02
    .427916E-02
    .620935E-02
    .799830E-02
    .947891E-02
    .108750E-01
    .110759E-01
    .118615E-01
    .122575E-01
    .127608E-01
    .142664E-01
    .150093E-01
    .161567E-01
    .169899E-01
    .170514E-01
    .174034E-01
    .170689E-01
    .168398E-01
    .167322E-01
    .163208E-01
    .160951E-01
    .156681E-01
    .155897E-01
    .148200E-01
    .136659E-01
    .120781E-01
    .910457E-02
    .633372E-02
    .266763E-02
   -.915411E-03
   -.449078E-02
   -.787220E-02
   -.105392E-01
   -.129536E-01
   -.136324E-01
   -.150124E-01
   -.160649E-01
   -.169129E-01
   -.192856E-01
   -.202336E-01
   -.207853E-01
   -.215786E-01
   -.211846E-01
   -.212217E-01
   -.213054E-01
   -.209923E-01
   -.209147E-01
   -.206845E-01
   -.204966E-01
   -.202994E-01
   -.201035E-01
   -.198884E-01
   -.197559E-01
   -.194510E-01
   -.190481E-01
   -.185474E-01
   -.176880E-01
   -.168900E-01
   -.158786E-01
   -.148606E-01
   -.138855E-01
   -.129341E-01
   -.122167E-01
   -.111655E-01
   -.118811E-01
   -.970078E-02
   -.481493E-02
   -.588091E-03
    .990943E-02
    .159482E-01
    .186552E-01
    .233690E-01
    .220587E-01
    .228200E-01
    .238518E-01
    .228968E-01
    .231163E-01
    .225190E-01
    .222428E-01
    .216118E-01
    .206845E-01
    .196854E-01
    .179086E-01
    .165099E-01
    .149247E-01
    .134935E-01
    .129199E-01
    .118459E-01
    .112727E-01
    .104199E-01
    .899195E-02
    .786567E-02
    .623705E-02
    .468149E-02
    .301441E-02
    .137076E-02
   -.139866E-03
   -.155823E-02
   -.264368E-02
   -.373362E-02
   -.378553E-02
   -.494398E-02
   -.662946E-02
   -.857888E-02
   -.129903E-01
   -.160701E-01
   -.198194E-01
   -.232951E-01
   -.234114E-01
   -.262655E-01
   -.306393E-01
   -.327842E-01
   -.369753E-01
   -.388560E-01
   -.366329E-01
   -.365358E-01
   -.348922E-01
   -.325544E-01
   -.304870E-01
   -.280223E-01
   -.259940E-01
   -.240945E-01
   -.232419E-01
   -.221962E-01
   -.218633E-01
   -.215312E-01
   -.210211E-01
   -.209006E-01
   -.205875E-01
   -.203886E-01
   -.201702E-01
   -.199534E-01
   -.197479E-01
   -.195334E-01
   -.193202E-01
   -.191084E-01
   -.188978E-01
   -.186885E-01
   -.184805E-01
   -.182738E-01
   -.180683E-01
   -.178640E-01
   -.176611E-01
   -.174594E-01
   -.172589E-01
   -.170596E-01
   -.168616E-01
   -.166649E-01
   -.164795E-01
   -.162850E-01
   -.161018E-01
   -.158490E-01
   -.158413E-01
   -.153145E-01
   -.144811E-01
   -.133220E-01
   -.110851E-01
   -.901043E-02
   -.624407E-02
   -.353776E-02
   -.837466E-03
    .171210E-02
    .372031E-02
    .548601E-02
    .608238E-02
    .688342E-02
    .704296E-02
    .722221E-02
    .783193E-02
    .800751E-02
    .854458E-02
    .898158E-02
    .947264E-02
    .994534E-02
    .103801E-01
    .107874E-01
    .110761E-01
    .109849E-01
    .115841E-01
    .109113E-01
    .605710E-02
    .507811E-02
    .696779E-02
    .643213E-02
    .796215E-02
    .953645E-02
    .110601E-01
    .128832E-01
    .143056E-01
    .156140E-01
    .159105E-01
    .164042E-01
    .162093E-01
    .160274E-01
    .160170E-01
    .156310E-01
    .154511E-01
    .151503E-01
    .148725E-01
    .145664E-01
    .143744E-01
    .139499E-01
    .133886E-01
    .126606E-01
    .114354E-01
    .102462E-01
    .869739E-02
    .712925E-02
    .547018E-02
    .383409E-02
    .231110E-02
    .910716E-03
   -.207392E-03
   -.112740E-02
   -.162980E-02
   -.195295E-02
   -.182606E-02
   -.155947E-02
   -.962259E-03
   -.293101E-03
    .498487E-03
    .126789E-02
    .191509E-02
    .246114E-02
    .266492E-02
    .275361E-02
    .245570E-02
    .200964E-02
    .126531E-02
    .348862E-03
   -.767854E-03
   -.198034E-02
   -.330778E-02
   -.465683E-02
   -.598694E-02
   -.725734E-02
   -.839829E-02
   -.941100E-02
   -.101761E-01
   -.107979E-01
   -.110355E-01
   -.112491E-01
   -.112964E-01
   -.111602E-01
   -.110351E-01
   -.106575E-01
   -.100720E-01
   -.947364E-02
   -.867021E-02
   -.786762E-02
   -.700456E-02
   -.615353E-02
   -.537456E-02
   -.464711E-02
   -.410146E-02
   -.358399E-02
   -.355970E-02
   -.306858E-02
   -.246420E-02
   -.164349E-02
    .197548E-03
    .166769E-02
    .367504E-02
    .546940E-02
    .699631E-02
    .836739E-02
    .873670E-02
    .930266E-02
    .917985E-02
    .905941E-02
    .912048E-02
    .881556E-02
    .869602E-02
    .846537E-02
    .826742E-02
    .802050E-02
    .794829E-02
    .750018E-02
    .675465E-02
    .591618E-02
    .424836E-02
    .296889E-02
    .150262E-02
    .149885E-03
   -.162471E-03
   -.123166E-02
   -.213188E-02
   -.302220E-02
   -.507358E-02
   -.595989E-02
   -.688717E-02
   -.723938E-02
   -.513782E-02
   -.441521E-02
   -.310061E-02
   -.187060E-02
   -.263011E-02
   -.214182E-02
   -.192671E-02
   -.212795E-02
   -.198281E-02
   -.211331E-02
   -.213034E-02
   -.225899E-02
   -.241595E-02
   -.265230E-02
   -.305720E-02
   -.347679E-02
   -.403223E-02
   -.465066E-02
   -.535142E-02
   -.611299E-02
   -.692429E-02
   -.777453E-02
   -.863256E-02
   -.950839E-02
   -.103610E-01
   -.111910E-01
   -.119779E-01
   -.127023E-01
   -.133547E-01
   -.139564E-01
   -.144271E-01
   -.148087E-01
   -.150425E-01
   -.155243E-01
   -.147411E-01
   -.158891E-01
   -.203662E-01
   -.225279E-01
   -.256861E-01
   -.289222E-01
   -.291252E-01
   -.316884E-01
   -.361713E-01
   -.378719E-01
   -.392458E-01
   -.403285E-01
   -.388418E-01
   -.378399E-01
   -.358834E-01
   -.333152E-01
   -.305252E-01
   -.274991E-01
   -.245321E-01
   -.217170E-01
   -.194243E-01
   -.173860E-01
   -.164473E-01
   -.154081E-01
   -.150617E-01
   -.147774E-01
   -.142841E-01
   -.142008E-01
   -.139247E-01
   -.137526E-01
   -.135912E-01
   -.133699E-01
   -.131402E-01
   -.128514E-01
   -.124741E-01
   -.120804E-01
   -.115998E-01
   -.110841E-01
   -.105237E-01
   -.992949E-02
   -.931200E-02
   -.868194E-02
   -.804934E-02
   -.741465E-02
   -.680815E-02
   -.622962E-02
   -.567854E-02
   -.517501E-02
   -.473855E-02
   -.434809E-02
   -.402313E-02
   -.377313E-02
   -.357659E-02
   -.351409E-02
   -.357321E-02
   -.727775E-02
   -.759552E-02
   -.794655E-02
   -.845165E-02
   -.899693E-02
   -.957162E-02
   -.101444E-01
   -.106545E-01
   -.111025E-01
   -.114083E-01
   -.116042E-01
   -.115907E-01
   -.114520E-01
   -.110990E-01
   -.106161E-01
   -.994482E-02
   -.917947E-02
   -.828120E-02
   -.734356E-02
   -.636697E-02
   -.539333E-02
   -.448277E-02
   -.364490E-02
   -.293887E-02
   -.241274E-02
   -.182288E-02
   -.193355E-02
   -.273882E-02
   -.374942E-02
   -.622759E-02
   -.807807E-02
   -.102534E-01
   -.120926E-01
   -.124728E-01
   -.133373E-01
   -.129867E-01
   -.127879E-01
   -.128915E-01
   -.122056E-01
   -.116748E-01
   -.108010E-01
   -.945520E-02
   -.813885E-02
   -.647790E-02
   -.479526E-02
   -.303228E-02
   -.129039E-02
    .303987E-03
    .179115E-02
    .294945E-02
    .411524E-02
    .420852E-02
    .531536E-02
    .788070E-02
    .908745E-02
    .112868E-01
    .125275E-01
    .115683E-01
    .117151E-01
    .111350E-01
    .100316E-01
    .897837E-02
    .752737E-02
    .598370E-02
    .436931E-02
    .273406E-02
    .111746E-02
   -.385614E-03
   -.177687E-02
   -.295480E-02
   -.394238E-02
   -.464055E-02
   -.506526E-02
   -.525090E-02
   -.493245E-02
   -.408653E-02
   -.288289E-02
   -.805060E-03
    .129313E-02
    .390840E-02
    .649129E-02
    .903434E-02
    .114250E-01
    .132944E-01
    .149346E-01
    .154999E-01
    .162397E-01
    .163709E-01
    .164979E-01
    .169670E-01
    .170549E-01
    .174316E-01
    .177147E-01
    .180581E-01
    .184061E-01
    .187322E-01
    .190452E-01
    .192928E-01
    .194939E-01
    .195888E-01
    .196320E-01
    .195214E-01
    .194168E-01
    .192145E-01
    .190035E-01
    .188179E-01
    .185806E-01
    .183610E-01
    .181332E-01
    .179145E-01
    .176877E-01
    .174615E-01
    .172359E-01
    .170195E-01
    .167951E-01
    .165716E-01
    .163570E-01
    .161349E-01
    .159217E-01
    .157010E-01
    .154812E-01
    .152704E-01
    .150524E-01
    .148512E-01
    .146027E-01
    .144836E-01
    .141004E-01
    .135818E-01
    .128996E-01
    .117163E-01
    .106192E-01
    .920911E-02
    .784730E-02
    .651654E-02
    .527191E-02
    .431645E-02
    .342917E-02
    .329694E-02
    .268530E-02
    .198321E-02
    .141485E-02
   -.159715E-03
   -.872231E-03
   -.117762E-02
   -.169556E-02
   -.133109E-02
   -.123744E-02
   -.113423E-02
   -.743232E-03
   -.475780E-03
   -.851023E-04
    .303080E-03
    .709864E-03
    .112711E-02
    .154704E-02
    .196928E-02
    .238632E-02
    .279802E-02
    .319731E-02
    .358434E-02
    .394555E-02
    .428173E-02
    .460004E-02
    .488107E-02
    .513244E-02
    .534855E-02
    .553053E-02
    .566661E-02
    .578431E-02
    .584563E-02
    .589766E-02
    .592158E-02
    .593754E-02
    .595834E-02
    .596496E-02
    .597670E-02
    .598078E-02
    .598377E-02
    .599168E-02
    .599220E-02
    .599757E-02
    .599560E-02
    .599846E-02
    .599403E-02
    .598264E-02
    .600544E-02
    .595033E-02
    .586157E-02
    .571738E-02
    .543545E-02
    .516370E-02
    .480083E-02
    .443544E-02
    .405680E-02
    .368835E-02
    .336819E-02
    .308384E-02
    .289838E-02
    .272209E-02
    .280437E-02
    .264655E-02
    .241922E-02
    .209316E-02
    .125745E-02
    .629784E-03
   -.242186E-03
   -.985017E-03
   -.155990E-02
   -.205142E-02
   -.201052E-02
   -.210967E-02
   -.189890E-02
   -.172816E-02
   -.174121E-02
   -.157460E-02
   -.157019E-02
   -.152830E-02
   -.151543E-02
   -.150658E-02
   -.148325E-02
   -.144586E-02
   -.136856E-02
   -.125779E-02
   -.109377E-02
   -.875494E-03
   -.619096E-03
   -.255973E-03
    .202448E-03
    .733223E-03
    .143538E-02
    .213259E-02
    .293425E-02
    .372975E-02
    .452544E-02
    .528454E-02
    .596265E-02
    .656666E-02
    .703429E-02
    .744174E-02
    .756060E-02
    .785057E-02
    .810650E-02
    .845090E-02
    .914396E-02
    .971628E-02
    .105181E-01
    .112769E-01
    .120441E-01
    .127555E-01
    .133449E-01
    .138213E-01
    .140839E-01
    .142205E-01
    .140379E-01
    .138569E-01
    .134922E-01
    .131081E-01
    .127812E-01
    .123538E-01
    .119805E-01
    .115854E-01
    .111987E-01
    .108176E-01
    .104420E-01
    .100720E-01
    .970984E-02
    .935080E-02
    .899954E-02
    .865143E-02
    .830886E-02
    .797390E-02
    .764219E-02
    .731800E-02
    .699711E-02
    .668361E-02
    .637347E-02
    .607060E-02
    .577113E-02
    .547881E-02
    .518993E-02
    .490807E-02
    .462968E-02
    .435819E-02
    .409019E-02
    .382741E-02
    .357279E-02
    .331571E-02
    .306129E-02
    .280423E-02
    .254006E-02
    .228090E-02
    .201789E-02
    .175611E-02
    .149627E-02
    .124028E-02
    .987461E-03
    .740689E-03
    .500234E-03
    .267413E-03
    .433370E-04
   -.172055E-03
   -.377879E-03
   -.573419E-03
   -.758113E-03
   -.932441E-03
   -.109515E-02
   -.124778E-02
   -.138845E-02
   -.151962E-02
   -.163963E-02
   -.175014E-02
   -.185121E-02
   -.194368E-02
   -.202703E-02
   -.210348E-02
   -.217190E-02
   -.223678E-02
   -.229731E-02
   -.235563E-02
   -.241457E-02
   -.247026E-02
   -.252554E-02
   -.257935E-02
   -.263268E-02
   -.268454E-02
   -.273587E-02
   -.278576E-02
   -.283506E-02
   -.288293E-02
   -.293016E-02
   -.297598E-02
   -.302110E-02
   -.306482E-02
   -.310780E-02
   -.314940E-02
   -.319020E-02
   -.322964E-02
   -.326824E-02
   -.330548E-02
   -.334185E-02
   -.337686E-02
   -.341097E-02
   -.344373E-02
   -.347555E-02
   -.350620E-02
   -.353569E-02
   -.356353E-02
   -.359145E-02
   -.361599E-02
   -.363869E-02
   -.365902E-02
   -.367551E-02
   -.369175E-02
   -.370557E-02
   -.371901E-02
   -.373177E-02
   -.374445E-02
   -.375719E-02
   -.377010E-02
   -.378337E-02
   -.379681E-02
   -.381064E-02
   -.382432E-02
   -.383805E-02
   -.385104E-02
   -.386395E-02
   -.387506E-02
   -.388505E-02
   -.389319E-02
   -.389920E-02
   -.390366E-02
   -.390608E-02
   -.390674E-02
   -.390555E-02
   -.390264E-02
   -.389781E-02
   -.389160E-02
   -.388384E-02
   -.387446E-02
   -.386380E-02
   -.385118E-02
   -.383701E-02
   -.382105E-02
   -.380335E-02
   -.378409E-02
   -.376309E-02
   -.374086E-02
   -.371721E-02
   -.369234E-02
   -.366631E-02
   -.363900E-02
   -.361054E-02
   -.358088E-02
   -.355007E-02
   -.351811E-02
   -.348505E-02
   -.345090E-02
   -.341568E-02
   -.337942E-02
   -.334215E-02
   -.330388E-02
   -.326463E-02
   -.322443E-02
   -.318328E-02
   -.314119E-02
   -.309818E-02
   -.305426E-02
   -.300943E-02
   -.296372E-02
   -.291712E-02
   -.286966E-02
   -.282134E-02
   -.277217E-02
   -.272218E-02
   -.267136E-02
