   -.0110892
   -.0113105
   -.0111068
   -.0111998
   -.0110776
   -.0111431
   -.0110792
   -.0111209
   -.0110832
   -.0111087
   -.0110865
   -.0111017
   -.0110892
   -.0110971
   -.0110912
   -.0110943
   -.0110927
   -.0110923
   -.0110939
   -.0110910
   -.0110947
   -.0110898
   -.0110952
   -.0110893
   -.0110956
   -.0110887
   -.0110959
   -.0110888
   -.0110968
   -.0110887
   -.0110975
   -.0110891
   -.0110982
   -.0110898
   -.0110987
   -.0110903
   -.0110986
   -.0110900
   -.0110981
   -.0110893
   -.0110982
   -.0110896
   -.0110975
   -.0110895
   -.0110985
   -.0110897
   -.0110996
   -.0110910
   -.0110998
   -.0110913
   -.0111001
   -.0110917
   -.0111003
   -.0110907
   -.0110989
   -.0110909
   -.0110993
   -.0110912
   -.0110995
   -.0110915
   -.0110997
   -.0110921
   -.0110995
   -.0110933
   -.0111018
   -.0110941
   -.0111019
   -.0110943
   -.0111022
   -.0110945
   -.0111024
   -.0110928
   -.0111001
   -.0110929
   -.0110999
   -.0110928
   -.0111005
   -.0110941
   -.0111004
   -.0110956
   -.0111033
   -.0110966
   -.0111040
   -.0110970
   -.0111035
   -.0110962
   -.0111042
   -.0110948
   -.0111007
   -.0110947
   -.0111012
   -.0110949
   -.0108365
   -.0110978
   -.0111028
   -.0110948
   -.0108399
   -.0108340
   -.0111054
   -.0110994
   -.0111051
   -.0111001
   -.0111026
   -.0110957
   -.0111019
   -.0110956
   -.0111017
   -.0110957
   -.0111011
   -.0110997
   -.0111078
   -.0111009
   -.0111073
   -.0111008
   -.0111100
   -.0110980
   -.0111066
   -.0111026
   -.0111083
   -.0111027
   -.0111081
   -.0111016
   -.0111082
   -.0110976
   -.0111010
   -.0110958
   -.0111013
   -.0106614
   -.0111024
   -.0110959
   -.0111074
   -.0111050
   -.0111103
   -.0111051
   -.0111102
   -.0111043
   -.0111107
   -.0110995
   -.0111010
   -.0110964
   -.0111007
   -.0110967
   -.0111012
   -.0110974
   -.0111009
   -.0111033
   -.0111122
   -.0111054
   -.0111159
   -.0111122
   -.0111143
   -.0111105
   -.0111091
   -.0110945
   -.0110954
   -.0110916
   -.0110961
   -.0110943
   -.0111004
   -.0110990
   -.0111034
   -.0111005
   -.0111033
   -.0111008
   -.0111019
   -.0111071
   -.0111153
   -.0111088
   -.0111194
   -.0111202
   -.0111231
   -.0111150
   -.0111032
   -.0110962
   -.0110977
   -.0110955
   -.0110973
   -.0110951
   -.0110992
   -.0103894
   -.0111089
   -.0111175
   -.0111400
   -.0111562
   -.0111927
   -.0112440
   -.0112551
   -.0112732
   -.0112818
   -.0112279
   -.0112237
   -.0112640
   -.0112728
   -.0113035
   -.0114724
   -.0117285
   -.0117036
   -.0114452
   -.0115648
   -.0115513
   -.0112662
   -.0110356
   -.0111623
   -.0117683
   -.0121783
   -.0120627
   -.0114468
   -.0112341
   -.0106691
   -.0091056
   -.0097576
   -.0116675
   -.0138584
   -.0124542
   -.0128242
   -.0135766
   -.0144434
   -.0116801
   -.0107659
   -.0122709
   -.0151558
   -.0131086
   -.0084828
   -.0076573
   -.0080671
   -.0042883
   -.0040470
   -.0078443
   -.0068776
   -.0056031
   -.0120304
   -.0182771
   -.0099732
   -.0012999
   -.0069485
   -.0160763
   -.0111084
   -.0010400
    .0074158
    .0152141
    .0148334
    .0032528
   -.0084858
   -.0131836
   -.0096839
    .0027799
   -.0092652
   -.0398679
   -.0523425
   -.0432948
   -.0300778
   -.0191058
   -.0125792
   -.0139810
   -.0272846
   -.0344042
   -.0289914
   -.0179830
   -.0045191
    .0000794
   -.0083044
   -.0199663
   -.0237423
   -.0223522
   -.0170223
   -.0104110
   -.0114235
   -.0164669
   -.0259075
   -.0354434
   -.0234806
    .0155775
    .0464061
    .0321797
   -.0103818
   -.0244376
    .0002803
    .0158622
    .0046885
   -.0181651
   -.0305459
   -.0281188
   -.0184046
   -.0201018
   -.0151402
   -.0023230
    .0088794
    .0198312
    .0250543
    .0214947
    .0170281
    .0049487
   -.0276769
   -.0521644
   -.0303823
    .0009544
   -.0010298
   -.0054345
    .0041085
    .0050862
    .0068745
   -.0040446
   -.0221953
   -.0315453
   -.0276476
   -.0291371
   -.0408513
   -.0332643
   -.0198699
   -.0205065
   -.0147679
    .0023123
    .0078682
    .0038525
   -.0088575
   -.0095084
    .0071172
    .0101692
   -.0040292
   -.0069430
    .0045627
   -.0047607
   -.0267904
   -.0178996
    .0136254
    .0071132
   -.0348543
   -.0454032
   -.0148029
   -.0006593
   -.0236051
   -.0417931
   -.0121236
    .0173324
   -.0051351
   -.0600385
   -.0668059
   -.0117939
    .0110242
   -.0172360
   -.0337877
    .0046700
    .0439855
    .0283919
   -.0210190
   -.0267213
    .0382137
    .0768217
    .0425963
    .0040397
    .0246716
    .0738841
    .0667026
    .0007506
   -.0354286
   -.0173313
    .0049785
   -.0032848
   -.0220200
   -.0090884
    .0356269
    .0937974
    .1496579
    .1886791
    .2117922
    .2366615
    .2638150
    .2901302
    .3126341
    .2717765
    .1581370
    .0148206
   -.0908845
   -.2154586
   -.3732546
   -.5131439
   -.5916290
   -.5764395
   -.5541826
   -.5004510
   -.4644017
   -.4056637
   -.2277451
    .0386343
    .1079734
    .1508616
    .3472384
    .4632742
    .1925042
    .0583733
   -.1181915
   -.2074652
   -.4091330
   -.5055904
   -.4815507
   -.3013265
   -.3780086
   -.4390461
   -.6195192
   -.6599682
   -.4159721
   -.1326905
    .1163088
    .3279064
    .4206394
    .5067562
    .4558347
    .3744470
    .1139404
    .1666822
    .3432407
    .3813100
    .3376622
    .2422169
   -.0391472
   -.1781806
   -.5635934
   -.8296647
   -.8020871
   -.7077715
   -.6081876
   -.3926820
   -.2573257
   -.0887705
    .0420396
    .1031480
    .1314309
    .1439672
   -.0324103
   -.0241700
   -.0499874
   -.0548887
   -.1124207
   -.1192713
   -.2372956
   -.2954631
   -.2399234
   -.1054213
   -.0111543
    .0678352
    .1411081
    .2268188
    .2774171
    .2595615
    .2670268
    .1891594
    .0864155
   -.0222898
   -.0718216
   -.0815256
   -.0697842
   -.0619586
   -.0659312
   -.0816186
   -.0901846
   -.0724240
   -.0390216
   -.0359279
   -.0298221
   -.0336631
   -.0204966
    .0049171
    .0036388
    .0973907
    .1246326
    .1647289
    .1827196
    .1945186
    .2103347
    .2232924
    .2418898
    .2779789
    .2832043
    .2683731
    .2485606
    .2200200
    .1761261
    .1209447
    .0668921
    .0159636
    .0120979
    .0111302
    .0139199
   -.0001480
   -.0183542
   -.0465591
   -.0403569
   -.0231301
   -.0012475
    .0324147
    .0534034
    .0591453
    .0166880
   -.0543687
   -.1181806
   -.1333665
   -.1336516
   -.1356756
   -.0948527
   -.0606035
   -.0141313
    .0574393
    .1009616
    .1335189
    .1793231
    .1933880
    .1850677
    .1046635
   -.0094365
   -.1652156
   -.2791353
   -.3416779
   -.4308028
   -.5011538
   -.5531095
   -.5802529
   -.5808967
   -.4795934
   -.4046924
   -.1512506
    .0060799
    .0521876
    .1249172
    .1006637
    .0568982
   -.0954573
   -.1861685
   -.2441990
   -.2940665
   -.2791810
   -.2105375
   -.1525921
   -.0176290
    .2485422
    .4146871
    .4667989
    .5666689
    .5936652
    .4736946
    .3999835
    .3445655
    .2004711
    .0393162
    .0084294
   -.0302759
   -.0978157
   -.1543688
   -.2527512
   -.3334358
   -.3545033
   -.3065625
   -.2484796
   -.1305202
    .1274949
    .3060557
    .3863188
    .3932723
    .3117616
    .2786766
    .2191878
    .2751997
    .3596179
    .3227495
    .2099863
    .0991671
   -.0323098
   -.2141150
   -.3048900
   -.1588019
   -.1492015
   -.1698112
   -.2015899
   -.2250878
   -.2248893
   -.2243205
   -.1098561
    .0020951
    .0613016
    .1520142
    .3110819
    .4885898
    .2487627
    .1444408
   -.0109706
   -.1200704
   -.2075880
   -.2833309
   -.3277863
   -.3230004
   -.2268983
   -.1661486
   -.1348073
   -.1253440
   -.1217301
   -.2166568
   -.4862475
   -.1521081
    .2332423
    .2131099
    .0144697
   -.0381589
   -.0790593
   -.1395515
   -.2093857
   -.2132232
    .0367882
    .2334155
    .2732656
    .1671472
   -.0807195
   -.2929221
   -.3390186
   -.1242615
    .0693975
    .1979066
    .1616873
   -.0876357
   -.1458817
   -.2127872
   -.2013513
   -.1453522
   -.0572165
    .0363672
    .0571857
    .1157550
    .0583561
   -.1848583
   -.2668994
   -.3635574
   -.3574822
   -.3406804
   -.2365590
   -.2192374
   -.2094130
   -.1966546
   -.1709686
   -.1913654
   -.1842236
   -.0759667
   -.0242557
    .0504209
    .0936560
    .1269071
    .1428523
    .1468239
    .1394660
    .1173900
    .0927172
    .0460814
    .0721095
    .0978097
    .1390624
    .2031958
    .2611079
    .2721060
    .2775012
    .2976875
    .2810487
    .2598834
    .2268782
    .2098814
    .1685140
    .1289308
    .0789983
    .0378903
   -.0130832
   -.0837312
   -.1929616
   -.2609420
   -.2922523
   -.2694819
   -.2379665
   -.1782823
   -.1288247
   -.1012755
   -.0498891
   -.0023794
    .0584185
    .0936833
    .0942848
    .1472982
    .1552183
    .1461722
    .1221843
    .0399845
   -.0044242
   -.0571629
   -.0839669
   -.0626539
   -.0137302
    .0502649
   -.0724351
   -.1858330
   -.2042828
   -.1786729
   -.0112874
    .1031323
    .1140171
    .1059393
    .0878655
    .0735823
   -.0827128
   -.2229744
   -.0331271
    .0347428
    .0826798
    .1569997
    .1316994
    .0779059
    .0159273
   -.0292749
   -.1467034
   -.1904690
   -.1692920
   -.1246556
    .1664256
    .1915174
    .1662713
   -.0304060
   -.0643863
   -.1100311
   -.1665912
   -.0883808
   -.0297725
    .0295993
    .1351507
    .1230106
    .1030224
    .0913368
    .0658554
   -.0217054
   -.0749164
   -.1171463
   -.1529814
   -.1181426
   -.0801181
    .1681943
    .1893211
    .0212767
   -.0821619
   -.0839575
   -.0804352
   -.0088942
    .0421372
    .1473764
    .1764538
    .1655687
    .1311683
    .0856766
    .0509120
   -.0368083
   -.0835435
   -.1444735
   -.1429534
   -.1189998
   -.0542955
   -.0126091
    .0117729
    .0541124
    .0685545
   -.0079596
   -.0218015
   -.0444745
   -.0344460
   -.0275510
   -.0079324
    .0030454
   -.0095251
   -.0399563
   -.0634031
   -.0907506
   -.0813645
   -.0632630
   -.0214569
    .0228362
    .0352195
    .0429194
    .0474418
    .0607242
    .0662015
    .0749686
    .0738872
    .0671263
    .0573211
    .0451440
    .0268765
    .0108282
   -.0052619
   -.0216381
   -.0379218
   -.0652058
   -.0791987
   -.0918485
   -.0944716
   -.0983063
   -.0891529
   -.0823541
   -.0786547
   -.0710855
   -.0593437
   -.0478755
   -.0463393
   -.0523074
   -.0491989
   -.0376663
   -.0348173
   -.0369115
   -.0326074
   -.0130842
    .0147398
    .0406815
    .0604146
    .0780012
    .0885473
    .0815513
    .0620979
    .0368361
    .0028909
   -.0347549
   -.0615192
   -.0789059
   -.0919586
   -.0880205
   -.0702227
   -.0529198
   -.0368172
   -.0195076
   -.0061853
    .0015394
    .0180399
    .0396959
    .0492491
    .0425894
    .0272375
    .0106442
   -.0043630
   -.0135225
   -.0210274
   -.0331498
   -.0480054
   -.0615563
   -.0714300
   -.0754064
   -.0670257
   -.0515737
   -.0442809
   -.0352502
   -.0178446
    .0119929
    .0344414
    .0344137
    .0321825
    .0437073
    .0471581
    .0453776
    .0389817
    .0364220
    .0279590
    .0186109
    .0159574
    .0082435
   -.0032987
   -.0164264
   -.0276413
   -.0364835
   -.0472196
   -.0599250
   -.0679703
   -.0574853
   -.0246410
    .0178522
    .0559200
    .0847883
    .0994211
    .0941761
    .0766164
    .0587526
    .0417254
    .0221656
    .0028501
   -.0095369
   -.0128523
   -.0087587
   -.0067406
   -.0126783
   -.0093849
    .0112968
    .0369416
    .0543150
    .0652620
    .0765525
    .0831086
    .0728548
    .0467026
    .0182338
   -.0024541
   -.0150465
   -.0255235
   -.0356160
   -.0456206
   -.0554066
   -.0602219
   -.0596876
   -.0558410
   -.0493278
   -.0377767
   -.0200595
    .0039951
    .0344366
    .0639087
    .0908029
    .1171634
    .1469368
    .1722201
    .1745769
    .1617497
    .1432850
    .1160959
    .0789204
    .0340137
   -.0133671
   -.0544091
   -.0870214
   -.1103001
   -.1234240
   -.1278684
   -.1206225
   -.1034741
   -.0831374
   -.0642740
   -.0430280
   -.0153323
   -.0004193
    .0005619
   -.0007607
    .0069811
    .0134332
   -.0019224
   -.0296022
   -.0423043
   -.0299933
   -.0058796
    .0175655
    .0421656
    .0653064
    .0749770
    .0681613
    .0498461
    .0266227
    .0067998
   -.0072582
   -.0208910
   -.0384509
   -.0553223
   -.0676855
   -.0747717
   -.0763547
   -.0715899
   -.0587811
   -.0415696
   -.0221815
   -.0018760
    .0198182
    .0479024
    .0718903
    .0816272
    .0757604
    .0584660
    .0405161
    .0243477
    .0127445
    .0076261
    .0035008
   -.0083459
   -.0158426
   -.0246532
   -.0381708
   -.0513177
   -.0576596
   -.0616889
   -.0728514
   -.0867405
   -.0974906
   -.0958392
   -.0829827
   -.0729078
   -.0687957
   -.0540824
   -.0296034
   -.0102233
   -.0030918
   -.0129092
   -.0279686
   -.0325740
   -.0286332
   -.0209094
   -.0114079
   -.0050444
    .0011975
    .0109288
    .0168292
    .0158615
    .0153523
    .0134426
    .0045883
   -.0125848
   -.0196173
   -.0195800
   -.0205245
   -.0204807
   -.0175653
   -.0099152
   -.0010281
    .0035625
    .0048820
    .0035867
   -.0026718
   -.0077138
   -.0090501
   -.0125858
   -.0162935
   -.0220596
   -.0329594
   -.0416552
   -.0393520
   -.0319976
   -.0278896
   -.0282014
   -.0221043
   -.0147018
   -.0071221
   -.0049663
   -.0036272
   -.0052549
   -.0080916
   -.0084210
   -.0105373
   -.0153702
   -.0223987
   -.0292629
   -.0336776
   -.0373375
   -.0341845
   -.0209239
   -.0005449
    .0200608
    .0329504
    .0319003
    .0151103
   -.0094291
   -.0326893
   -.0501185
   -.0607020
   -.0654010
   -.0603482
   -.0411112
   -.0112474
    .0231345
    .0600355
    .0959354
    .1240647
    .1420163
    .1500652
    .1474789
    .1338012
    .1093784
    .0746720
    .0331354
   -.0094755
   -.0503245
   -.0851174
   -.1093863
   -.1244411
   -.1300208
   -.1202707
   -.0971816
   -.0711738
   -.0480535
   -.0263730
   -.0007783
    .0238994
    .0378947
    .0389828
    .0293371
    .0063202
   -.0260828
   -.0551536
   -.0755298
   -.0875766
   -.0906723
   -.0886716
   -.0825377
   -.0667580
   -.0406801
   -.0090632
    .0224711
    .0472339
    .0602611
    .0620383
    .0547468
    .0390383
    .0175457
   -.0039853
   -.0245221
   -.0437827
   -.0556907
   -.0563550
   -.0491629
   -.0384314
   -.0222615
    .0001511
    .0211457
    .0331833
    .0357804
    .0337815
    .0287061
    .0178039
    .0012742
   -.0171579
   -.0331337
   -.0416410
   -.0383436
   -.0292826
   -.0240896
   -.0236161
   -.0144131
    .0124887
    .0413062
    .0579109
    .0562060
    .0415026
    .0240682
    .0113587
    .0041369
   -.0017083
   -.0060580
   -.0082603
   -.0122963
   -.0186090
   -.0212514
   -.0158518
   -.0051639
    .0018704
   -.0001434
   -.0099339
   -.0183670
   -.0180009
   -.0131643
   -.0101613
   -.0112911
   -.0146528
   -.0152111
   -.0101491
   -.0035048
    .0024664
    .0070722
    .0102069
    .0143416
    .0218761
    .0279743
    .0267948
    .0172251
    .0007989
   -.0166920
   -.0249739
   -.0249428
   -.0280423
   -.0379308
   -.0492024
   -.0531239
   -.0477630
   -.0373912
   -.0246655
   -.0114303
   -.0007747
    .0081304
    .0162613
    .0218877
    .0234148
    .0192365
    .0135097
    .0107157
    .0045835
   -.0020772
   -.0035205
    .0004638
    .0041614
    .0031927
    .0027272
    .0016071
   -.0036936
   -.0084240
   -.0055505
   -.0063212
   -.0114745
   -.0159188
   -.0219412
   -.0258380
   -.0252963
   -.0178552
   -.0133517
   -.0121390
   -.0123337
   -.0138736
   -.0177882
   -.0211512
   -.0189328
   -.0160754
   -.0159382
   -.0154110
   -.0167103
   -.0163656
   -.0155475
   -.0153865
   -.0173705
   -.0113869
   -.0050249
   -.0092478
   -.0188778
   -.0258620
   -.0283925
   -.0250675
   -.0158359
   -.0023790
    .0118553
    .0237682
    .0322527
    .0353206
    .0288752
    .0152056
   -.0003192
   -.0162363
   -.0312730
   -.0420984
   -.0471459
   -.0452165
   -.0377132
   -.0292796
   -.0215668
   -.0135019
   -.0063573
   -.0021519
   -.0006696
   -.0005234
   -.0017024
   -.0045875
   -.0092792
   -.0134594
   -.0142755
   -.0138422
   -.0143943
   -.0137746
   -.0122030
   -.0111632
   -.0101822
   -.0096105
   -.0109533
   -.0144380
   -.0149459
   -.0093783
   -.0021209
    .0013614
    .0007228
   -.0047543
   -.0110157
   -.0133928
   -.0109798
   -.0059295
    .0004854
    .0077955
    .0143855
    .0196408
    .0251880
    .0286222
    .0259926
    .0171262
    .0060470
   -.0030169
   -.0101640
   -.0164672
   -.0207569
   -.0217054
   -.0195720
   -.0159233
   -.0121926
   -.0087362
   -.0046265
   -.0009056
   -.0016644
   -.0090601
   -.0190822
   -.0261978
   -.0280988
   -.0238100
   -.0168614
   -.0112849
   -.0061910
   -.0009166
    .0025850
    .0027777
   -.0000984
   -.0042665
   -.0100451
   -.0166178
   -.0193991
   -.0173930
   -.0139131
   -.0107810
   -.0074268
   -.0051439
   -.0045674
   -.0037177
   -.0035005
   -.0054842
   -.0096453
   -.0132284
   -.0132136
   -.0109759
   -.0065367
   -.0006945
    .0025622
    .0017860
   -.0024989
   -.0071156
   -.0102605
   -.0114281
   -.0096170
   -.0054849
    .0006144
    .0079176
    .0142913
    .0185729
    .0198491
    .0155085
    .0055506
   -.0065894
   -.0180866
   -.0274782
   -.0336273
   -.0382260
   -.0448384
   -.0503154
   -.0496294
   -.0425626
   -.0325912
   -.0237092
   -.0159952
   -.0089403
   -.0037945
    .0000244
    .0026341
    .0031862
    .0015311
   -.0011711
   -.0037011
   -.0052121
   -.0055144
   -.0045240
   -.0008183
    .0051773
    .0114691
    .0165152
    .0170931
    .0114978
    .0041577
   -.0016329
   -.0070552
   -.0118462
   -.0161031
   -.0206165
   -.0241148
   -.0245753
   -.0208875
   -.0139100
   -.0060928
    .0006220
    .0053183
    .0087480
    .0100269
    .0059783
   -.0031671
   -.0140388
   -.0236060
   -.0300213
   -.0308011
   -.0246253
   -.0143315
   -.0042940
    .0024720
    .0047295
    .0020186
   -.0046207
   -.0128121
   -.0202498
   -.0257168
   -.0286486
   -.0284614
   -.0258307
   -.0216638
   -.0152870
   -.0080556
   -.0031697
   -.0005278
    .0016235
    .0025012
    .0023955
    .0022420
    .0016885
    .0022520
    .0062310
    .0118181
    .0136989
    .0107236
    .0036244
   -.0033509
   -.0057598
   -.0068338
   -.0090606
   -.0121497
   -.0161465
   -.0164011
   -.0142899
   -.0129818
   -.0129725
   -.0142583
   -.0155941
   -.0162768
   -.0148664
   -.0101168
   -.0044421
   -.0004808
   -.0000689
   -.0052904
   -.0120242
   -.0149769
   -.0163398
   -.0199910
   -.0261434
   -.0325360
   -.0340044
   -.0294782
   -.0217273
   -.0141491
   -.0073462
    .0007090
    .0084107
    .0132192
    .0139582
    .0114059
    .0079331
    .0038747
   -.0002814
   -.0032373
   -.0053367
   -.0066789
   -.0070380
   -.0067888
   -.0058904
   -.0041287
   -.0030718
   -.0043107
   -.0067161
   -.0086668
   -.0090814
   -.0095699
   -.0126415
   -.0166102
   -.0194571
   -.0195319
   -.0161190
   -.0103575
   -.0079005
   -.0084686
   -.0065323
   -.0036466
   -.0051263
   -.0067844
   -.0051184
   -.0050252
   -.0062198
   -.0074935
   -.0066502
   -.0049280
   -.0031891
   -.0032452
   -.0070099
   -.0130896
   -.0164617
   -.0158469
   -.0150243
   -.0153154
   -.0150893
   -.0137116
   -.0122544
   -.0122901
   -.0131696
   -.0157849
   -.0182410
   -.0178885
   -.0167972
   -.0159895
   -.0142427
   -.0120858
   -.0100513
   -.0070211
   -.0029995
   -.0020651
   -.0060022
   -.0053355
   -.0031999
   -.0058650
   -.0118208
   -.0152073
   -.0137565
   -.0124176
   -.0123864
   -.0124230
   -.0116465
   -.0092969
   -.0035177
    .0015773
    .0029640
    .0016403
   -.0016943
   -.0066390
   -.0103924
   -.0104746
   -.0088991
   -.0079821
   -.0069685
   -.0054319
   -.0039637
   -.0018354
   -.0006122
   -.0021433
   -.0052579
   -.0081251
   -.0107251
   -.0127366
   -.0128808
   -.0115465
   -.0099461
   -.0094133
   -.0104449
   -.0120883
   -.0140642
   -.0167618
   -.0183377
   -.0175855
   -.0153449
   -.0119065
   -.0103292
   -.0111359
   -.0126943
   -.0138567
   -.0145990
   -.0157136
   -.0167422
   -.0170394
   -.0169054
   -.0147047
   -.0118919
   -.0098964
   -.0097230
   -.0075268
   -.0020321
    .0044773
    .0097482
    .0121679
    .0119080
    .0095863
    .0052463
   -.0007017
   -.0063098
   -.0087980
   -.0082525
   -.0063589
   -.0038453
   -.0022755
   -.0020390
   -.0013487
   -.0010981
   -.0025371
   -.0053224
   -.0086401
   -.0123151
   -.0162708
   -.0193821
   -.0205002
   -.0194839
   -.0160883
   -.0109836
   -.0060318
   -.0017523
    .0004365
    .0000882
   -.0010620
   -.0034942
   -.0066787
   -.0086335
   -.0096529
   -.0088925
   -.0065625
   -.0054933
   -.0048776
   -.0054063
   -.0058312
   -.0054169
   -.0052622
   -.0062204
   -.0068231
   -.0072116
   -.0086015
   -.0093697
   -.0094854
   -.0106833
   -.0126870
   -.0138504
   -.0132886
   -.0122130
   -.0106074
   -.0083345
   -.0082766
   -.0102226
   -.0113081
   -.0118617
   -.0135068
   -.0144774
   -.0137665
   -.0117314
   -.0092048
   -.0078170
   -.0079150
   -.0062125
   -.0033418
   -.0029141
   -.0040733
   -.0054207
   -.0043643
   -.0045482
   -.0055953
   -.0085061
   -.0097888
   -.0088781
   -.0080695
   -.0083418
   -.0085758
   -.0106268
   -.0145095
   -.0177364
   -.0186896
   -.0196599
   -.0209330
   -.0217825
   -.0232908
   -.0231520
   -.0200788
   -.0174038
   -.0156785
   -.0140860
   -.0136433
   -.0132079
   -.0140613
   -.0147083
   -.0154177
   -.0154610
   -.0139020
   -.0114045
   -.0087491
   -.0057678
   -.0033689
   -.0021479
   -.0009229
    .0017978
    .0033149
    .0019213
   -.0019992
   -.0072872
   -.0105433
   -.0117353
   -.0119207
   -.0114813
   -.0117429
   -.0117873
   -.0075802
   -.0055927
   -.0068582
   -.0099171
   -.0131842
   -.0137024
   -.0110870
   -.0075611
   -.0046244
   -.0036084
   -.0036455
   -.0047693
   -.0071183
   -.0111630
   -.0164554
   -.0198690
   -.0197521
   -.0181494
   -.0166143
   -.0145958
   -.0118008
   -.0088330
   -.0064956
   -.0045656
   -.0032885
   -.0039279
   -.0063156
   -.0092224
   -.0117839
   -.0138687
   -.0154182
   -.0155922
   -.0152103
   -.0142968
   -.0124983
   -.0103727
   -.0090931
   -.0084398
   -.0079748
   -.0072580
   -.0071315
   -.0077421
   -.0063248
   -.0031035
   -.0014916
   -.0012736
   -.0023509
   -.0040401
   -.0049402
   -.0047295
   -.0043978
   -.0037240
   -.0033171
   -.0034868
   -.0043205
   -.0064687
   -.0086702
   -.0106698
   -.0125410
   -.0142880
   -.0172767
   -.0204901
   -.0234443
   -.0238930
   -.0202525
   -.0165131
   -.0141438
   -.0123677
   -.0087514
   -.0062171
   -.0054754
   -.0061695
   -.0083731
   -.0082655
   -.0076989
   -.0067528
   -.0057050
   -.0020677
    .0002226
    .0013279
    .0004069
   -.0022804
   -.0038123
   -.0065128
   -.0088184
   -.0109395
   -.0110670
   -.0094568
   -.0086533
   -.0086879
   -.0093164
   -.0084738
   -.0072060
   -.0075601
   -.0095216
   -.0109067
   -.0106067
   -.0103387
   -.0104002
   -.0109216
   -.0120927
   -.0137521
   -.0150827
   -.0150079
   -.0134235
   -.0109311
   -.0095184
   -.0099019
   -.0114337
   -.0133544
   -.0140719
   -.0132186
   -.0133070
   -.0136934
   -.0146084
   -.0139568
   -.0115659
   -.0097326
   -.0075503
   -.0046315
   -.0015773
    .0019794
    .0059167
    .0072206
    .0045909
    .0000527
   -.0051117
   -.0095803
   -.0123995
   -.0145603
   -.0168064
   -.0181569
   -.0177530
   -.0157878
   -.0134658
   -.0126731
   -.0136422
   -.0141377
   -.0138008
   -.0134521
   -.0129637
   -.0126849
   -.0117787
   -.0092418
   -.0064960
   -.0059624
   -.0081230
   -.0121542
   -.0169873
   -.0210460
   -.0231506
   -.0225286
   -.0198594
   -.0165471
   -.0136693
   -.0118242
   -.0109051
   -.0108772
   -.0123075
   -.0139438
   -.0132540
   -.0099970
   -.0062329
   -.0033067
   -.0009616
    .0009227
    .0015380
    .0009907
   -.0003711
   -.0027245
   -.0052833
   -.0079907
   -.0102710
   -.0103391
   -.0084250
   -.0069044
   -.0059527
   -.0074418
   -.0094691
   -.0081785
   -.0075793
   -.0093220
   -.0123495
   -.0148479
   -.0142963
   -.0136444
   -.0126698
   -.0124176
   -.0113853
   -.0092018
   -.0082506
   -.0074779
   -.0096904
   -.0125963
   -.0141101
   -.0151669
   -.0154650
   -.0143840
   -.0123283
   -.0098990
   -.0086948
   -.0094495
   -.0112080
   -.0127566
   -.0135228
   -.0139272
   -.0138838
   -.0122319
   -.0077855
   -.0019146
    .0023376
    .0030796
    .0014195
   -.0008656
   -.0035332
   -.0063820
   -.0088880
   -.0106074
   -.0114120
   -.0106239
   -.0082421
   -.0052717
   -.0024952
   -.0009345
   -.0010610
   -.0015249
   -.0018948
   -.0031645
   -.0055988
   -.0087476
   -.0119286
   -.0140999
   -.0145171
   -.0133647
   -.0115080
   -.0094543
   -.0078891
   -.0071388
   -.0067176
   -.0068865
   -.0077824
   -.0089071
   -.0105523
   -.0126610
   -.0147056
   -.0162707
   -.0175705
   -.0190635
   -.0201571
   -.0202561
   -.0197644
   -.0189190
   -.0169791
   -.0142113
   -.0113128
   -.0088214
   -.0072243
   -.0070459
   -.0078365
   -.0102903
   -.0143600
   -.0177452
   -.0189663
   -.0183105
   -.0163850
   -.0138292
   -.0108069
   -.0071598
   -.0032074
   -.0000217
    .0016102
    .0018499
    .0012396
    .0001196
   -.0016809
   -.0043980
   -.0074953
   -.0104017
   -.0125852
   -.0135931
   -.0131160
   -.0114826
   -.0098120
   -.0092421
   -.0099645
   -.0112136
   -.0122991
   -.0133231
   -.0143981
   -.0146958
   -.0129280
   -.0101160
   -.0082815
   -.0073600
   -.0067215
   -.0079303
   -.0084922
   -.0101992
   -.0076091
   -.0053192
   -.0060954
   -.0107616
   -.0072909
   -.0017902
   -.0028725
   -.0132754
   -.0196668
   -.0135931
   -.0075365
   -.0077830
   -.0155989
   -.0197705
   -.0121336
   -.0049556
   -.0075932
   -.0152085
   -.0147338
   -.0084841
   -.0057256
   -.0066107
   -.0084486
   -.0037004
   -.0017996
   -.0049363
   -.0103731
   -.0112936
   -.0094608
   -.0099791
   -.0127452
   -.0152556
   -.0128515
   -.0098165
   -.0094088
   -.0103496
   -.0101331
   -.0094598
   -.0113066
   -.0141473
   -.0173003
   -.0165271
   -.0155224
   -.0150238
   -.0148875
   -.0134400
   -.0109483
   -.0092354
   -.0084441
   -.0097113
   -.0102512
   -.0110822
   -.0121634
   -.0111452
   -.0098710
   -.0080141
   -.0055140
   -.0043005
   -.0024556
   -.0012208
   -.0000519
   -.0025369
   -.0062098
   -.0090318
   -.0099530
   -.0109505
   -.0123952
   -.0139408
   -.0116263
   -.0077468
   -.0049164
   -.0045636
   -.0076871
   -.0119553
   -.0143216
   -.0152829
   -.0154980
   -.0140431
   -.0112156
   -.0096001
   -.0092850
   -.0092525
   -.0066548
   -.0040296
   -.0048868
   -.0104799
   -.0152429
   -.0156531
   -.0137534
   -.0131356
   -.0157630
   -.0178105
   -.0117152
   -.0046619
   -.0026648
   -.0024723
   -.0003097
    .0015601
   -.0006609
   -.0050565
   -.0050876
   -.0060694
   -.0104947
   -.0168176
   -.0175824
   -.0164858
   -.0177936
   -.0228034
   -.0269583
   -.0227288
   -.0126976
   -.0048135
   -.0033680
   -.0066585
   -.0096566
   -.0111589
   -.0132983
   -.0150180
   -.0147634
   -.0122579
   -.0067284
    .0014291
    .0093607
    .0142833
    .0147334
    .0109242
    .0034100
   -.0075502
   -.0200519
   -.0316387
   -.0405788
   -.0425121
   -.0336249
   -.0161522
    .0027503
    .0146690
    .0155449
    .0073389
   -.0048027
   -.0167209
   -.0253031
   -.0284597
   -.0277047
   -.0251256
   -.0201113
   -.0131264
   -.0074687
   -.0059709
   -.0070154
   -.0078824
   -.0079238
   -.0058517
   -.0018541
    .0019407
    .0029427
   -.0008155
   -.0073381
   -.0133992
   -.0179589
   -.0202440
   -.0194172
   -.0153827
   -.0100026
   -.0058735
   -.0043838
   -.0050040
   -.0071724
   -.0100558
   -.0132707
   -.0156095
   -.0153059
   -.0131946
   -.0107588
   -.0082245
   -.0065918
   -.0073216
   -.0099050
   -.0124729
   -.0136711
   -.0123525
   -.0089534
   -.0054898
   -.0028703
   -.0008998
   -.0001408
   -.0012667
   -.0042871
   -.0084179
   -.0124533
   -.0150514
   -.0159059
   -.0151037
   -.0131944
   -.0115403
   -.0112030
   -.0119158
   -.0132489
   -.0150648
   -.0168291
   -.0184534
   -.0195397
   -.0190298
   -.0167399
   -.0138783
   -.0116924
   -.0102155
   -.0092723
   -.0089884
   -.0091187
   -.0093184
   -.0091072
   -.0077955
   -.0054513
   -.0032360
   -.0020162
   -.0020313
   -.0034427
   -.0055968
   -.0080973
   -.0109678
   -.0138697
   -.0159402
   -.0159799
   -.0140567
   -.0111956
   -.0081098
   -.0058483
   -.0048856
   -.0049601
   -.0062215
   -.0080452
   -.0096310
   -.0110919
   -.0120702
   -.0126306
   -.0123782
   -.0110151
   -.0090588
   -.0073497
   -.0064565
   -.0067712
   -.0080819
   -.0101979
   -.0129206
   -.0156220
   -.0178938
   -.0190300
   -.0183569
   -.0159991
   -.0124178
   -.0083486
   -.0041899
   -.0009380
   -.0000120
   -.0012853
   -.0030095
   -.0041812
   -.0053373
   -.0070765
   -.0088817
   -.0103504
   -.0115655
   -.0124399
   -.0127903
   -.0130514
   -.0132032
   -.0131545
   -.0128570
   -.0120887
   -.0111596
   -.0108264
   -.0110559
   -.0112380
   -.0107729
   -.0098706
   -.0094387
   -.0097207
   -.0095405
   -.0092959
   -.0092287
   -.0093537
   -.0099112
   -.0113161
   -.0128559
   -.0140893
   -.0154439
   -.0162267
   -.0160934
   -.0149899
   -.0133766
   -.0123010
   -.0118830
   -.0120309
   -.0125054
   -.0132164
   -.0138126
   -.0141020
   -.0134562
   -.0115693
   -.0099889
   -.0088226
   -.0080453
   -.0072991
   -.0068517
   -.0064429
   -.0072800
   -.0092987
   -.0111605
   -.0124952
   -.0130900
   -.0128195
   -.0119395
   -.0104260
   -.0091418
   -.0089708
   -.0095116
   -.0100426
   -.0103696
   -.0103684
   -.0101134
   -.0099833
   -.0097423
   -.0086274
   -.0080425
   -.0075464
   -.0071562
   -.0075640
   -.0088438
   -.0103659
   -.0114341
   -.0117320
   -.0111087
   -.0103763
   -.0097806
   -.0095803
   -.0096638
   -.0097047
   -.0096395
   -.0097453
   -.0100877
   -.0101371
   -.0098562
   -.0094797
   -.0089854
   -.0085820
   -.0083643
   -.0083723
   -.0087339
   -.0093142
   -.0099028
   -.0105584
   -.0111299
   -.0117760
   -.0118508
   -.0113319
   -.0109309
   -.0112273
   -.0115812
   -.0126360
   -.0132072
   -.0134007
   -.0131070
   -.0132299
   -.0130639
   -.0127920
   -.0130243
   -.0127008
   -.0123292
   -.0118269
   -.0113435
   -.0112987
   -.0116148
   -.0117520
   -.0119654
   -.0122784
   -.0123987
   -.0123520
   -.0120826
   -.0117408
   -.0114918
   -.0114678
   -.0115494
   -.0117977
   -.0120945
   -.0122823
   -.0123853
   -.0126244
   -.0127370
   -.0126941
   -.0125332
   -.0123524
   -.0121826
   -.0120892
   -.0120654
   -.0121291
   -.0122021
   -.0123200
   -.0124464
   -.0125657
   -.0126258
   -.0126462
   -.0126223
   -.0125667
   -.0125014
   -.0124508
   -.0124445
   -.0124598
   -.0125200
   -.0125780
   -.0126934
   -.0127740
   -.0129321
   -.0130159
   -.0132382
   -.0133305
   -.0137230
   -.0138390
   -.0150098