   -.760628E-03
   -.753751E-03
   -.746870E-03
   -.740008E-03
   -.733115E-03
   -.726146E-03
   -.718911E-03
   -.711477E-03
   -.704038E-03
   -.696749E-03
   -.689473E-03
   -.681914E-03
   -.673961E-03
   -.666000E-03
   -.658262E-03
   -.650797E-03
   -.643783E-03
   -.637190E-03
   -.630169E-03
   -.622071E-03
   -.613071E-03
   -.604507E-03
   -.598174E-03
   -.595570E-03
   -.595707E-03
   -.594564E-03
   -.589825E-03
   -.583016E-03
   -.574798E-03
   -.564543E-03
   -.552766E-03
   -.540952E-03
   -.529975E-03
   -.518820E-03
   -.505502E-03
   -.491922E-03
   -.481851E-03
   -.476123E-03
   -.472929E-03
   -.469430E-03
   -.459460E-03
   -.437139E-03
   -.407022E-03
   -.379606E-03
   -.360746E-03
   -.352668E-03
   -.356593E-03
   -.372300E-03
   -.396774E-03
   -.423100E-03
   -.443529E-03
   -.454190E-03
   -.455915E-03
   -.452817E-03
   -.447330E-03
   -.438435E-03
   -.421671E-03
   -.394736E-03
   -.362527E-03
   -.336679E-03
   -.328067E-03
   -.331313E-03
   -.328718E-03
   -.305745E-03
   -.256040E-03
   -.182339E-03
   -.970353E-04
   -.175293E-04
    .441602E-04
    .872590E-04
    .124420E-03
    .171843E-03
    .238871E-03
    .320937E-03
    .402597E-03
    .463651E-03
    .495258E-03
    .511667E-03
    .526550E-03
    .535851E-03
    .536025E-03
    .529637E-03
    .513011E-03
    .482017E-03
    .443316E-03
    .401467E-03
    .350857E-03
    .283433E-03
    .202314E-03
    .131893E-03
    .804095E-04
    .597373E-05
   -.138968E-03
   -.368003E-03
   -.652968E-03
   -.933372E-03
   -.112625E-02
   -.118019E-02
   -.111496E-02
   -.979633E-03
   -.813874E-03
   -.643403E-03
   -.491877E-03
   -.393879E-03
   -.361251E-03
   -.363324E-03
   -.378536E-03
   -.408933E-03
   -.435254E-03
   -.434591E-03
   -.420103E-03
   -.394368E-03
   -.324047E-03
   -.215180E-03
   -.121557E-03
   -.751368E-04
   -.556590E-04
   -.276813E-05
    .106017E-03
    .225159E-03
    .305616E-03
    .300761E-03
    .110595E-03
   -.297222E-03
   -.778625E-03
   -.117584E-02
   -.143696E-02
   -.157107E-02
   -.160987E-02
   -.159915E-02
   -.157868E-02
   -.156727E-02
   -.154954E-02
   -.149037E-02
   -.136671E-02
   -.120930E-02
   -.111309E-02
   -.112905E-02
   -.120688E-02
   -.128224E-02
   -.132415E-02
   -.133310E-02
   -.135184E-02
   -.145891E-02
   -.168046E-02
   -.194923E-02
   -.210126E-02
   -.198605E-02
   -.159444E-02
   -.101105E-02
   -.330612E-03
    .356996E-03
    .971903E-03
    .144596E-02
    .174243E-02
    .187911E-02
    .192968E-02
    .199591E-02
    .215285E-02
    .242860E-02
    .281092E-02
    .323009E-02
    .356509E-02
    .373647E-02
    .374594E-02
    .361858E-02
    .339202E-02
    .313225E-02
    .286418E-02
    .254094E-02
    .213389E-02
    .167703E-02
    .124559E-02
    .897135E-03
    .616695E-03
    .324131E-03
   -.750444E-04
   -.604197E-03
   -.120386E-02
   -.176354E-02
   -.216254E-02
   -.230811E-02
   -.214431E-02
   -.167905E-02
   -.104346E-02
   -.399011E-03
    .199636E-03
    .740881E-03
    .118801E-02
    .154000E-02
    .183955E-02
    .210351E-02
    .231952E-02
    .247290E-02
    .253243E-02
    .244901E-02
    .215879E-02
    .161647E-02
    .843167E-03
   -.244942E-04
   -.769034E-03
   -.133882E-02
   -.187968E-02
   -.249368E-02
   -.315876E-02
   -.378493E-02
   -.430810E-02
   -.473115E-02
   -.502584E-02
   -.514978E-02
   -.516079E-02
   -.512340E-02
   -.498801E-02
   -.471921E-02
   -.438035E-02
   -.406939E-02
   -.387216E-02
   -.385964E-02
   -.404125E-02
   -.432842E-02
   -.453305E-02
   -.444769E-02
   -.395981E-02
   -.312790E-02
   -.218884E-02
   -.147478E-02
   -.123576E-02
   -.142686E-02
   -.185147E-02
   -.240735E-02
   -.301580E-02
   -.356173E-02
   -.398069E-02
   -.424924E-02
   -.432884E-02
   -.423563E-02
   -.405573E-02
   -.377976E-02
   -.331106E-02
   -.259176E-02
   -.166169E-02
   -.637241E-03
    .407776E-03
    .146816E-02
    .255340E-02
    .360765E-02
    .451820E-02
    .527713E-02
    .594868E-02
    .647065E-02
    .665217E-02
    .631847E-02
    .553564E-02
    .455600E-02
    .355832E-02
    .267715E-02
    .208137E-02
    .185258E-02
    .195343E-02
    .236495E-02
    .311603E-02
    .422003E-02
    .556802E-02
    .695831E-02
    .825451E-02
    .935306E-02
    .100969E-01
    .103271E-01
    .999123E-02
    .921021E-02
    .821234E-02
    .721372E-02
    .638908E-02
    .585609E-02
    .568622E-02
    .588866E-02
    .640277E-02
    .715031E-02
    .805545E-02
    .896148E-02
    .966146E-02
    .998536E-02
    .979900E-02
    .901817E-02
    .762531E-02
    .574115E-02
    .367844E-02
    .173528E-02
    .807214E-05
   -.155872E-02
   -.301242E-02
   -.422787E-02
   -.506856E-02
   -.556586E-02
   -.577766E-02
   -.570519E-02
   -.532005E-02
   -.463983E-02
   -.377116E-02
   -.284760E-02
   -.199775E-02
   -.138908E-02
   -.111173E-02
   -.105845E-02
   -.102337E-02
   -.834487E-03
   -.425678E-03
    .176600E-03
    .889584E-03
    .154922E-02
    .196433E-02
    .207057E-02
    .194124E-02
    .168166E-02
    .124306E-02
    .437539E-03
   -.784434E-03
   -.226875E-02
   -.377285E-02
   -.508743E-02
   -.610906E-02
   -.679450E-02
   -.713093E-02
   -.712843E-02
   -.682840E-02
   -.630280E-02
   -.558285E-02
   -.462316E-02
   -.333018E-02
   -.174150E-02
   -.798110E-04
    .142820E-02
    .275001E-02
    .410806E-02
    .565190E-02
    .728948E-02
    .888180E-02
    .103099E-01
    .114268E-01
    .120548E-01
    .120750E-01
    .115457E-01
    .106444E-01
    .953999E-02
    .838997E-02
    .734665E-02
    .654391E-02
    .605431E-02
    .586785E-02
    .598685E-02
    .641887E-02
    .703991E-02
    .761678E-02
    .792499E-02
    .780140E-02
    .718872E-02
    .614503E-02
    .478127E-02
    .319053E-02
    .144579E-02
   -.363265E-03
   -.206864E-02
   -.347076E-02
   -.442973E-02
   -.487598E-02
   -.479518E-02
   -.418110E-02
   -.311452E-02
   -.180289E-02
   -.354517E-03
    .123222E-02
    .283624E-02
    .417177E-02
    .492819E-02
    .497947E-02
    .442343E-02
    .343365E-02
    .215384E-02
    .688969E-03
   -.758542E-03
   -.194694E-02
   -.278376E-02
   -.330079E-02
   -.356110E-02
   -.359353E-02
   -.340570E-02
   -.302415E-02
   -.249690E-02
   -.188739E-02
   -.129848E-02
   -.838920E-03
   -.556660E-03
   -.403712E-03
   -.258281E-03
   -.506935E-05
    .414680E-03
    .100100E-02
    .174588E-02
    .266377E-02
    .380177E-02
    .516259E-02
    .661278E-02
    .792465E-02
    .888418E-02
    .935212E-02
    .930467E-02
    .883460E-02
    .806295E-02
    .709307E-02
    .604683E-02
    .500379E-02
    .391369E-02
    .270465E-02
    .139389E-02
    .146650E-03
   -.780836E-03
   -.115944E-02
   -.923306E-03
   -.198616E-03
    .846342E-03
    .209585E-02
    .349437E-02
    .494861E-02
    .631704E-02
    .753875E-02
    .863054E-02
    .959443E-02
    .103525E-01
    .107829E-01
    .108215E-01
    .104988E-01
    .991560E-02
    .919539E-02
    .843610E-02
    .765268E-02
    .684162E-02
    .607454E-02
    .538373E-02
    .468764E-02
    .387975E-02
    .291876E-02
    .186557E-02
    .826850E-03
   -.106710E-03
   -.851725E-03
   -.139029E-02
   -.184207E-02
   -.231850E-02
   -.280808E-02
   -.323964E-02
   -.355463E-02
   -.373456E-02
   -.379769E-02
   -.377698E-02
   -.366157E-02
   -.339160E-02
   -.288772E-02
   -.210008E-02
   -.103944E-02
    .274717E-03
    .180756E-02
    .344891E-02
    .500185E-02
    .624439E-02
    .704588E-02
    .744865E-02
    .768610E-02
    .804727E-02
    .871939E-02
    .974657E-02
    .110415E-01
    .124185E-01
    .136834E-01
    .147233E-01
    .155201E-01
    .161001E-01
    .164307E-01
    .164279E-01
    .160101E-01
    .150395E-01
    .133786E-01
    .110209E-01
    .809877E-02
    .482329E-02
    .140325E-02
   -.200502E-02
   -.530801E-02
   -.840568E-02
   -.111450E-01
   -.133686E-01
   -.149968E-01
   -.160282E-01
   -.165170E-01
   -.165444E-01
   -.161784E-01
   -.154866E-01
   -.145968E-01
   -.136645E-01
   -.128065E-01
   -.121113E-01
   -.116277E-01
   -.112984E-01
   -.109738E-01
   -.104840E-01
   -.971503E-02
   -.864279E-02
   -.727564E-02
   -.564273E-02
   -.380961E-02
   -.185863E-02
    .126317E-03
    .203100E-02
    .368460E-02
    .487234E-02
    .548068E-02
    .558581E-02
    .531982E-02
    .474446E-02
    .380749E-02
    .256601E-02
    .128611E-02
    .257929E-03
   -.294325E-03
   -.188954E-03
    .611466E-03
    .193478E-02
    .346030E-02
    .480003E-02
    .558496E-02
    .563566E-02
    .501916E-02
    .381917E-02
    .211357E-02
    .641427E-04
   -.216896E-02
   -.449842E-02
   -.687593E-02
   -.915843E-02
   -.110127E-01
   -.120508E-01
   -.120357E-01
   -.109506E-01
   -.900205E-02
   -.655764E-02
   -.395422E-02
   -.138444E-02
    .109162E-02
    .349790E-02
    .587704E-02
    .814885E-02
    .101174E-01
    .115913E-01
    .124593E-01
    .127127E-01
    .124042E-01
    .116318E-01
    .105354E-01
    .929203E-02
    .808752E-02
    .705305E-02
    .622760E-02
    .557017E-02
    .497197E-02
    .428904E-02
    .341311E-02
    .232984E-02
    .112948E-02
   -.109539E-03
   -.140983E-02
   -.279229E-02
   -.420781E-02
   -.554840E-02
   -.671088E-02
   -.765012E-02
   -.834013E-02
   -.875438E-02
   -.886599E-02
   -.867420E-02
   -.823793E-02
   -.768927E-02
   -.715095E-02
   -.662407E-02
   -.614911E-02
   -.590905E-02
   -.603768E-02
   -.651862E-02
   -.723181E-02
   -.796562E-02
   -.847108E-02
   -.858083E-02
   -.825050E-02
   -.750605E-02
   -.639093E-02
   -.494729E-02
   -.319482E-02
   -.121084E-02
    .782072E-03
    .259819E-02
    .421347E-02
    .556713E-02
    .654895E-02
    .712299E-02
    .731031E-02
    .716868E-02
    .683086E-02
    .646766E-02
    .620090E-02
    .608001E-02
    .609747E-02
    .625338E-02
    .651180E-02
    .674063E-02
    .682359E-02
    .674189E-02
    .649121E-02
    .602057E-02
    .523867E-02
    .415707E-02
    .294520E-02
    .184248E-02
    .101720E-02
    .476069E-03
    .150903E-03
   -.232564E-04
   -.106053E-03
   -.173269E-03
   -.323450E-03
   -.633226E-03
   -.111999E-02
   -.174950E-02
   -.246080E-02
   -.319379E-02
   -.390611E-02
   -.458024E-02
   -.521601E-02
   -.580116E-02
   -.630032E-02
   -.675561E-02
   -.731139E-02
   -.814312E-02
   -.936716E-02
   -.109703E-01
   -.127726E-01
   -.145089E-01
   -.160115E-01
   -.171644E-01
   -.177955E-01
   -.178124E-01
   -.172664E-01
   -.161393E-01
   -.144337E-01
   -.123714E-01
   -.102678E-01
   -.833897E-02
   -.656991E-02
   -.481423E-02
   -.299034E-02
   -.120514E-02
    .327887E-03
    .154023E-02
    .248622E-02
    .319628E-02
    .371662E-02
    .414774E-02
    .458167E-02
    .499991E-02
    .523117E-02
    .512253E-02
    .465326E-02
    .386169E-02
    .280646E-02
    .157760E-02
    .304909E-03
   -.892576E-03
   -.203812E-02
   -.321160E-02
   -.438909E-02
   -.544631E-02
   -.624071E-02
   -.665136E-02
   -.660505E-02
   -.608564E-02
   -.510399E-02
   -.369145E-02
   -.189958E-02
    .129929E-03
    .214385E-02
    .404778E-02
    .596685E-02
    .794426E-02
    .993725E-02
    .119674E-01
    .140224E-01
    .159831E-01
    .176439E-01
    .188745E-01
    .197462E-01
    .203404E-01
    .206418E-01
    .206192E-01
    .202164E-01
    .193189E-01
    .178806E-01
    .159746E-01
    .136141E-01
    .107874E-01
    .758719E-02
    .417680E-02
    .722500E-03
   -.261155E-02
   -.568427E-02
   -.840939E-02
   -.107812E-01
   -.128747E-01
   -.147989E-01
   -.166104E-01
   -.182349E-01
   -.194125E-01
   -.198165E-01
   -.192507E-01
   -.177831E-01
   -.157360E-01
   -.133595E-01
   -.106675E-01
   -.765904E-02
   -.440259E-02
   -.914447E-03
    .280980E-02
    .669804E-02
    .105707E-01
    .142208E-01
    .176081E-01
    .208474E-01
    .240293E-01
    .270871E-01
    .297733E-01
    .317827E-01
    .329063E-01
    .330515E-01
    .322516E-01
    .306535E-01
    .284202E-01
    .256744E-01
    .225187E-01
    .190597E-01
    .153612E-01
    .115061E-01
    .770063E-02
    .417454E-02
    .104548E-02
   -.166077E-02
   -.395502E-02
   -.577134E-02
   -.704376E-02
   -.784642E-02
   -.832457E-02
   -.860108E-02
   -.876179E-02
   -.886413E-02
   -.894380E-02
   -.903913E-02
   -.920804E-02
   -.946838E-02
   -.976729E-02
   -.100292E-01
   -.101753E-01
   -.100801E-01
   -.962827E-02
   -.880689E-02
   -.772677E-02
   -.656115E-02
   -.537404E-02
   -.412562E-02
   -.280885E-02
   -.148699E-02
   -.256476E-03
    .843952E-03
    .184838E-02
    .273012E-02
    .340654E-02
    .383265E-02
    .399714E-02
    .389031E-02
    .345150E-02
    .261018E-02
    .140865E-02
    .103446E-04
   -.137166E-02
   -.256334E-02
   -.348271E-02
   -.406520E-02
   -.424661E-02
   -.398912E-02
   -.333123E-02
   -.242251E-02
   -.145020E-02
   -.548626E-03
    .265480E-03
    .105975E-02
    .187833E-02
    .271059E-02
    .352214E-02
    .435100E-02
    .531879E-02
    .649160E-02
    .783157E-02
    .925764E-02
    .107144E-01
    .121960E-01
    .136244E-01
    .148384E-01
    .157971E-01
    .165845E-01
    .172324E-01
    .177172E-01
    .180133E-01
    .180198E-01
    .175996E-01
    .168283E-01
    .159662E-01
    .152527E-01
    .148168E-01
    .146652E-01
    .147216E-01
    .148693E-01
    .149589E-01
    .148424E-01
    .144143E-01
    .136640E-01
    .126960E-01
    .115955E-01
    .103663E-01
    .902713E-02
    .765522E-02
    .637009E-02
    .529911E-02
    .453847E-02
    .414795E-02
    .416142E-02
    .471121E-02
    .592604E-02
    .763244E-02
    .948243E-02
    .112630E-01
    .129285E-01
    .145164E-01
    .160392E-01
    .174362E-01
    .184977E-01
    .189629E-01
    .186747E-01
    .176099E-01
    .158708E-01
    .136458E-01
    .111510E-01
    .852739E-02
    .585852E-02
    .326606E-02
    .919588E-03
   -.101337E-02
   -.241409E-02
   -.323709E-02
   -.340525E-02
   -.290044E-02
   -.196459E-02
   -.880132E-03
    .292651E-03
    .151482E-02
    .260544E-02
    .330039E-02
    .339491E-02
    .286234E-02
    .185231E-02
    .630126E-03
   -.547765E-03
   -.151711E-02
   -.218865E-02
   -.253710E-02
   -.260863E-02
   -.243894E-02
   -.195244E-02
   -.963289E-03
    .696490E-03
    .292781E-02
    .538715E-02
    .781686E-02
    .101189E-01
    .122605E-01
    .142437E-01
    .160835E-01
    .176275E-01
    .185935E-01
    .188009E-01
    .182550E-01
    .170768E-01
    .154215E-01
    .134332E-01
    .112665E-01
    .909636E-02
    .713673E-02
    .556872E-02
    .443186E-02
    .357062E-02
    .267276E-02
    .153812E-02
    .205057E-03
   -.124948E-02
   -.281863E-02
   -.455041E-02
   -.643229E-02
   -.826905E-02
   -.969619E-02
   -.103186E-01
   -.986389E-02
   -.830718E-02
   -.594315E-02
   -.319548E-02
   -.355853E-03
    .245846E-02
    .524761E-02
    .810449E-02
    .110974E-01
    .140176E-01
    .164872E-01
    .182225E-01
    .190733E-01
    .190359E-01
    .182676E-01
    .170151E-01
    .154805E-01
    .137631E-01
    .118690E-01
    .973993E-02
    .736230E-02
    .495034E-02
    .280255E-02
    .105059E-02
   -.381933E-03
   -.167211E-02
   -.285224E-02
   -.384001E-02
   -.461351E-02
   -.519428E-02
   -.561017E-02
   -.597700E-02
   -.647281E-02
   -.721866E-02
   -.824083E-02
   -.947222E-02
   -.107337E-01
   -.118122E-01
   -.126608E-01
   -.133303E-01
   -.137788E-01
   -.138873E-01
   -.135598E-01
   -.127430E-01
   -.114191E-01
   -.957719E-02
   -.731792E-02
   -.491161E-02
   -.257603E-02
   -.353616E-03
    .182350E-02
    .404950E-02
    .637007E-02
    .867934E-02
    .107449E-01
    .123848E-01
    .135075E-01
    .140217E-01
    .139078E-01
    .132839E-01
    .121850E-01
    .105343E-01
    .831883E-02
    .570317E-02
    .300920E-02
    .449547E-03
   -.198531E-02
   -.427366E-02
   -.630155E-02
   -.795866E-02
   -.917367E-02
   -.992511E-02
   -.101779E-01
   -.987906E-02
   -.896511E-02
   -.741853E-02
   -.532445E-02
   -.280721E-02
    .210434E-04
    .309692E-02
    .633015E-02
    .951459E-02
    .124580E-01
    .150920E-01
    .172937E-01
    .189260E-01
    .200564E-01
    .209183E-01
    .217394E-01
    .225916E-01
    .234382E-01
    .244484E-01
    .258818E-01
    .277683E-01
    .298800E-01
    .318768E-01
    .334936E-01
    .346030E-01
    .351397E-01
    .350274E-01
    .341939E-01
    .326964E-01
    .307625E-01
    .286927E-01
    .266810E-01
    .246966E-01
    .227225E-01
    .208792E-01
    .192031E-01
    .175332E-01
    .155682E-01
    .131157E-01
    .102524E-01
    .714548E-02
    .396360E-02
    .910250E-03
   -.186680E-02
   -.437548E-02
   -.671827E-02
   -.896499E-02
   -.109699E-01
   -.124446E-01
   -.131362E-01
   -.128891E-01
   -.117394E-01
   -.100806E-01
   -.849520E-02
   -.744945E-02
   -.715062E-02
   -.753684E-02
   -.837936E-02
   -.940327E-02
   -.103821E-01
   -.111556E-01
   -.116291E-01
   -.117563E-01
   -.115834E-01
   -.113148E-01
   -.112597E-01
   -.116853E-01
   -.126126E-01
   -.138508E-01
   -.152003E-01
   -.164426E-01
   -.172966E-01
   -.174531E-01
   -.167492E-01
   -.153674E-01
   -.136595E-01
   -.118777E-01
   -.101740E-01
   -.867140E-02
   -.755852E-02
   -.703026E-02
   -.717160E-02
   -.796434E-02
   -.928615E-02
   -.108690E-01
   -.124353E-01
   -.138794E-01
   -.151087E-01
   -.159147E-01
   -.159077E-01
   -.147298E-01
   -.123185E-01
   -.883234E-02
   -.454400E-02
    .122087E-03
    .476812E-02
    .936289E-02
    .140209E-01
    .187090E-01
    .233360E-01
    .277626E-01
    .315424E-01
    .341600E-01
    .354347E-01
    .355792E-01
    .350361E-01
    .341624E-01
    .330800E-01
    .316939E-01
    .298866E-01
    .276422E-01
    .249620E-01
    .218921E-01
    .186168E-01
    .153641E-01
    .122692E-01
    .923794E-02
    .611530E-02
    .297433E-02
   -.365385E-04
   -.288599E-02
   -.549979E-02
   -.777979E-02
   -.979755E-02
   -.117217E-01
   -.136573E-01
   -.155957E-01
   -.174700E-01
   -.192694E-01
   -.210359E-01
   -.227912E-01
   -.243897E-01
   -.255568E-01
   -.260569E-01
   -.258106E-01
   -.249194E-01
   -.235629E-01
   -.219273E-01
   -.202568E-01
   -.187782E-01
   -.175607E-01
   -.165654E-01
   -.157282E-01
   -.149449E-01
   -.140632E-01
   -.128997E-01
   -.114096E-01
   -.982133E-02
   -.842005E-02
   -.735668E-02
   -.667367E-02
   -.630270E-02
   -.603580E-02
   -.569622E-02
   -.525262E-02
   -.468516E-02
   -.392072E-02
   -.287871E-02
   -.154260E-02
   -.153269E-04
    .151956E-02
    .287688E-02
    .395357E-02
    .470435E-02
    .509851E-02
    .522626E-02
    .531719E-02
    .542107E-02
    .537995E-02
    .502375E-02
    .422607E-02
    .290693E-02
    .115409E-02
   -.726478E-03
   -.213334E-02
   -.238146E-02
   -.106081E-02
    .152360E-02
    .439495E-02
    .665560E-02
    .790911E-02
    .826438E-02
    .816953E-02
    .820789E-02
    .897810E-02
    .108327E-01
    .134452E-01
    .160021E-01
    .176961E-01
    .180618E-01
    .170904E-01
    .150717E-01
    .124919E-01
    .100054E-01
    .823595E-02
    .754927E-02
    .801060E-02
    .943577E-02
    .115264E-01
    .139518E-01
    .164031E-01
    .186745E-01
    .206317E-01
    .218207E-01
    .216316E-01
    .197573E-01
    .163775E-01
    .120989E-01
    .756238E-02
    .318849E-02
   -.904629E-03
   -.480580E-02
   -.865727E-02
   -.124341E-01
   -.159303E-01
   -.188588E-01
   -.209768E-01
   -.221717E-01
   -.225707E-01
   -.225264E-01
   -.223749E-01
   -.223055E-01
   -.223768E-01
   -.225586E-01
   -.227758E-01
   -.229143E-01
   -.228608E-01
   -.225598E-01
   -.220071E-01
   -.212120E-01
   -.202006E-01
   -.190423E-01
   -.178968E-01
   -.168347E-01
   -.155476E-01
   -.136377E-01
   -.109855E-01
   -.766077E-02
   -.384916E-02
    .595101E-04
    .366840E-02
    .684291E-02
    .964651E-02
    .121828E-01
    .143676E-01
    .159910E-01
    .168801E-01
    .167641E-01
    .152829E-01
    .123810E-01
    .836964E-02
    .355850E-02
   -.177136E-02
   -.724508E-02
   -.124875E-01
   -.172759E-01
   -.216643E-01
   -.257805E-01
   -.295091E-01
   -.325932E-01
   -.348623E-01
   -.362383E-01
   -.366931E-01
   -.361564E-01
   -.346070E-01
   -.322195E-01
   -.293559E-01
   -.264140E-01
   -.235398E-01
   -.206884E-01
   -.178499E-01
   -.150957E-01
   -.125381E-01
   -.103828E-01
   -.883485E-02
   -.795127E-02
   -.765808E-02
   -.780805E-02
   -.813925E-02
   -.826592E-02
   -.763102E-02
   -.584898E-02
   -.309440E-02
    .148760E-03
    .343389E-02
    .653602E-02
    .943717E-02
    .122224E-01
    .149441E-01
    .175397E-01
    .197566E-01
    .212864E-01
    .219872E-01
    .219346E-01
    .213533E-01
    .205116E-01
    .196405E-01
    .189285E-01
    .184890E-01
    .183312E-01
    .184143E-01
    .186837E-01
    .189954E-01
    .191106E-01
    .187259E-01
    .175884E-01
    .156229E-01
    .129361E-01
    .977285E-02
    .644454E-02
    .319013E-02
    .461127E-04
   -.302496E-02
   -.599248E-02
   -.867288E-02
   -.108117E-01
   -.121965E-01
   -.127324E-01
   -.125025E-01
   -.118532E-01
   -.113386E-01
   -.116430E-01
   -.133236E-01
   -.165218E-01
   -.208886E-01
   -.257370E-01
   -.304692E-01
   -.347898E-01
   -.387197E-01
   -.424622E-01
   -.462270E-01
   -.499481E-01
   -.532812E-01
   -.557496E-01
   -.570033E-01
   -.570220E-01
   -.560318E-01
   -.543585E-01
   -.522854E-01
   -.500261E-01
   -.477675E-01
   -.456687E-01
   -.438184E-01
   -.421343E-01
   -.404637E-01
   -.388130E-01
   -.373068E-01
   -.360564E-01
   -.351811E-01
   -.347804E-01
   -.348458E-01
   -.351939E-01
   -.354956E-01
   -.355224E-01
   -.352623E-01
   -.347860E-01
   -.341741E-01
   -.335251E-01
   -.330136E-01
   -.328529E-01
   -.331353E-01
   -.338485E-01
   -.350371E-01
   -.368356E-01
   -.393994E-01
   -.429059E-01
   -.474103E-01
   -.526343E-01
   -.580843E-01
   -.633146E-01
   -.681482E-01
   -.726662E-01
   -.769440E-01
   -.808450E-01
   -.839834E-01
   -.860084E-01
   -.868735E-01
   -.869052E-01
   -.866358E-01
   -.865547E-01
   -.869262E-01
   -.877187E-01
   -.885686E-01
   -.886799E-01
   -.866440E-01
   -.811828E-01
   -.719707E-01
   -.593424E-01
   -.439271E-01
   -.263491E-01
   -.737336E-02
    .119386E-01
    .305695E-01
    .477686E-01
    .625938E-01
    .741282E-01
    .819560E-01
    .858536E-01
    .857253E-01
    .817315E-01
    .745079E-01
    .651672E-01
    .545414E-01
    .427298E-01
    .294402E-01
    .145686E-01
   -.130883E-02
   -.170062E-01
   -.312430E-01
   -.434206E-01
   -.538119E-01
   -.630080E-01
   -.713570E-01
   -.787114E-01
   -.847759E-01
   -.894555E-01
   -.927921E-01
   -.949626E-01
   -.963245E-01
   -.972601E-01
   -.980298E-01
   -.986670E-01
   -.989924E-01
   -.986948E-01
   -.976393E-01
   -.960342E-01
   -.940801E-01
   -.918549E-01
   -.895077E-01
   -.872708E-01
   -.853780E-01
   -.841256E-01
   -.837762E-01
   -.843364E-01
   -.855485E-01
   -.870009E-01
   -.881205E-01
   -.883033E-01
   -.871362E-01
   -.845580E-01
   -.808638E-01
   -.764033E-01
   -.713912E-01
   -.660841E-01
   -.607492E-01
   -.553736E-01
   -.497791E-01
   -.438747E-01
   -.377175E-01
   -.314636E-01
   -.253224E-01
   -.195567E-01
   -.144285E-01
   -.978423E-02
   -.499764E-02
    .417022E-03
    .651124E-02
    .129803E-01
    .194714E-01
    .257966E-01
    .317631E-01
    .371376E-01
    .417925E-01
    .458359E-01
    .495750E-01
    .529283E-01
    .553156E-01
    .560326E-01
    .546483E-01
    .512141E-01
    .460694E-01
    .396634E-01
    .325093E-01
    .251362E-01
    .180021E-01
    .114244E-01
    .551378E-02
    .231984E-03
   -.442489E-02
   -.799033E-02
   -.973692E-02
   -.917607E-02
   -.629366E-02
   -.153767E-02
    .449493E-02
    .112730E-01
    .183882E-01
    .254011E-01
    .318270E-01
    .374552E-01
    .423759E-01
    .466564E-01
    .498941E-01
    .511748E-01
    .496413E-01
    .450056E-01
    .375274E-01
    .277473E-01
    .161954E-01
    .321973E-02
   -.109030E-01
   -.255159E-01
   -.397472E-01
   -.529805E-01
   -.648562E-01
   -.751994E-01
   -.838991E-01
   -.909080E-01
   -.962040E-01
   -.998573E-01
   -.102138E+00
   -.103491E+00
   -.104432E+00
   -.105414E+00
   -.106702E+00
   -.108304E+00
   -.110072E+00
   -.111809E+00
   -.113339E+00
   -.114510E+00
   -.115197E+00
   -.115345E+00
   -.115042E+00
   -.114538E+00
   -.114173E+00
   -.114231E+00
   -.114824E+00
   -.115853E+00
   -.117201E+00
   -.118845E+00
   -.120898E+00
   -.123515E+00
   -.126760E+00
   -.130548E+00
   -.134669E+00
   -.138960E+00
   -.143500E+00
   -.148762E+00
   -.155120E+00
   -.162353E+00
   -.169763E+00
   -.176582E+00
   -.182391E+00
   -.186889E+00
   -.189518E+00
   -.189342E+00
   -.185396E+00
   -.176659E+00
   -.162551E+00
   -.143384E+00
   -.119757E+00
   -.922830E-01
   -.625992E-01
   -.332327E-01
   -.642797E-02
    .164003E-01
    .348400E-01
    .494070E-01
    .612470E-01
    .712486E-01
    .798791E-01
    .874127E-01
    .939396E-01
    .994222E-01
    .103955E+00
    .107759E+00
    .110921E+00
    .113325E+00
    .114775E+00
    .115140E+00
    .114466E+00
    .112914E+00
    .110610E+00
    .107518E+00
    .103605E+00
    .989691E-01
    .936192E-01
    .873679E-01
    .798583E-01
    .709623E-01
    .611048E-01
    .509646E-01
    .410471E-01
    .312805E-01
    .213973E-01
    .115030E-01
    .189511E-02
   -.722353E-02
   -.156001E-01
   -.229416E-01
   -.290019E-01
   -.335290E-01
   -.363064E-01
   -.373149E-01
   -.368340E-01
   -.353937E-01
   -.336276E-01
   -.320495E-01
   -.306274E-01
   -.288853E-01
   -.268668E-01
   -.251828E-01
   -.244396E-01
   -.249824E-01
   -.268027E-01
   -.296343E-01
   -.331254E-01
   -.370844E-01
   -.413966E-01
   -.458546E-01
   -.501523E-01
   -.540119E-01
   -.573175E-01
   -.600920E-01
   -.623528E-01
   -.639475E-01
   -.645467E-01
   -.637244E-01
   -.612135E-01
   -.571842E-01
   -.521513E-01
   -.467080E-01
   -.410822E-01
   -.351109E-01
   -.285826E-01
   -.215288E-01
   -.142707E-01
   -.696256E-02
    .612619E-03
    .851775E-02
    .165069E-01
    .242252E-01
    .315165E-01
    .385783E-01
    .458784E-01
    .539058E-01
    .629687E-01
    .730427E-01
    .837446E-01
    .945949E-01
    .105253E+00
    .115484E+00
    .125104E+00
    .133923E+00
    .141836E+00
    .148928E+00
    .155349E+00
    .161198E+00
    .166391E+00
    .170697E+00
    .173874E+00
    .175868E+00
    .176982E+00
    .178142E+00
    .180348E+00
    .183680E+00
    .187492E+00
    .191085E+00
    .194205E+00
    .197027E+00
    .199695E+00
    .202218E+00
    .204635E+00
    .207020E+00
    .209429E+00
    .211745E+00
    .213729E+00
    .215171E+00
    .215909E+00
    .215805E+00
    .214655E+00
    .212273E+00
    .208674E+00
    .203971E+00
    .198143E+00
    .191002E+00
    .182355E+00
    .172083E+00
    .160278E+00
    .147368E+00
    .133909E+00
    .120382E+00
    .107399E+00
    .956431E-01
    .854624E-01
    .767677E-01
    .692044E-01
    .624758E-01
    .565132E-01
    .515287E-01
    .478206E-01
    .455419E-01
    .446616E-01
    .450173E-01
    .464742E-01
    .489513E-01
    .524066E-01
    .567384E-01
    .617146E-01
    .671294E-01
    .729149E-01
    .790213E-01
    .853912E-01
    .920758E-01
    .991123E-01
    .106349E+00
    .113588E+00
    .120707E+00
    .127581E+00
    .134076E+00
    .140111E+00
    .145595E+00
    .150415E+00
    .154403E+00
    .157402E+00
    .159262E+00
    .159966E+00
    .159739E+00
    .158915E+00
    .157801E+00
    .156712E+00
    .155910E+00
    .155447E+00
    .154845E+00
    .153063E+00
    .148809E+00
    .141094E+00
    .129424E+00
    .113467E+00
    .927365E-01
    .671791E-01
    .378344E-01
    .733303E-02
   -.210894E-01
   -.451360E-01
   -.638028E-01
   -.773280E-01
   -.869198E-01
   -.943081E-01
   -.100992E+00
   -.107794E+00
   -.114772E+00
   -.121838E+00
   -.129126E+00
   -.136920E+00
   -.145359E+00
   -.154259E+00
   -.163519E+00
   -.173388E+00
   -.183991E+00
   -.195153E+00
   -.206648E+00
   -.218308E+00
   -.229982E+00
   -.241415E+00
   -.252200E+00
   -.261669E+00
   -.269416E+00
   -.275978E+00
   -.282121E+00
   -.288165E+00
   -.294157E+00
   -.299988E+00
   -.305136E+00
   -.309014E+00
   -.311385E+00
   -.312128E+00
   -.311107E+00
   -.308273E+00
   -.303672E+00
   -.297371E+00
   -.289218E+00
   -.278877E+00
   -.265791E+00
   -.249411E+00
   -.229180E+00
   -.203854E+00
   -.171562E+00
   -.131639E+00
   -.855925E-01
   -.366631E-01
    .110250E-01
    .533847E-01
    .875165E-01
    .112701E+00
    .130326E+00
    .142896E+00
    .152606E+00
    .160848E+00
    .168324E+00
    .175199E+00
    .181299E+00
    .186252E+00
    .189729E+00
    .191677E+00
    .192266E+00
    .191815E+00
    .190757E+00
    .189537E+00
    .188464E+00
    .187669E+00
    .187132E+00
    .186747E+00
    .186433E+00
    .186259E+00
    .186329E+00
    .186626E+00
    .187188E+00
    .188137E+00
    .189385E+00
    .190703E+00
    .191965E+00
    .192996E+00
    .193401E+00
    .192324E+00
    .188757E+00
    .181998E+00
    .171702E+00
    .157890E+00
    .140947E+00
    .121560E+00
    .100331E+00
    .778164E-01
    .548306E-01
    .327395E-01
    .131286E-01
   -.312588E-02
   -.160931E-01
   -.262786E-01
   -.343274E-01
   -.409363E-01
   -.466892E-01
   -.520110E-01
   -.572466E-01
   -.628299E-01
   -.693089E-01
   -.768093E-01
   -.847982E-01
   -.924611E-01
   -.992419E-01
   -.105238E+00
   -.110831E+00
   -.116209E+00
   -.120787E+00
   -.123479E+00
   -.123358E+00
   -.120089E+00
   -.114142E+00
   -.106625E+00
   -.987572E-01
   -.911736E-01
   -.839229E-01
   -.768081E-01
   -.698864E-01
   -.635442E-01
   -.583281E-01
   -.546826E-01
   -.527224E-01
   -.521694E-01
   -.524604E-01
   -.529776E-01
   -.532713E-01
   -.531775E-01
   -.526899E-01
   -.518743E-01
   -.509931E-01
   -.505001E-01
   -.509154E-01
   -.525717E-01
   -.554376E-01
   -.592590E-01
   -.637288E-01
   -.686432E-01
   -.739732E-01
   -.797892E-01
   -.859852E-01
   -.922337E-01
   -.981555E-01
   -.103635E+00
   -.108949E+00
   -.114358E+00
   -.119862E+00
   -.125258E+00
   -.130286E+00
   -.134776E+00
   -.138743E+00
   -.142343E+00
   -.145664E+00
   -.148611E+00
   -.150896E+00
   -.152197E+00
   -.152290E+00
   -.150874E+00
   -.147774E+00
   -.143290E+00
   -.137922E+00
   -.131980E+00
   -.125021E+00
   -.116312E+00
   -.105751E+00
   -.938404E-01
   -.812624E-01
   -.684246E-01
   -.554251E-01
   -.422619E-01
   -.289137E-01
   -.153725E-01
   -.189868E-02
    .109749E-01
    .225835E-01
    .324893E-01
    .407723E-01
    .478165E-01
    .540120E-01
    .594155E-01
    .638136E-01
    .669858E-01
    .688501E-01
    .695548E-01
    .695159E-01
    .693007E-01
    .694387E-01
    .703220E-01
    .721213E-01
    .747632E-01
    .779732E-01
    .813856E-01
    .847089E-01
    .878219E-01
    .906504E-01
    .931100E-01
    .951041E-01
    .965020E-01
    .971421E-01
    .967979E-01
    .952831E-01
    .925765E-01
    .887717E-01
    .840026E-01
    .784851E-01
    .725018E-01
    .662283E-01
    .596980E-01
    .528780E-01
    .457766E-01
    .384637E-01
    .309522E-01
    .232907E-01
    .157173E-01
    .851211E-02
    .181700E-02
   -.439205E-02
   -.102553E-01
   -.159412E-01
   -.215251E-01
   -.269553E-01
   -.321122E-01
   -.368967E-01
   -.412934E-01
   -.453690E-01
   -.492287E-01
   -.528905E-01
   -.562991E-01
   -.594179E-01
   -.622041E-01
   -.646009E-01
   -.666346E-01
   -.684047E-01
   -.699263E-01
   -.709844E-01
   -.711631E-01
   -.700768E-01
   -.675777E-01
   -.637757E-01
   -.589316E-01
   -.532725E-01
   -.465273E-01
   -.382423E-01
   -.288013E-01
   -.190300E-01
   -.930269E-02
    .306018E-03
    .974248E-02
    .189242E-01
    .277621E-01
    .361680E-01
    .440739E-01
    .514785E-01
    .585015E-01
    .652501E-01
    .716636E-01
    .776820E-01
    .833767E-01
    .887394E-01
    .936255E-01
    .978365E-01
    .101288E+00
    .104102E+00
    .106464E+00
    .108450E+00
    .109887E+00
    .110446E+00
    .109824E+00
    .107678E+00
    .103747E+00
    .980235E-01
    .906902E-01
    .820091E-01
    .721420E-01
    .611755E-01
    .492426E-01
    .366875E-01
    .241021E-01
    .121522E-01
    .135990E-02
   -.792997E-02
   -.155522E-01
   -.214997E-01
   -.256676E-01
   -.278969E-01
   -.281906E-01
   -.268320E-01
   -.243355E-01
   -.210824E-01
   -.172238E-01
   -.129689E-01
   -.860462E-02
   -.434998E-02
   -.413706E-03
    .299013E-02
    .567361E-02
    .756400E-02
    .875660E-02
    .939282E-02
    .958954E-02
    .949408E-02
    .922404E-02
    .874025E-02
    .799056E-02
    .703468E-02
    .591067E-02
    .463814E-02
    .337126E-02
    .233083E-02
    .165154E-02
    .129236E-02
    .111080E-02
    .105113E-02
    .108997E-02
    .111764E-02
    .100431E-02
    .680579E-03
    .165858E-03
   -.372011E-03
   -.607161E-03
   -.283210E-03
    .617104E-03
    .189707E-02
    .333806E-02
    .489317E-02
    .659687E-02
    .842497E-02
    .102258E-01
    .118205E-01
    .131531E-01
    .142203E-01
    .149921E-01
    .154113E-01
    .154497E-01
    .151485E-01
    .146036E-01
    .139273E-01
    .132181E-01
    .125804E-01
    .122146E-01
    .123496E-01
    .131085E-01
    .144664E-01
    .162719E-01
    .183208E-01
    .204038E-01
    .223180E-01
    .237911E-01
    .245251E-01
    .242919E-01
    .229970E-01
    .207117E-01
    .177707E-01
    .146879E-01
    .116829E-01
    .874122E-02
    .603149E-02
    .384949E-02
    .242421E-02
    .206248E-02
    .309047E-02
    .567531E-02
    .970463E-02
    .147994E-01
    .206788E-01
    .272001E-01
    .340833E-01
    .410887E-01
    .482475E-01
    .554939E-01
    .624949E-01
    .688098E-01
    .741509E-01
    .785513E-01
    .821709E-01
    .851485E-01
    .875767E-01
    .895027E-01
    .909169E-01
    .917836E-01
    .921054E-01
    .919529E-01
    .914190E-01
    .905329E-01
    .892945E-01
    .877360E-01
    .858841E-01
    .837425E-01
    .813052E-01
    .786382E-01
    .759009E-01
    .731367E-01
    .702338E-01
    .670809E-01
    .636887E-01
    .602127E-01
    .568172E-01
    .535448E-01
    .502215E-01
    .466305E-01
    .427366E-01
    .385790E-01
    .341901E-01
    .297392E-01
    .254999E-01
    .216782E-01
    .182531E-01
    .149508E-01
    .114170E-01
    .743839E-02
    .313197E-02
   -.119920E-02
   -.530713E-02
   -.916353E-02
   -.129101E-01
   -.166815E-01
   -.205851E-01
   -.247579E-01
   -.293306E-01
   -.343365E-01
   -.395696E-01
   -.447412E-01
   -.497331E-01
   -.545889E-01
   -.594158E-01
   -.643589E-01
   -.695246E-01
   -.748862E-01
   -.802699E-01
   -.854390E-01
   -.902582E-01
   -.946458E-01
   -.983105E-01
   -.100918E+00
   -.102378E+00
   -.102739E+00
   -.102048E+00
   -.100126E+00
   -.967342E-01
   -.918574E-01
   -.857024E-01
   -.786236E-01
   -.710537E-01
   -.633317E-01
   -.555382E-01
   -.476490E-01
   -.396746E-01
   -.315237E-01
   -.230594E-01
   -.143241E-01
   -.560762E-02
    .264999E-02
    .100392E-01
    .163693E-01
    .217714E-01
    .265393E-01
    .309087E-01
    .349172E-01
    .384127E-01
    .410455E-01
    .425124E-01
    .428392E-01
    .423208E-01
    .413414E-01
    .401476E-01
    .388609E-01
    .376109E-01
    .364848E-01
    .354743E-01
    .346014E-01
    .339515E-01
    .336250E-01
    .337308E-01
    .343617E-01
    .355316E-01
    .371478E-01
    .390547E-01
    .410906E-01
    .431328E-01
    .451153E-01
    .470167E-01
    .488010E-01
    .504075E-01
    .517635E-01
    .527636E-01
    .533035E-01
    .533513E-01
    .529041E-01
    .518616E-01
    .501148E-01
    .476458E-01
    .442697E-01
    .397581E-01
    .342497E-01
    .280561E-01
    .213286E-01
    .141460E-01
    .663142E-02
   -.109173E-02
   -.902596E-02
   -.173304E-01
   -.259555E-01
   -.345222E-01
   -.425952E-01
   -.498830E-01
   -.563007E-01
   -.618411E-01
   -.665006E-01
   -.701838E-01
   -.728177E-01
   -.745108E-01
   -.755171E-01
   -.761305E-01
   -.765584E-01
   -.769232E-01
   -.773230E-01
   -.778202E-01
   -.784134E-01
   -.790153E-01
   -.795079E-01
   -.798158E-01
   -.798891E-01
   -.796802E-01
   -.790894E-01
   -.779802E-01
   -.762144E-01
   -.735590E-01
   -.697616E-01
   -.647223E-01
   -.585391E-01
   -.514380E-01
   -.436050E-01
   -.351906E-01
   -.265161E-01
   -.179438E-01
   -.962503E-02
   -.163764E-02
    .590314E-02
    .128063E-01
    .188559E-01
    .238828E-01
    .277974E-01
    .306500E-01
    .326524E-01
    .341364E-01
    .354567E-01
    .368108E-01
    .382001E-01
    .395905E-01
    .410204E-01
    .426012E-01
    .443648E-01
    .461932E-01
    .478854E-01
    .492231E-01
    .499979E-01
    .499235E-01
    .487045E-01
    .461768E-01
    .424253E-01
    .377873E-01
    .325870E-01
    .270196E-01
    .212854E-01
    .155689E-01
    .994322E-02
    .450259E-02
   -.563882E-03
   -.494090E-02
   -.836133E-02
   -.107954E-01
   -.123576E-01
   -.132189E-01
   -.135893E-01
   -.136854E-01
   -.136775E-01
   -.136316E-01
   -.135179E-01
   -.132798E-01
   -.128595E-01
   -.121941E-01
   -.112170E-01
   -.991393E-02
   -.842770E-02
   -.699000E-02
   -.577498E-02
   -.488695E-02
   -.435852E-02
   -.414093E-02
   -.410335E-02
   -.407179E-02
   -.393667E-02
   -.369240E-02
   -.333465E-02
   -.277631E-02
   -.185347E-02
   -.546442E-03
    .987871E-03
    .272986E-02
    .480159E-02
    .728189E-02
    .101939E-01
    .135101E-01
    .171601E-01
    .211041E-01
    .254178E-01
    .301975E-01
    .354326E-01
    .409304E-01
    .464915E-01
    .521500E-01
    .580438E-01
    .641873E-01
    .702732E-01
    .758592E-01
    .807240E-01
    .848477E-01
    .882878E-01
    .909884E-01
    .928159E-01
    .936766E-01
    .935753E-01
    .926471E-01
    .911612E-01
    .894302E-01
    .876613E-01
    .859587E-01
    .843828E-01
    .829484E-01
    .816120E-01
    .802623E-01
    .787787E-01
    .771064E-01
    .752986E-01
    .734830E-01
    .717650E-01
    .701181E-01
    .683449E-01
    .662255E-01
    .636572E-01
    .606683E-01
    .573308E-01
    .536705E-01
    .496957E-01
    .454607E-01
    .410975E-01
    .367653E-01
    .325766E-01
    .286399E-01
    .250679E-01
    .219568E-01
    .193690E-01
    .173626E-01
    .160373E-01
    .154988E-01
    .157912E-01
    .168406E-01
    .184675E-01
    .205059E-01
    .228776E-01
    .255398E-01
    .284064E-01
    .313005E-01
    .340882E-01
    .367905E-01
    .394695E-01
    .421498E-01
    .448210E-01
    .473822E-01
    .496180E-01
    .512622E-01
    .520843E-01
    .518537E-01
    .503756E-01
    .475809E-01
    .435151E-01
    .383677E-01
    .324620E-01
    .259777E-01
    .187368E-01
    .107135E-01
    .227988E-02
   -.614690E-02
   -.142385E-01
   -.216770E-01
   -.282029E-01
   -.337254E-01
   -.383604E-01
   -.423181E-01
   -.457401E-01
   -.486912E-01
   -.512114E-01
   -.532365E-01
   -.546849E-01
   -.556046E-01
   -.560694E-01
   -.560851E-01
   -.556307E-01
   -.546703E-01
   -.530792E-01
   -.506661E-01
   -.472872E-01
   -.429866E-01
   -.379829E-01
   -.323392E-01
   -.259792E-01
   -.189186E-01
   -.113436E-01
   -.357267E-02
    .413343E-02
    .116382E-01
    .187493E-01
    .252939E-01
    .313259E-01
    .369253E-01
    .420512E-01
    .468208E-01
    .515467E-01
    .562927E-01
    .609038E-01
    .653114E-01
    .695687E-01
    .737428E-01
    .777378E-01
    .813510E-01
    .845864E-01
    .876143E-01
    .905382E-01
    .933443E-01
    .959723E-01
    .984148E-01
    .100715E+00
    .102800E+00
    .104526E+00
    .105818E+00
    .106619E+00
    .106850E+00
    .106496E+00
    .105637E+00
    .104382E+00
    .102834E+00
    .101092E+00
    .991789E-01
    .970562E-01
    .948386E-01
    .927660E-01
    .908971E-01
    .891603E-01
    .875792E-01
    .862687E-01
    .853301E-01
    .847857E-01
    .845693E-01
    .845671E-01
    .846811E-01
    .848844E-01
    .852229E-01
    .857584E-01
    .864392E-01
    .871094E-01
    .876299E-01
    .879358E-01
    .880450E-01
    .880556E-01
    .881044E-01
    .882565E-01
    .884833E-01
    .887209E-01
    .889128E-01
    .890300E-01
    .890719E-01
    .890521E-01
    .889467E-01
    .886433E-01
    .878483E-01
    .863135E-01
    .841235E-01
    .815492E-01
    .788479E-01
    .761856E-01
    .736234E-01
    .711072E-01
    .685763E-01
    .660715E-01
    .637184E-01
    .616503E-01
    .600208E-01
    .589874E-01
    .587296E-01
    .593297E-01
    .606467E-01
    .624181E-01
    .643822E-01
    .663064E-01
    .680398E-01
    .695839E-01
    .710212E-01
    .724158E-01
    .738300E-01
    .753252E-01
    .768492E-01
    .782757E-01
    .795468E-01
    .806387E-01
    .815024E-01
    .821694E-01
    .827813E-01
    .834389E-01
    .841422E-01
    .848018E-01
    .852855E-01
    .854716E-01
    .852726E-01
    .846608E-01
    .836886E-01
    .824473E-01
    .809979E-01
    .793159E-01
    .773074E-01
    .748632E-01
    .719131E-01
    .683956E-01
    .643150E-01
    .598185E-01
    .551338E-01
    .504437E-01
    .457146E-01
    .407675E-01
    .355559E-01
    .301840E-01
    .247977E-01
    .195713E-01
    .146956E-01
    .103539E-01
    .662753E-02
    .336353E-02
    .294820E-03
   -.276689E-02
   -.583090E-02
   -.876452E-02
   -.113831E-01
   -.135774E-01
   -.153991E-01
   -.170101E-01
   -.185751E-01
   -.201737E-01
   -.217815E-01
   -.232919E-01
   -.245870E-01
   -.256169E-01
   -.264054E-01
   -.270217E-01
   -.275103E-01
   -.278940E-01
   -.282782E-01
   -.287810E-01
   -.293822E-01
   -.300278E-01
   -.307281E-01
   -.314504E-01
   -.320849E-01
   -.325355E-01
   -.327267E-01
   -.325759E-01
   -.320632E-01
   -.312774E-01
   -.302751E-01
   -.290356E-01
   -.274952E-01
   -.255891E-01
   -.232926E-01
   -.207020E-01
   -.180333E-01
   -.154963E-01
   -.131918E-01
   -.110760E-01
   -.906705E-02
   -.716452E-02
   -.541258E-02
   -.383961E-02
   -.247952E-02
   -.136094E-02
   -.471734E-03
    .213523E-03
    .699197E-03
    .954573E-03
    .952446E-03
    .745770E-03
    .421696E-03
   -.305881E-04
   -.705396E-03
   -.169998E-02
   -.304963E-02
   -.471718E-02
   -.666198E-02
   -.888740E-02
   -.114419E-01
   -.142856E-01
   -.172113E-01
   -.200262E-01
   -.226606E-01
   -.251440E-01
   -.275490E-01
   -.299526E-01
   -.324043E-01
   -.349102E-01
   -.373537E-01
   -.395637E-01
   -.414344E-01
   -.429036E-01
   -.439301E-01
   -.445703E-01
   -.449554E-01
   -.451456E-01
   -.451542E-01
   -.450470E-01
   -.449503E-01
   -.449989E-01
   -.452696E-01
   -.457817E-01
   -.465353E-01
   -.475129E-01
   -.486767E-01
   -.500561E-01
   -.516998E-01
   -.535286E-01
   -.553996E-01
   -.572385E-01
   -.590392E-01
   -.608378E-01
   -.627172E-01
   -.647467E-01
   -.668966E-01
   -.690464E-01
   -.710562E-01
   -.728815E-01
   -.745652E-01
   -.761353E-01
   -.775405E-01
   -.786607E-01
   -.793648E-01
   -.795984E-01
   -.794571E-01
   -.791334E-01
   -.788067E-01
   -.785905E-01
   -.785186E-01
   -.785653E-01
   -.786731E-01
   -.787887E-01
   -.789054E-01
   -.790497E-01
   -.790961E-01
   -.788150E-01
   -.781486E-01
   -.772482E-01
   -.763597E-01
   -.757273E-01
   -.754873E-01
   -.755085E-01
   -.755390E-01
   -.755073E-01
   -.754972E-01
   -.756043E-01
   -.758363E-01
   -.761189E-01
   -.763538E-01
   -.764299E-01
   -.762261E-01
   -.756650E-01
   -.747550E-01
   -.735678E-01
   -.721296E-01
   -.703124E-01
   -.680144E-01
   -.653231E-01
   -.624319E-01
   -.595284E-01
   -.567311E-01
   -.540798E-01
   -.515447E-01
   -.490269E-01
   -.464084E-01
   -.436632E-01
   -.408733E-01
   -.381814E-01
   -.357417E-01
   -.336614E-01
   -.319582E-01
   -.305944E-01
   -.295639E-01
   -.288471E-01
   -.283523E-01
   -.280344E-01
   -.279372E-01
   -.281481E-01
   -.287254E-01
   -.296577E-01
   -.309370E-01
   -.325790E-01
   -.345280E-01
   -.367048E-01
   -.391439E-01
   -.418806E-01
   -.448166E-01
   -.477935E-01
   -.506967E-01
   -.535227E-01
   -.563193E-01
   -.590936E-01
   -.617867E-01
   -.643153E-01
   -.666335E-01
   -.687719E-01
   -.708354E-01
   -.728867E-01
   -.748683E-01
   -.766462E-01
   -.781009E-01
   -.791982E-01
   -.799654E-01
   -.804467E-01
   -.806987E-01
   -.807958E-01
   -.808091E-01
   -.807743E-01
   -.806637E-01
   -.804265E-01
   -.800384E-01
   -.795106E-01
   -.788654E-01
   -.780925E-01
   -.771659E-01
   -.760931E-01
   -.749471E-01
   -.738331E-01
   -.727823E-01
   -.717526E-01
   -.706989E-01
   -.696613E-01
   -.687656E-01
   -.681207E-01
   -.677400E-01
   -.675310E-01
   -.674366E-01
   -.675420E-01
   -.680028E-01
   -.688944E-01
   -.700532E-01
   -.712440E-01
   -.724168E-01
   -.736573E-01
   -.750422E-01
   -.765097E-01
   -.779375E-01
   -.793142E-01
   -.806605E-01
   -.819189E-01
   -.829727E-01
   -.837612E-01
   -.844287E-01
   -.851857E-01
   -.860908E-01
   -.870786E-01
   -.880605E-01
   -.890180E-01
   -.899747E-01
   -.909151E-01
   -.917969E-01
   -.926007E-01
   -.933735E-01
   -.941781E-01
   -.949633E-01
   -.955836E-01
   -.959027E-01
   -.958977E-01
   -.956632E-01
   -.952878E-01
   -.947957E-01
   -.941611E-01
   -.933813E-01
   -.925063E-01
   -.915154E-01
   -.902893E-01
   -.886601E-01
   -.865350E-01
   -.839962E-01
   -.812644E-01
   -.785931E-01
   -.761526E-01
   -.739987E-01
   -.721008E-01
   -.704339E-01
   -.690102E-01
   -.678419E-01
   -.669223E-01
   -.662624E-01
   -.659206E-01
   -.659817E-01
   -.664423E-01
   -.671937E-01
   -.681301E-01
   -.691644E-01
   -.701951E-01
   -.711703E-01
   -.721266E-01
   -.731777E-01
   -.744436E-01
   -.759682E-01
   -.776626E-01
   -.793394E-01
   -.809356E-01
   -.825351E-01
   -.841174E-01
   -.855755E-01
   -.868664E-01
   -.879586E-01
   -.887709E-01
   -.891444E-01
   -.889619E-01
   -.883142E-01
   -.873690E-01
   -.861857E-01
   -.846441E-01
   -.825520E-01
   -.798164E-01
   -.764959E-01
   -.727574E-01
   -.688033E-01
   -.647981E-01
   -.608032E-01
   -.567863E-01
   -.526923E-01
   -.485346E-01
   -.444264E-01
   -.404205E-01
   -.364474E-01
   -.324036E-01
   -.282209E-01
   -.238998E-01
   -.195803E-01
   -.154931E-01
   -.116908E-01
   -.803796E-02
   -.445680E-02
   -.100456E-02
    .216390E-02
    .484809E-02
    .689738E-02
    .830440E-02
    .919938E-02
    .977579E-02
    .101589E-01
    .103649E-01
    .104080E-01
    .103362E-01
    .101599E-01
    .985999E-02
    .944080E-02
    .900355E-02
    .871042E-02
    .863689E-02
    .876034E-02
    .905526E-02
    .953171E-02
    .102072E-01
    .109962E-01
    .117395E-01
    .123600E-01
    .129045E-01
    .134750E-01
    .140255E-01
    .143426E-01
    .142807E-01
    .138314E-01
    .130442E-01
    .119938E-01
    .107698E-01
    .941766E-02
    .796141E-02
    .650080E-02
    .510602E-02
    .368466E-02
    .214459E-02
    .522737E-03
   -.104100E-02
   -.241609E-02
   -.360379E-02
   -.478478E-02
   -.623506E-02
   -.804808E-02
   -.101183E-01
   -.124404E-01
   -.150470E-01
   -.178008E-01
   -.204831E-01
   -.229366E-01
   -.251123E-01
   -.270362E-01
   -.287323E-01
   -.301392E-01
   -.311140E-01
   -.315522E-01
   -.314528E-01
   -.308329E-01
   -.297661E-01
   -.284621E-01
   -.271394E-01
   -.259050E-01
   -.247663E-01
   -.236938E-01
   -.226886E-01
   -.217751E-01
   -.209670E-01
   -.202926E-01
   -.197928E-01
   -.194796E-01
   -.192877E-01
   -.190508E-01
   -.186198E-01
   -.179660E-01
   -.171130E-01
   -.160887E-01
   -.149380E-01
   -.137616E-01
   -.127233E-01
   -.119343E-01
   -.113880E-01
   -.110893E-01
   -.110891E-01
   -.114429E-01
   -.121911E-01
   -.133447E-01
   -.149008E-01
   -.168257E-01
   -.190134E-01
   -.213433E-01
   -.237628E-01
   -.261626E-01
   -.283276E-01
   -.301570E-01
   -.317133E-01
   -.330478E-01
   -.341937E-01
   -.352361E-01
   -.362790E-01
   -.373862E-01
   -.385284E-01
   -.396170E-01
   -.405814E-01
   -.413967E-01
   -.420713E-01
   -.425617E-01
   -.427905E-01
   -.427696E-01
   -.425991E-01
   -.423892E-01
   -.421858E-01
   -.419590E-01
   -.416528E-01
   -.412029E-01
   -.404993E-01
   -.394902E-01
   -.382717E-01
   -.369046E-01
   -.353457E-01
   -.336225E-01
   -.317675E-01
   -.296162E-01
   -.270470E-01
   -.241983E-01
   -.212545E-01
   -.183301E-01
   -.156002E-01
   -.132316E-01
   -.112365E-01
   -.953563E-02
   -.802605E-02
   -.653047E-02
   -.488879E-02
   -.315144E-02
   -.145251E-02
    .160198E-03
    .160980E-02
    .275033E-02
    .349644E-02
    .392788E-02
    .431307E-02
    .486230E-02
    .556166E-02
    .631286E-02
    .704893E-02
    .774186E-02
    .841529E-02
    .913429E-02
    .989666E-02
    .106066E-01
    .112083E-01
    .117075E-01
    .120950E-01
    .123231E-01
    .123383E-01
    .121596E-01
    .118860E-01
    .116159E-01
    .113454E-01
    .109105E-01
    .101175E-01
    .888085E-02
    .723951E-02
    .529912E-02
    .314810E-02
    .843935E-03
   -.157595E-02
   -.415994E-02
   -.701685E-02
   -.102075E-01
   -.136669E-01
   -.171952E-01
   -.206039E-01
   -.238163E-01
   -.267638E-01
   -.293454E-01
   -.314469E-01
   -.330075E-01
   -.340794E-01
   -.347595E-01
   -.351357E-01
   -.352485E-01
   -.351142E-01
   -.347675E-01
   -.342629E-01
   -.336689E-01
   -.330847E-01
   -.325693E-01
   -.320100E-01
   -.312611E-01
   -.303319E-01
   -.293716E-01
   -.285360E-01
   -.277816E-01
   -.269761E-01
   -.261399E-01
   -.253671E-01
   -.246883E-01
   -.240355E-01
   -.233258E-01
   -.225972E-01
   -.219675E-01
   -.215291E-01
   -.213461E-01
   -.214589E-01
   -.218976E-01
   -.226202E-01
   -.234586E-01
   -.242665E-01
   -.250337E-01
   -.257828E-01
   -.264829E-01
   -.270141E-01
   -.272675E-01
   -.272590E-01
   -.270913E-01
   -.268751E-01
   -.266440E-01
   -.263853E-01
   -.261219E-01
   -.259008E-01
   -.257592E-01
   -.257479E-01
   -.259195E-01
   -.262872E-01
   -.268189E-01
   -.274565E-01
   -.281389E-01
   -.288052E-01
   -.293201E-01
   -.294922E-01
   -.291352E-01
   -.280976E-01
   -.263139E-01
   -.238452E-01
   -.208582E-01
   -.175221E-01
   -.139952E-01
   -.104134E-01
   -.670308E-02
   -.257518E-02
    .221293E-02
    .768098E-02
    .135931E-01
    .196656E-01
    .257405E-01
    .317024E-01
    .374257E-01
    .428082E-01
    .478129E-01
    .524914E-01
    .569160E-01
    .611415E-01
    .652166E-01
    .692457E-01
    .734449E-01
    .780091E-01
    .829537E-01
    .881244E-01
    .932929E-01
    .982886E-01
    .103109E+00
    .107948E+00
    .112880E+00
    .117722E+00
    .122275E+00
    .126466E+00
    .130280E+00
    .133672E+00
    .136546E+00
    .138893E+00
    .140822E+00
    .142410E+00
    .143660E+00
    .144557E+00
    .145110E+00
    .145366E+00
    .145315E+00
    .144908E+00
    .144143E+00
    .143051E+00
    .141656E+00
    .139875E+00
    .137576E+00
    .134747E+00
    .131457E+00
    .127717E+00
    .123482E+00
    .118734E+00
    .113527E+00
    .107997E+00
    .102347E+00
    .967687E-01
    .913886E-01
    .863508E-01
    .818287E-01
    .779921E-01
    .749756E-01
    .728695E-01
    .716949E-01
    .713581E-01
    .716920E-01
    .725086E-01
    .736794E-01
    .751771E-01
    .770639E-01
    .794307E-01
    .823195E-01
    .856794E-01
    .893831E-01
    .932758E-01
    .972231E-01
    .101124E+00
    .104849E+00
    .108261E+00
    .111313E+00
    .114053E+00
    .116585E+00
    .118986E+00
    .121264E+00
    .123313E+00
    .124971E+00
    .126125E+00
    .126729E+00
    .126798E+00
    .126292E+00
    .125135E+00
    .123289E+00
    .120735E+00
    .117433E+00
    .113322E+00
    .108369E+00
    .102470E+00
    .955959E-01
    .880051E-01
    .800332E-01
    .718531E-01
    .635130E-01
    .550435E-01
    .465752E-01
    .383438E-01
    .306356E-01
    .237019E-01
    .176515E-01
    .123565E-01
    .753711E-02
    .293831E-02
   -.160298E-02
   -.615097E-02
   -.105831E-01
   -.146564E-01
   -.181541E-01
   -.209694E-01
   -.231284E-01
   -.247992E-01
   -.262311E-01
   -.275635E-01
   -.287983E-01
   -.299025E-01
   -.308559E-01
   -.316613E-01
   -.323038E-01
   -.327450E-01
   -.329268E-01
   -.328137E-01
   -.324259E-01
   -.318000E-01
   -.309740E-01
   -.300802E-01
   -.292925E-01
   -.286819E-01
   -.282391E-01
   -.279463E-01
   -.277814E-01
   -.276986E-01
   -.276094E-01
   -.274797E-01
   -.274364E-01
   -.276297E-01
   -.280939E-01
   -.287664E-01
   -.295455E-01
   -.303375E-01
   -.310818E-01
   -.317455E-01
   -.322512E-01
   -.324873E-01
   -.323918E-01
   -.319449E-01
   -.311215E-01
   -.299796E-01
   -.286919E-01
   -.273543E-01
   -.259430E-01
   -.244226E-01
   -.228092E-01
   -.211528E-01
   -.193634E-01
   -.172376E-01
   -.147670E-01
   -.121284E-01
   -.947419E-02
   -.687805E-02
   -.436028E-02
   -.194985E-02
    .301490E-03
    .232227E-02
    .401517E-02
    .526901E-02
    .599646E-02
    .619533E-02
    .600926E-02
    .570357E-02
    .558143E-02
    .580739E-02
    .631749E-02
    .697349E-02
    .768322E-02
    .843576E-02
    .921916E-02
    .996157E-02
    .107168E-01
    .116937E-01
    .129832E-01
    .145014E-01
    .161060E-01
    .176728E-01
    .191313E-01
    .204679E-01
    .216974E-01
    .228042E-01
    .237098E-01
    .243014E-01
    .245731E-01
    .246610E-01
    .246473E-01
    .245371E-01
    .243657E-01
    .241951E-01
    .240778E-01
    .240759E-01
    .242251E-01
    .244330E-01
    .245566E-01
    .245428E-01
    .244225E-01
    .242595E-01
    .241125E-01
    .240173E-01
    .239897E-01
    .240775E-01
    .243802E-01
    .249870E-01
    .259055E-01
    .270180E-01
    .281473E-01
    .291645E-01
    .300540E-01
    .308816E-01
    .316373E-01
    .322413E-01
    .326444E-01
    .328513E-01
    .328959E-01
    .327388E-01
    .323114E-01
    .316367E-01
    .307839E-01
    .298046E-01
    .287708E-01
    .277478E-01
    .266905E-01
    .255405E-01
    .243500E-01
    .232262E-01
    .222686E-01
    .216112E-01
    .213683E-01
    .215573E-01
    .221714E-01
    .232036E-01
    .245625E-01
    .261039E-01
    .277390E-01
    .294380E-01
    .311878E-01
    .329365E-01
    .346250E-01
    .362580E-01
    .378335E-01
    .392878E-01
    .406330E-01
    .419862E-01
    .434682E-01
    .451668E-01
    .471268E-01
    .492671E-01
    .514034E-01
    .534151E-01
    .552679E-01
    .569483E-01
    .584597E-01
    .598222E-01
    .609765E-01
    .617844E-01
    .620912E-01
    .618126E-01
    .609945E-01
    .597316E-01
    .580694E-01
    .559001E-01
    .531560E-01
    .499848E-01
    .464904E-01
    .426143E-01
    .382494E-01
    .333445E-01
    .279894E-01
    .225304E-01
    .174253E-01
    .127145E-01
    .815166E-02
    .368245E-02
   -.580030E-03
   -.453453E-02
   -.811703E-02
   -.113527E-01
   -.144084E-01
   -.174197E-01
   -.203612E-01
   -.232162E-01
   -.260274E-01
   -.287644E-01
   -.313650E-01
   -.338348E-01
   -.361944E-01
   -.384633E-01
   -.407436E-01
   -.430943E-01
   -.453658E-01
   -.474002E-01
   -.491993E-01
   -.508636E-01
   -.524693E-01
   -.539875E-01
   -.553980E-01
   -.567782E-01
   -.581920E-01
   -.596543E-01
   -.611934E-01
   -.628468E-01
   -.646174E-01
   -.664386E-01
   -.682017E-01
   -.698236E-01
   -.712516E-01
   -.724492E-01
   -.734113E-01
   -.741602E-01
   -.746468E-01
   -.747462E-01
   -.743336E-01
   -.734315E-01
   -.722308E-01
   -.708695E-01
   -.693783E-01
   -.677658E-01
   -.660782E-01
   -.643895E-01
   -.626767E-01
   -.608838E-01
   -.590987E-01
   -.574306E-01
   -.558800E-01
   -.545023E-01
   -.534300E-01
   -.527427E-01
   -.524513E-01
   -.525237E-01
   -.528913E-01
   -.534548E-01
   -.541150E-01
   -.547943E-01
   -.554392E-01
   -.559509E-01
   -.562004E-01
   -.561064E-01
   -.555888E-01
   -.544812E-01
   -.526369E-01
   -.500525E-01
   -.468718E-01
   -.433484E-01
   -.397819E-01
   -.363177E-01
   -.328649E-01
   -.292502E-01
   -.253699E-01
   -.212623E-01
   -.170823E-01
   -.130259E-01
   -.927309E-02
   -.591312E-02
   -.287516E-02
    .112223E-04
    .288599E-02
    .566938E-02
    .812072E-02
    .100974E-01
    .115765E-01
    .125732E-01
    .131786E-01
    .135496E-01
    .137624E-01
    .138948E-01
    .141739E-01
    .148150E-01
    .158442E-01
    .170639E-01
    .182604E-01
    .194621E-01
    .207822E-01
    .222296E-01
    .237362E-01
    .252099E-01
    .265477E-01
    .277055E-01
    .287400E-01
    .297476E-01
    .307624E-01
    .316513E-01
    .322404E-01
    .324889E-01
    .324708E-01
    .322722E-01
    .318451E-01
    .311403E-01
    .302863E-01
    .294566E-01
    .287366E-01
    .281288E-01
    .275905E-01
    .270732E-01
    .265744E-01
    .261498E-01
    .258977E-01
    .258648E-01
    .259496E-01
    .260130E-01
    .259946E-01
    .259037E-01
    .257798E-01
    .256642E-01
    .255842E-01
    .255491E-01
    .255513E-01
    .255603E-01
    .255080E-01
    .253725E-01
    .252441E-01
    .252104E-01
    .252894E-01
    .254927E-01
    .258149E-01
    .261859E-01
    .265128E-01
    .267416E-01
    .269126E-01
    .271240E-01
    .274480E-01
    .278771E-01
    .283127E-01
    .285614E-01
    .284565E-01
    .280358E-01
    .274828E-01
    .269836E-01
    .266523E-01
    .265035E-01
    .264438E-01
    .263596E-01
    .262147E-01
    .260354E-01
    .258639E-01
    .257356E-01
    .256884E-01
    .257853E-01
    .261102E-01
    .267223E-01
    .275768E-01
    .285617E-01
    .296044E-01
    .306542E-01
    .316521E-01
    .325963E-01
    .335483E-01
    .345682E-01
    .356598E-01
    .367497E-01
    .377100E-01
    .384209E-01
    .388371E-01
    .389932E-01
    .389758E-01
    .388824E-01
    .387760E-01
    .385891E-01
    .381815E-01
    .374613E-01
    .363588E-01
    .348128E-01
    .328179E-01
    .303850E-01
    .274125E-01
    .238091E-01
    .196624E-01
    .152006E-01
    .106871E-01
    .631364E-02
    .214185E-02
   -.190100E-02
   -.590421E-02
   -.991596E-02
   -.139858E-01
   -.181029E-01
   -.220951E-01
   -.257217E-01
   -.288269E-01
   -.314682E-01
   -.338078E-01
   -.358950E-01
   -.377085E-01
   -.392599E-01
   -.405193E-01
   -.414412E-01
   -.420749E-01
   -.425479E-01
   -.429814E-01
   -.434181E-01
   -.438334E-01
   -.442345E-01
   -.446628E-01
   -.451465E-01
   -.456529E-01
   -.460932E-01
   -.463457E-01
   -.463377E-01
   -.461142E-01
   -.457609E-01
   -.453261E-01
   -.448328E-01
   -.443121E-01
   -.438353E-01
   -.434772E-01
   -.432560E-01
   -.430603E-01
   -.427322E-01
   -.422586E-01
   -.417495E-01
   -.413272E-01
   -.411046E-01
   -.411480E-01
   -.414063E-01
   -.417488E-01
   -.420472E-01
   -.421858E-01
   -.420696E-01
   -.416256E-01
   -.408303E-01
   -.397375E-01
   -.384489E-01
   -.370669E-01
   -.356232E-01
   -.341109E-01
   -.325600E-01
   -.309932E-01
   -.293913E-01
   -.277627E-01
   -.261241E-01
   -.243965E-01
   -.224318E-01
   -.201132E-01
   -.174556E-01
   -.146246E-01
   -.118964E-01
   -.952630E-02
   -.761013E-02
   -.603481E-02
   -.456492E-02
   -.303355E-02
   -.139988E-02
    .278823E-03
    .187870E-02
    .326726E-02
    .437933E-02
    .525317E-02
    .603100E-02
    .690724E-02
    .805136E-02
    .953378E-02
    .113007E-01
    .131938E-01
    .150686E-01
    .168830E-01
    .187082E-01
    .206436E-01
    .227023E-01
    .247952E-01
    .267883E-01
    .285781E-01
    .301213E-01
    .313937E-01
    .323708E-01
    .330262E-01
    .332910E-01
    .331022E-01
    .325103E-01
    .315930E-01
    .303268E-01
    .286570E-01
    .265936E-01
    .242219E-01
    .217076E-01
    .192794E-01
    .170685E-01
    .150294E-01
    .130690E-01
    .111613E-01
    .938922E-02
    .780485E-02
    .634154E-02
    .496684E-02
    .369250E-02
    .244754E-02
    .116823E-02
   -.104715E-03
   -.132241E-02
   -.244913E-02
   -.334246E-02
   -.382803E-02
   -.384846E-02
   -.350893E-02
   -.301873E-02
   -.257347E-02
   -.229090E-02
   -.219593E-02
   -.224723E-02
   -.237108E-02
   -.250261E-02
   -.264397E-02
   -.289956E-02
   -.336053E-02
   -.402366E-02
   -.486520E-02
   -.585188E-02
   -.689341E-02
   -.788343E-02
   -.875522E-02
   -.949821E-02
   -.101628E-01
   -.108615E-01
   -.116724E-01
   -.125663E-01
   -.134686E-01
   -.143478E-01
   -.152933E-01
   -.164462E-01
   -.178836E-01
   -.195978E-01
   -.215278E-01
   -.236355E-01
   -.259061E-01
   -.283040E-01
   -.307072E-01
   -.329356E-01
   -.348613E-01
   -.364397E-01
   -.376663E-01
   -.385110E-01
   -.389109E-01
   -.387600E-01
   -.379866E-01
   -.366418E-01
   -.348751E-01
   -.328741E-01
   -.308025E-01
   -.287673E-01
   -.268178E-01
   -.250119E-01
   -.234523E-01
   -.222549E-01
   -.214811E-01
   -.211046E-01
   -.210790E-01
   -.214018E-01
   -.220705E-01
   -.230487E-01
   -.243131E-01
   -.258954E-01
   -.278461E-01
   -.300073E-01
   -.320647E-01
   -.341204E-01
   -.365375E-01
   -.393999E-01
   -.424985E-01
   -.455390E-01
   -.483425E-01
   -.508159E-01
   -.527974E-01
   -.541391E-01
   -.548251E-01
   -.548423E-01
   -.541608E-01
   -.528046E-01
   -.509044E-01
   -.486461E-01
   -.459175E-01
   -.424182E-01
   -.381870E-01
   -.335133E-01
   -.286283E-01
   -.237424E-01
   -.190604E-01
   -.146366E-01
   -.103845E-01
   -.617205E-02
   -.189225E-02
    .248305E-02
    .679035E-02
    .108186E-01
    .145478E-01
    .181418E-01
    .218011E-01
    .255310E-01
    .292022E-01
    .327754E-01
    .362453E-01
    .395616E-01
    .427142E-01
    .457352E-01
    .485835E-01
    .511552E-01
    .533616E-01
    .551838E-01
    .566579E-01
    .577769E-01
    .584897E-01
    .587784E-01
    .587592E-01
    .586449E-01
    .585316E-01
    .583853E-01
    .581500E-01
    .578281E-01
    .574870E-01
    .572015E-01
    .570150E-01
    .569272E-01
    .568788E-01
    .567605E-01
    .564396E-01
    .558317E-01
    .549820E-01
    .540215E-01
    .530801E-01
    .522382E-01
    .514970E-01
    .507204E-01
    .497193E-01
    .483910E-01
    .467753E-01
    .450237E-01
    .432984E-01
    .416874E-01
    .401714E-01
    .387271E-01
    .373984E-01
    .362006E-01
    .350805E-01
    .339703E-01
    .328468E-01
    .317474E-01
    .306916E-01
    .296451E-01
    .285609E-01
    .274096E-01
    .261877E-01
    .249106E-01
    .236101E-01
    .223579E-01
    .212053E-01
    .200751E-01
    .188252E-01
    .173594E-01
    .156604E-01
    .137886E-01
    .118769E-01
    .100434E-01
    .831217E-02
    .667405E-02
    .513441E-02
    .369568E-02
    .236434E-02
    .117792E-02
    .206143E-03
   -.488134E-03
   -.889133E-03
   -.100996E-02
   -.812704E-03
   -.222581E-03
    .798859E-03
    .217912E-02
    .373757E-02
    .525066E-02
    .656220E-02
    .766188E-02
    .860204E-02
    .943471E-02
    .102498E-01
    .111549E-01
    .122004E-01
    .133162E-01
    .143473E-01
    .152848E-01
    .162503E-01
    .172847E-01
    .183859E-01
    .196006E-01
    .209098E-01
    .222187E-01
    .235203E-01
    .248745E-01
    .262791E-01
    .276172E-01
    .287173E-01
    .295160E-01
    .300805E-01
    .305173E-01
    .308316E-01
    .309021E-01
    .306419E-01
    .300106E-01
    .288281E-01
    .269335E-01
    .243832E-01
    .211980E-01
    .173275E-01
    .129912E-01
    .856622E-02
    .426891E-02
    .227331E-03
   -.343314E-02
   -.666248E-02
   -.953849E-02
   -.122494E-01
   -.150003E-01
   -.179009E-01
   -.208328E-01
   -.235351E-01
   -.258011E-01
   -.274497E-01
   -.282997E-01
   -.282876E-01
   -.275360E-01
   -.262848E-01
   -.247720E-01
   -.231319E-01
   -.213370E-01
   -.192599E-01
   -.168155E-01
   -.140562E-01
   -.111880E-01
   -.844440E-02
   -.596875E-02
   -.378641E-02
   -.183357E-02
   -.150645E-04
    .169116E-02
    .322412E-02
    .456596E-02
    .575769E-02
    .682335E-02
    .779989E-02
    .877302E-02
    .986700E-02
    .111400E-01
    .124521E-01
    .135972E-01
    .144793E-01
    .150767E-01
    .153923E-01
    .154250E-01
    .151883E-01
    .147280E-01
    .140754E-01
    .132351E-01
    .122267E-01
    .111374E-01
    .101356E-01
    .934123E-02
    .873153E-02
    .811975E-02
    .733385E-02
    .642319E-02
    .556949E-02
    .492593E-02
    .455934E-02
    .448594E-02
    .474306E-02
    .532744E-02
    .613622E-02
    .702580E-02
    .786162E-02
    .853166E-02
    .902907E-02
    .949256E-02
    .100941E-01
    .109392E-01
    .120435E-01
    .133787E-01
    .149125E-01
    .165713E-01
    .182496E-01
    .199090E-01
    .215785E-01
    .232938E-01
    .250379E-01
    .267347E-01
    .282657E-01
    .295325E-01
    .305011E-01
    .311071E-01
    .312367E-01
    .308352E-01
    .299608E-01
    .287627E-01
    .274754E-01
    .263552E-01
    .254842E-01
    .247531E-01
    .239980E-01
    .230635E-01
    .218481E-01
    .204109E-01
    .189331E-01
    .175364E-01
    .162195E-01
    .148880E-01
    .134368E-01
    .118190E-01
    .100899E-01
    .833742E-02
    .660055E-02
    .494485E-02
    .348521E-02
    .229859E-02
    .138497E-02
    .683837E-03
    .144802E-03
   -.248425E-03
   -.500296E-03
   -.583204E-03
   -.413979E-03
    .123563E-04
    .563298E-03
    .107034E-02
    .139673E-02
    .144694E-02
    .119086E-02
    .660606E-03
   -.161918E-03
   -.132789E-02
   -.283022E-02
   -.460180E-02
   -.654172E-02
   -.855328E-02
   -.105654E-01
   -.125342E-01
   -.143790E-01
   -.159785E-01
   -.172547E-01
   -.182383E-01
   -.190700E-01
   -.199216E-01
   -.209103E-01
   -.220736E-01
   -.233635E-01
   -.246701E-01
   -.259694E-01
   -.273735E-01
   -.288888E-01
   -.304229E-01
   -.320041E-01
   -.336947E-01
   -.354487E-01
   -.371677E-01
   -.387741E-01
   -.402428E-01
   -.415920E-01
   -.428664E-01
   -.441107E-01
   -.453280E-01
   -.464205E-01
   -.472880E-01
   -.479299E-01
   -.483832E-01
   -.487050E-01
   -.490431E-01
   -.495447E-01
   -.502325E-01
   -.509965E-01
   -.516740E-01
   -.521487E-01
   -.523870E-01
   -.524285E-01
   -.523489E-01
   -.522020E-01
   -.519341E-01
   -.514636E-01
   -.507934E-01
   -.499544E-01
   -.489626E-01
   -.478346E-01
   -.465737E-01
   -.451657E-01
   -.436760E-01
   -.422459E-01
   -.409502E-01
   -.397929E-01
   -.387708E-01
   -.378389E-01
   -.369030E-01
   -.358826E-01
   -.347655E-01
   -.336244E-01
   -.325564E-01
   -.316140E-01
   -.307535E-01
   -.298967E-01
   -.290294E-01
   -.282208E-01
   -.275713E-01
   -.271432E-01
   -.269342E-01
   -.268866E-01
   -.268856E-01
   -.267935E-01
   -.265171E-01
   -.260375E-01
   -.253913E-01
   -.246114E-01
   -.237085E-01
   -.227372E-01
   -.217893E-01
   -.209241E-01
   -.200996E-01
   -.191865E-01
   -.181746E-01
   -.171686E-01
   -.161122E-01
   -.149001E-01
   -.136340E-01
   -.124621E-01
   -.113995E-01
   -.103344E-01
   -.915384E-02
   -.788771E-02
   -.666108E-02
   -.559085E-02
   -.480898E-02
   -.443611E-02
   -.450116E-02
   -.493085E-02
   -.560176E-02
   -.645071E-02
   -.749345E-02
   -.867443E-02
   -.988332E-02
   -.111167E-01
   -.124552E-01
   -.139579E-01
   -.155972E-01
   -.172913E-01
   -.190516E-01
   -.209655E-01
   -.230768E-01
   -.252755E-01
   -.273133E-01
   -.289735E-01
   -.301628E-01
   -.308766E-01
   -.311286E-01
   -.309216E-01
   -.302845E-01
   -.292792E-01
   -.278617E-01
   -.259335E-01
   -.234759E-01
   -.205074E-01
   -.170530E-01
   -.132152E-01
   -.915757E-02
   -.499462E-02
   -.798065E-03
    .335653E-02
    .741106E-02
    .113261E-01
    .149618E-01
    .181614E-01
    .209188E-01
    .232966E-01
    .253415E-01
    .271406E-01
    .288188E-01
    .304405E-01
    .320083E-01
    .334973E-01
    .348182E-01
    .358323E-01
    .364141E-01
    .365329E-01
    .362990E-01
    .358076E-01
    .350240E-01
    .337988E-01
    .319776E-01
    .294919E-01
    .264372E-01
    .230862E-01
    .197124E-01
    .164586E-01
    .133475E-01
    .103305E-01
    .735188E-02
    .448421E-02
    .194337E-02
   -.158966E-03
   -.191422E-02
   -.350005E-02
   -.506037E-02
   -.663776E-02
   -.820652E-02
   -.972629E-02
   -.111688E-01
   -.125100E-01
   -.137093E-01
   -.147602E-01
   -.157257E-01
   -.166543E-01
   -.175559E-01
   -.184611E-01
   -.193546E-01
   -.200799E-01
   -.204211E-01
   -.202434E-01
   -.195909E-01
   -.186157E-01
   -.174130E-01
   -.160400E-01
   -.145852E-01
   -.131400E-01
   -.117712E-01
   -.105470E-01
   -.951885E-02
   -.869799E-02
   -.815214E-02
   -.801620E-02
   -.837675E-02
   -.923768E-02
   -.105878E-01
   -.123402E-01
   -.142886E-01
   -.162835E-01
   -.183130E-01
   -.204189E-01
   -.225952E-01
   -.247395E-01
   -.267879E-01
   -.287952E-01
   -.308177E-01
   -.328571E-01
   -.348931E-01
   -.369051E-01
   -.388884E-01
   -.408866E-01
   -.429679E-01
   -.451315E-01
   -.473136E-01
   -.494366E-01
   -.513559E-01
   -.528700E-01
   -.538511E-01
   -.543015E-01
   -.542879E-01
   -.538616E-01
   -.530292E-01
   -.518025E-01
   -.502275E-01
   -.482968E-01
   -.459942E-01
   -.434014E-01
   -.406613E-01
   -.378988E-01
   -.351486E-01
   -.323961E-01
   -.297052E-01
   -.272105E-01
   -.250321E-01
   -.232168E-01
   -.217265E-01
   -.205104E-01
   -.195036E-01
   -.185950E-01
   -.177256E-01
   -.169553E-01
   -.164150E-01
   -.161902E-01
   -.161960E-01
   -.162882E-01
   -.164254E-01
   -.166420E-01
   -.169809E-01
   -.175032E-01
   -.182434E-01
   -.191367E-01
   -.200351E-01
   -.207892E-01
   -.213911E-01
   -.219468E-01
   -.224816E-01
   -.229122E-01
   -.231246E-01
   -.230465E-01
   -.226928E-01
   -.221823E-01
   -.216436E-01
   -.210865E-01
   -.204953E-01
   -.199279E-01
   -.194270E-01
   -.189820E-01
   -.185987E-01
   -.182817E-01
   -.179860E-01
   -.176812E-01
   -.173835E-01
   -.170826E-01
   -.167490E-01
   -.164113E-01
   -.161594E-01
   -.160931E-01
   -.162279E-01
   -.164831E-01
   -.167557E-01
   -.169903E-01
   -.172140E-01
   -.174929E-01
   -.178754E-01
   -.183759E-01
   -.189916E-01
   -.197443E-01
   -.206616E-01
   -.217392E-01
   -.229419E-01
   -.242110E-01
   -.254467E-01
   -.265640E-01
   -.275715E-01
   -.285110E-01
   -.293933E-01
   -.302100E-01
   -.309471E-01
   -.315637E-01
   -.320611E-01
   -.325382E-01
   -.330255E-01
   -.334281E-01
   -.337623E-01
   -.341473E-01
   -.345953E-01
   -.349955E-01
   -.352034E-01
   -.351258E-01
   -.347486E-01
   -.340842E-01
   -.331593E-01
   -.320351E-01
   -.307891E-01
   -.294944E-01
   -.282010E-01
   -.269325E-01
   -.256894E-01
   -.244602E-01
   -.232343E-01
   -.220413E-01
   -.209373E-01
   -.199163E-01
   -.189111E-01
   -.178648E-01
   -.168073E-01
   -.158677E-01
   -.151728E-01
   -.147824E-01
   -.147144E-01
   -.149283E-01
   -.153044E-01
   -.157644E-01
   -.163277E-01
   -.170027E-01
   -.177436E-01
   -.184954E-01
   -.192183E-01
   -.198974E-01
   -.205369E-01
   -.211529E-01
   -.217578E-01
   -.223232E-01
   -.227387E-01
   -.229147E-01
   -.228724E-01
   -.227031E-01
   -.224816E-01
   -.221694E-01
   -.216854E-01
   -.210259E-01
   -.202182E-01
   -.192669E-01
   -.181319E-01
   -.167838E-01
   -.152758E-01
   -.136873E-01
   -.120532E-01
   -.104138E-01
   -.884001E-02
   -.742950E-02
   -.623898E-02
   -.521646E-02
   -.424815E-02
   -.323916E-02
   -.218134E-02
   -.112582E-02
   -.790294E-04
    .101931E-02
    .225713E-02
    .366135E-02
    .517737E-02
    .676693E-02
    .843257E-02
    .101685E-01
    .119025E-01
    .134990E-01
    .149210E-01
    .162500E-01
    .175109E-01
    .186734E-01
    .197510E-01
    .207371E-01
    .215633E-01
    .222003E-01
    .227027E-01
    .231530E-01
    .236017E-01
    .240236E-01
    .243306E-01
    .244279E-01
    .243082E-01
    .240367E-01
    .236178E-01
    .230405E-01
    .223931E-01
    .217509E-01
    .210812E-01
    .203055E-01
    .193732E-01
    .182828E-01
    .170930E-01
    .159118E-01
    .148132E-01
    .138023E-01
    .129633E-01
    .124622E-01
    .124391E-01
    .129151E-01
    .137557E-01
    .147862E-01
    .159032E-01
    .171471E-01
    .186293E-01
    .203749E-01
    .223129E-01
    .243411E-01
    .263714E-01
    .283508E-01
    .302633E-01
    .321079E-01
    .338578E-01
    .354967E-01
    .370679E-01
    .385787E-01
    .399568E-01
    .411255E-01
    .420493E-01
    .427069E-01
    .431001E-01
    .432702E-01
    .432539E-01
    .430695E-01
    .427768E-01
    .424470E-01
    .420483E-01
    .415080E-01
    .408214E-01
    .400091E-01
    .390803E-01
    .380878E-01
    .371220E-01
    .362505E-01
    .354969E-01
    .348491E-01
    .343075E-01
    .338895E-01
    .335599E-01
    .332491E-01
    .329395E-01
    .326358E-01
    .323134E-01
    .319683E-01
    .316390E-01
    .313232E-01
    .309579E-01
    .304504E-01
    .297776E-01
    .290460E-01
    .283708E-01
    .277933E-01
    .273402E-01
    .270381E-01
    .268818E-01
    .268366E-01
    .268541E-01
    .268897E-01
    .269139E-01
    .269148E-01
    .268950E-01
    .268647E-01
    .268354E-01
    .268153E-01
    .268071E-01
    .268164E-01
    .268918E-01
    .271019E-01
    .274749E-01
    .279632E-01
    .284613E-01
    .289122E-01
    .293173E-01
    .296555E-01
    .298599E-01
    .298603E-01
    .296695E-01
    .293677E-01
    .289859E-01
    .284209E-01
    .274736E-01
    .260408E-01
    .241506E-01
    .218519E-01
    .192873E-01
    .167181E-01
    .142572E-01
    .118644E-01
    .958205E-02
    .751782E-02
    .574818E-02
    .440702E-02
    .362369E-02
    .337175E-02
    .355051E-02
    .408335E-02
    .486067E-02
    .573256E-02
    .659048E-02
    .747734E-02
    .857646E-02
    .996837E-02
    .115286E-01
    .130101E-01
    .143012E-01
    .155340E-01
    .167498E-01
    .178316E-01
    .187104E-01
    .194088E-01
    .199897E-01
    .204762E-01
    .208494E-01
    .210972E-01
    .212298E-01
    .212698E-01
    .211994E-01
    .209573E-01
    .204739E-01
    .197742E-01
    .190016E-01
    .182350E-01
    .174709E-01
    .167628E-01
    .161709E-01
    .156705E-01
    .151472E-01
    .144837E-01
    .136626E-01
    .127185E-01
    .116691E-01
    .105249E-01
    .932233E-02
    .814761E-02
    .709233E-02
    .619916E-02
    .545833E-02
    .484191E-02
    .434876E-02
    .396156E-02
    .361513E-02
    .328378E-02
    .303239E-02
    .301558E-02
    .338039E-02
    .416469E-02
    .529918E-02
    .663490E-02
    .798535E-02
    .925336E-02
    .104859E-01
    .117001E-01
    .128357E-01
    .138372E-01
    .146899E-01
    .154189E-01
    .160696E-01
    .166893E-01
    .173040E-01
    .178597E-01
    .182368E-01
    .184259E-01
    .185514E-01
    .187448E-01
    .190542E-01
    .194260E-01
    .197718E-01
    .200238E-01
    .201665E-01
    .202831E-01
    .205309E-01
    .209589E-01
    .215024E-01
    .221521E-01
    .229555E-01
    .239372E-01
    .250832E-01
    .263625E-01
    .277729E-01
    .292800E-01
    .307605E-01
    .320660E-01
    .330959E-01
    .337984E-01
    .341793E-01
    .343078E-01
    .342854E-01
    .342099E-01
    .341495E-01
    .341353E-01
    .341662E-01
    .342228E-01
    .342808E-01
    .343169E-01
    .342737E-01
    .340386E-01
    .335779E-01
    .329904E-01
    .323220E-01
    .315330E-01
    .305927E-01
    .295378E-01
    .284680E-01
    .274818E-01
    .266498E-01
    .260261E-01
    .256021E-01
    .252956E-01
    .250901E-01
    .250320E-01
    .251063E-01
    .252114E-01
    .252172E-01
    .250746E-01
    .248349E-01
    .245776E-01
    .243393E-01
    .240923E-01
    .238264E-01
    .235774E-01
    .233849E-01
    .232675E-01
    .232252E-01
    .232804E-01
    .234537E-01
    .236518E-01
    .237163E-01
    .235441E-01
    .231189E-01
    .224955E-01
    .217604E-01
    .209978E-01
    .202543E-01
    .194718E-01
    .185234E-01
    .174039E-01
    .162140E-01
    .150118E-01
    .137676E-01
    .124238E-01
    .110803E-01
    .993111E-02
    .905818E-02
    .841975E-02
    .792063E-02
    .750973E-02
    .718677E-02
    .696681E-02
    .691419E-02
    .713107E-02
    .759776E-02
    .817545E-02
    .876124E-02
    .932344E-02
    .986801E-02
    .104145E-01
    .109815E-01
    .115758E-01
    .121667E-01
    .126815E-01
    .130530E-01
    .132464E-01
    .132308E-01
    .130141E-01
    .126864E-01
    .123638E-01
    .121076E-01
    .118411E-01
    .114566E-01
    .109712E-01
    .104578E-01
    .994085E-02
    .937083E-02
    .869352E-02
    .801686E-02
    .751437E-02
    .720631E-02
    .698778E-02
    .673644E-02
    .637186E-02
    .587684E-02
    .532444E-02
    .481612E-02
    .438181E-02
    .400792E-02
    .370413E-02
    .348957E-02
    .336657E-02
    .331737E-02
    .331410E-02
    .332864E-02
    .334120E-02
    .333772E-02
    .328428E-02
    .312768E-02
    .286988E-02
    .258702E-02
    .240573E-02
    .242227E-02
    .261724E-02
    .289355E-02
    .315598E-02
    .338061E-02
    .360818E-02
    .385000E-02
    .408683E-02
    .433890E-02
    .463078E-02
    .493831E-02
    .524347E-02
    .557347E-02
    .596670E-02
    .644299E-02
    .699496E-02
    .757806E-02
    .810525E-02
    .849415E-02
    .871887E-02
    .884279E-02
    .896812E-02
    .909014E-02
    .914775E-02
    .917240E-02
    .920817E-02
    .920663E-02
    .908094E-02
    .878021E-02
    .830588E-02
    .768592E-02
    .692652E-02
    .604305E-02
    .511155E-02
    .425681E-02
    .360058E-02
    .320193E-02
    .304175E-02
    .305197E-02
    .318861E-02
    .349157E-02
    .400243E-02
    .468135E-02
    .544274E-02
    .620506E-02
    .692035E-02
    .759219E-02
    .828709E-02
    .906222E-02
    .990206E-02
    .107487E-01
    .115436E-01
    .122088E-01
    .126598E-01
    .128276E-01
    .127102E-01
    .124059E-01
    .120225E-01
    .116073E-01
    .111649E-01
    .106866E-01
    .101655E-01
    .960188E-02
    .899922E-02
    .833644E-02
    .756793E-02
    .669627E-02
    .578021E-02
    .484438E-02
    .390051E-02
    .303274E-02
    .229894E-02
    .163944E-02
    .101178E-02
    .452137E-03
   -.320433E-04
   -.469264E-03
   -.847372E-03
   -.110270E-02
   -.116069E-02
   -.101990E-02
   -.766159E-03
   -.503466E-03
   -.288661E-03
   -.967364E-04
    .112823E-03
    .336551E-03
    .581491E-03
    .888490E-03
    .129001E-02
    .177280E-02
    .225813E-02
    .265175E-02
    .289440E-02
    .294181E-02
    .278135E-02
    .253123E-02
    .236410E-02
    .235321E-02
    .247140E-02
    .264871E-02
    .281629E-02
    .292917E-02
    .297541E-02
    .298760E-02
    .304562E-02
    .320257E-02
    .344393E-02
    .379399E-02
    .433378E-02
    .511646E-02
    .613416E-02
    .731969E-02
    .852668E-02
    .956676E-02
    .103843E-01
    .110650E-01
    .116480E-01
    .121026E-01
    .124076E-01
    .125721E-01
    .126190E-01
    .124999E-01
    .121155E-01
    .114129E-01
    .104162E-01
    .920676E-02
    .788582E-02
    .652802E-02
    .509591E-02
    .349337E-02
    .174634E-02
   -.163218E-04
   -.168665E-02
   -.327812E-02
   -.491898E-02
   -.670274E-02
   -.861420E-02
   -.105424E-01
   -.123531E-01
   -.139742E-01
   -.154362E-01
   -.168343E-01
   -.181437E-01
   -.156484E-01
   -.166020E-01
   -.173453E-01
   -.179675E-01
   -.184870E-01
   -.188328E-01
   -.189321E-01
   -.187699E-01
   -.183909E-01
   -.178722E-01
   -.172890E-01
   -.166642E-01
   -.159638E-01
   -.151465E-01
   -.141978E-01
   -.131375E-01
   -.120282E-01
   -.109671E-01
   -.100052E-01
   -.912314E-02
   -.835126E-02
   -.775966E-02
   -.734129E-02
   -.704294E-02
   -.682777E-02
   -.661244E-02
   -.627497E-02
   -.586545E-02
   -.553689E-02
   -.532625E-02
   -.519872E-02
   -.512768E-02
   -.505398E-02
   -.491666E-02
   -.472411E-02
   -.449763E-02
   -.423014E-02
   -.395291E-02
   -.373325E-02
   -.361201E-02
   -.355914E-02
   -.348325E-02
   -.329902E-02
   -.296709E-02
   -.249879E-02
   -.193690E-02
   -.133451E-02
   -.735104E-03
   -.164605E-03
    .376106E-03
    .933331E-03
    .158153E-02
    .232421E-02
    .307485E-02
    .370907E-02
    .416288E-02
    .447003E-02
    .466595E-02
    .475876E-02
    .476108E-02
    .469433E-02
    .458518E-02
    .445425E-02
    .429526E-02
    .405513E-02
    .367475E-02
    .314849E-02
    .259857E-02
    .214995E-02
    .175071E-02
    .131083E-02
    .839834E-03
    .394117E-03
   -.196094E-04
   -.492198E-03
   -.107793E-02
   -.171659E-02
   -.235264E-02
   -.298209E-02
   -.361367E-02
   -.422338E-02
   -.475159E-02
   -.514874E-02
   -.538373E-02
   -.542940E-02
   -.530891E-02
   -.510742E-02
   -.487612E-02
   -.463158E-02
   -.441611E-02
   -.428050E-02
   -.424682E-02
   -.430771E-02
   -.445415E-02
   -.470414E-02
   -.504962E-02
   -.542791E-02
   -.576713E-02
   -.602404E-02
   -.619167E-02
   -.629092E-02
   -.635435E-02
   -.641058E-02
   -.645811E-02
   -.644758E-02
   -.631924E-02
   -.604885E-02
   -.564886E-02
   -.513954E-02
   -.451649E-02
   -.379950E-02
   -.305731E-02
   -.236379E-02
   -.176058E-02
   -.125676E-02
   -.864571E-03
   -.591143E-03
   -.305808E-03
    .147470E-03
    .732805E-03
    .129041E-02
    .166640E-02
    .170527E-02
    .133323E-02
    .658692E-03
   -.170897E-03
   -.108421E-02
   -.201898E-02
   -.288712E-02
   -.360201E-02
   -.414426E-02
   -.458307E-02
   -.501233E-02
   -.548348E-02
   -.597130E-02
   -.641468E-02
   -.676702E-02
   -.701692E-02
   -.720170E-02
   -.740678E-02
   -.771653E-02
   -.816946E-02
   -.875726E-02
   -.945937E-02
   -.102766E-01
   -.112140E-01
   -.122571E-01
   -.133746E-01
   -.145287E-01
   -.157018E-01
   -.169813E-01
   -.185012E-01
   -.202281E-01
   -.220052E-01
   -.237339E-01
   -.254823E-01
   -.273996E-01
   -.294790E-01
   -.315738E-01
   -.335460E-01
   -.353556E-01
   -.370454E-01
   -.386503E-01
   -.401781E-01
   -.416298E-01
   -.429766E-01
   -.441502E-01
   -.450418E-01
   -.455853E-01
   -.458188E-01
   -.457539E-01
   -.453625E-01
   -.446838E-01
   -.438020E-01
   -.427774E-01
   -.416163E-01
   -.402980E-01
   -.388209E-01
   -.372122E-01
   -.355139E-01
   -.337399E-01
   -.319042E-01
   -.300893E-01
   -.283834E-01
   -.268046E-01
   -.253528E-01
   -.240428E-01
   -.229088E-01
   -.219961E-01
   -.213353E-01
   -.209160E-01
   -.206845E-01
   -.205662E-01
   -.204908E-01
   -.204089E-01
   -.202975E-01
   -.201555E-01
   -.200017E-01
   -.199052E-01
   -.199681E-01
   -.202246E-01
   -.206226E-01
   -.210863E-01
   -.215955E-01
   -.221948E-01
   -.228971E-01
   -.236479E-01
   -.243564E-01
   -.249674E-01
   -.254845E-01
   -.258822E-01
   -.261233E-01
   -.262261E-01
   -.262032E-01
   -.260282E-01
   -.256809E-01
   -.251746E-01
   -.245514E-01
   -.238638E-01
   -.231520E-01
   -.224103E-01
   -.216050E-01
   -.207199E-01
   -.197859E-01
   -.188633E-01
   -.179731E-01
   -.170812E-01
   -.161290E-01
   -.150909E-01
   -.139990E-01
   -.129071E-01
   -.118599E-01
   -.108807E-01
   -.998790E-02
   -.920405E-02
   -.854021E-02
   -.799572E-02
   -.760465E-02
   -.739886E-02
   -.734846E-02
   -.740160E-02
   -.752504E-02
   -.769900E-02
   -.790763E-02
   -.813397E-02
   -.834256E-02
   -.848211E-02
   -.855123E-02
   -.860149E-02
   -.865578E-02
   -.870894E-02
   -.877012E-02
   -.883981E-02
   -.889629E-02
   -.893730E-02
   -.897860E-02
   -.901161E-02
   -.901081E-02
   -.896238E-02
   -.888854E-02
   -.883684E-02
   -.884412E-02
   -.891067E-02
   -.899335E-02
   -.903690E-02
   -.901075E-02
   -.893428E-02
   -.885240E-02
   -.878044E-02
   -.870542E-02
   -.860765E-02
   -.845671E-02
   -.822802E-02
   -.795924E-02
   -.769973E-02
   -.742221E-02
   -.707339E-02
   -.664132E-02
   -.614870E-02
   -.562408E-02
   -.507166E-02
   -.448021E-02
   -.384519E-02
   -.317373E-02
   -.248088E-02
   -.178383E-02
   -.109677E-02
   -.430573E-03
    .196215E-03
    .758906E-03
    .126103E-02
    .173516E-02
    .221529E-02
    .272078E-02
    .325114E-02
    .377859E-02
    .425630E-02
    .463215E-02
    .488679E-02
    .507104E-02
    .526633E-02
    .552883E-02
    .585895E-02
    .621932E-02
    .658159E-02
    .691894E-02
    .719036E-02
    .740051E-02
    .761363E-02
    .787854E-02
    .819422E-02
    .852069E-02
    .881897E-02
    .907834E-02
    .929423E-02
    .945834E-02
    .956923E-02
    .963487E-02
    .967077E-02
    .970419E-02
    .976510E-02
    .985548E-02
    .995150E-02
    .100249E-01
    .100395E-01
    .995688E-02
    .978165E-02
    .955900E-02
    .931146E-02
    .902743E-02
    .868457E-02
    .827863E-02
    .783389E-02
    .738404E-02
    .695147E-02
    .653522E-02
    .613373E-02
    .576409E-02
    .542820E-02
    .510177E-02
    .476916E-02
    .442896E-02
    .407604E-02
    .370450E-02
    .331676E-02
    .293165E-02
    .257864E-02
    .228796E-02
    .207237E-02
    .191541E-02
    .179294E-02
    .168919E-02
    .158696E-02
    .146822E-02
    .132532E-02
    .116683E-02
    .101518E-02
    .891924E-03
    .807016E-03
    .757750E-03
    .733311E-03
    .720461E-03
    .708259E-03
    .690385E-03
    .665347E-03
    .635083E-03
    .603080E-03
    .572616E-03
    .545759E-03
    .523064E-03
    .503905E-03
    .487065E-03
    .471304E-03
    .455782E-03
    .440172E-03
    .424613E-03
    .409479E-03
    .393986E-03
    .371254E-03
    .335043E-03
    .289469E-03
    .240836E-03
    .190622E-03
    .142799E-03
    .105046E-03
    .822197E-04
    .717805E-04
    .645357E-04
    .582921E-04
    .613216E-04
    .775742E-04
    .101117E-03
    .119989E-03
    .126029E-03
    .121626E-03
    .114751E-03
    .112898E-03
    .120132E-03
    .136874E-03
    .161253E-03
    .193021E-03
    .233367E-03
    .276230E-03
    .311767E-03
    .340649E-03
    .371552E-03
    .411917E-03
    .464462E-03
    .527387E-03
    .596217E-03
    .665982E-03
    .732772E-03
    .794522E-03
    .850894E-03
    .902773E-03
    .951498E-03
    .998179E-03
    .104231E-02
    .108123E-02
    .111385E-02
    .114247E-02
    .116850E-02
    .119130E-02
    .121014E-02
    .122413E-02
    .123157E-02
    .123019E-02
    .121964E-02
    .120746E-02
    .120379E-02
    .121120E-02
    .122502E-02
    .123852E-02
    .124966E-02
    .126116E-02
    .127529E-02
    .129244E-02
    .131215E-02
    .133295E-02
    .135298E-02
    .137251E-02
    .139369E-02
    .141853E-02
    .144741E-02
    .147917E-02
    .151391E-02
    .155284E-02
    .159412E-02
    .163502E-02
    .167654E-02
    .172168E-02
    .177248E-02
    .182912E-02
    .189031E-02
    .195405E-02
    .201846E-02
    .208229E-02
    .214550E-02
    .220880E-02
    .227234E-02
    .233572E-02
    .239896E-02
    .246204E-02
    .252443E-02
    .258551E-02
    .264483E-02
    .270165E-02
    .275593E-02
    .280925E-02
    .286288E-02
    .291679E-02
    .297095E-02
    .302558E-02
    .308027E-02
    .313435E-02
    .318747E-02
    .323978E-02
    .329180E-02
    .334449E-02
    .339852E-02
    .345344E-02
    .350847E-02
    .356318E-02
    .361769E-02
    .367233E-02
    .372735E-02
    .378269E-02
    .383806E-02
    .389319E-02
    .394800E-02
    .400249E-02
    .405669E-02
    .411065E-02
    .416434E-02
    .421758E-02
    .427017E-02
    .432199E-02
    .437305E-02
    .442344E-02
    .447315E-02
    .452217E-02
    .457052E-02
    .461822E-02
    .466524E-02
    .471155E-02
    .475711E-02
    .480189E-02
    .484589E-02
    .488915E-02
    .493167E-02
    .497344E-02
    .501443E-02
    .505462E-02
    .509402E-02
    .513267E-02
    .517062E-02
    .520790E-02
    .524447E-02
    .528031E-02
    .531542E-02
    .534983E-02
    .538354E-02
    .541659E-02
    .544897E-02
    .548071E-02
    .551181E-02
    .554228E-02
    .557212E-02
    .560132E-02
    .562989E-02
    .565784E-02
    .568516E-02
    .571187E-02
    .573795E-02
    .576340E-02
    .578823E-02
    .581243E-02
    .583599E-02
    .585892E-02
    .588122E-02
    .590288E-02
    .592390E-02
    .594427E-02
