    .0033899
    .0043172
    .0035175
    .0037088
    .0033349
    .0035247
    .0033134
    .0034621
    .0033135
    .0034377
    .0033330
    .0034558
    .0033997
    .0035369
    .0035218
    .0036493
    .0036085
    .0036673
    .0035746
    .0035834
    .0035029
    .0035270
    .0034195
    .0033953
    .0033199
    .0033824
    .0035057
    .0037465
    .0037302
    .0034764
    .0030497
    .0027087
    .0023405
    .0021595
    .0021014
    .0024403
    .0027665
    .0031879
    .0039156
    .0047016
    .0051297
    .0053859
    .0052458
    .0040003
    .0025035
    .0013918
    .0011575
    .0021822
    .0035869
    .0047724
    .0054464
    .0066223
    .0078860
    .0090405
    .0099923
    .0106096
    .0098201
    .0073722
    .0041083
    .0007049
   -.0009934
   -.0013064
   -.0021930
   -.0029515
   -.0038576
   -.0024448
    .0006230
    .0010895
   -.0002501
   -.0014299
    .0003924
    .0042050
    .0056379
    .0037824
   -.0002350
   -.0034610
   -.0030768
    .0011188
    .0072558
    .0127157
    .0148445
    .0131872
    .0102431
    .0090230
    .0097967
    .0110913
    .0122944
    .0149590
    .0209599
    .0314709
    .0427583
    .0439982
    .0325976
    .0134907
   -.0044012
   -.0102532
   -.0128881
   -.0197605
   -.0267553
   -.0307543
   -.0273295
   -.0138381
    .0011955
    .0083157
    .0059908
   -.0013672
   -.0109679
   -.0167639
   -.0168316
   -.0143107
   -.0135734
   -.0151203
   -.0159579
   -.0141921
   -.0111319
   -.0065948
    .0038158
    .0249321
    .0534821
    .0773203
    .0832349
    .0669501
    .0350624
   -.0018101
   -.0320958
   -.0446329
   -.0338571
   -.0055565
    .0244111
    .0407010
    .0374779
    .0199531
   -.0019178
   -.0210477
   -.0362704
   -.0510828
   -.0687228
   -.0880553
   -.1058132
   -.1178099
   -.1163620
   -.0935049
   -.0535778
   -.0123631
    .0160865
    .0297884
    .0356395
    .0394477
    .0403850
    .0369101
    .0303858
    .0214606
    .0073646
   -.0127190
   -.0314781
   -.0364317
   -.0212042
    .0090165
    .0400511
    .0602799
    .0674227
    .0652352
    .0552823
    .0376627
    .0111700
   -.0207128
   -.0462077
   -.0546684
   -.0333617
    .0028187
    .0325846
    .0305319
   -.0104924
   -.0602201
   -.0779157
   -.0459858
    .0187377
    .0796634
    .1004833
    .0725959
    .0194936
   -.0279566
   -.0492824
   -.0358263
    .0074043
    .0611586
    .1001471
    .1045298
    .0739263
    .0315424
    .0038083
    .0014395
    .0173960
    .0372398
    .0470115
    .0381126
    .0141571
   -.0115964
   -.0290548
   -.0357727
   -.0330298
   -.0242697
   -.0135907
   -.0060606
   -.0034737
    .0080087
    .0369978
    .0682475
    .0880964
    .0879007
    .0706330
    .0485533
    .0278953
    .0075431
   -.0151517
   -.0379478
   -.0563518
   -.0647271
   -.0576361
   -.0407045
   -.0331516
   -.0431054
   -.0588330
   -.0562879
   -.0224246
    .0259148
    .0626506
    .0742178
    .0683735
    .0685555
    .0831065
    .0947165
    .0809408
    .0331729
   -.0332174
   -.0867147
   -.0992716
   -.0675761
   -.0215486
   -.0046255
   -.0374789
   -.0951697
   -.1229248
   -.0830464
    .0112212
    .1037183
    .1417465
    .1209116
    .0887394
    .0816532
    .0921546
    .1053186
    .1208508
    .1379971
    .1449233
    .1239959
    .0634702
   -.0315486
   -.1350000
   -.2073873
   -.2104904
   -.1351511
   -.0260000
    .0484366
    .0598353
    .0324639
    .0111925
    .0303930
    .0787220
    .1076855
    .0827690
    .0102981
   -.0767621
   -.1397187
   -.1468326
   -.0963829
   -.0333971
   -.0043133
    .0110374
    .0221463
    .0397784
    .0742175
    .1021714
    .1046875
    .0760421
    .0202314
   -.0563240
   -.1373054
   -.1833309
   -.1553447
   -.0623429
    .0351502
    .0856487
    .0872774
    .0695337
    .0604852
    .0732463
    .1019016
    .1184956
    .1005815
    .0660235
    .0412880
    .0418083
    .0631490
    .0765912
    .0689985
    .0543760
    .0449113
    .0535525
    .0784042
    .0829939
    .0345743
   -.0576265
   -.1455770
   -.1690388
   -.0968189
    .0140917
    .0580564
    .0238166
   -.0118026
   -.0011379
    .0308182
    .0286998
    .0072937
    .0009326
    .0225429
    .0546283
    .0565314
    .0427814
    .0440175
    .0782243
    .1416247
    .1877139
    .1839810
    .1558652
    .1233247
    .1161658
    .1297158
    .1192369
    .0785826
    .0409136
    .0059205
    .0007097
    .0265288
    .0529655
    .0662005
    .0742409
    .0826901
    .0899862
    .1005451
    .1187456
    .1356247
    .1331184
    .0989979
    .0446675
    .0004023
   -.0086273
    .0200209
    .0721371
    .1281594
    .1764331
    .2136694
    .2329140
    .2250827
    .1923424
    .1444663
    .0866710
    .0206535
   -.0412966
   -.0772761
   -.0699823
   -.0238695
    .0416839
    .1136143
    .1824633
    .2300897
    .2392658
    .2093854
    .1555127
    .0930272
    .0314055
   -.0223850
   -.0585094
   -.0646316
   -.0344759
    .0243773
    .0928589
    .1465019
    .1678830
    .1570115
    .1269028
    .0881508
    .0438258
   -.0003839
   -.0291149
   -.0273555
   -.0011494
    .0277849
    .0446038
    .0336680
   -.0023955
   -.0302766
   -.0274183
   -.0053677
    .0161755
    .0244846
    .0065612
   -.0397402
   -.0981443
   -.1473415
   -.1757290
   -.1824468
   -.1720321
   -.1562516
   -.1564341
   -.1916450
   -.2626631
   -.3301965
   -.3904677
   -.3943436
   -.3829556
   -.3031871
   -.2270758
   -.2064907
   -.2147475
   -.2277953
   -.2838821
   -.3301769
   -.3216548
   -.2865699
   -.2008700
   -.1577385
   -.1343204
   -.1215595
   -.1159905
   -.1252696
   -.1424263
   -.1380377
   -.1321196
   -.1120640
   -.0789743
   -.0475373
   -.0314121
   -.0115484
    .0067327
    .0136222
    .0139596
   -.0161867
   -.0629112
   -.0893268
   -.0848098
   -.0780380
   -.0484575
    .0142299
    .0409304
    .0392158
    .0091295
   -.0002579
    .0085392
    .0117410
    .0069264
    .0331754
    .0565527
    .0838410
    .1238358
    .1600335
    .1650901
    .1388742
    .0731642
   -.0322686
   -.1513057
   -.2155324
   -.4250523
   -.4142023
   -.4206427
   -.4725317
   -.4982766
   -.5525488
   -.5979228
   -.5762487
   -.5294594
   -.4250749
   -.2929804
   -.1970216
   -.1551137
   -.1186590
   -.1497226
   -.2038142
   -.2094349
   -.1809210
   -.1316005
   -.0856167
   -.0430884
    .0058134
    .0436985
    .0620734
    .0570519
    .0612116
    .0902056
    .0827080
    .0822203
    .0721869
    .0621958
    .0469887
   -.0248283
   -.0875240
   -.1421215
   -.1804541
   -.2031876
   -.1835326
   -.1135373
   -.0210945
    .0112594
    .0402650
    .0591527
    .1121039
    .1415449
    .2030811
    .1708036
    .2487571
    .2634460
    .2318476
    .2483448
    .1883536
    .0549406
   -.1310454
   -.1366814
    .0422730
    .2661482
    .5594369
    .5525279
    .5525934
    .5237762
    .4200900
    .2689938
    .2411476
    .4050442
    .4532600
    .6948296
    .6060821
    .3696795
   -.1949775
   -.6288749
   -.8735139
   -.8033337
   -.5310804
   -.4270138
   -.2266062
   -.0117568
    .1132667
    .2792068
    .3636898
    .5138244
    .5671583
    .7472302
    .8728833
    .8024769
    .5649201
    .2283768
   -.0055758
   -.1973378
   -.5849634
   -.6852185
   -.7047456
   -.6486409
   -.5862300
   -.5533927
   -.4336242
   -.3254104
   -.1424914
   -.1028171
   -.1247201
   -.0854281
   -.0678554
   -.0369487
    .0246723
    .1697125
    .2503148
    .3008645
    .3386457
    .3178238
    .2572301
    .2154339
    .1950404
    .1800350
    .1877438
    .1906187
    .1624577
    .1436555
    .1232213
    .0952731
    .0539703
    .0189405
   -.0418919
   -.0759181
   -.1115518
   -.1621091
   -.1756029
   -.1946906
   -.2250087
   -.2520081
   -.2465878
   -.2135321
   -.1382168
   -.0843326
   -.0174398
    .0662550
    .1404100
    .1944645
    .2217935
    .2183529
    .1729658
    .1278657
    .0178264
   -.0377965
   -.0710118
   -.1252311
   -.1119952
   -.1078170
   -.1244309
   -.1483815
   -.1790266
   -.1875710
   -.2000594
   -.1818307
   -.1702377
   -.1405480
   -.1339317
   -.1517021
   -.1759301
   -.1895327
   -.1954889
   -.2035604
   -.1881217
   -.1467111
   -.1102250
   -.0456553
    .0332638
    .1298354
    .1787940
    .1778356
    .1574811
    .1118496
    .0727521
    .0498453
    .0374773
    .0238988
    .0045023
   -.0070372
   -.0091700
   -.0081867
   -.0075590
    .0141884
    .0383181
    .0746136
    .1273467
    .1713300
    .2112514
    .2611905
    .2802230
    .2960794
    .2636313
    .2614536
    .2415162
    .2484134
    .2936616
    .3254218
    .3921123
    .5268821
    .6214677
    .6717123
    .6623043
    .6390715
    .6433492
    .6706056
    .7245812
    .7863077
    .8301721
    .7862906
    .6564780
    .3867241
    .1716653
    .0103865
   -.1621896
   -.2887404
   -.3571479
   -.2818941
   -.2494523
   -.1743104
    .0801450
    .1534913
    .1820338
    .1957476
    .2473417
    .3460414
    .4888531
    .5234432
    .5007933
    .3884533
    .2149919
   -.0619605
   -.3981246
   -.5729201
   -.5405340
   -.5067389
   -.3957213
   -.3277306
   -.2507079
    .0828078
    .3360439
    .3575469
    .3084966
    .1666323
   -.0154606
   -.2202059
   -.3213253
   -.4137952
   -.4774232
   -.6780022
   -.6254176
   -.5148675
   -.3282400
   -.2327718
   -.0811016
    .0799074
    .2132193
    .4356238
    .4754852
    .5210750
    .5486024
    .5319001
    .4657359
    .3058435
    .1646969
    .0082378
   -.1655117
   -.2962148
   -.4116388
   -.4377005
   -.4563949
   -.4037011
   -.3487561
   -.3085767
   -.3042424
   -.2640738
   -.2897735
   -.2003980
   -.1201647
   -.0738543
   -.0122819
    .0401337
    .0249648
   -.0178807
   -.0646586
   -.0991972
   -.0973789
   -.0859920
   -.0581832
   -.0112709
    .0541410
    .1094180
    .1597266
    .1675688
    .1574484
    .1171593
    .0528072
   -.0028525
   -.0668415
   -.0947257
   -.0760512
   -.0623731
   -.0964279
   -.1413935
   -.2297078
   -.3243664
   -.3725503
   -.4075991
   -.3582285
   -.2375827
    .0102622
    .1813304
    .2592369
    .3112902
    .3005705
    .1567011
    .0419484
   -.0561959
   -.0659153
   -.0170313
    .0981598
    .2232749
    .2631726
    .2117090
    .1652309
    .0669011
   -.0011081
   -.0498832
   -.0482993
   -.0353061
    .0127349
    .0872803
    .1464402
    .1728649
    .1741532
    .1385492
    .1178501
    .1222390
    .1132101
    .1466735
    .2067709
    .2367629
    .2537358
    .2508649
    .2307833
    .1833846
    .1586739
    .1247879
    .1033207
    .0651298
   -.0033437
   -.0504897
   -.0903851
   -.1211296
   -.1374914
   -.1428498
   -.1542959
   -.1583937
   -.1523400
   -.1331259
   -.0873713
   -.0630833
   -.0412128
   -.0310858
   -.0434878
   -.0583991
   -.1181010
   -.1514648
   -.1665313
   -.1866615
   -.1961799
   -.1836491
   -.1524354
   -.1010319
   -.0770378
   -.0230469
    .0295112
    .0331899
   -.0006189
   -.0504326
   -.0791821
   -.1316168
   -.1473253
   -.1699366
   -.2545397
   -.2884629
   -.3129459
   -.3202739
   -.3159318
   -.2744000
   -.2368822
   -.1786702
   -.1201446
   -.0742493
   -.0369863
   -.0229720
    .0242840
    .0646860
    .0678079
    .0647847
    .0529740
   -.0371782
   -.0905891
   -.1455020
   -.1431199
   -.0979863
   -.0616958
   -.0024040
    .0360668
    .0533680
    .0412789
    .0873794
    .0684339
    .0578249
    .0475874
    .0389893
    .0723053
    .0900872
    .1329258
    .1456810
    .1088531
    .0793795
    .0564310
    .0310595
    .0119158
   -.0062318
    .0326851
    .1100127
    .2394985
    .2885487
    .3265416
    .3266408
    .3077783
    .2160459
    .1620917
    .0840949
    .0744114
    .1278288
    .3007520
    .3465198
    .3618106
    .3407551
    .2153913
    .1274174
    .0340610
   -.0712657
   -.1102135
   -.1338326
   -.1369533
    .0205807
    .1859836
    .2376093
    .2921832
    .2431206
    .0899755
    .0449733
   -.0134669
   -.1147309
   -.1161807
   -.1345920
   -.1098703
   -.0987405
   -.0746948
   -.0367627
   -.0129639
    .1449958
    .2014532
    .2191985
    .2126716
    .0840061
    .0833696
    .0400619
   -.0272106
   -.1186001
   -.0768251
   -.0311811
    .0609467
    .0941120
    .0536805
    .0029213
   -.0406663
   -.0410480
   -.0394459
   -.0455679
   -.0282364
    .0311477
    .0496743
    .0534559
    .0603548
    .0833491
    .0923207
    .0882310
    .0906580
    .0878017
    .1088834
    .1492761
    .1433028
    .1247407
    .1123214
    .0806734
    .0523436
    .0381260
    .0278436
    .0365216
    .0829207
    .1299551
    .1325862
    .0977913
    .0488347
   -.0020643
   -.0265567
   -.0120756
    .0407875
    .0742051
    .0674090
    .0620264
    .0419584
    .0293635
   -.0052992
   -.0172882
   -.0365356
   -.0297386
   -.0104824
    .0162748
    .0603562
    .1010694
    .0983576
    .0972815
    .1029068
    .0771902
    .0281821
   -.0027184
   -.0571766
   -.0796052
   -.1136652
   -.1392703
   -.1462192
   -.1668667
   -.1980614
   -.2296189
   -.2506434
   -.2204131
   -.1412352
   -.0162415
    .0718196
    .1033533
    .1274334
    .1554130
    .1620468
    .0450951
   -.0369116
   -.1092383
   -.1990744
   -.2520027
   -.2870743
   -.2784489
   -.2501731
   -.2098687
   -.1709157
   -.1534130
   -.1282778
   -.1123423
   -.1183289
   -.1276267
   -.1309187
   -.1248349
   -.1066439
   -.0747849
   -.0660931
   -.0596256
   -.0555050
   -.0553924
   -.0604884
   -.0710563
   -.0862913
   -.1026324
   -.1171382
   -.1309414
   -.1429696
   -.1474154
   -.1393065
   -.1192372
   -.0892617
   -.0494665
    .0013945
    .0595168
    .1081174
    .1279969
    .1106073
    .0562790
   -.0185908
   -.0828870
   -.1159308
   -.1269837
   -.1407560
   -.1588948
   -.1578898
   -.1401163
   -.1210661
   -.1088575
   -.1077745
   -.1158639
   -.1299793
   -.1471146
   -.1583133
   -.1533501
   -.1323789
   -.1075273
   -.0915092
   -.0852858
   -.0803723
   -.0719047
   -.0617786
   -.0512215
   -.0383393
   -.0245800
   -.0157875
   -.0120156
   -.0045165
    .0092217
    .0271327
    .0388468
    .0457690
    .0585927
    .0846341
    .1126493
    .1313386
    .1427917
    .1534406
    .1633688
    .1673544
    .1655779
    .1603791
    .1494671
    .1300315
    .1045087
    .0803487
    .0623159
    .0505387
    .0440620
    .0414393
    .0416990
    .0442537
    .0491495
    .0564840
    .0658859
    .0751341
    .0808461
    .0817216
    .0808449
    .0816943
    .0834286
    .0844653
    .0860526
    .0883798
    .0899289
    .0894089
    .0865945
    .0806498
    .0709725
    .0586467
    .0455249
    .0326557
    .0213944
    .0130557
    .0078360
    .0052181
    .0049946
    .0074742
    .0138129
    .0250721
    .0397412
    .0528419
    .0594253
    .0600991
    .0583222
    .0559197
    .0537252
    .0512965
    .0484656
    .0461878
    .0460437
    .0489289
    .0537046
    .0580693
    .0610133
    .0617957
    .0587157
    .0513329
    .0408525
    .0284119
    .0144015
   -.0002868
   -.0146836
   -.0289656
   -.0438390
   -.0574149
   -.0661145
   -.0698569
   -.0728950
   -.0780729
   -.0810628
   -.0820258
   -.0834842
   -.0872594
   -.0886415
   -.0822497
   -.0670183
   -.0492989
   -.0359980
   -.0306850
   -.0322647
   -.0348090
   -.0342951
   -.0318143
   -.0290278
   -.0262147
   -.0233485
   -.0202497
   -.0168684
   -.0130352
   -.0088931
   -.0045716
   -.0002276
    .0036143
    .0064200
    .0081922
    .0093569
    .0102430
    .0103520
    .0096723
    .0086801
    .0080478
    .0078273
    .0071941
    .0053541
    .0021822
   -.0023535
   -.0082469
   -.0149386
   -.0219290
   -.0296899
   -.0390153
   -.0507959
   -.0648876
   -.0770542
   -.0811688
   -.0763330
   -.0664833
   -.0549854
   -.0431692
   -.0311814
   -.0184837
   -.0035405
    .0151534
    .0366464
    .0537891
    .0598884
    .0555364
    .0464185
    .0360903
    .0244849
    .0110320
   -.0040052
   -.0192417
   -.0326990
   -.0435505
   -.0524608
   -.0604792
   -.0676205
   -.0723702
   -.0720070
   -.0661089
   -.0572089
   -.0478131
   -.0372700
   -.0237625
   -.0066852
    .0141561
    .0378476
    .0613509
    .0806885
    .0928760
    .0964448
    .0922286
    .0837116
    .0742316
    .0646508
    .0549499
    .0444156
    .0331908
    .0220298
    .0105162
   -.0018615
   -.0151907
   -.0291150
   -.0445640
   -.0610630
   -.0771015
   -.0908627
   -.0986294
   -.0982806
   -.0911116
   -.0800508
   -.0669087
   -.0524694
   -.0384454
   -.0247592
   -.0103084
    .0058299
    .0231900
    .0394303
    .0524162
    .0605657
    .0634673
    .0628885
    .0599843
    .0552957
    .0496392
    .0431333
    .0306485
    .0257917
    .0141057
    .0010627
   -.0127122
   -.0272420
   -.0419381
   -.0559386
   -.0670218
   -.0729471
   -.0729224
   -.0674718
   -.0580557
   -.0458807
   -.0322907
   -.0213164
   -.0167284
   -.0187558
   -.0245688
   -.0303104
   -.0322509
   -.0279526
   -.0166737
    .0010275
    .0229341
    .0436525
    .0575237
    .0626094
    .0602771
    .0559508
    .0541202
    .0570957
    .0647138
    .0734441
    .0797625
    .0821430
    .0803128
    .0757402
    .0725156
    .0749222
    .0846473
    .0986564
    .1108255
    .1161392
    .1118168
    .0925352
    .0543298
    .0042917
   -.0431671
   -.0767039
   -.0931530
   -.0971540
   -.0973530
   -.1001931
   -.1070175
   -.1151661
   -.1204733
   -.1202710
   -.1132784
   -.1001831
   -.0838080
   -.0676893
   -.0542544
   -.0444192
   -.0371695
   -.0293437
   -.0187617
   -.0061116
    .0076628
    .0216033
    .0338536
    .0419633
    .0445802
    .0426253
    .0380634
    .0330715
    .0294381
    .0283910
    .0299853
    .0327788
    .0351647
    .0356503
    .0333701
    .0290763
    .0245747
    .0217747
    .0222399
    .0260099
    .0318454
    .0384583
    .0444742
    .0491081
    .0511171
    .0495119
    .0447498
    .0384228
    .0307762
    .0209537
    .0085548
   -.0067179
   -.0239679
   -.0407196
   -.0536445
   -.0601153
   -.0602002
   -.0560995
   -.0501869
   -.0448766
   -.0426527
   -.0440806
   -.0464219
   -.0460845
   -.0422576
   -.0365089
   -.0306079
   -.0257024
   -.0230507
   -.0244983
   -.0307133
   -.0403960
   -.0515650
   -.0620561
   -.0704639
   -.0764005
   -.0808927
   -.0852749
   -.0892136
   -.0909245
   -.0896279
   -.0846835
   -.0764143
   -.0657408
   -.0528546
   -.0385691
   -.0249281
   -.0141243
   -.0065214
   -.0007934
    .0044100
    .0097820
    .0151790
    .0203492
    .0254104
    .0297998
    .0333081
    .0367798
    .0397986
    .0414783
    .0424337
    .0436491
    .0446950
    .0453647
    .0452817
    .0450649
    .0448018
    .0442645
    .0452400
    .0473233
    .0485773
    .0485675
    .0445317
    .0386798
    .0324490
    .0265648
    .0218203
    .0183745
    .0161764
    .0148783
    .0140327
    .0137645
    .0137661
    .0140206
    .0152375
    .0184759
    .0247406
    .0348578
    .0482711
    .0630712
    .0763368
    .0851118
    .0881516
    .0862966
    .0803701
    .0709271
    .0577491
    .0402983
    .0195452
   -.0005969
   -.0147336
   -.0196353
   -.0154402
   -.0034736
    .0138113
    .0321251
    .0471162
    .0558613
    .0574725
    .0550512
    .0529759
    .0524973
    .0520254
    .0506375
    .0483781
    .0451329
    .0408825
    .0361366
    .0303890
    .0232876
    .0164721
    .0125601
    .0126351
    .0153907
    .0184365
    .0202528
    .0203075
    .0193976
    .0172228
    .0127025
    .0070359
    .0031000
    .0028350
    .0063266
    .0118782
    .0178174
    .0222528
    .0238732
    .0224672
    .0182756
    .0127829
    .0070934
    .0010729
   -.0047394
   -.0081104
   -.0103540
   -.0113870
   -.0131042
   -.0138099
   -.0115899
   -.0105249
   -.0101266
   -.0107047
   -.0113709
   -.0115812
   -.0109153
   -.0089042
   -.0051020
    .0005062
    .0087558
    .0188005
    .0283033
    .0350447
    .0385126
    .0400362
    .0410613
    .0425498
    .0443736
    .0459130
    .0465994
    .0460580
    .0442259
    .0403745
    .0341595
    .0259112
    .0164307
    .0058815
   -.0058351
   -.0173397
   -.0277490
   -.0373389
   -.0468516
   -.0564623
   -.0659180
   -.0738108
   -.0791694
   -.0823948
   -.0827132
   -.0799439
   -.0743668
   -.0652755
   -.0533205
   -.0408439
   -.0299216
   -.0223036
   -.0175804
   -.0140337
   -.0118415
   -.0107749
   -.0103784
   -.0105645
   -.0110112
   -.0121504
   -.0137306
   -.0142751
   -.0124009
   -.0077461
   -.0014606
    .0052215
    .0112025
    .0162724
    .0199897
    .0222165
    .0229394
    .0222132
    .0206565
    .0186630
    .0159540
    .0127526
    .0098083
    .0077136
    .0058095
    .0045118
    .0045706
    .0061515
    .0092152
    .0133398
    .0177291
    .0215129
    .0248940
    .0279823
    .0303321
    .0320004
    .0337230
    .0360012
    .0381613
    .0390819
    .0381366
    .0355754
    .0326200
    .0304112
    .0290910
    .0281343
    .0270935
    .0263017
    .0257359
    .0248960
    .0240298
    .0236280
    .0233841
    .0232215
    .0236048
    .0246193
    .0264502
    .0290792
    .0312135
    .0320089
    .0314636
    .0293870
    .0263612
    .0235506
    .0212880
    .0191701
    .0171071
    .0157924
    .0164003
    .0176474
    .0187339
    .0200835
    .0205691
    .0215448
    .0230955
    .0253811
    .0291659
    .0347682
    .0416115
    .0489739
    .0563800
    .0637028
    .0708852
    .0776435
    .0840095
    .0899964
    .0947165
    .0970579
    .0961999
    .0923678
    .0860564
    .0762650
    .0622890
    .0452254
    .0273696
    .0122749
    .0017673
   -.0047334
   -.0086662
   -.0115497
   -.0137089
   -.0150093
   -.0153379
   -.0138452
   -.0109472
   -.0080061
   -.0057143
   -.0034301
   -.0000116
    .0036939
    .0060624
    .0068099
    .0074873
    .0108322
    .0152921
    .0164977
    .0142665
    .0101354
    .0057922
    .0018257
   -.0020313
   -.0050337
   -.0058861
   -.0055227
   -.0053339
   -.0057843
   -.0067501
   -.0077549
   -.0085283
   -.0082825
   -.0071258
   -.0064359
   -.0065971
   -.0076964
   -.0099528
   -.0133026
   -.0170752
   -.0194292
   -.0214011
   -.0233471
   -.0259264
   -.0282377
   -.0281891
   -.0273945
   -.0271884
   -.0280572
   -.0299585
   -.0325371
   -.0344905
   -.0346674
   -.0329701
   -.0300538
   -.0266590
   -.0236799
   -.0220555
   -.0218714
   -.0221899
   -.0219285
   -.0207540
   -.0191049
   -.0177317
   -.0177954
   -.0198052
   -.0232544
   -.0274418
   -.0322822
   -.0378076
   -.0436724
   -.0485111
   -.0512053
   -.0532333
   -.0542648
   -.0547539
   -.0511921
   -.0461942
   -.0416342
   -.0383166
   -.0359781
   -.0342184
   -.0332265
   -.0330026
   -.0327935
   -.0329932
   -.0335804
   -.0344690
   -.0341270
   -.0311089
   -.0272887
   -.0236200
   -.0212561
   -.0194620
   -.0159302
   -.0124067
   -.0090864
   -.0068523
   -.0040317
    .0000087
    .0042996
    .0077344
    .0108873
    .0131617
    .0162427
    .0208365
    .0251759
    .0294877
    .0336244
    .0382918
    .0430563
    .0471675
    .0505964
    .0534950
    .0553807
    .0560991
    .0556780
    .0534223
    .0501528
    .0471198
    .0449242
    .0432672
    .0418083
    .0408099
    .0399399
    .0384168
    .0368091
    .0357562
    .0348077
    .0338882
    .0331952
    .0324073
    .0320605
    .0334226
    .0345083
    .0351319
    .0340068
    .0337741
    .0325887
    .0296295
    .0246925
    .0209283
    .0191412
    .0188466
    .0192954
    .0198513
    .0197333
    .0183898
    .0156423
    .0116107
    .0070861
    .0024977
   -.0017408
   -.0054343
   -.0090914
   -.0122135
   -.0136052
   -.0131741
   -.0118182
   -.0109127
   -.0111698
   -.0122373
   -.0130897
   -.0128205
   -.0116063
   -.0094514
   -.0058967
   -.0014424
    .0024679
    .0056547
    .0083780
    .0102002
    .0105817
    .0094834
    .0073748
    .0045324
    .0015462
   -.0013105
   -.0038540
   -.0055256
   -.0059501
   -.0050959
   -.0033547
   -.0015590
   -.0000990
    .0007768
    .0002950
   -.0015722
   -.0034796
   -.0040185
   -.0031742
   -.0014280
    .0013688
    .0056934
    .0109253
    .0154105
    .0183555
    .0196719
    .0192941
    .0171114
    .0135281
    .0094812
    .0051846
    .0005191
   -.0038368
   -.0069404
   -.0085937
   -.0090488
   -.0085495
   -.0073363
   -.0057110
   -.0039375
   -.0020979
   -.0003757
    .0013476
    .0034044
    .0053613
    .0063795
    .0062049
    .0058267
    .0058500
    .0065549
    .0080170
    .0099285
    .0114943
    .0118530
    .0104858
    .0075110
    .0042380
    .0020964
    .0011859
    .0003800
   -.0012031
   -.0034217
   -.0064005
   -.0100541
   -.0128436
   -.0133893
   -.0121203
   -.0103675
   -.0086598
   -.0069721
   -.0051735
   -.0037526
   -.0020629
    .0012455
    .0057710
    .0105994
    .0152780
    .0183737
    .0177861
    .0139103
    .0087021
    .0030353
   -.0021571
   -.0057592
   -.0078672
   -.0086467
   -.0074328
   -.0051172
   -.0028449
   -.0003518
    .0024424
    .0051187
    .0079502
    .0115149
    .0152192
    .0180873
    .0197156
    .0207006
    .0213961
    .0215526
    .0213228
    .0204653
    .0194184
    .0190204
    .0194661
    .0205743
    .0218371
    .0229300
    .0237006
    .0233005
    .0212575
    .0180957
    .0144805
    .0111736
    .0087166
    .0076100
    .0078347
    .0087475
    .0102307
    .0119706
    .0134628
    .0145197
    .0152393
    .0155526
    .0156192
    .0154622
    .0150088
    .0146209
    .0154786
    .0179898
    .0212247
    .0246741
    .0283996
    .0322602
    .0359188
    .0388598
    .0406275
    .0408367
    .0392152
    .0355323
    .0304638
    .0240649
    .0161434
    .0079154
    .0002316
   -.0066727
   -.0116313
   -.0142777
   -.0160088
   -.0175725
   -.0184132
   -.0181327
   -.0160330
   -.0124798
   -.0085729
   -.0046620
   -.0006610
    .0029231
    .0060295
    .0092116
    .0118751
    .0133000
    .0139484
    .0136214
    .0117651
    .0089463
    .0062517
    .0043196
    .0030603
    .0016750
   -.0002617
   -.0018633
   -.0023528
   -.0024323
   -.0032062
   -.0044457
   -.0051595
   -.0049458
   -.0040320
   -.0027304
   -.0012384
   -.0000592
    .0006531
    .0011635
    .0010710
   -.0001553
   -.0021580
   -.0044205
   -.0068364
   -.0093039
   -.0116352
   -.0140699
   -.0166068
   -.0187940
   -.0193564
   -.0194587
   -.0209331
   -.0209111
   -.0203185
   -.0177862
   -.0148503
   -.0125628
   -.0108216
   -.0093335
   -.0082292
   -.0087569
   -.0113803
   -.0153506
   -.0197414
   -.0239940
   -.0280678
   -.0318668
   -.0350937
   -.0371915
   -.0368695
   -.0341001
   -.0304643
   -.0270549
   -.0232423
   -.0191286
   -.0159246
   -.0136517
   -.0116376
   -.0097527
   -.0079379
   -.0064514
   -.0053827
   -.0045412
   -.0041889
   -.0042947
   -.0045164
   -.0048963
   -.0053025
   -.0059812
   -.0073279
   -.0078375
   -.0075508
   -.0060157
   -.0043150
   -.0031022
   -.0039131
   -.0047218
   -.0055071
   -.0050601
   -.0049207
   -.0048939
   -.0043329
   -.0024590
   -.0000624
    .0022741
    .0045828
    .0086064
    .0126238
    .0157618
    .0181450
    .0204094
    .0227490
    .0239993
    .0238548
    .0231152
    .0218455
    .0198872
    .0170755
    .0133092
    .0095554
    .0071898
    .0059156
    .0048463
    .0037104
    .0028401
    .0025656
    .0026784
    .0028349
    .0030700
    .0038664
    .0045346
    .0044845
    .0047995
    .0063680
    .0082718
    .0088361
    .0081857
    .0074994
    .0071139
    .0059195
    .0036500
    .0012679
   -.0000071
   -.0012303
   -.0023657
   -.0028104
   -.0022424
   -.0017018
   -.0012768
    .0004440
    .0036385
    .0066240
    .0089883
    .0130990
    .0173636
    .0210498
    .0235127
    .0266425
    .0309843
    .0351933
    .0387104
    .0414758
    .0434133
    .0439037
    .0433540
    .0423681
    .0406961
    .0382916
    .0357555
    .0330485
    .0297970
    .0259928
    .0222056
    .0192181
    .0176924
    .0178344
    .0190221
    .0202670
    .0212824
    .0219543
    .0219773
    .0214462
    .0203045
    .0180638
    .0146101
    .0103638
    .0059014
    .0012317
   -.0034950
   -.0078736
   -.0115545
   -.0143020
   -.0155970
   -.0158873
   -.0154800
   -.0137868
   -.0107633
   -.0072118
   -.0043516
   -.0023759
   -.0003967
    .0019746
    .0044225
    .0060304
    .0064681
    .0064802
    .0070935
    .0075472
    .0071482
    .0062863
    .0053580
    .0044280
    .0034361
    .0025537
    .0021779
    .0020796
    .0012155
   -.0000789
   -.0002287
    .0009088
    .0023852
    .0037301
    .0049438
    .0059976
    .0069823
    .0079720
    .0085666
    .0082444
    .0071578
    .0057695
    .0044684
    .0041338
    .0051438
    .0065998
    .0083750
    .0112473
    .0148286
    .0177593
    .0197320
    .0215973
    .0233123
    .0242059
    .0240855
    .0235604
    .0237750
    .0252058
    .0269560
    .0286885
    .0305854
    .0315572
    .0305468
    .0278438
    .0243242
    .0211459
    .0184035
    .0147627
    .0103448
    .0066504
    .0043181
    .0021854
   -.0006965
   -.0045820
   -.0088580
   -.0125481
   -.0157903
   -.0196056
   -.0235884
   -.0266608
   -.0289084
   -.0312027
   -.0327053
   -.0326793
   -.0322937
   -.0315972
   -.0302171
   -.0278000
   -.0247797
   -.0221746
   -.0196541
   -.0165713
   -.0111799
   -.0060143
   -.0059643
   -.0081252
   -.0096961
   -.0089162
   -.0084894
   -.0104767
   -.0137242
   -.0173007
   -.0208428
   -.0242862
   -.0273783
   -.0294822
   -.0302457
   -.0293098
   -.0266041
   -.0228932
   -.0191299
   -.0158471
   -.0127322
   -.0099207
   -.0075359
   -.0053635
   -.0032556
   -.0011920
    .0008799
    .0030991
    .0051310
    .0066987
    .0083768
    .0106070
    .0126231
    .0145401
    .0148475
    .0161933
    .0182523
    .0192823
    .0191690
    .0185080
    .0186977
    .0182580
    .0173968
    .0159134
    .0142028
    .0129128
    .0122044
    .0120889
    .0129644
    .0143279
    .0159171
    .0174940
    .0193195
    .0211641
    .0231892
    .0259386
    .0283334
    .0290254
    .0285689
    .0286784
    .0287170
    .0277287
    .0255048
    .0232371
    .0224332
    .0219665
    .0217294
    .0214187
    .0218245
    .0225077
    .0228387
    .0228211
    .0220760
    .0206183
    .0198314
    .0197656
    .0189100
    .0163924
    .0135391
    .0118733
    .0102227
    .0079255
    .0052122
    .0033790
    .0013801
   -.0011147
   -.0031990
   -.0034327
   -.0033195
   -.0033921
   -.0024000
   -.0009861
    .0005081
    .0022914
    .0047858
    .0068279
    .0078217
    .0077003
    .0074565
    .0076496
    .0078410
    .0071809
    .0065437
    .0065042
    .0070883
    .0068683
    .0056673
    .0055907
    .0067380
    .0078009
    .0094167
    .0122910
    .0152569
    .0176346
    .0189280
    .0198478
    .0205633
    .0205286
    .0196680
    .0180770
    .0163330
    .0147817
    .0136160
    .0123309
    .0102895
    .0084456
    .0072931
    .0055328
    .0040030
    .0036858
    .0034531
    .0033270
    .0037356
    .0048995
    .0064544
    .0079147
    .0090997
    .0098002
    .0096887
    .0089323
    .0083264
    .0081546
    .0083344
    .0086670
    .0088600
    .0082201
    .0064147
    .0043395
    .0030821
    .0028330
    .0017784
   -.0005196
   -.0015659
   -.0002260
    .0007587
   -.0002621
   -.0008200
    .0007554
    .0032402
    .0049022
    .0056960
    .0064757
    .0077017
    .0083977
    .0075488
    .0059867
    .0050751
    .0040636
    .0026675
    .0013442
    .0004994
    .0001924
   -.0002469
   -.0006090
   -.0002360
   -.0000558
   -.0010907
   -.0028012
   -.0044002
   -.0060413
   -.0082015
   -.0101945
   -.0106404
   -.0096052
   -.0085290
   -.0077224
   -.0062001
   -.0034016
   -.0008298
    .0009765
    .0031360
    .0056499
    .0074678
    .0089278
    .0106616
    .0122108
    .0124885
    .0116578
    .0096937
    .0068272
    .0039580
    .0018258
    .0004544
   -.0007131
   -.0017629
   -.0022620
   -.0025396
   -.0029929
   -.0034161
   -.0036582
   -.0038411
   -.0045869
   -.0055376
   -.0059198
   -.0052788
   -.0050924
   -.0055118
   -.0054271
   -.0044756
   -.0038458
   -.0041341
   -.0045188
   -.0045790
   -.0054605
   -.0071093
   -.0087574
   -.0104878
   -.0134283
   -.0169184
   -.0197334
   -.0216838
   -.0240285
   -.0271053
   -.0295739
   -.0304895
   -.0316137
   -.0335699
   -.0342338
   -.0330019
   -.0315274
   -.0297584
   -.0266950
   -.0221052
   -.0177414
   -.0146821
   -.0121840
   -.0099338
   -.0091186
   -.0092023
   -.0090589
   -.0093607
   -.0102115
   -.0108236
   -.0109663
   -.0117206
   -.0121455
   -.0119081
   -.0108452
   -.0102242
   -.0099299
   -.0098315
   -.0100967
   -.0107251
   -.0111852
   -.0110514
   -.0103292
   -.0090246
   -.0075243
   -.0061409
   -.0046864
   -.0036687
   -.0030891
   -.0026778
   -.0024892
   -.0025228
   -.0022902
   -.0018287
   -.0015728
   -.0018826
   -.0028016
   -.0040724
   -.0048268
   -.0049606
   -.0049705
   -.0052256
   -.0063211
   -.0083564
   -.0099138
   -.0097567
   -.0091860
   -.0098142
   -.0104016
   -.0099190
   -.0089302
   -.0087620
   -.0083402
   -.0073951
   -.0058594
   -.0048045
   -.0047679
   -.0045092
   -.0033134
   -.0022081
   -.0010751
    .0006543
    .0032480
    .0064856
    .0095831
    .0120059
    .0140447
    .0163074
    .0190691
    .0221477
    .0248693
    .0260885
    .0250740
    .0221503
    .0182861
    .0142646
    .0101696
    .0061312
    .0028523
    .0008862
   -.0002823
   -.0009534
   -.0010037
   -.0008706
   -.0007449
   -.0005040
    .0001712
    .0009395
    .0026406
    .0053420
    .0082086
    .0101603
    .0113239
    .0124998
    .0138766
    .0149577
    .0146279
    .0136894
    .0130024
    .0123037
    .0111474
    .0101082
    .0093321
    .0091141
    .0093372
    .0092037
    .0087059
    .0086593
    .0090385
    .0085373
    .0082181
    .0085807
    .0084661
    .0072929
    .0061249
    .0055289
    .0040720
    .0020742
    .0006265
    .0000706
   -.0008190
   -.0016547
   -.0018621
   -.0012091
   -.0009030
   -.0006492
    .0003479
    .0025179
    .0053594
    .0075676
    .0090285
    .0107233
    .0128535
    .0155745
    .0172780
    .0187490
    .0199991
    .0213429
    .0217990
    .0209392
    .0194310
    .0176719
    .0158656
    .0153522
    .0169081
    .0189385
    .0201643
    .0212245
    .0225576
    .0234459
    .0240274
    .0244032
    .0243158
    .0238177
    .0237485
    .0244274
    .0251774
    .0251457
    .0252232
    .0256901
    .0254781
    .0246329
    .0230248
    .0226800
    .0222620
    .0211350
    .0188708
    .0169550
    .0159352
    .0147048
    .0128312
    .0118802
    .0110918
    .0095878
    .0075374
    .0059097
    .0056775
    .0061074
    .0067151
    .0070045
    .0062903
    .0050405
    .0048515
    .0060813
    .0061061
    .0057267
    .0053767
    .0052103
    .0052575
    .0047026
    .0032230
    .0013102
   -.0002908
   -.0011579
   -.0012385
   -.0009321
   -.0000742
    .0015669
    .0037198
    .0055742
    .0066202
    .0069851
    .0071141
    .0072860
    .0074669
    .0074625
    .0072735
    .0073147
    .0071535
    .0060091
    .0048617
    .0046789
    .0052217
    .0055846
    .0056263
    .0056301
    .0059810
    .0062320
    .0054309
    .0038539
    .0027746
    .0025525
    .0022853
    .0020341
    .0015259
    .0007654
    .0000762
   -.0001273
    .0002839
    .0005885
   -.0001038
   -.0011031
   -.0012138
   -.0005444
   -.0010821
   -.0022447
   -.0023160
   -.0015840
   -.0015295
   -.0024401
   -.0034627
   -.0046627
   -.0054687
   -.0049224
   -.0036892
   -.0031250
   -.0028705
   -.0013242
    .0007925
    .0023035
    .0027678
    .0026168
    .0022359
    .0018405
    .0013869
    .0006971
   -.0001133
   -.0005652
   -.0004988
   -.0006309
   -.0014247
   -.0021848
   -.0023252
   -.0019853
   -.0022372
   -.0030780
   -.0037148
   -.0035941
   -.0027232
   -.0020976
   -.0014986
   -.0005504
    .0007537
    .0016063
    .0019227
    .0025651
    .0038775
    .0044943
    .0038669
    .0026001
    .0019188
    .0026251
    .0042405
    .0063050
    .0078929
    .0088192
    .0098380
    .0114960
    .0137292
    .0155369
    .0161452
    .0157808
    .0147676
    .0132246
    .0116946
    .0109414
    .0105174
    .0094798
    .0077680
    .0063676
    .0056775
    .0053858
    .0051139
    .0041016
    .0022852
    .0011027
    .0019710
    .0034034
    .0034582
    .0029477
    .0031775
    .0045269
    .0060726
    .0063579
    .0052650
    .0041183
    .0038802
    .0043592
    .0039222
    .0018744
   -.0001638
   -.0015600
   -.0031329
   -.0055199
   -.0077650
   -.0094622
   -.0117564
   -.0141070
   -.0150095
   -.0153523
   -.0157073
   -.0153964
   -.0148355
   -.0145067
   -.0135650
   -.0118735
   -.0105896
   -.0097784
   -.0091798
   -.0083609
   -.0077560
   -.0078640
   -.0078967
   -.0073772
   -.0067251
   -.0068408
   -.0074570
   -.0081221
   -.0084594
   -.0080687
   -.0066226
   -.0053159
   -.0054294
   -.0068022
   -.0087256
   -.0102714
   -.0107082
   -.0107722
   -.0112724
   -.0124426
   -.0144166
   -.0158849
   -.0155006
   -.0147519
   -.0150758
   -.0158896
   -.0157269
   -.0143541
   -.0127075
   -.0119410
   -.0117251
   -.0109919
   -.0099971
   -.0086891
   -.0070473
   -.0055921
   -.0049575
   -.0037066
   -.0010824
    .0018371
    .0028710
    .0026181
    .0034978
    .0066221
    .0093591
    .0104048
    .0116122
    .0140188
    .0173334
    .0200773
    .0212788
    .0221183
    .0237750
    .0258069
    .0264587
    .0260735
    .0256339
    .0251112
    .0242544
    .0230566
    .0219063
    .0211471
    .0207138
    .0207896
    .0210365
    .0211571
    .0215578
    .0226557
    .0232649
    .0233160
    .0234004
    .0238095
    .0236902
    .0230421
    .0223878
    .0220471
    .0219824
    .0215604
    .0210398
    .0206554
    .0206272
    .0202319
    .0196025
    .0191905
    .0192202
    .0197829
    .0199358
    .0200065
    .0201531
    .0205424
    .0211604
    .0217768
    .0222609
    .0226685
    .0229864
    .0232151
    .0232722
    .0230628
    .0227940
    .0228097
    .0231996
    .0239750
    .0247194
    .0252079
    .0253431
    .0249784
    .0245391
    .0243380
    .0242220
    .0237363
    .0227723
    .0218667
    .0212174
    .0208600
    .0201324
    .0196613
    .0193932
    .0199976
    .0203284
    .0206554
    .0208909
    .0209850
    .0203647
    .0205664
    .0215407
    .0225477
    .0230969
    .0230478
    .0228693
    .0223984
    .0220291
    .0217600
    .0208059
    .0192217
    .0175487
    .0157033
    .0137311
    .0118243
    .0101061
    .0082950
    .0066276
    .0058697
    .0053935
    .0046215
    .0041476
    .0039303
    .0041081
    .0042092
    .0034003
    .0026199
    .0024418
    .0022362
    .0014591
    .0008788
    .0006526
    .0008346
    .0007315
    .0001364
   -.0003755
   -.0000991
    .0000887
   -.0006379
   -.0010874
   -.0011666
   -.0012602
   -.0015162
   -.0018448
   -.0021978
   -.0028353
   -.0035261
   -.0042853
   -.0050714
   -.0057399
   -.0063018
   -.0069481
   -.0076131
   -.0078471
   -.0077863
   -.0073679
   -.0071215
   -.0068409
   -.0069064
   -.0070271
   -.0074169
   -.0080438
   -.0089393
   -.0096383
   -.0099530
   -.0099289
   -.0106083
   -.0108324
   -.0106106
   -.0099561
   -.0094345
   -.0090221
   -.0086219
   -.0079422
   -.0072558
   -.0067524
   -.0062981
   -.0057103
   -.0052568
   -.0047797
   -.0041988
   -.0035199
   -.0027130
   -.0017754
   -.0008275
   -.0000632
    .0003805
    .0008302
    .0011691
    .0017475
    .0021472
    .0022431
    .0021449
    .0020866
    .0020201
    .0022223
    .0026108
    .0030386
    .0033706
    .0037294
    .0041360
    .0044395
    .0046621
    .0049668
    .0052220
    .0053776
    .0055405
    .0057762
    .0057917
    .0058422
    .0061115
    .0062738
    .0059459
    .0056932
    .0052690
    .0053471
    .0052975
    .0048478
    .0046064
    .0045101
    .0048316
    .0052092
    .0052152
    .0050057
    .0049582
    .0049148
    .0047625
    .0046017
    .0043378
    .0040478
    .0039073
    .0037704
    .0035786
    .0033698
    .0031991
    .0031846
    .0031934
    .0031955
    .0031931
    .0032348
    .0032727
    .0033099
    .0033522
    .0033830
    .0033524
    .0033195
    .0033158
    .0032745
    .0031627
    .0030587
    .0029643
    .0028835
    .0027788
    .0027043
    .0026409
    .0026197
    .0026075
    .0025955
    .0025675
    .0025499
    .0025446
    .0025365
    .0025069
    .0024760
    .0024535
    .0024314
    .0024277
    .0024198
    .0024393
    .0024303
    .0024236
    .0020092
    .0023980
    .0023729
    .0023878
    .0023822
    .0024130
    .0024129
    .0024619
    .0024782
    .0025385
    .0025536
    .0026103
    .0026111
    .0026667
    .0026758
    .0027393
    .0027424
    .0028025
    .0028025
    .0028615
    .0028601
    .0029170
    .0029118
    .0029656
    .0029577
    .0030070
    .0029970
    .0030427
    .0030310
    .0030708
    .0030598
    .0030950
    .0030826
    .0031083
    .0030962
    .0031125
    .0031007
    .0031037
    .0030926
    .0030792
    .0030695
    .0030349
    .0030275
    .0029651
    .0029612
    .0028605
    .0028610
    .0027043
    .0027088
    .0024606
    .0024545
    .0019832
    .0018155
    .0007784
    .0004427