   -.648107E-02
   -.773643E-02
   -.108638E-02
    .109933E-01
    .645457E-02
   -.272048E-02
   -.104629E-02
    .877327E-02
    .102988E-01
    .521896E-02
   -.183970E-02
   -.325528E-02
    .150486E-01
    .198426E-01
   -.478051E-02
   -.138498E-01
    .295124E-02
    .148880E-01
    .691715E-02
   -.134586E-02
    .154068E-02
    .296403E-02
    .138466E-02
   -.551441E-03
    .102480E-02
    .577953E-02
    .776282E-02
    .512398E-02
   -.113591E-02
    .354405E-02
    .833227E-02
   -.496262E-03
   -.380973E-02
   -.644599E-03
    .644921E-02
    .175402E-01
    .166000E-01
   -.199884E-02
   -.103447E-01
    .627694E-02
    .178151E-01
    .111521E-01
   -.719773E-02
   -.156954E-01
    .588573E-02
    .237754E-01
    .134704E-01
   -.276926E-02
   -.964158E-02
   -.148552E-01
   -.146307E-01
   -.292854E-02
    .129420E-01
    .217163E-01
    .685914E-02
   -.153582E-01
   -.148854E-01
   -.145871E-01
   -.336351E-01
   -.412496E-01
   -.200989E-01
    .143121E-01
    .198863E-01
   -.185523E-01
   -.461524E-01
   -.261758E-01
    .625641E-02
    .112330E-01
    .470546E-02
    .155222E-01
    .447606E-01
    .484949E-01
    .159888E-04
   -.165024E-01
    .228343E-01
    .538339E-01
    .411159E-01
   -.106684E-01
   -.546149E-01
   -.472955E-01
    .403376E-02
    .155847E-01
   -.278512E-01
   -.413650E-01
    .129087E-01
    .645709E-01
    .335627E-01
   -.162481E-01
   -.221504E-01
   -.981066E-03
    .557964E-01
    .858130E-01
    .551266E-01
    .883385E-02
   -.233041E-01
   -.144399E-01
    .155262E-01
    .205843E-01
   -.135697E-01
   -.361717E-01
   -.199591E-01
    .416028E-02
    .249284E-01
    .250974E-01
   -.303038E-01
   -.689074E-01
   -.583396E-02
    .402666E-01
    .632122E-02
   -.224119E-01
   -.361673E-01
   -.353902E-01
    .689849E-02
    .457629E-01
    .100098E-01
   -.271475E-01
    .594406E-02
    .274695E-01
   -.557785E-02
   -.299913E-01
   -.187746E-01
   -.987221E-02
   -.154422E-01
   -.283610E-01
   -.241631E-01
   -.749366E-02
   -.221716E-01
   -.402506E-01
   -.487855E-01
   -.580988E-01
   -.191189E-01
    .245315E-01
    .100061E-01
   -.205881E-01
   -.380987E-01
   -.567713E-01
   -.717225E-01
   -.583355E-01
   -.179786E-01
    .102579E-01
    .812748E-02
    .338768E-02
    .892224E-03
   -.566200E-02
   -.180840E-01
   -.128787E-01
    .832407E-02
    .180796E-01
    .153497E-01
    .190324E-01
    .347412E-01
    .360377E-01
    .544910E-01
    .728920E-01
    .810051E-01
    .988915E-01
    .103245E+00
    .979513E-01
    .874906E-01
    .939387E-01
    .107294E+00
    .932660E-01
    .780827E-01
    .708377E-01
    .480277E-01
    .170891E-01
   -.245679E-01
   -.486828E-01
   -.477340E-01
   -.549801E-01
   -.727467E-01
   -.764423E-01
   -.795864E-01
   -.114003E+00
   -.130539E+00
   -.116643E+00
   -.712003E-01
    .786547E-02
    .339673E-01
   -.979235E-02
   -.281826E-01
   -.129295E-01
   -.292770E-01
   -.573209E-01
   -.639822E-01
   -.552736E-01
   -.482639E-01
   -.589156E-01
   -.793797E-01
   -.866559E-01
   -.616631E-01
   -.315988E-01
   -.314068E-01
   -.605403E-01
   -.685690E-01
   -.347667E-01
   -.803149E-03
    .235554E-01
    .511606E-01
    .701786E-01
    .768043E-01
    .547597E-01
    .108199E-01
   -.728461E-02
   -.183753E-01
   -.118686E-01
    .247960E-01
    .676785E-01
    .842664E-01
    .403842E-01
   -.332791E-01
   -.645492E-01
   -.472640E-02
    .918168E-01
    .989618E-01
    .243145E-01
   -.163012E-01
   -.201431E-01
    .818768E-02
    .549291E-01
    .535769E-01
   -.529353E-02
   -.964633E-01
   -.173186E+00
   -.197264E+00
   -.201469E+00
   -.189207E+00
   -.106424E+00
   -.104146E-01
    .270844E-01
    .710643E-01
    .121585E+00
    .167371E+00
    .235173E+00
    .241028E+00
    .177509E+00
    .123950E+00
    .814240E-01
    .220924E-01
    .110018E-02
    .121563E-01
    .435636E-01
    .433514E-01
   -.477531E-01
   -.795736E-01
   -.580078E-01
   -.727054E-01
   -.131341E+00
   -.176545E+00
   -.117081E+00
    .345976E-01
    .190303E+00
    .172717E+00
    .101690E-01
   -.388786E-01
    .428985E-01
    .976418E-01
    .135340E+00
    .128121E+00
    .451332E-01
   -.333643E-01
   -.126314E+00
   -.149823E+00
   -.693248E-01
   -.215038E-01
    .478933E-01
    .768235E-01
   -.522994E-01
   -.133489E+00
   -.878456E-01
   -.311657E-02
    .691874E-01
    .662128E-01
    .127806E-01
   -.266953E-01
   -.156216E-01
    .342112E-01
    .827548E-01
    .983109E-01
    .541624E-01
   -.198666E-01
   -.582141E-01
   -.633673E-01
   -.996389E-01
   -.981106E-01
   -.962488E-03
    .465667E-01
    .983690E-02
   -.300347E-01
   -.441956E-01
   -.583007E-01
   -.726844E-01
   -.432072E-01
   -.189067E-01
   -.108746E-01
    .317245E-01
    .111217E+00
    .187289E+00
    .163428E+00
    .372404E-01
   -.250345E-01
   -.425908E-01
   -.105184E+00
   -.696423E-01
   -.214781E-01
   -.227364E-01
    .315698E-01
    .247186E-01
   -.265725E-02
   -.125108E-01
   -.469741E-01
   -.764858E-01
   -.117452E+00
   -.935346E-01
   -.307696E-01
   -.585482E-02
    .270440E-01
    .568670E-01
    .140439E-01
   -.185562E-01
    .227714E-01
    .206238E-01
   -.505085E-02
   -.195281E-01
   -.485778E-01
   -.311878E-01
    .661962E-01
    .196466E+00
    .306051E+00
    .255953E+00
   -.531515E-01
   -.270976E+00
   -.298656E+00
   -.226129E+00
    .120089E+00
    .327927E+00
    .285360E+00
    .305104E+00
    .160759E+00
   -.928341E-01
   -.249835E+00
   -.247160E+00
   -.147131E+00
   -.159864E+00
   -.123261E+00
   -.669953E-01
   -.129658E+00
   -.117117E+00
   -.922806E-01
   -.132763E-01
    .105173E+00
    .183596E-02
   -.702106E-01
   -.702012E-02
    .150459E-01
    .140303E-01
    .420919E-01
    .115086E+00
    .499217E-01
   -.558934E-01
    .151949E-01
    .312936E-01
   -.517529E-01
   -.259063E-01
    .536719E-01
    .485346E-01
    .512061E-02
   -.288110E-01
   -.278898E-01
    .241833E-01
    .455353E-01
    .490159E-01
    .289877E-01
    .338233E-01
    .961871E-01
    .897471E-01
    .649589E-01
    .665387E-01
   -.369271E-01
   -.158254E+00
   -.170382E+00
   -.204761E+00
   -.232248E+00
   -.157140E+00
   -.103626E+00
   -.661591E-01
    .751107E-01
    .216996E+00
    .187217E+00
    .961682E-01
    .765676E-01
    .473555E-01
    .117039E-01
    .542020E-02
    .508987E-01
    .615151E-01
   -.154821E-01
   -.103550E-01
    .770072E-01
    .112316E+00
    .100195E+00
    .879135E-01
    .102034E+00
    .831584E-01
   -.384604E-02
   -.139460E-01
    .611376E-03
   -.183442E-01
   -.314475E-01
   -.120715E+00
   -.193326E+00
   -.156480E+00
   -.470676E-01
    .643760E-01
    .865256E-01
    .607650E-01
    .614176E-01
    .702527E-01
   -.190971E-01
   -.124572E+00
   -.725660E-01
    .414105E-01
    .869364E-01
    .904908E-01
    .115207E+00
    .100945E+00
    .876749E-01
    .696292E-01
   -.571881E-01
   -.133652E+00
   -.526100E-01
    .399245E-01
   -.363043E-02
   -.858968E-01
   -.712560E-01
   -.462961E-01
   -.819275E-01
   -.130889E+00
   -.192415E+00
   -.141931E+00
    .592649E-01
    .105049E+00
   -.392036E-01
   -.518359E-01
    .650059E-01
    .909637E-01
    .103434E+00
    .152506E+00
    .156075E+00
    .105544E+00
    .449057E-01
    .409659E-01
    .501927E-01
    .725615E-01
    .112966E+00
    .736251E-01
    .150431E-01
   -.107864E-01
   -.204209E-01
   -.303485E-01
   -.906876E-01
   -.121982E+00
   -.113433E+00
   -.122618E+00
   -.723797E-01
    .209513E-01
    .698117E-01
    .851717E-02
   -.674904E-01
   -.806779E-02
    .257474E-01
   -.480463E-01
   -.634087E-01
   -.592154E-02
    .736632E-02
   -.824597E-02
   -.397939E-03
    .741591E-03
   -.115313E-01
    .345134E-01
    .113706E+00
    .144965E+00
    .924263E-01
   -.305026E-01
   -.100991E+00
   -.101891E+00
   -.965044E-01
   -.931460E-01
   -.587775E-01
    .629332E-01
    .112061E+00
    .643542E-01
    .302996E-01
   -.444620E-01
   -.549727E-01
    .253060E-01
    .134644E+00
    .187376E+00
   -.181225E-02
   -.212442E+00
   -.154980E+00
   -.831624E-02
    .366403E-01
   -.112719E-01
   -.261046E-01
    .681802E-01
    .125438E+00
    .430517E-01
   -.804906E-01
   -.105479E+00
   -.841497E-01
   -.861166E-01
   -.415345E-01
    .268611E-01
    .817099E-01
    .202512E-01
   -.677440E-01
    .403905E-02
    .265871E-01
   -.378481E-01
   -.493115E-01
   -.604273E-01
   -.433436E-01
    .377774E-01
    .714846E-01
    .423812E-01
    .394598E-01
    .249806E-01
    .964324E-03
    .464343E-01
    .612321E-01
    .247898E-01
    .267123E-01
   -.235905E-01
   -.887912E-01
   -.844130E-01
   -.898536E-01
   -.815022E-01
   -.415694E-01
   -.320886E-01
   -.577571E-01
   -.507198E-01
    .269388E-01
    .838947E-01
    .851740E-01
    .710409E-01
    .717975E-01
    .688747E-01
   -.139683E-01
   -.681092E-01
   -.538532E-02
    .841106E-01
    .116674E+00
    .176542E-01
   -.768598E-01
   -.495103E-01
   -.108858E-01
   -.668538E-02
   -.599484E-01
   -.789667E-01
   -.417372E-01
   -.684212E-02
    .472724E-01
    .560699E-01
    .385049E-01
    .419450E-01
    .172785E-01
   -.342231E-01
   -.138151E-01
    .104473E-01
   -.258444E-01
   -.152636E-01
    .327135E-01
    .310046E-01
   -.797614E-02
   -.245524E-01
   -.215379E-02
    .204531E-01
    .262259E-01
    .517024E-01
    .428821E-01
    .240219E-01
    .431156E-01
    .563763E-01
    .106526E+00
    .162937E+00
    .148019E+00
    .105600E+00
    .882077E-01
    .430359E-01
   -.751490E-01
   -.741951E-01
    .391888E-01
    .352084E-01
    .268982E-01
    .399851E-01
    .113167E-01
   -.383354E-01
   -.121962E+00
   -.165481E+00
   -.906376E-01
    .247627E-01
    .474804E-02
   -.509544E-01
   -.719341E-01
   -.114476E+00
   -.518098E-01
    .794863E-01
    .413691E-01
   -.523862E-01
   -.322068E-01
    .193040E-02
    .273426E-01
    .336690E-01
    .446494E-01
    .877063E-01
    .147155E+00
    .128831E+00
   -.603769E-01
   -.128109E+00
    .319198E-02
    .855480E-02
   -.805943E-01
   -.149037E+00
   -.166983E+00
   -.292695E-01
    .102382E+00
    .119171E+00
    .485307E-01
   -.125723E+00
   -.112346E+00
    .105268E+00
    .147618E+00
   -.633616E-02
   -.120837E+00
   -.731238E-01
    .499642E-01
    .793804E-01
    .483159E-01
    .480199E-01
   -.113019E-01
   -.103490E+00
   -.116905E+00
   -.425660E-01
    .677186E-01
    .638532E-01
   -.410566E-02
    .417924E-01
    .132319E+00
    .117526E+00
   -.722682E-02
   -.133784E+00
   -.941594E-01
    .391280E-01
    .318115E-01
   -.270814E-01
   -.530744E-01
   -.681209E-01
   -.631039E-01
   -.725498E-01
   -.707496E-01
   -.672267E-01
   -.662566E-01
   -.327531E-01
   -.168338E-01
   -.324199E-01
   -.583411E-01
   -.806736E-01
   -.609380E-01
   -.778206E-02
    .147282E-01
   -.101397E-01
   -.396435E-01
   -.281430E-01
    .186838E-01
    .529166E-01
    .713090E-01
    .459625E-01
   -.316147E-02
   -.480095E-02
    .385453E-01
    .558075E-01
   -.526740E-02
   -.546728E-01
   -.158087E-01
    .756477E-02
   -.421256E-01
   -.527816E-01
    .200117E-02
    .305660E-01
   -.112180E-02
   -.256196E-01
    .726265E-02
    .504724E-01
    .506717E-01
   -.564533E-02
   -.565035E-01
   -.388276E-01
    .953552E-02
    .348020E-01
    .188383E-01
   -.272375E-01
   -.657094E-01
   -.683768E-01
   -.240493E-01
    .195615E-01
   -.205368E-02
   -.403201E-01
   -.232146E-01
    .307130E-01
    .324496E-01
    .306652E-02
    .951098E-02
   -.611842E-02
   -.342436E-01
   -.382043E-01
    .157516E-01
    .825830E-01
    .545906E-01
   -.337582E-01
   -.624772E-01
   -.330025E-01
   -.214401E-01
    .332872E-01
    .831790E-01
    .510726E-01
   -.105554E-01
   -.287763E-01
   -.901711E-02
    .534207E-02
    .323280E-01
    .385733E-01
    .265762E-01
    .123164E-01
    .290856E-01
    .613009E-01
    .388894E-01
   -.495686E-02
   -.294499E-01
   -.454958E-01
   -.451159E-01
   -.115643E-01
    .368631E-01
    .582820E-01
    .277536E-01
    .501956E-02
    .200856E-01
    .221416E-01
    .487512E-02
   -.169555E-01
   -.469174E-01
   -.567823E-01
   -.530305E-01
   -.209695E-01
    .875293E-02
   -.225900E-01
   -.454953E-01
   -.501450E-01
   -.495902E-01
   -.291416E-01
   -.169273E-01
   -.263424E-02
   -.576950E-02
   -.200745E-01
   -.503937E-02
    .319727E-02
    .388715E-02
   -.136882E-01
   -.195370E-01
    .295638E-01
    .516647E-01
    .223118E-01
   -.127130E-01
   -.276608E-01
    .159515E-02
    .500314E-01
    .441415E-01
    .692391E-02
   -.534741E-02
   -.907437E-02
    .158893E-01
    .495322E-01
    .302433E-01
   -.418143E-02
    .166769E-01
    .730485E-01
    .914554E-01
   -.636577E-02
   -.922035E-01
   -.865134E-02
    .308459E-01
   -.236034E-01
   -.326790E-01
   -.202394E-01
   -.557940E-03
    .706682E-02
   -.311401E-02
   -.216082E-01
   -.327125E-01
   -.298148E-01
   -.191297E-01
    .170404E-01
    .461883E-01
    .237335E-01
    .194489E-02
    .112513E-01
   -.230003E-02
   -.122983E-01
    .217429E-01
    .471586E-01
    .189570E-01
   -.132900E-01
   -.159638E-01
   -.112984E-01
   -.900807E-02
   -.156128E-01
   -.125876E-01
    .582166E-02
    .337772E-02
   -.499265E-02
    .125645E-01
    .134961E-01
    .151645E-01
    .496462E-01
    .644318E-01
    .246089E-01
   -.265987E-02
    .238382E-01
    .336507E-01
    .563732E-02
   -.105969E-01
    .598141E-02
    .242730E-01
    .186082E-01
    .171246E-02
   -.552294E-02
    .447783E-02
    .239991E-01
    .337474E-01
    .269524E-01
    .118844E-01
   -.456879E-02
   -.878216E-02
   -.104137E-01
   -.284092E-01
   -.404475E-01
   -.282274E-01
   -.191754E-01
   -.363113E-01
   -.297487E-01
   -.750616E-02
   -.250474E-01
   -.562470E-01
   -.500744E-01
   -.179106E-02
    .179531E-01
   -.961247E-02
   -.258498E-01
   -.127640E-01
    .844027E-02
    .208637E-01
    .199022E-01
    .178570E-01
    .192085E-01
    .212531E-01
    .138828E-01
    .106434E-01
    .338852E-02
   -.405755E-01
   -.564336E-01
   -.322248E-01
   -.935610E-02
    .195432E-01
    .519904E-01
    .621857E-01
    .508756E-01
    .457580E-01
    .425654E-01
    .638650E-01
    .769516E-01
    .417557E-01
   -.101477E-01
   -.136563E-01
    .456902E-01
    .530851E-01
    .213373E-01
    .391961E-01
    .658357E-01
    .453811E-01
    .140561E-01
    .171484E-01
    .199476E-01
   -.150639E-02
   -.391220E-01
   -.535361E-01
   -.254719E-01
   -.135747E-01
   -.378380E-01
   -.605027E-01
   -.343366E-01
    .501845E-02
   -.116214E-01
   -.332684E-01
   -.373654E-01
   -.411415E-01
   -.176623E-01
    .140637E-01
    .272731E-01
    .334067E-01
    .401262E-01
    .338777E-01
    .150552E-01
   -.256739E-02
   -.131928E-01
   -.115061E-01
   -.785938E-02
   -.394559E-02
    .176275E-01
    .388721E-01
    .241334E-01
   -.222308E-01
   -.482925E-01
   -.214407E-01
    .114044E-01
    .269747E-01
    .615936E-02
   -.375577E-01
   -.474176E-01
   -.415800E-01
   -.400425E-01
   -.359801E-01
   -.287824E-01
   -.174040E-01
    .125233E-01
    .481225E-01
    .480031E-01
   -.161101E-01
   -.559883E-01
   -.192916E-01
    .655878E-02
    .143638E-01
    .946132E-02
   -.581416E-02
   -.577628E-03
    .669389E-02
    .478314E-03
    .110969E-02
    .111950E-01
   -.100347E-01
   -.372763E-01
   -.235464E-01
    .852748E-03
    .268853E-01
    .515231E-01
    .383048E-01
   -.638480E-02
   -.179733E-01
    .226103E-01
    .256159E-01
   -.274991E-01
   -.393675E-01
   -.893164E-02
    .531679E-02
    .738774E-02
   -.332332E-02
   -.237281E-01
   -.221076E-01
   -.183975E-01
   -.197749E-01
   -.639720E-02
   -.974489E-03
    .141719E-01
    .339329E-01
    .189886E-01
   -.395759E-02
   -.241809E-01
   -.123114E-01
    .379784E-01
    .496978E-01
    .124393E-01
   -.467141E-02
    .809608E-02
    .100290E-01
    .889396E-02
    .138349E-01
    .156980E-01
    .360945E-02
    .586565E-02
    .275616E-01
    .179057E-01
   -.170469E-01
   -.443725E-01
   -.454552E-01
   -.303543E-01
   -.169460E-01
    .199414E-01
    .580197E-01
    .514815E-01
    .302956E-01
    .453867E-02
   -.184456E-01
   -.894433E-02
   -.179751E-01
   -.470699E-01
   -.320490E-01
   -.241423E-02
    .117494E-01
    .145504E-01
    .725839E-02
    .825688E-02
    .187864E-01
    .187459E-01
    .565521E-02
   -.876597E-02
   -.314752E-01
   -.265249E-01
    .263426E-01
    .487013E-01
    .269479E-01
    .219219E-01
    .268539E-01
    .297669E-02
   -.188019E-01
   -.103312E-01
   -.227729E-03
    .223204E-02
   -.180502E-01
   -.364729E-01
   -.142716E-01
    .152685E-01
    .251083E-01
    .173449E-01
    .139423E-01
    .127003E-01
   -.148608E-02
   -.208128E-01
   -.228137E-01
    .706534E-05
    .961368E-02
    .885058E-02
    .539502E-02
   -.485139E-02
    .318903E-02
    .521910E-03
   -.318216E-01
   -.409566E-01
   -.225930E-01
   -.731788E-02
    .545930E-03
    .372338E-02
    .165182E-02
   -.489274E-02
   -.585345E-02
   -.283835E-01
   -.528161E-01
   -.442910E-01
   -.277120E-01
   -.114213E-01
    .240088E-02
    .435097E-02
   -.152681E-01
   -.289379E-01
   -.770293E-02
    .254533E-01
    .275735E-01
    .480297E-02
   -.594755E-02
    .642928E-02
    .258117E-01
    .374841E-01
    .391049E-01
    .166980E-01
   -.236858E-02
    .768254E-03
    .122643E-01
    .117067E-01
    .706214E-02
    .790582E-02
   -.229229E-04
   -.122798E-01
   -.311598E-01
   -.448457E-01
   -.292170E-01
   -.196408E-01
   -.821033E-02
    .173500E-02
   -.194810E-01
   -.213103E-01
   -.532142E-02
   -.120201E-01
   -.226010E-01
   -.157643E-01
   -.106109E-01
   -.269508E-01
   -.380598E-01
   -.191940E-01
    .541313E-03
   -.661391E-03
   -.190258E-01
   -.312003E-01
   -.291950E-01
   -.179814E-01
    .340562E-02
    .577424E-02
   -.779563E-02
   -.123261E-01
   -.487934E-02
   -.196400E-02
   -.326865E-02
    .156821E-01
    .358920E-01
    .206579E-01
   -.116463E-01
   -.241517E-01
   -.232888E-02
    .233148E-01
    .215879E-01
    .114186E-01
   -.203847E-02
   -.162144E-01
   -.196240E-01
   -.192547E-02
    .248503E-01
    .203608E-01
   -.722864E-02
   -.175191E-01
   -.780212E-02
    .246379E-02
    .137009E-01
    .240049E-01
    .173101E-01
    .697618E-02
    .171645E-01
    .271235E-01
    .190947E-01
    .106286E-01
    .566792E-02
    .233463E-02
    .488008E-03
    .144322E-02
    .357796E-02
   -.469790E-03
   -.467942E-02
   -.282027E-02
    .155231E-03
    .414137E-02
    .967532E-02
    .876493E-02
    .547686E-02
    .402701E-02
    .163720E-02
    .134955E-02
    .250517E-02
    .304291E-02
    .428087E-02
    .610222E-02
    .583729E-02
    .207110E-02
    .487817E-03
    .317736E-02
    .534357E-02
    .510914E-02
    .383054E-02
    .385647E-02
    .398330E-02
    .441063E-02
    .591966E-02
    .540636E-02
    .332528E-02
    .323134E-02
    .370476E-02
    .205205E-02
    .594996E-03
    .502279E-03
    .108131E-02
    .156692E-02
    .153877E-02
    .162925E-02
    .149666E-02
    .871396E-03
    .222844E-03
   -.271357E-03
   -.816750E-03
   -.121398E-02
   -.127736E-02
   -.131303E-02
   -.153022E-02
   -.181740E-02
   -.206573E-02
   -.227507E-02
   -.245802E-02
   -.261399E-02
