   -.0001871
   -.0002995
    .0006560
    .0007484
    .0008732
    .0008070
    .0007959
    .0007220
    .0006961
    .0006542
    .0006250
    .0003610
    .0001560
    .0000220
    .0001783
    .0005683
    .0010629
    .0013726
    .0015139
    .0014491
    .0012897
    .0009637
    .0006619
    .0004454
    .0004256
    .0000691
   -.0005801
   -.0007188
   -.0002489
    .0003654
    .0004215
   -.0002197
   -.0008065
   -.0008085
   -.0003067
    .0002448
    .0003282
    .0000512
   -.0000609
    .0001533
    .0006615
    .0013338
    .0015732
    .0006438
   -.0013509
   -.0029754
   -.0026048
   -.0007382
    .0001915
   -.0010096
   -.0017278
    .0015128
    .0078900
    .0126101
    .0116282
    .0052264
   -.0022699
   -.0062979
   -.0056362
   -.0030502
   -.0020855
   -.0027817
   -.0033003
   -.0027682
   -.0014184
   -.0001275
    .0002023
   -.0002123
   -.0005884
   -.0001184
    .0012052
    .0021240
    .0013128
   -.0005197
   -.0031272
   -.0058866
   -.0063300
   -.0035396
   -.0003095
    .0007349
   -.0000259
   -.0009684
   -.0014966
    .0000153
    .0066906
    .0165631
    .0214990
    .0166842
    .0056699
   -.0033257
   -.0049119
    .0002406
    .0075469
    .0122213
    .0123409
    .0085857
    .0014899
   -.0077902
   -.0152400
   -.0175267
   -.0149206
   -.0074648
    .0031453
    .0097658
    .0078716
    .0011627
   -.0051623
   -.0097421
   -.0117629
   -.0095135
   -.0041295
   -.0001270
   -.0002296
   -.0021711
   -.0026666
    .0018476
    .0089454
    .0084274
    .0004745
   -.0060568
   -.0059832
   -.0018327
    .0005112
   -.0002433
   -.0011657
    .0021250
    .0114587
    .0216749
    .0234215
    .0129357
   -.0038529
   -.0170455
   -.0205021
   -.0152735
   -.0070818
   -.0010742
    .0007579
   -.0007734
   -.0034835
   -.0045647
   -.0026659
    .0020793
    .0089091
    .0160338
    .0237374
    .0329825
    .0396581
    .0385136
    .0281309
    .0111827
   -.0050191
   -.0110914
   -.0064456
   -.0018361
   -.0037111
   -.0090939
   -.0134016
   -.0122561
   -.0054553
   -.0007781
   -.0043707
   -.0112855
   -.0147943
   -.0105103
   -.0027311
    .0003449
    .0027850
    .0051090
    .0083795
    .0071848
    .0040348
    .0014212
    .0009876
    .0032947
    .0073060
    .0106708
    .0119290
    .0101483
    .0034462
   -.0059596
   -.0121728
   -.0108911
   -.0063365
   -.0080544
   -.0149916
   -.0216938
   -.0250252
   -.0214195
   -.0148657
   -.0156824
   -.0223942
   -.0277220
   -.0277847
   -.0207512
   -.0096288
   -.0017421
   -.0002000
   -.0024534
   -.0066168
   -.0126679
   -.0210979
   -.0315931
   -.0384415
   -.0346862
   -.0230462
   -.0136445
   -.0164254
   -.0299703
   -.0416377
   -.0439528
   -.0398751
   -.0352088
   -.0342024
   -.0378007
   -.0399535
   -.0334085
   -.0205959
   -.0100529
   -.0072215
   -.0102548
   -.0144839
   -.0167793
   -.0149823
   -.0093516
   -.0046125
   -.0045086
   -.0053825
   -.0045318
   -.0063541
   -.0125609
   -.0147615
   -.0083826
    .0019049
    .0080281
    .0059434
   -.0003848
   -.0042912
   -.0037000
   -.0014670
   -.0004965
   -.0017942
   -.0055248
   -.0088891
   -.0060638
    .0055609
    .0206090
    .0294861
    .0270313
    .0186219
    .0126699
    .0114120
    .0129903
    .0158844
    .0184612
    .0177883
    .0126649
    .0061243
    .0008924
   -.0011133
    .0038035
    .0144413
    .0223200
    .0226629
    .0173133
    .0078849
   -.0003228
   -.0003180
    .0074462
    .0168183
    .0234892
    .0266846
    .0263291
    .0220650
    .0169181
    .0180269
    .0249053
    .0307465
    .0276266
    .0165619
    .0055340
   -.0028282
   -.0106235
   -.0183449
   -.0220778
   -.0177776
   -.0076385
   -.0003161
   -.0030436
   -.0155895
   -.0298874
   -.0363750
   -.0339304
   -.0290199
   -.0265834
   -.0272665
   -.0300163
   -.0329153
   -.0316560
   -.0212896
   -.0036811
    .0118088
    .0160702
    .0084819
   -.0014804
   -.0053764
   -.0033751
    .0013601
    .0069431
    .0124658
    .0182366
    .0254164
    .0342795
    .0424527
    .0469555
    .0481694
    .0478707
    .0462615
    .0442038
    .0434445
    .0431341
    .0381314
    .0232167
    .0009635
   -.0167875
   -.0199758
   -.0112796
   -.0023646
   -.0012916
   -.0047941
   -.0095522
   -.0138591
   -.0159528
   -.0256953
   -.0412116
   -.0526830
   -.0583362
   -.0617250
   -.0649172
   -.0691237
   -.0627434
   -.0359567
    .0021494
    .0486574
    .0575071
    .0600031
    .0636669
    .0566492
    .0565548
    .0510929
    .0484165
    .0269693
    .0234988
    .0187651
    .0197744
    .0232625
    .0401151
    .0582795
    .0630483
    .0539527
    .0480537
    .0412229
    .0305093
    .0254435
    .0212212
    .0121328
    .0104910
    .0104406
    .0094146
    .0144962
    .0206812
    .0252255
    .0362190
    .0374965
    .0349835
    .0286514
    .0233588
    .0195561
    .0176105
    .0160076
    .0155558
    .0088005
    .0010337
   -.0107140
   -.0150951
   -.0160375
   -.0158496
   -.0211396
   -.0259990
   -.0321831
   -.0437577
   -.0534524
   -.0544611
   -.0528474
   -.0472037
   -.0409656
   -.0415856
   -.0499334
   -.0600839
   -.0738779
   -.0830219
   -.0853278
   -.0798815
   -.0761006
   -.0710745
   -.0696839
   -.0673677
   -.0739186
   -.0711819
   -.0507165
   -.0273366
   -.0100767
   -.0067816
   -.0094564
   -.0168903
   -.0157420
   -.0100978
   -.0025520
   -.0042762
   -.0045023
   -.0106497
   -.0218607
   -.0338622
   -.0423203
   -.0413863
   -.0290731
   -.0214200
   -.0184849
   -.0164753
   -.0234148
   -.0315092
   -.0391761
   -.0509202
   -.0525700
   -.0471167
   -.0470424
   -.0467386
   -.0505549
   -.0564996
   -.0582729
   -.0578012
   -.0541813
   -.0469031
   -.0355015
   -.0131227
   -.0032341
   -.0051842
   -.0107401
   -.0145394
   -.0133985
   -.0100617
   -.0153780
   -.0227233
   -.0308324
   -.0385819
   -.0417869
   -.0451549
   -.0447582
   -.0447816
   -.0396020
   -.0395893
   -.0480286
   -.0529264
   -.0646262
   -.0707508
   -.0732630
   -.0755092
   -.0816316
   -.0884001
   -.1022871
   -.1059319
   -.0969085
   -.0837999
   -.0607255
   -.0458291
   -.0318263
   -.0172460
   -.0095598
    .0019085
    .0165504
    .0370653
    .0454189
    .0554977
    .0543384
    .0537024
    .0613626
    .0743292
    .0916255
    .1105496
    .1257223
    .1349541
    .1426054
    .1436540
    .1445866
    .1469799
    .1453645
    .1445737
    .1276735
    .1094499
    .0894705
    .0847850
    .0828530
    .0821145
    .0835567
    .0798693
    .0781977
    .0753716
    .0763776
    .0741704
    .0704113
    .0769166
    .0779730
    .0757827
    .0696698
    .0655891
    .0630669
    .0606629
    .0723575
    .0829646
    .0797836
    .0680675
    .0596195
    .0485185
    .0376883
    .0360064
    .0310612
    .0236754
    .0190377
    .0023756
   -.0143662
   -.0224277
   -.0312300
   -.0294544
   -.0274285
   -.0257336
   -.0316805
   -.0402401
   -.0457506
   -.0456204
   -.0344892
   -.0270253
   -.0157219
   -.0075515
   -.0012824
   -.0063002
   -.0131686
   -.0122193
   -.0130342
   -.0036939
    .0119024
    .0153505
    .0047550
   -.0056565
   -.0074034
   -.0054990
    .0050803
    .0124658
    .0005166
   -.0114325
   -.0159889
   -.0160986
   -.0098992
   -.0119471
   -.0175793
   -.0188158
   -.0221114
   -.0220870
   -.0209880
   -.0103934
    .0113185
    .0187965
    .0189940
    .0097358
    .0008341
    .0022637
    .0085981
    .0044985
   -.0026967
   -.0103544
   -.0189696
   -.0291181
   -.0349613
   -.0393588
   -.0374483
   -.0348383
   -.0347453
   -.0357675
   -.0319811
   -.0353390
   -.0445626
   -.0532320
   -.0596584
   -.0695752
   -.0819651
   -.1052224
   -.1274340
   -.1443323
   -.1551671
   -.1615714
   -.1615969
   -.1523247
   -.1472456
   -.1359980
   -.1200763
   -.1025798
   -.0741061
   -.0274616
    .0049763
    .0289779
    .0454245
    .0214370
    .0186481
    .0345089
    .0616769
    .0818603
    .1137889
    .1249604
    .1279945
    .1180149
    .1238095
    .1443686
    .1709061
    .1758617
    .1786533
    .1623024
    .1505415
    .1186329
    .1008991
    .0888921
    .0886954
    .0752028
    .0541158
    .0406349
    .0264914
    .0277450
    .0384638
    .0486439
    .0624448
    .0668745
    .0554587
    .0443596
    .0241128
    .0055866
    .0017079
   -.0163303
   -.0252017
   -.0345353
   -.0403730
   -.0523894
   -.0485394
   -.0364888
   -.0139367
   -.0009283
    .0205381
    .0199596
    .0085934
   -.0107774
   -.0309270
   -.0371319
   -.0593438
   -.0605310
   -.0683593
   -.0790978
   -.0905166
   -.0955334
   -.0918468
   -.0841959
   -.0622123
   -.0322341
   -.0123915
    .0031456
    .0085773
   -.0025181
   -.0198889
   -.0282292
   -.0265043
   -.0177146
   -.0080859
   -.0090795
   -.0162793
   -.0236981
   -.0254117
   -.0221090
   -.0020895
    .0134220
    .0314426
    .0371199
    .0404291
    .0448646
    .0422056
    .0375667
    .0316031
    .0299254
    .0233156
    .0064389
   -.0063148
   -.0109767
   -.0146429
   -.0114821
   -.0022713
    .0128819
    .0146993
    .0138136
    .0053579
   -.0046587
   -.0136441
   -.0115501
   -.0010236
    .0030534
    .0021947
   -.0184455
   -.0304229
   -.0353784
   -.0340895
   -.0249011
   -.0036101
    .0108127
    .0260480
    .0382352
    .0274589
    .0226949
    .0097533
    .0021488
    .0094137
    .0270476
    .0260283
    .0067087
   -.0132206
   -.0314560
   -.0453414
   -.0452976
   -.0293450
   -.0196830
   -.0109822
   -.0125348
   -.0191472
   -.0367468
   -.0389230
   -.0298702
   -.0088071
   -.0106939
   -.0183813
   -.0302748
   -.0318409
   -.0292271
   -.0165626
   -.0054030
   -.0021458
   -.0046048
   -.0028300
    .0087145
    .0174753
    .0259651
    .0358681
    .0417612
    .0388976
    .0300301
    .0230241
    .0108087
    .0052303
   -.0011634
   -.0093351
   -.0063268
    .0022007
    .0047835
    .0148675
    .0189139
    .0207225
    .0220640
    .0167823
    .0145851
    .0079870
   -.0016370
   -.0104727
   -.0132422
   -.0135003
   -.0042547
    .0073746
    .0125230
    .0182340
    .0178329
    .0151210
    .0179903
    .0216470
    .0272816
    .0423596
    .0394048
    .0287612
    .0204568
    .0116736
    .0061177
    .0040411
    .0097775
    .0145337
    .0152336
    .0102664
    .0068677
    .0040004
    .0059251
    .0073087
    .0055779
    .0047682
    .0033892
   -.0005001
   -.0051779
   -.0099760
   -.0136890
   -.0135456
   -.0064794
    .0026860
    .0026187
   -.0026532
   -.0060236
    .0004255
    .0109034
    .0199289
    .0325771
    .0315812
    .0255505
    .0139504
   -.0001599
   -.0022400
    .0021532
    .0095628
    .0158606
    .0158812
    .0156169
    .0093421
    .0063289
    .0062007
    .0058163
    .0114713
    .0238466
    .0267029
    .0180896
    .0034922
   -.0058816
   -.0123318
   -.0229752
   -.0220890
   -.0216163
   -.0255467
   -.0331942
   -.0437170
   -.0460522
   -.0417137
   -.0269870
   -.0144332
   -.0062776
   -.0040988
   -.0063288
   -.0075464
   -.0143350
   -.0189540
   -.0220295
   -.0229113
   -.0266116
   -.0297412
   -.0326589
   -.0319488
   -.0254314
   -.0128887
   -.0044613
    .0069800
    .0129823
    .0181302
    .0129316
    .0080948
    .0054462
    .0100044
    .0052156
    .0014558
   -.0129421
   -.0216723
   -.0311465
   -.0319942
   -.0298790
   -.0147383
   -.0015787
    .0071278
    .0018542
   -.0042357
   -.0026091
    .0138736
    .0316336
    .0330664
    .0264961
    .0006202
   -.0077158
   -.0090063
    .0006062
    .0149515
    .0306727
    .0361225
    .0392430
    .0410571
    .0362175
    .0386735
    .0479349
    .0508701
    .0477203
    .0424920
    .0281109
    .0184712
    .0067149
    .0031519
    .0036518
    .0061378
    .0011688
   -.0001673
    .0053800
    .0058056
    .0069492
    .0053910
    .0027751
    .0022515
   -.0006596
   -.0040271
   -.0086332
   -.0136321
   -.0155276
   -.0131965
   -.0117453
   -.0065807
    .0031303
    .0038550
    .0075266
    .0095855
    .0080086
    .0088381
    .0125027
    .0069708
   -.0040899
   -.0153297
   -.0245747
   -.0306389
   -.0334416
   -.0333655
   -.0294675
   -.0173995
   -.0140528
   -.0161121
   -.0168091
   -.0181965
   -.0221685
   -.0234082
   -.0243703
   -.0220582
   -.0193045
   -.0167131
   -.0160852
   -.0228395
   -.0330908
   -.0326601
   -.0192364
   -.0009454
    .0131199
    .0172623
    .0172588
    .0225148
    .0320048
    .0393744
    .0319271
    .0112039
   -.0098261
   -.0169372
   -.0094594
   -.0006412
    .0077717
    .0189134
    .0202803
    .0147597
    .0074621
    .0133984
    .0219532
    .0332969
    .0353410
    .0341415
    .0114167
   -.0025222
   -.0186262
   -.0226588
   -.0010813
    .0088487
    .0134128
   -.0005990
   -.0121487
   -.0109692
   -.0073707
    .0144079
    .0314668
    .0365125
    .0273635
    .0150167
    .0056702
    .0071955
    .0096308
    .0141610
    .0126340
    .0081880
   -.0006726
   -.0080042
   -.0211931
   -.0310016
   -.0202615
   -.0133169
   -.0050729
   -.0052755
   -.0048139
   -.0091274
   -.0200276
   -.0213797
   -.0113458
   -.0054055
   -.0097432
   -.0224825
   -.0405399
   -.0408510
   -.0277797
   -.0237388
   -.0287397
   -.0308251
   -.0329147
   -.0306039
   -.0245751
   -.0145889
   -.0000356
    .0033545
   -.0018116
   -.0008461
    .0019714
    .0054604
    .0127936
    .0181072
    .0156494
    .0129136
    .0134185
    .0174536
    .0203635
    .0208493
    .0190333
    .0184927
    .0167050
    .0181652
    .0154115
    .0158331
    .0124951
    .0109255
    .0024852
   -.0049303
   -.0117505
   -.0168954
   -.0190611
   -.0168555
   -.0151278
   -.0138709
   -.0161711
   -.0157448
   -.0119094
   -.0103162
   -.0057857
    .0047189
    .0169598
    .0226444
    .0243267
    .0225568
    .0162149
    .0157339
    .0162257
    .0198988
    .0259782
    .0341167
    .0383534
    .0396330
    .0355535
    .0269194
    .0181759
    .0124451
    .0085457
    .0092502
   -.0007096
   -.0125302
   -.0226053
   -.0271976
   -.0242950
   -.0202880
   -.0205437
   -.0159975
   -.0127390
   -.0058337
   -.0013903
    .0049416
    .0083900
    .0147055
    .0148901
    .0225994
    .0255591
    .0282346
    .0352554
    .0407131
    .0467528
    .0520258
    .0585928
    .0638978
    .0645772
    .0701223
    .0727149
    .0728677
    .0730610
    .0676280
    .0573207
    .0453943
    .0266830
    .0141564
    .0079923
    .0085316
    .0082158
    .0062655
    .0140305
    .0079299
    .0069694
    .0015719
   -.0016858
   -.0028543
   -.0118203
   -.0195958
   -.0273161
   -.0335098
   -.0326353
   -.0210775
   -.0140031
    .0012236
    .0120507
    .0246188
    .0253524
    .0193991
    .0105330
    .0056667
   -.0016179
   -.0053653
   -.0060392
   -.0084112
   -.0121390
   -.0198561
   -.0267418
   -.0300865
   -.0288505
   -.0284965
   -.0260492
   -.0251643
   -.0252960
   -.0253061
   -.0275019
   -.0319770
   -.0313544
   -.0390176
   -.0521737
   -.0629845
   -.0676563
   -.0675306
   -.0603068
   -.0514656
   -.0430968
   -.0377439
   -.0368278
   -.0308670
   -.0238501
   -.0138276
   -.0052383
   -.0002483
    .0021782
   -.0077267
   -.0073153
   -.0037247
    .0028013
   -.0013609
    .0027914
    .0034296
    .0071250
    .0095809
    .0192419
    .0279846
    .0347875
    .0404191
    .0401784
    .0372627
    .0306662
    .0268751
    .0243310
    .0148783
    .0067736
    .0060682
    .0056347
    .0044552
    .0047313
    .0071037
    .0125525
    .0233629
    .0306073
    .0296808
    .0258916
    .0213032
    .0166470
    .0106026
   -.0026243
   -.0095620
   -.0127849
   -.0168864
   -.0149374
   -.0117574
   -.0043090
    .0025420
    .0091071
    .0139872
    .0122372
    .0075907
    .0025890
   -.0085214
   -.0149131
   -.0308228
   -.0423176
   -.0578429
   -.0637618
   -.0709522
   -.0749431
   -.0711954
   -.0586061
   -.0447778
   -.0401331
   -.0356586
   -.0266009
   -.0237079
   -.0235492
   -.0230829
   -.0325688
   -.0373237
   -.0465417
   -.0546399
   -.0634729
   -.0652917
   -.0655416
   -.0586927
   -.0512799
   -.0269745
   -.0230929
   -.0166317
   -.0112149
   -.0076038
   -.0062792
   -.0115013
   -.0176065
   -.0274849
   -.0353114
   -.0415173
   -.0432423
   -.0437565
   -.0357648
   -.0327480
   -.0239983
   -.0166891
   -.0087255
   -.0065205
   -.0076317
   -.0082106
   -.0115287
   -.0143964
   -.0159554
   -.0171861
   -.0163772
   -.0138977
   -.0078558
   -.0030394
    .0024461
    .0062729
    .0109423
    .0145959
    .0168813
    .0219425
    .0255119
    .0236636
    .0219605
    .0187111
    .0177064
    .0177800
    .0192949
    .0138051
    .0145795
    .0127385
    .0087333
    .0068955
    .0063997
    .0079312
    .0096181
    .0105962
    .0107897
    .0101777
    .0077271
    .0062138
    .0065629
    .0102478
    .0146301
    .0159828
    .0177729
    .0183923
    .0164534
    .0164663
    .0168173
    .0177113
    .0185260
    .0180480
    .0160809
    .0141057
    .0117557
    .0065979
    .0030799
    .0020869
    .0012148
    .0022028
    .0061603
    .0085990
    .0112805
    .0120342
    .0122304
    .0129978
    .0125134
    .0103807
    .0098858
    .0080681
    .0051966
    .0029161
    .0004849
    .0002741
    .0000694
    .0017265
    .0015968
    .0000868
    .0003294
    .0010139
    .0036171
    .0029313
    .0026224
    .0009093
   -.0031295
   -.0056969
   -.0115272
   -.0149634
   -.0185567
   -.0195709
   -.0199093
   -.0199373
   -.0182652
   -.0193663
   -.0184948
   -.0184485
   -.0182869
   -.0175046
   -.0166863
   -.0163852
   -.0195263
   -.0236706
   -.0286154
   -.0281752
   -.0243064
   -.0191895
   -.0155923
   -.0127521
   -.0105280
   -.0112705
   -.0072176
   -.0044013
   -.0026085
   -.0017726
   -.0017004
   -.0021722
   -.0033250
   -.0050073
   -.0066220
   -.0086710
   -.0099810
   -.0113399
   -.0118904
   -.0123855
   -.0122576
   -.0125830
   -.0137859
   -.0152282
   -.0162853
   -.0160648
   -.0158727
   -.0154143
   -.0153263
   -.0165434
   -.0175626
   -.0190058
   -.0189724
   -.0161751
   -.0121404
   -.0092855
   -.0059357
   -.0049482
   -.0033570
   -.0010411
    .0026881
    .0060375
    .0131227
    .0177156
    .0207135
    .0230085
    .0245751
    .0254076
    .0250897
    .0250880
    .0251748
    .0242655
    .0244224
    .0258344
    .0264495
    .0254347
    .0256947
    .0259950
    .0248463
    .0242903
    .0244353
    .0232523
    .0209260
    .0173686
    .0112944
    .0049055
    .0022702
    .0006058
    .0007485
    .0016682
    .0024694
    .0025076
    .0001884
    .0032039
    .0098004
    .0103004
    .0074216
   -.0005521
   -.0069077
   -.0140195
   -.0198734
   -.0239091
   -.0259647
   -.0302084
   -.0374482
   -.0452095
   -.0469114
   -.0449228
   -.0392674
   -.0333746
   -.0281819
   -.0296417
   -.0383832
   -.0436835
   -.0482475
   -.0465027
   -.0392152
   -.0316007
   -.0293611
   -.0282567
   -.0208846
   -.0128286
   -.0027470
    .0052661
    .0145336
    .0195430
    .0225956
    .0258159
    .0293630
    .0317885
    .0336595
    .0344811
    .0363509
    .0376306
    .0387378
    .0366087
    .0361192
    .0338394
    .0302676
    .0295977
    .0275295
    .0243887
    .0203891
    .0181927
    .0137622
    .0116471
    .0108930
    .0086943
    .0104424
    .0102817
    .0104895
    .0114114
    .0117549
    .0096738
    .0122916
    .0155609
    .0236404
    .0270055
    .0313269
    .0376677
    .0420531
    .0474171
    .0485524
    .0524454
    .0545817
    .0556277
    .0550594
    .0524025
    .0470381
    .0425389
    .0373625
    .0324620
    .0314342
    .0257270
    .0203325
    .0138552
   -.0027831
   -.0119536
   -.0158495
   -.0169058
   -.0136357
   -.0115917
   -.0099971
   -.0135171
   -.0156047
   -.0135150
   -.0070696
   -.0032737
    .0012346
    .0037924
    .0076837
    .0032279
    .0052814
    .0091371
    .0122986
    .0163038
    .0187913
    .0168987
    .0135854
    .0116562
    .0087060
    .0058498
    .0048815
    .0003654
   -.0022183
   -.0076109
   -.0102984
   -.0133575
   -.0151262
   -.0163281
   -.0181131
   -.0208851
   -.0238943
   -.0259543
   -.0267469
   -.0249504
   -.0225180
   -.0207666
   -.0198740
   -.0213268
   -.0212692
   -.0211403
   -.0180719
   -.0143424
   -.0104986
   -.0082035
   -.0068717
   -.0041208
   -.0026700
   -.0041216
   -.0000641
    .0019569
    .0050226
    .0051195
    .0021170
   -.0015512
   -.0046546
   -.0095057
   -.0129573
   -.0150669
   -.0172645
   -.0200739
   -.0227899
   -.0193342
   -.0201930
   -.0202303
   -.0204766
   -.0218772
   -.0232687
   -.0244986
   -.0270045
   -.0302202
   -.0297451
   -.0288099
   -.0265116
   -.0236640
   -.0198545
   -.0134125
   -.0098829
   -.0063009
   -.0024268
    .0015167
    .0048669
    .0071528
    .0081244
    .0109709
    .0124439
    .0131633
    .0139713
    .0149422
    .0177369
    .0204934
    .0217524
    .0202087
    .0198382
    .0198419
    .0181728
    .0181542
    .0172804
    .0147160
    .0111665
    .0064974
    .0005595
   -.0024297
   -.0049592
   -.0069463
   -.0081761
   -.0081098
   -.0080410
   -.0076354
   -.0075188
   -.0094772
   -.0110853
   -.0125759
   -.0132762
   -.0128351
   -.0127332
   -.0117077
   -.0092684
   -.0100241
   -.0110132
   -.0101089
   -.0107744
   -.0085057
   -.0044259
   -.0009677
    .0008924
    .0002187
   -.0010630
   -.0005237
    .0006088
    .0019855
    .0014410
   -.0014803
   -.0050935
   -.0074849
   -.0110314
   -.0110615
   -.0106761
   -.0106440
   -.0130722
   -.0145793
   -.0141200
   -.0124039
   -.0082953
   -.0056822
   -.0070971
   -.0074684
   -.0083330
   -.0094548
   -.0127382
   -.0127825
   -.0126006
   -.0136275
   -.0140781
   -.0155313
   -.0158379
   -.0120618
   -.0080375
   -.0004197
    .0030335
    .0056550
    .0062390
    .0019584
    .0027667
    .0022103
    .0037602
    .0081821
    .0086774
    .0035355
   -.0075282
   -.0169030
   -.0221781
   -.0233768
   -.0239092
   -.0210216
   -.0192540
   -.0209707
   -.0214571
   -.0171435
   -.0091207
   -.0038597
   -.0003452
    .0046537
    .0076951
    .0081153
    .0032530
   -.0017284
   -.0028173
   -.0068128
   -.0086649
   -.0069456
   -.0046725
   -.0020896
   -.0008052
    .0023878
    .0112785
    .0137554
    .0150868
    .0169646
    .0163423
    .0147247
    .0095212
    .0024646
   -.0022204
   -.0016105
   -.0069888
   -.0128729
   -.0185800
   -.0227259
   -.0246901
   -.0222562
   -.0136891
   -.0115537
   -.0045814
    .0002247
    .0028680
    .0045974
    .0064562
    .0084644
    .0102463
    .0084585
    .0028963
    .0013114
   -.0010310
   -.0044280
   -.0021200
   -.0028475
   -.0029136
   -.0033792
   -.0016430
    .0047789
    .0131885
    .0184551
    .0241983
    .0253372
    .0239672
    .0173355
    .0126412
    .0047882
   -.0000702
   -.0174109
   -.0229302
   -.0246459
   -.0247103
   -.0239063
   -.0218279
   -.0187719
   -.0175792
   -.0122798
   -.0088455
   -.0050349
   -.0005756
    .0066830
    .0117512
    .0134235
    .0034455
   -.0065849
   -.0119291
   -.0175770
   -.0178641
   -.0166693
   -.0114365
   -.0030681
    .0021969
    .0037944
    .0143195
    .0137503
    .0126548
    .0103360
    .0067060
   -.0058247
   -.0182462
   -.0287248
   -.0383060
   -.0411675
   -.0410137
   -.0387842
   -.0309145
   -.0247005
   -.0173129
   -.0152995
   -.0081883
   -.0055321
   -.0050043
   -.0103748
   -.0180034
   -.0240613
   -.0285314
   -.0308911
   -.0299809
   -.0291246
   -.0266081
   -.0205029
   -.0182870
   -.0090447
   -.0071025
   -.0066963
   -.0078385
   -.0115677
   -.0188413
   -.0235039
   -.0260148
   -.0270904
   -.0261206
   -.0231404
   -.0194070
   -.0171848
   -.0158019
   -.0135834
   -.0102161
   -.0083034
   -.0061668
   -.0040510
   -.0029666
   -.0032694
   -.0046256
   -.0052284
   -.0060649
   -.0051297
   -.0027924
   -.0018677
   -.0016304
   -.0019532
   -.0015096
    .0013309
    .0047784
    .0071000
    .0081746
    .0086876
    .0073619
    .0066276
    .0075543
    .0094985
    .0117039
    .0118093
    .0107324
    .0100520
    .0093358
    .0090158
    .0097754
    .0112254
    .0120673
    .0127068
    .0131167
    .0139081
    .0151463
    .0166806
    .0181871
    .0201115
    .0205227
    .0214498
    .0216535
    .0207739
    .0202638
    .0191823
    .0184937
    .0184626
    .0187639
    .0207725
    .0221061
    .0219756
    .0209665
    .0198775
    .0186268
    .0152562
    .0103342
    .0059528
    .0026746
   -.0005028
   -.0033492
   -.0047816
   -.0044056
   -.0037597
   -.0039285
   -.0039367
   -.0023220
    .0010502
    .0046198
    .0074451
    .0091982
    .0094383
    .0085586
    .0072666
    .0061287
    .0055800
    .0055562
    .0058171
    .0065512
    .0081338
    .0103590
    .0125071
    .0145933
    .0167884
    .0187800
    .0204160
    .0215425
    .0218295
    .0210287
    .0189238
    .0155236
    .0114528
    .0075825
    .0045781
    .0021882
   -.0006926
   -.0027988
   -.0014803
    .0032069
    .0084696
    .0122256
    .0149760
    .0179674
    .0207403
    .0222980
    .0223614
    .0211993
    .0196024
    .0181584
    .0174393
    .0170033
    .0159447
    .0146572
    .0130358
    .0121846
    .0119861
    .0124689
    .0142871
    .0162228
    .0173267
    .0168482
    .0168220
    .0164715
    .0150320
    .0133407
    .0133165
    .0137827
    .0137011
    .0121636
    .0104003
    .0090651
    .0080281
    .0064233
    .0054574
    .0060835
    .0058517
    .0025127
   -.0002657
   -.0008837
   -.0019931
   -.0026125
   -.0027985
   -.0028492
   -.0024245
   -.0005339
    .0031216
    .0055619
    .0063980
    .0079514
    .0109034
    .0137326
    .0137527
    .0111053
    .0080816
    .0065537
    .0058642
    .0049018
    .0033215
    .0009949
   -.0016278
   -.0043513
   -.0079332
   -.0122355
   -.0162509
   -.0198058
   -.0233122
   -.0265303
   -.0290522
   -.0301412
   -.0291392
   -.0266253
   -.0232960
   -.0191629
   -.0159650
   -.0155766
   -.0168843
   -.0176042
   -.0174040
   -.0167248
   -.0160442
   -.0158620
   -.0154798
   -.0140295
   -.0120683
   -.0099181
   -.0083664
   -.0083154
   -.0081656
   -.0075522
   -.0073616
   -.0077314
   -.0080616
   -.0063099
   -.0026762
   -.0003215
   -.0005702
   -.0007425
    .0007530
    .0033517
    .0049887
    .0052328
    .0050762
    .0050319
    .0052144
    .0054636
    .0055533
    .0053626
    .0050764
    .0051854
    .0060413
    .0076129
    .0091485
    .0093584
    .0082073
    .0071091
    .0066943
    .0059562
    .0031930
   -.0001863
   -.0015555
   -.0010340
   -.0005677
   -.0003711
    .0012060
    .0039030
    .0057138
    .0058478
    .0057303
    .0068132
    .0092051
    .0111849
    .0118524
    .0121003
    .0121524
    .0120041
    .0108735
    .0094494
    .0079971
    .0065188
    .0035475
    .0003295
   -.0014353
   -.0008962
    .0000703
    .0002702
   -.0001989
   -.0013070
   -.0026880
   -.0030180
   -.0017766
   -.0000230
    .0005138
   -.0011327
   -.0043452
   -.0076537
   -.0096892
   -.0100836
   -.0095832
   -.0095083
   -.0107721
   -.0126777
   -.0137040
   -.0133569
   -.0129720
   -.0137074
   -.0146022
   -.0136173
   -.0105659
   -.0084620
   -.0086393
   -.0097489
   -.0103860
   -.0095802
   -.0081129
   -.0074322
   -.0075262
   -.0071279
   -.0052721
   -.0024125
   -.0017182
   -.0028258
   -.0036338
   -.0037209
   -.0031981
   -.0026968
   -.0023254
   -.0019987
   -.0016594
   -.0012672
   -.0007454
   -.0000209
    .0007593
    .0012014
    .0012686
    .0010608
    .0003686
   -.0009482
   -.0028386
   -.0050650
   -.0072440
   -.0092702
   -.0112016
   -.0129817
   -.0139970
   -.0137168
   -.0124963
   -.0109734
   -.0093914
   -.0082051
   -.0077851
   -.0078577
   -.0081011
   -.0085389
   -.0090335
   -.0098657
   -.0116294
   -.0135209
   -.0139184
   -.0128201
   -.0126511
   -.0164393
   -.0226402
   -.0255712
   -.0245790
   -.0230747
   -.0237161
   -.0260230
   -.0274839
   -.0277335
   -.0276431
   -.0284297
   -.0304007
   -.0318304
   -.0315081
   -.0299636
   -.0283190
   -.0276646
   -.0276711
   -.0267902
   -.0245931
   -.0211495
   -.0166577
   -.0129226
   -.0116129
   -.0119506
   -.0125569
   -.0131147
   -.0137693
   -.0143675
   -.0144638
   -.0137642
   -.0133363
   -.0134356
   -.0136597
   -.0137238
   -.0135796
   -.0132367
   -.0134317
   -.0161074
   -.0211016
   -.0252378
   -.0273966
   -.0283027
   -.0292204
   -.0308242
   -.0319086
   -.0315159
   -.0301558
   -.0288761
   -.0285195
   -.0284541
   -.0272125
   -.0249714
   -.0228242
   -.0218169
   -.0228868
   -.0254065
   -.0272017
   -.0277044
   -.0275749
   -.0272571
   -.0272366
   -.0268855
   -.0249151
   -.0213334
   -.0172579
   -.0142862
   -.0126783
   -.0108931
   -.0085138
   -.0060658
   -.0036366
   -.0019390
   -.0013272
   -.0009737
   -.0005413
   -.0000332
    .0001007
   -.0002217
   -.0011285
   -.0021616
   -.0025874
   -.0024961
   -.0024171
   -.0028788
   -.0046171
   -.0071341
   -.0085141
   -.0076714
   -.0056132
   -.0050792
   -.0050872
   -.0026518
   -.0000618
    .0001600
   -.0004638
    .0018345
    .0056183
    .0081618
    .0100941
    .0112903
    .0116920
    .0112951
    .0103537
    .0090925
    .0085342
    .0091189
    .0104084
    .0109460
    .0103697
    .0101678
    .0115565
    .0138125
    .0149981
    .0141614
    .0129503
    .0131590
    .0148886
    .0174749
    .0194743
    .0196978
    .0187343
    .0177771
    .0167486
    .0150533
    .0138922
    .0133705
    .0120476
    .0089284
    .0052301
    .0032436
    .0028428
    .0022587
    .0005229
   -.0003796
   -.0007020
   -.0014643
   -.0029471
   -.0033871
   -.0012029
    .0027780
    .0056565
    .0050484
    .0013127
   -.0025551
   -.0040734
   -.0030981
   -.0002722
    .0032680
    .0058456
    .0063862
    .0055109
    .0046069
    .0041713
    .0037669
    .0032766
    .0030379
    .0032171
    .0035589
    .0038878
    .0042446
    .0043538
    .0042485
    .0040969
    .0042618
    .0042777
    .0042695
    .0050243
    .0068778
    .0095048
    .0120389
    .0138752
    .0145049
    .0137918
    .0122994
    .0117050
    .0126113
    .0137229
    .0133413
    .0122491
    .0121126
    .0130303
    .0139469
    .0135631
    .0113569
    .0087930
    .0070580
    .0058315
    .0034304
   -.0002539
   -.0033136
   -.0045156
   -.0041170
   -.0034466
   -.0033191
   -.0035656
   -.0038706
   -.0040765
   -.0034638
   -.0013722
    .0016542
    .0039688
    .0051704
    .0070057
    .0094646
    .0117759
    .0130851
    .0127225
    .0116462
    .0111022
    .0116575
    .0130485
    .0133763
    .0123987
    .0127225
    .0152061
    .0180208
    .0190376
    .0187925
    .0190090
    .0200379
    .0212626
    .0215922
    .0213430
    .0218227
    .0229528
    .0241011
    .0244048
    .0243518
    .0246181
    .0249180
    .0246103
    .0235634
    .0221531
    .0205455
    .0191166
    .0181189
    .0171706
    .0149949
    .0125556
    .0103949
    .0077555
    .0043678
    .0028257
    .0031849
    .0039858
    .0043032
    .0049705
    .0066892
    .0090380
    .0112757
    .0127605
    .0131022
    .0125218
    .0119442
    .0122459
    .0132700
    .0138878
    .0125980
    .0096143
    .0069138
    .0051712
    .0034677
    .0005192
   -.0026807
   -.0041598
   -.0037153
   -.0027997
   -.0026027
   -.0032477
   -.0038873
   -.0025607
    .0007397
    .0020831
    .0014642
    .0009978
    .0009143
    .0009159
    .0007698
    .0007939
    .0007367
    .0006367
    .0006386
    .0005308
    .0003999
    .0002704
    .0000871
   -.0001606
    .0001467
    .0021440
    .0048022
    .0064429
    .0063686
    .0063340
    .0081146
    .0114775
    .0147262
    .0153417
    .0141626
    .0135953
    .0144867
    .0151472
    .0138389
    .0126787
    .0120478
    .0113045
    .0095308
    .0068258
    .0038434
    .0006032
   -.0019895
   -.0028600
   -.0026625
   -.0022502
   -.0022936
   -.0025689
   -.0026783
   -.0026653
   -.0026926
   -.0027576
   -.0028422
   -.0031720
   -.0040276
   -.0049267
   -.0053946
   -.0052147
   -.0051876
   -.0051045
   -.0047120
   -.0036865
   -.0032432
   -.0030424
   -.0019727
    .0007318
    .0034396
    .0046002
    .0042021
    .0020469
   -.0015864
   -.0046568
   -.0057691
   -.0054649
   -.0048483
   -.0049026
   -.0054388
   -.0059096
   -.0053419
   -.0033707
   -.0009171
    .0011072
    .0017972
    .0028034
    .0036445
    .0038887
    .0028302
    .0005988
   -.0011478
   -.0020122
   -.0024274
   -.0026823
   -.0033090
   -.0051201
   -.0072078
   -.0081212
   -.0079902
   -.0077650
   -.0082073
   -.0097037
   -.0117002
   -.0126991
   -.0124912
   -.0119046
   -.0116606
   -.0118179
   -.0111005
   -.0103094
   -.0095358
   -.0091043
   -.0088250
   -.0084888
   -.0081548
   -.0080195
   -.0080693
   -.0080766
   -.0081584
   -.0085458
   -.0091962
   -.0103560
   -.0118306
   -.0133385
   -.0146017
   -.0155400
   -.0159596
   -.0160837
   -.0159510
   -.0166649
   -.0177548
   -.0179224
   -.0176408
   -.0176080
   -.0179113
   -.0181721
   -.0181653
   -.0182086
   -.0182246
   -.0185345
   -.0190272
   -.0194989
   -.0197418
   -.0197330
   -.0194080
   -.0188482
   -.0186837
   -.0188182
   -.0180983
   -.0165202
   -.0145368
   -.0130071
   -.0124609
   -.0121753
   -.0114148
   -.0103974
   -.0094196
   -.0086920
   -.0080142
   -.0074232
   -.0066086
   -.0053431
   -.0039746
   -.0028949
   -.0025316
   -.0017338
   -.0009458
   -.0003030
   -.0000383
   -.0000364
   -.0001282
   -.0000242
    .0003870
    .0007200
    .0010774
    .0009168
    .0010300
    .0013131
    .0015779
    .0014192
    .0009384
    .0008373
    .0007976
    .0009069
    .0007863
    .0004630
    .0005369
    .0009162
    .0013511
    .0016495
    .0018009
    .0018503
    .0019661
    .0024598
    .0028219
    .0031838
    .0030230
    .0028675
    .0027525
    .0026759
    .0025416
    .0024768
    .0023632
    .0022845
    .0021254
    .0020370
    .0019126
    .0018571
    .0017456
    .0016991
    .0015835
    .0015239
    .0014013
    .0013607
    .0012807
    .0012927
    .0012450
    .0012688
    .0012183
    .0012234
    .0011349
    .0011039
    .0009997
    .0009791
    .0009056
    .0009148
    .0008588
    .0008888
    .0008482
    .0008890
    .0008371
    .0008631
    .0008001
    .0008195
    .0007523
    .0007667
    .0006925
    .0006992
    .0006273
    .0006393
    .0005709
    .0005797
    .0005075
    .0005108
    .0004361
    .0004342
    .0003550
    .0003436
    .0002590
    .0002461
    .0001679
    .0001584
    .0000808
    .0000674
   -.0000119
   -.0000251
   -.0001029
   -.0001124
   -.0001866
   -.0001917
   -.0002655
   -.0002663
   -.0003386
   -.0003335
   -.0004050
   -.0003947
   -.0004646
   -.0004519
   -.0005179
   -.0005152
   -.0005784
   -.0006762
   -.0007789
   -.0012594
   -.0005993