    .0011820
    .0012525
    .0011887
    .0012006
    .0011705
    .0011844
    .0011669
    .0011779
    .0011648
    .0011733
    .0011626
    .0011695
    .0011604
    .0011658
    .0011583
    .0011634
    .0011574
    .0011615
    .0011563
    .0011607
    .0011561
    .0011593
    .0011560
    .0011601
    .0011569
    .0011603
    .0011591
    .0011619
    .0011607
    .0011649
    .0011637
    .0011656
    .0011647
    .0011670
    .0011664
    .0011683
    .0011682
    .0011700
    .0011702
    .0011720
    .0011726
    .0011742
    .0011751
    .0011767
    .0011779
    .0011795
    .0011809
    .0011825
    .0011841
    .0011857
    .0011875
    .0011891
    .0011910
    .0011925
    .0011946
    .0011962
    .0011984
    .0012000
    .0012024
    .0012039
    .0012065
    .0012083
    .0012107
    .0012063
    .0012009
    .0012009
    .0011985
    .0011904
    .0011909
    .0011857
    .0011779
    .0011778
    .0011812
    .0011733
    .0011646
    .0011640
    .0011596
    .0011470
    .0011459
    .0011388
    .0011277
    .0011255
    .0011197
    .0011047
    .0011040
    .0011045
    .0010954
    .0010795
    .0010779
    .0010668
    .0010520
    .0010486
    .0010407
    .0010201
    .0010188
    .0010323
    .0010516
    .0010527
    .0010648
    .0010807
    .0010842
    .0010931
    .0011170
    .0011179
    .0011172
    .0011301
    .0011552
    .0011580
    .0011733
    .0011948
    .0012009
    .0012102
    .0012383
    .0012420
    .0012587
    .0012839
    .0012908
    .0012857
    .0013072
    .0013337
    .0013393
    .0016266
    .0013846
    .0013885
    .0014063
    .0014384
    .0014499
    .0014408
    .0014386
    .0014348
    .0014373
    .0014412
    .0014507
    .0014532
    .0014589
    .0014584
    .0014607
    .0014588
    .0014633
    .0014635
    .0014471
    .0014109
    .0013874
    .0013317
    .0012911
    .0012645
    .0012302
    .0011901
    .0011348
    .0010903
    .0010707
    .0010301
    .0009912
    .0009219
    .0008757
    .0008478
    .0008493
    .0009358
    .0010621
    .0011241
    .0011801
    .0012508
    .0013507
    .0014586
    .0015331
    .0016008
    .0017071
    .0018288
    .0019128
    .0019830
    .0020627
    .0021676
    .0021001
    .0017558
    .0014709
    .0011815
    .0008396
    .0004514
    .0001225
   -.0002175
   -.0005930
   -.0009395
   -.0012557
   -.0016353
   -.0020159
   -.0023563
   -.0026604
   -.0029840
   -.0030925
   -.0027454
   -.0022457
   -.0018440
   -.0014146
   -.0009181
   -.0004552
   -.0000563
    .0003506
    .0007703
    .0012107
    .0016636
    .0022122
    .0029069
    .0032597
    .0032395
    .0033076
    .0033816
    .0034525
    .0034901
    .0035218
    .0035704
    .0035945
    .0036383
    .0036738
    .0036850
    .0037283
    .0037698
    .0038425
    .0039023
    .0037391
    .0034443
    .0031642
    .0028808
    .0025852
    .0022792
    .0019801
    .0016833
    .0013839
    .0010841
    .0007823
    .0004811
    .0001830
   -.0001111
   -.0004009
   -.0007184
   -.0011608
   -.0018136
   -.0025987
   -.0033974
   -.0041854
   -.0049921
   -.0056987
   -.0058252
   -.0050033
   -.0038087
   -.0027698
   -.0018126
   -.0008559
    .0000833
    .0009965
    .0019229
    .0028834
    .0038130
    .0047455
    .0056555
    .0065710
    .0074313
    .0082223
    .0087182
    .0086027
    .0081622
    .0077241
    .0073338
    .0069678
    .0066519
    .0064033
    .0061560
    .0058813
    .0056078
    .0053180
    .0050587
    .0048873
    .0047450
    .0045448
    .0042224
    .0037919
    .0032860
    .0027130
    .0021094
    .0014817
    .0009952
    .0009774
    .0012080
    .0013106
    .0012174
    .0013755
    .0012824
    .0001384
   -.0015684
   -.0032136
   -.0047701
   -.0061510
   -.0068868
   -.0067100
   -.0062926
   -.0060666
   -.0058192
   -.0055210
   -.0052479
   -.0049445
   -.0046506
   -.0043474
   -.0040640
   -.0037623
   -.0034867
   -.0032175
   -.0028657
   -.0024324
   -.0017219
   -.0004679
    .0010230
    .0024425
    .0030952
    .0021923
    .0004057
   -.0013214
   -.0028142
   -.0036473
   -.0033166
   -.0025270
   -.0020070
   -.0015743
   -.0010458
   -.0005030
    .0000113
    .0005616
    .0011015
    .0016054
    .0020999
    .0026006
    .0031206
    .0036487
    .0041969
    .0048338
    .0056086
    .0064446
    .0072895
    .0081209
    .0089143
    .0092849
    .0087671
    .0078169
    .0069898
    .0063589
    .0058985
    .0055167
    .0051308
    .0047630
    .0044088
    .0040702
    .0037332
    .0034469
    .0032185
    .0032889
    .0040417
    .0051289
    .0060738
    .0066171
    .0066140
    .0063095
    .0054854
    .0035785
    .0009623
   -.0013857
   -.0022456
   -.0003350
    .0023405
    .0022273
   -.0014158
   -.0063701
   -.0109003
   -.0135146
   -.0126974
   -.0102913
   -.0081500
   -.0062529
   -.0044045
   -.0031398
   -.0029953
   -.0033570
   -.0036218
   -.0038022
   -.0039269
   -.0039396
   -.0039340
   -.0039173
   -.0038593
   -.0033815
   -.0020067
   -.0001498
    .0019561
    .0044134
    .0064465
    .0061169
    .0025125
   -.0023205
   -.0067094
   -.0088621
   -.0069681
   -.0035000
   -.0010523
   -.0002612
   -.0011843
   -.0026282
   -.0029815
   -.0012552
    .0011470
    .0028445
    .0033185
    .0022753
    .0001768
   -.0012214
   -.0013405
   -.0013165
   -.0008350
   -.0007283
   -.0002171
    .0038923
    .0092046
    .0111390
    .0072173
    .0002965
   -.0056479
   -.0075696
   -.0035496
    .0019057
    .0046329
    .0036582
    .0008873
   -.0015111
   -.0027256
   -.0022390
   -.0010036
    .0000810
    .0010664
    .0021392
    .0033387
    .0047864
    .0065176
    .0078989
    .0077027
    .0055723
    .0030555
    .0006044
   -.0003418
    .0023745
    .0063005
    .0066649
    .0035321
   -.0005150
   -.0038482
   -.0038857
   -.0021814
   -.0007342
    .0002977
    .0005212
   -.0007270
   -.0023904
   -.0040093
   -.0057760
   -.0083337
   -.0121624
   -.0158502
   -.0146000
   -.0058374
    .0047152
    .0104971
    .0078420
    .0015079
   -.0033317
   -.0038286
    .0019369
    .0091225
    .0125006
    .0116748
    .0095144
    .0078749
    .0071166
    .0076110
    .0085595
    .0091628
    .0093892
    .0090261
    .0081295
    .0072179
    .0066651
    .0066074
    .0069071
    .0072458
    .0063658
    .0042143
    .0021589
    .0000012
   -.0020289
   -.0041508
   -.0061874
   -.0081459
   -.0100218
   -.0118646
   -.0135967
   -.0152474
   -.0169066
   -.0185373
   -.0199828
   -.0199376
   -.0165165
   -.0113538
   -.0063033
   -.0015592
    .0025245
    .0024849
   -.0036152
   -.0116322
   -.0166107
   -.0160842
   -.0131362
   -.0107112
   -.0086226
   -.0065612
   -.0045764
   -.0026170
   -.0006861
    .0011736
    .0030413
    .0048049
    .0063783
    .0071471
    .0063816
    .0052002
    .0055603
    .0084465
    .0121143
    .0154449
    .0188033
    .0224033
    .0259438
    .0287790
    .0280814
    .0212231
    .0116987
    .0032761
   -.0018030
   -.0015894
    .0009472
    .0028840
    .0044158
    .0057031
    .0062154
    .0063593
    .0066986
    .0074712
    .0088066
    .0102793
    .0116498
    .0130601
    .0145641
    .0162582
    .0181814
    .0198515
    .0185588
    .0148756
    .0101541
    .0056132
    .0017228
   -.0024141
   -.0063032
   -.0093024
   -.0115406
   -.0118849
   -.0116002
   -.0119442
   -.0119194
   -.0121130
   -.0121996
   -.0120250
   -.0118218
   -.0120984
   -.0125922
   -.0122849
   -.0108270
   -.0060250
   -.0000964
    .0035800
    .0044226
    .0036310
    .0033065
    .0034011
    .0034216
    .0034023
    .0033908
    .0033478
    .0032175
    .0025375
    .0008472
   -.0012760
   -.0022747
   -.0006644
    .0021621
    .0044951
    .0050943
    .0029841
   -.0004038
   -.0035687
   -.0063641
   -.0073144
   -.0048644
   -.0010388
    .0022442
    .0053098
    .0084170
    .0105403
    .0106864
    .0098316
    .0090878
    .0084507
    .0077958
    .0071660
    .0065214
    .0058423
    .0052489
    .0050414
    .0046830
    .0039245
    .0041819
    .0050556
    .0053098
    .0002935
   -.0078693
   -.0138856
   -.0141197
   -.0084678
   -.0033981
    .0006854
    .0019967
   -.0013185
   -.0064639
   -.0111508
   -.0156489
   -.0200897
   -.0217929
   -.0179950
   -.0115312
   -.0050850
    .0016238
    .0081680
    .0114582
    .0099280
    .0073918
    .0089832
    .0169566
    .0262961
    .0294513
    .0248953
    .0175961
    .0113505
    .0073552
    .0058061
    .0050930
    .0038048
    .0023021
    .0010624
    .0000114
   -.0010381
   -.0021690
   -.0025149
   -.0007546
    .0020852
    .0047444
    .0072259
    .0095641
    .0109099
    .0107195
    .0098882
    .0088491
    .0069155
    .0045146
    .0035057
    .0054551
    .0081156
    .0068116
    .0003362
   -.0070202
   -.0142864
   -.0187227
   -.0167940
   -.0122111
   -.0100322
   -.0112335
   -.0134615
   -.0153222
   -.0173475
   -.0201157
   -.0238754
   -.0251052
   -.0198626
   -.0112991
   -.0035842
    .0030985
    .0055959
    .0014393
   -.0044072
   -.0067992
   -.0034947
    .0021019
    .0056846
    .0061460
    .0055425
    .0051749
    .0048551
    .0044156
    .0040750
    .0040101
    .0074297
    .0172787
    .0287887
    .0338874
    .0296777
    .0223459
    .0156887
    .0087513
    .0014314
   -.0032483
   -.0028074
    .0000691
    .0026085
    .0047963
    .0068935
    .0087928
    .0101873
    .0109057
    .0112639
    .0115657
    .0106884
    .0070841
    .0022102
   -.0022035
   -.0057516
   -.0083099
   -.0104376
   -.0129884
   -.0157101
   -.0179047
   -.0153606
   -.0040024
    .0098565
    .0154245
    .0079154
   -.0057889
   -.0232087
   -.0387355
   -.0439792
   -.0403198
   -.0306846
   -.0192006
   -.0103978
   -.0055748
   -.0020021
    .0018623
    .0052819
    .0083402
    .0109625
    .0113210
    .0064161
   -.0010855
   -.0076007
   -.0093627
   -.0038217
    .0084334
    .0263177
    .0452892
    .0573111
    .0565390
    .0421813
    .0117776
   -.0243327
   -.0524397
   -.0677382
   -.0735135
   -.0691143
   -.0604146
   -.0528888
   -.0475202
   -.0443859
   -.0426095
   -.0408451
   -.0379900
   -.0304357
   -.0159385
    .0004062
    .0148868
    .0247078
    .0259141
    .0231208
    .0215518
    .0229177
    .0286704
    .0365399
    .0435740
    .0463298
    .0416353
    .0336693
    .0268217
    .0202731
    .0127319
    .0028473
   -.0102032
   -.0186459
   -.0165542
   -.0107791
   -.0065050
   -.0024483
    .0018750
    .0028431
   -.0032527
   -.0126030
   -.0205819
   -.0244295
   -.0222259
   -.0175591
   -.0122617
   -.0039016
    .0063778
    .0163327
    .0248262
    .0272209
    .0206969
    .0116701
    .0066634
    .0083096
    .0117570
    .0136162
    .0136459
    .0124177
    .0108718
    .0111147
    .0143307
    .0180786
    .0143141
    .0001446
   -.0189168
   -.0319044
   -.0324175
   -.0295959
   -.0335261
   -.0443521
   -.0555956
   -.0596916
   -.0486450
   -.0298108
   -.0145979
   -.0045705
   -.0012443
   -.0078493
   -.0167476
   -.0167367
   -.0034265
    .0146376
    .0248253
    .0200459
    .0059242
   -.0129392
   -.0262509
   -.0253175
   -.0175670
   -.0119972
   -.0135870
   -.0275715
   -.0473298
   -.0656583
   -.0806482
   -.0904971
   -.0889189
   -.0701174
   -.0438698
   -.0189774
    .0053247
    .0296131
    .0488489
    .0584063
    .0566748
    .0398018
    .0170850
   -.0021326
   -.0120737
   -.0096972
   -.0026033
    .0033756
    .0036277
   -.0074231
   -.0200989
   -.0230369
   -.0166834
   -.0012131
    .0191616
    .0417310
    .0674702
    .0872439
    .0865502
    .0650740
    .0384933
    .0158907
    .0053706
    .0164331
    .0367951
    .0524822
    .0569590
    .0457103
    .0253199
    .0014619
   -.0172238
   -.0258167
   -.0312752
   -.0390446
   -.0460162
   -.0472324
   -.0373229
   -.0195129
   -.0099548
   -.0117347
   -.0160813
   -.0210050
   -.0155532
    .0094825
    .0424260
    .0668231
    .0772132
    .0772082
    .0664843
    .0484390
    .0267902
    .0055667
   -.0063579
   -.0023601
    .0096228
    .0234271
    .0379903
    .0518692
    .0582651
    .0496452
    .0315105
    .0098064
   -.0054191
   -.0057896
    .0088011
    .0391713
    .0743675
    .0997996
    .1085193
    .1046051
    .0894426
    .0706320
    .0570559
    .0511661
    .0477562
    .0434469
    .0381659
    .0286524
    .0095720
   -.0140000
   -.0357083
   -.0504824
   -.0536650
   -.0438110
   -.0200964
    .0061993
    .0192618
    .0110400
   -.0065042
   -.0194844
   -.0212866
   -.0118408
    .0014478
    .0079584
    .0026291
   -.0101680
   -.0291270
   -.0467220
   -.0530341
   -.0530774
   -.0576454
   -.0642353
   -.0676357
   -.0626645
   -.0442355
   -.0202405
    .0009509
    .0136708
    .0123947
    .0020497
   -.0127870
   -.0285905
   -.0414637
   -.0506977
   -.0601711
   -.0720718
   -.0894608
   -.1054557
   -.1099331
   -.1043785
   -.0899133
   -.0715920
   -.0541265
   -.0391104
   -.0312240
   -.0304718
   -.0299211
   -.0233506
   -.0095944
    .0055770
    .0192476
    .0290353
    .0314070
    .0298724
    .0291181
    .0297342
    .0360246
    .0516635
    .0709653
    .0860096
    .0923607
    .0895197
    .0741825
    .0533718
    .0353959
    .0291397
    .0394709
    .0547724
    .0604216
    .0480474
    .0273624
    .0081019
   -.0102861
   -.0281371
   -.0412649
   -.0468065
   -.0430573
   -.0262304
    .0007449
    .0336183
    .0597092
    .0655459
    .0510191
    .0301019
    .0123139
   -.0034650
   -.0147973
   -.0169972
   -.0158978
   -.0162679
   -.0171943
   -.0171829
   -.0168330
   -.0120294
    .0040861
    .0260782
    .0393505
    .0296116
   -.0006334
   -.0344275
   -.0569635
   -.0613618
   -.0574199
   -.0531339
   -.0461879
   -.0375671
   -.0299963
   -.0243304
   -.0227039
   -.0231360
   -.0222663
   -.0145009
    .0015233
    .0194021
    .0305473
    .0276829
    .0133725
   -.0105296
   -.0355409
   -.0577746
   -.0698369
   -.0702929
   -.0614241
   -.0440419
   -.0147145
    .0117737
    .0455501
    .0612208
    .0528922
    .0320608
    .0056368
   -.0118915
   -.0203278
   -.0169422
   -.0075539
    .0263740
    .0266238
    .0062176
   -.0243615
   -.0533522
   -.0599863
   -.0589166
   -.0559300
   -.0530893
   -.0526679
   -.0551823
   -.0502771
   -.0457326
   -.0366416
   -.0287498
   -.0140693
   -.0017742
    .0048240
    .0027125
   -.0034351
   -.0053971
   -.0028468
   -.0073128
   -.0003961
    .0037422
    .0082002
    .0059564
    .0048267
    .0055956
    .0257458
    .0517467
    .0640124
    .0729335
    .0817296
    .0796158
    .0769193
    .0494261
    .0061650
   -.0429069
   -.0810310
   -.1161889
   -.1243990
   -.0940079
   -.0415853
    .0188582
    .0580989
    .0557614
    .0292541
   -.0161612
   -.0656676
   -.0905686
   -.1226321
   -.1381388
   -.1349203
   -.1111850
   -.0600137
   -.0291314
   -.0026549
    .0187037
    .0236812
    .0141218
    .0066058
    .0173459
    .0283575
    .0205706
    .0307807
    .0458485
    .0639961
    .0879154
    .1135932
    .1136661
    .1013337
    .0618849
    .0114002
   -.0190301
   -.0269171
   -.0279349
   -.0244698
   -.0048494
    .0252725
    .0461505
    .0497801
    .0292842
   -.0012380
   -.0305574
   -.0452768
   -.0388393
   -.0154021
    .0119507
    .0368089
    .0662873
    .0962366
    .0924994
    .0627325
    .0314832
   -.0080131
   -.0827149
   -.1023085
   -.1138617
   -.0969223
    .0082193
    .0981789
    .1278900
    .1436012
    .1472373
    .1117108
    .0678311
    .0083700
   -.0533502
   -.0628314
    .0244210
    .0333753
    .0385943
    .0386054
    .0342966
    .0172242
   -.0002767
   -.0389964
   -.0754021
   -.0826157
   -.0490742
   -.0045649
    .0439832
    .0886572
    .1142563
    .1091137
    .0620812
   -.0033042
   -.0544964
   -.0907058
   -.0823721
   -.0532594
   -.0137122
    .0108640
    .0258955
   -.0067651
   -.0294539
   -.0809030
   -.0708636
   -.0259594
    .0417098
    .1090856
    .1278590
    .1241929
    .1017533
    .0603481
    .0032253
   -.0390337
   -.0594470
   -.0437582
   -.0168648
    .0417392
    .0683774
    .0694259
    .0613251
    .0491215
    .0222113
    .0137322
   -.0346190
   -.0436683
   -.0482673
   -.0422844
   -.0201142
    .0099199
    .0336268
    .0446108
    .0377906
    .0222599
    .0102887
   -.0235317
   -.0519363
   -.0735330
   -.0867579
   -.0860009
   -.0703861
   -.0294090
    .0121263
    .0144948
    .0152585
    .0056957
   -.0038227
   -.0128133
   -.0185269
   -.0137695
    .0023288
    .0162234
    .0456342
    .0594666
    .0604486
    .0286967
    .0039242
   -.0221189
   -.0311882
   -.0250846
   -.0116419
    .0142002
    .0481133
    .0668188
    .0841072
    .0798679
    .0731664
    .0600446
    .0456278
    .0099367
   -.0208825
   -.0329709
   -.0306646
   -.0279549
   -.0028231
    .0112695
    .0194027
    .0137891
   -.0021534
   -.0441953
   -.0870564
   -.0679248
   -.0402863
   -.0055077
    .0246556
    .0372052
    .0352667
    .0283005
   -.0037426
   -.0263344
   -.0402508
   -.0407356
   -.0247207
    .0180450
    .0306678
    .0384623
    .0414160
    .0335624
    .0271033
    .0200336
    .0167086
    .0215123
    .0286347
    .0333660
    .0392529
    .0444677
    .0500086
    .0466131
    .0366927
    .0234072
    .0058019
   -.0178942
   -.0394303
   -.0442401
   -.0470725
   -.0287771
   -.0035119
    .0177522
    .0289419
    .0130273
   -.0102536
   -.0565358
   -.0693476
   -.0743324
   -.0524883
   -.0277157
    .0323823
    .0916014
    .0747580
    .0338156
   -.0094156
   -.1073876
   -.1664032
   -.1916308
   -.1734796
   -.0559388
    .0621940
    .1232086
    .1806221
    .1431925
    .0869551
   -.0220287
   -.0614041
   -.0906506
    .0121481
    .0584010
    .1339452
    .1170136
    .0494397
   -.0478839
   -.1151178
   -.1790308
   -.2223121
   -.2116875
   -.1946014
   -.1585771
   -.1074230
   -.0392860
    .0134979
    .0431710
    .0696392
    .0728053
    .0486069
    .0187575
   -.0045113
   -.0154559
   -.0215171
    .0042910
    .0453236
    .0813160
    .0972994
    .1056776
    .0988205
    .0763688
    .0526729
    .0303360
    .0224438
    .0466246
    .0817124
    .1028153
    .1218786
    .1187781
    .0833041
    .0376417
   -.0089225
   -.0631419
   -.0949652
   -.1300207
   -.1127563
   -.1035240
   -.0835420
   -.0625416
   -.0508502
   -.0492911
   -.0459395
   -.0373448
   -.0304190
   -.0265026
   -.0096274
    .0101286
    .0274653
    .0392447
    .0477000
    .0632283
    .0564851
    .0532352
    .0418241
    .0267121
    .0202638
    .0154219
    .0255845
    .0537456
    .0710837
    .0865417
    .0928643
    .0798245
    .0692779
    .0618017
    .0574149
    .0538398
    .0824675
    .1034080
    .1096943
    .1062864
    .0191484
   -.0684097
   -.1026646
   -.1292370
   -.1098883
   -.0706292
   -.0201950
    .0322572
    .0494563
    .0239485
    .0109954
   -.0167102
   -.0299014
   -.0123535
    .0336255
    .0683215
    .0849457
    .0790881
    .0234025
   -.0412477
   -.1077689
   -.1401157
   -.1323553
   -.1082307
   -.0672042
   -.0211600
    .0047609
    .0096681
   -.0033185
   -.0351936
   -.0468631
   -.0475657
   -.0178039
    .0065003
    .0486732
    .0878430
    .1274505
    .1284506
    .0880220
    .0538672
   -.0041948
   -.0591789
   -.1046530
   -.1154587
   -.1009616
   -.0741964
   -.0094843
    .0380194
    .0631996
    .0877397
    .0813757
    .0725034
    .0532964
    .0447616
    .0439518
    .0556759
    .0760806
    .0901175
    .0808259
    .0783194
    .0525734
    .0213462
   -.0120090
   -.0510576
   -.0755855
   -.0712614
   -.0442168
    .0080588
    .0423943
    .0707379
    .0896597
    .0766802
    .0361791
    .0023767
   -.0465787
   -.0492530
   -.0330770
    .0045010
    .0398982
    .0433384
    .0313890
    .0130659
   -.0061284
   -.0275512
   -.0500101
   -.0502304
   -.0299921
    .0044543
    .0252460
    .0703343
    .0882825
    .0938609
    .0686720
    .0453839
    .0085938
   -.0308327
   -.0601037
   -.0642272
   -.0688261
   -.0567487
   -.0360594
    .0049496
    .0350063
    .0343055
    .0146149
    .0013879
   -.0163236
   -.0306663
   -.0282412
   -.0239034
   -.0036411
    .0213090
    .0420041
    .0548376
    .0612821
    .0723997
    .0535342
    .0309590
    .0063259
   -.0228163
   -.0307830
   -.0235079
   -.0084265
    .0042180
    .0109944
    .0047217
   -.0143813
   -.0395521
   -.0579766
   -.0775596
   -.0988905
   -.1137667
   -.1180324
   -.1162927
   -.1124247
   -.1026328
   -.0896083
   -.0798349
   -.0752302
   -.0619581
   -.0474958
   -.0316028
   -.0188579
   -.0036822
    .0137690
    .0235894
    .0323115
    .0360253
    .0398415
    .0248613
    .0018681
   -.0236246
   -.0523259
   -.0727948
   -.0911637
   -.0915714
   -.0781006
   -.0734769
   -.0826646
   -.1030966
   -.1084507
   -.1316162
   -.1305213
   -.1078066
   -.0672994
    .0076735
    .1099754
    .1770370
    .1898148
    .1007448
    .0401742
   -.0326213
   -.0522444
   -.0350314
    .0478466
    .0794299
    .1351762
    .1583633
    .1998499
    .1899243
    .1834695
    .1564722
    .1382618
    .1326001
    .1189380
    .1029379
    .0776687
    .0328088
   -.0145316
   -.0599730
   -.1429622
   -.1844532
   -.2042058
   -.2098555
   -.1897904
   -.1163261
   -.0729152
   -.0151366
    .0237112
    .0569944
    .0818675
    .0956700
    .0797525
    .0483303
    .0321235
    .0152106
   -.0115662
   -.0374960
   -.0468452
   -.0449745
   -.0408111
   -.0571053
   -.0576171
   -.0580741
   -.0691575
   -.0848854
   -.0412907
   -.0139803
    .0050560
    .0245545
    .0264865
    .0138423
   -.0098685
   -.0400047
   -.1119617
   -.1716980
   -.1594884
   -.1663947
   -.1531823
   -.1150284
   -.1275852
   -.1506443
   -.1800911
   -.1601235
   -.1190525
   -.0207465
    .0684794
    .1569764
    .2255013
    .2621128
    .2593112
    .2389350
    .1449009
    .0581045
    .0088092
   -.0075327
    .0380234
    .0907227
    .0954104
    .1062398
    .1110724
    .0661785
   -.0226800
   -.0387655
   -.0364435
   -.0089220
    .0385585
    .1509672
    .2206619
    .3000357
    .2572347
    .1735468
    .0584519
   -.0565270
   -.1109675
   -.1393294
   -.1540806
   -.0135857
    .0034407
   -.0034698
   -.0354818
   -.0770610
   -.1203741
   -.1136952
   -.0964585
   -.0473893
    .0808160
    .1457891
    .1652779
    .1629648
    .1445172
    .1058675
    .0744340
    .0487439
    .0382695
    .0433326
    .0511300
    .0623838
    .0709239
    .0480544
    .0056730
   -.0194075
   -.0425865
   -.0516082
   -.0257178
    .0007914
    .0092431
    .0137009
    .0014670
   -.0077602
   -.0460904
   -.0809182
   -.1076461
   -.1235020
   -.1146607
   -.0903682
   -.0375959
   -.0123708
    .0045935
    .0019407
   -.0175867
   -.0386564
   -.0460252
   -.0412184
   -.0378207
   -.0331384
    .0009825
    .0422095
    .0738690
    .0867875
    .1022965
    .1084797
    .1047599
    .0900437
    .0716143
    .0339052
    .0014321
   -.0127759
   -.0193556
   -.0334914
   -.0434440
   -.0502590
   -.0558220
   -.0575237
   -.0406319
   -.0189278
    .0056630
    .0200763
    .0389631
    .0585410
    .0685192
    .0676693
    .0622836
    .0425484
    .0014767
   -.0294599
   -.0738140
   -.0804978
   -.0586010
   -.0403226
   -.0176181
    .0415419
    .0901260
    .1025752
    .1141705
    .1273814
    .1257779
    .1375653
    .1405303
    .1461538
    .1281744
    .0471240
    .0165471
   -.0277541
   -.0541464
   -.0845781
   -.1162436
   -.1432040
   -.1343093
   -.1152125
   -.0920240
   -.0751424
   -.0702620
   -.0763323
   -.0829925
   -.0941999
   -.1188736
   -.1161242
   -.1069337
   -.0953315
   -.0855376
   -.0861162
   -.0702036
   -.0759647
   -.1044371
   -.1147724
   -.1841847
   -.1860692
   -.1677141
   -.1174781
   -.0435412
    .0107951
    .0938431
    .1731718
    .2055487
    .1874183
    .1462183
    .0879315
   -.0033107
   -.0134937
   -.0231313
   -.0040023
    .0370991
    .0549925
    .0432425
    .0060305
   -.0441357
   -.1083808
   -.1704570
   -.1988024
   -.1990178
   -.1816278
   -.1135542
   -.0680631
   -.0285108
   -.0276380
   -.0572707
   -.0862909
   -.1122979
   -.1019442
   -.0748149
   -.0344348
   -.0014089
    .0516857
    .0434174
    .0064502
   -.0228822
   -.0963581
   -.1240356
   -.0852757
   -.0140495
    .0604614
    .1326029
    .1684893
    .1972318
    .2031796
    .0919393
    .0763671
    .0982746
    .1552500
    .1888403
    .2617506
    .2575249
    .2243984
    .1619510
    .0879920
   -.0131848
   -.0903185
   -.0941313
   -.0027602
    .0372460
    .0856716
    .1104184
    .0877646
    .0822318
    .0313628
   -.0020521
   -.0451312
   -.0909110
   -.0506913
   -.0277806
    .0200688
    .0927322
    .0972999
    .0532970
    .0170440
   -.0757149
   -.1505799
   -.1942304
   -.1942720
   -.1304621
   -.0787739
    .0092306
    .0303251
    .0143184
   -.0241344
   -.0518878
   -.0639516
   -.0783226
   -.0890241
   -.0263135
    .0473546
    .1250433
    .1232161
    .0990305
    .0526026
    .0050286
   -.0524439
   -.0843925
   -.0770381
   -.0489942
   -.0185690
    .0196635
    .0432879
    .0483049
    .0093421
   -.0060831
   -.0134481
   -.0327656
   -.0367195
   -.0146222
   -.0050235
   -.0021556
   -.0068197
   -.0239519
   -.0385982
   -.0589704
   -.0921461
   -.1021131
   -.1032566
   -.0954469
   -.0838195
   -.0599776
   -.0410762
   -.0150824
    .0053776
    .0231937
    .0349099
    .0313937
    .0189974
    .0197394
    .0268375
    .0644601
    .0894555
    .1286135
    .1178206
    .0819962
    .0438247
    .0044527
   -.0641691
   -.0834308
   -.0775654
   -.0634885
   -.0117034
    .0348395
    .0779809
    .1139713
    .1167419
    .0979939
    .0358309
    .0129843
   -.0290598
   -.0386414
   -.0428594
   -.0389664
   -.0369184
   -.0299230
   -.0220370
   -.0311193
   -.0350308
   -.0347558
   -.0638177
   -.0841116
   -.0478536
   -.0404577
   -.0197588
    .0149455
    .0415527
    .0974595
    .1344640
    .0655628
   -.0151466
   -.0894536
   -.1653458
   -.1833565
   -.1765420
   -.1441488
   -.0861883
   -.0232160
    .0160184
    .0195897
    .0200056
    .0163923
   -.0288295
   -.0330977
   -.0105564
    .0020261
    .0569113
    .0559700
   -.0055080
   -.1065813
   -.1636207
   -.1717465
   -.1462985
   -.1119259
   -.0643256
   -.0142448
    .0090182
    .0247019
   -.0376430
   -.0577772
   -.0210133
    .0335507
    .0766529
    .1260305
    .1763594
    .2104645
    .2088515
    .1541342
    .0951978
    .0488865
    .0229771
    .0136517
    .0305086
    .0554081
    .0824828
    .1137472
    .1065135
    .0934884
    .0537407
    .0045132
   -.0518143
   -.0966179
   -.1067749
   -.0992025
   -.0837303
   -.0506355
    .0296248
    .0587170
    .0640355
    .0493116
    .0373789
    .0124957
   -.0409236
   -.0669332
   -.0624054
   -.0308346
   -.0192815
   -.0087648
   -.0104511
   -.0070516
   -.0146970
   -.0344165
   -.0582816
   -.0740890
   -.0711458
   -.0509713
   -.0389739
   -.0162911
   -.0094408
   -.0266769
   -.0557501
   -.0839928
   -.1028754
   -.1128154
   -.1135308
   -.0941526
   -.0787786
   -.0664145
   -.0494826
   -.0286053
   -.0227341
   -.0186669
   -.0218631
   -.0120680
    .0114603
    .0730118
    .1116531
    .1402280
    .1353775
    .1094688
    .0826559
    .0799179
    .0654316
    .0718710
    .1015679
    .1629162
    .1784029
    .1978673
    .2271516
    .2414367
    .2443672
    .2243661
    .2000998
    .1604937
    .1424609
    .0964063
    .0622591
    .0238748
    .0065491
   -.0088859
   -.0000090
    .0035500
    .0022553
   -.0119647
   -.0351660
   -.0655013
   -.0707793
   -.0753414
   -.0680866
   -.0576788
   -.0434814
   -.0278713
   -.0032892
    .0103794
    .0182123
    .0180576
    .0095153
    .0005366
   -.0057277
   -.0109001
   -.0184056
   -.0150665
   -.0099510
   -.0111018
   -.0152560
   -.0269139
   -.0387350
   -.0544474
   -.0535132
   -.0569376
   -.0552716
   -.0463452
   -.0355265
   -.0257340
   -.0178248
   -.0165777
   -.0205138
   -.0318995
   -.0494415
   -.0573857
   -.0465090
   -.0469740
   -.0491799
   -.0498218
   -.0516012
   -.0546279
   -.0774505
   -.0845811
   -.0915113
   -.0639096
   -.0415893
   -.0138119
    .0084361
    .0405722
    .0642380
    .0789659
    .0846790
    .0470088
    .0143431
   -.0201747
   -.0416439
   -.0418373
   -.0300847
   -.0153110
   -.0146631
   -.0008644
    .0220482
    .0410703
    .0513900
    .0558155
    .0460327
    .0426442
    .0382419
    .0375718
    .0351830
    .0319790
    .0484991
    .0611456
    .0729018
    .0610834
    .0349711
    .0167281
   -.0072029
   -.0162556
    .0263630
    .0646999
    .1061973
    .1342956
    .1349178
    .1057130
    .0903132
    .0674507
    .0501643
    .0365396
    .0234253
    .0054010
   -.0060173
   -.0238501
   -.0508118
   -.0803750
   -.1008715
   -.1128758
   -.1140253
   -.1036034
   -.0880734
   -.0723195
   -.0620952
   -.0468734
   -.0304779
   -.0147872
    .0006059
    .0198880
    .0498155
    .0765700
    .0999330
    .1136752
    .1196352
    .1167111
    .1066031
    .1030510
    .0933137
    .0788560
    .0678824
    .0631631
    .0584569
    .0575285
    .0343858
    .0055115
   -.0211984
   -.0490494
   -.0715007
   -.0803019
   -.0841531
   -.0859581
   -.0765810
   -.0687766
   -.0680025
   -.0682805
   -.0638627
   -.0601675
   -.0613095
   -.0557040
   -.0505843
   -.0410042
   -.0304757
   -.0189837
   -.0098421
   -.0073798
   -.0099222
   -.0125556
   -.0259458
   -.0445511
   -.0576929
   -.0587491
   -.0511736
   -.0357742
   -.0247945
   -.0092951
    .0004528
    .0115324
    .0209078
    .0112629
   -.0056588
   -.0206503
   -.0269434
   -.0220227
   -.0113492
    .0176622
    .0346350
    .0523738
    .0660288
    .0721849
    .0567147
    .0397561
    .0299958
    .0309573
    .0429241
    .0574815
    .0766676
    .0916940
    .1052258
    .1164757
    .1251522
    .1339734
    .1345489
    .1324293
    .1236189
    .1153402
    .1030461
    .0892651
    .0801069
    .0664487
    .0373871
    .0133256
   -.0031714
   -.0157243
   -.0219042
   -.0280733
   -.0298758
   -.0290334
   -.0285434
   -.0317633
   -.0332239
   -.0433122
   -.0446480
   -.0521489
   -.0617354
   -.0660271
   -.0728247
   -.0692079
   -.0755113
   -.0728671
   -.0652354
   -.0626361
   -.0657251
   -.0611046
   -.0678730
   -.0557320
   -.0356008
   -.0126154
    .0135005
    .0304700
    .0529014
    .0634564
    .0552051
    .0354005
    .0033392
   -.0352230
   -.0511798
   -.0683864
   -.0638575
   -.0548152
   -.0291933
   -.0073259
    .0143644
    .0194614
    .0212415
    .0023946
   -.0030975
    .0025855
    .0084010
    .0227193
    .0488240
    .0754895
    .0830199
    .0678577
    .0435505
    .0275035
    .0164904
    .0153581
    .0221475
    .0321994
    .0458403
    .0524095
    .0616774
    .0740614
    .0802881
    .0772300
    .0734373
    .0770698
    .0714646
    .0637799
    .0576367
    .0516035
    .0423461
    .0291220
    .0157721
   -.0110132
   -.0330794
   -.0585512
   -.0785388
   -.0865461
   -.0881248
   -.0840173
   -.0790995
   -.0623071
   -.0202893
    .0097288
    .0265442
    .0223888
    .0214972
    .0117974
   -.0044316
   -.0094555
   -.0073244
    .0052616
    .0181581
    .0272118
    .0321061
    .0222696
   -.0215168
   -.0274878
   -.0173698
   -.0060624
    .0041860
    .0246857
    .0485307
    .0576540
    .0601052
    .0435746
    .0146485
   -.0084320
   -.0336184
   -.0468146
   -.0533464
   -.0484527
   -.0156300
   -.0014918
    .0067787
    .0040804
   -.0157363
   -.0359850
   -.0470777
   -.0582598
   -.0689101
   -.0687371
   -.0413718
   -.0174183
   -.0042682
    .0136742
    .0184518
    .0072068
   -.0226022
   -.0522928
   -.0747376
   -.0978399
   -.1131513
   -.1015783
   -.0770011
   -.0566720
   -.0522244
   -.0535120
   -.0585883
   -.0602401
   -.0542354
   -.0480718
   -.0404848
   -.0309210
   -.0160728
   -.0009764
    .0086837
    .0173662
    .0243384
    .0257392
    .0302339
    .0238726
    .0235520
    .0206521
    .0220340
    .0265145
    .0321244
    .0425386
    .0517825
    .0620593
    .0689297
    .0823247
    .0775183
    .0667473
    .0557884
    .0421844
    .0353188
    .0257586
    .0189879
    .0184186
    .0048573
   -.0066061
   -.0117397
   -.0155776
   -.0198706
   -.0244018
   -.0323593
   -.0402397
   -.0244118
   -.0100478
    .0028779
    .0064543
    .0127074
    .0177427
    .0214480
    .0194641
    .0082832
    .0022407
   -.0076939
   -.0137809
   -.0216389
   -.0332018
   -.0326615
   -.0395365
   -.0459091
   -.0549467
   -.0599253
   -.0596702
   -.0587041
   -.0376248
   -.0151513
    .0172018
    .0424871
    .0549965
    .0532546
    .0450574
    .0326819
    .0135898
   -.0062707
    .0030006
    .0116972
    .0221323
    .0026429
   -.0141639
   -.0509396
   -.0608200
   -.0671667
   -.0479587
   -.0347101
   -.0110678
    .0279062
    .0446418
    .0621484
    .0643021
    .0468665
    .0241865
    .0082027
   -.0057682
   -.0148342
   -.0085249
    .0040004
   -.0050844
   -.0221018
   -.0370001
   -.0628153
   -.0684537
   -.0725875
   -.0708058
   -.0610027
   -.0502178
   -.0413498
   -.0195022
   -.0135955
   -.0034296
    .0008484
    .0029528
   -.0009404
   -.0069090
   -.0173888
   -.0264720
   -.0372686
   -.0521075
   -.0531000
   -.0580982
   -.0670102
   -.0492323
   -.0406126
   -.0458372
   -.0583457
   -.0689538
   -.0677685
   -.0543538
   -.0439301
   -.0140523
    .0012253
    .0352570
    .0516760
    .0562984
    .0407608
    .0067988
   -.0179804
   -.0537660
   -.0359283
   -.0125917
    .0255941
    .0663276
    .0786138
    .0712580
    .0727665
    .0679076
    .0636006
    .0734551
    .0991837
    .1241505
    .1481993
    .1635081
    .1634864
    .1465793
    .1203561
    .0791019
    .0577299
    .0254605
    .0042381
    .0005871
   -.0033734
   -.0204724
   -.0266827
   -.0401124
   -.0593189
   -.0779617
   -.0824279
   -.1036839
   -.1077597
   -.1056430
   -.0847054
   -.0600072
   -.0513076
   -.0376950
   -.0302427
   -.0440185
   -.0656137
   -.0873099
   -.0963219
   -.1122287
   -.1120171
   -.0976734
   -.0460439
   -.0057648
    .0134426
    .0217138
    .0294970
    .0339870
    .0141402
    .0132650
    .0228089
    .0463719
    .0571323
    .0645063
    .0651866
    .0498633
    .0212019
   -.0046531
   -.0384498
   -.0660207
   -.0850239
   -.1038205
   -.1143208
   -.1130677
   -.1144972
   -.1123854
   -.1149718
   -.1169842
   -.1186700
   -.1231120
   -.1096625
   -.0969756
   -.0791019
   -.0581923
   -.0434881
   -.0268331
   -.0111194
   -.0010158
    .0045298
    .0057250
   -.0058233
   -.0064922
   -.0013419
    .0086835
    .0194830
    .0296179
    .0301320
    .0175713
    .0063341
   -.0022181
   -.0075415
   -.0169309
   -.0104362
    .0038764
    .0183134
    .0322294
    .0332932
    .0080970
   -.0194400
   -.0474858
   -.0550968
   -.0551842
   -.0447137
   -.0329555
   -.0183781
    .0012544
    .0177867
    .0187764
    .0174293
    .0220452
    .0283856
    .0436517
    .0664334
    .0785608
    .0745171
    .0663019
    .0458494
    .0327517
    .0121054
   -.0145018
   -.0339092
   -.0426972
   -.0468658
   -.0447281
   -.0324483
   -.0224431
   -.0092202
    .0062296
    .0248969
    .0391658
    .0553028
    .0666125
    .0789437
    .0992237
    .1089198
    .1043318
    .0832608
    .0775450
    .0681196
    .0332632
    .0071484
   -.0135081
   -.0405502
   -.0640032
   -.0797815
   -.0861404
   -.0845299
   -.0789376
   -.0633935
   -.0280334
   -.0075713
    .0274098
    .0295766
    .0318732
    .0167208
    .0130017
    .0090003
    .0093921
    .0034662
   -.0064924
   -.0107762
   -.0219556
   -.0411437
   -.0628312
   -.0771672
   -.0900465
   -.1027933
   -.1125766
   -.1144039
   -.0948943
   -.0750208
    .0248373
    .0474337
    .0616726
    .0626687
    .0515221
    .0410171
    .0355337
    .0119189
    .0167094
    .0161686
    .0125244
    .0250544
    .0271945
    .0156457
   -.0055158
   -.0120859
   -.0283396
   -.0289218
    .0052946
    .0589073
    .0937390
    .1291264
    .1193045
    .1000395
    .0724256
    .0398870
    .0326403
    .0435734
    .0743450
    .0837063
    .0784867
    .0580135
   -.0070743
   -.0486127
   -.0777561
   -.0890954
   -.0852707
   -.0641977
   -.0388352
   -.0014800
    .0242162
    .0459979
    .0537821
    .0509880
    .0181984
   -.0057560
   -.0152937
   -.0170381
   -.0084274
    .0047751
    .0134708
    .0201418
    .0205883
    .0190276
    .0141335
    .0001923
   -.0124116
   -.0132282
   -.0116700
   -.0020216
    .0089498
    .0219518
    .0312104
    .0326098
    .0332139
    .0339676
    .0287308
    .0201366
    .0163900
    .0184356
    .0165065
    .0151487
    .0124637
    .0084422
    .0045371
   -.0071297
   -.0155915
   -.0185295
   -.0151418
   -.0014885
    .0028334
    .0045851
    .0070963
    .0138848
    .0122466
    .0074699
    .0048405
    .0040672
    .0012054
   -.0035426
   -.0123964
   -.0246464
   -.0294545
   -.0347603
   -.0391177
   -.0407544
   -.0364127
   -.0301379
   -.0192632
   -.0022329
    .0165496
    .0287760
    .0321489
    .0298968
    .0278362
    .0273032
    .0301459
    .0344171
    .0359426
    .0311764
    .0214210
    .0149553
    .0150925
    .0199843
    .0268407
    .0337601
    .0388129
    .0414965
    .0427997
    .0445041
    .0463230
    .0470394
    .0454891
    .0403303
    .0307365
    .0165525
    .0004053
   -.0123424
   -.0218524
   -.0308986
   -.0388476
   -.0448322
   -.0496262
   -.0528061
   -.0524455
   -.0475904
   -.0377000
   -.0221897
   -.0046822
    .0086932
    .0156502
    .0137690
    .0051478
   -.0062953
   -.0194967
   -.0285444
   -.0248848
   -.0137872
   -.0008880
    .0128195
    .0259967
    .0356381
    .0391148
    .0363512
    .0250052
    .0091651
   -.0051676
   -.0164207
   -.0198578
   -.0111253
    .0012134
    .0094937
    .0139162
    .0135111
    .0055792
   -.0061847
   -.0173742
   -.0275641
   -.0367857
   -.0443680
   -.0496530
   -.0518386
   -.0503810
   -.0449831
   -.0371142
   -.0299632
   -.0278583
   -.0299486
   -.0335193
   -.0384669
   -.0445650
   -.0484634
   -.0449126
   -.0335540
   -.0198971
   -.0093337
    .0020234
    .0150207
    .0286471
    .0479447
    .0657074
    .0766096
    .0766545
    .0707414
    .0644302
    .0554579
    .0441721
    .0338589
    .0261835
    .0184758
    .0096014
    .0014470
   -.0055868
   -.0113185
   -.0153075
   -.0169935
   -.0158776
   -.0106881
   -.0007724
    .0101515
    .0156732
    .0163517
    .0149001
    .0102429
    .0012315
   -.0073685
   -.0072196
   -.0003637
    .0072050
    .0153605
    .0214436
    .0198337
    .0143276
    .0106736
    .0075495
    .0042033
    .0015806
   -.0002190
    .0005867
    .0069679
    .0157881
    .0244857
    .0352386
    .0460278
    .0513730
    .0474359
    .0379159
    .0274204
    .0168056
    .0072324
    .0007033
   -.0036936
   -.0059033
   -.0031490
    .0034414
    .0114684
    .0204254
    .0299446
    .0346277
    .0269358
    .0108386
   -.0068709
   -.0195634
   -.0187862
   -.0080941
    .0087764
    .0249880
    .0317496
    .0283977
    .0144162
   -.0064394
   -.0264459
   -.0400215
   -.0467296
   -.0440626
   -.0349643
   -.0238606
   -.0108182
    .0008081
    .0053285
    .0032870
   -.0069900
   -.0218954
   -.0353575
   -.0434760
   -.0427510
   -.0376066
   -.0319285
   -.0227163
   -.0111159
   -.0004026
    .0088133
    .0166942
    .0229512
    .0273308
    .0296461
    .0281169
    .0197217
    .0064147
   -.0085814
   -.0246194
   -.0411567
   -.0565031
   -.0657847
   -.0630182
   -.0517958
   -.0367485
   -.0203132
   -.0073522
   -.0000795
   -.0018763
   -.0103601
   -.0209537
   -.0296978
   -.0317259
   -.0273835
   -.0162244
   -.0030239
    .0100416
    .0194551
    .0154451
    .0013917
   -.0133814
   -.0264074
   -.0358461
   -.0392300
   -.0398161
   -.0406344
   -.0408769
   -.0402768
   -.0394175
   -.0384807
   -.0372666
   -.0358347
   -.0342323
   -.0325053
   -.0306271
   -.0286159
   -.0263898
   -.0238832
   -.0208339
   -.0160946
   -.0099969
   -.0037787
    .0016244
    .0056212
    .0090982
    .0125109
    .0157518
    .0168689
    .0134296
    .0074780
    .0015367
   -.0042700
   -.0085596
   -.0087482
   -.0068112
   -.0055696
   -.0048014
   -.0034031
    .0000933
    .0050642
    .0099557
    .0122365
    .0092142
    .0042126
    .0007459
   -.0024724
   -.0065847
   -.0083878
   -.0036325
    .0057961
    .0132056
    .0143393
    .0151270
    .0191696
    .0233894
    .0267490
    .0292996
    .0318335
    .0365049
    .0425072
    .0479901
    .0528112
    .0566856
    .0594811
    .0621562
    .0644350
    .0648037
    .0637872
    .0592885
    .0519778
    .0423806
    .0289231
    .0157030
    .0058894
   -.0035921
   -.0125218
   -.0189674
   -.0198086
   -.0152679
   -.0094344
   -.0046355
   -.0032140
   -.0038021
   -.0041897
   -.0061478
   -.0086753
   -.0079257
   -.0073669
   -.0106441
   -.0173746
   -.0240124
   -.0273478
   -.0269606
   -.0231649
   -.0185005
   -.0145083
   -.0107794
   -.0062666
   -.0021847
    .0015086
    .0062100
    .0107998
    .0122101
    .0102306
    .0067611
    .0009056
   -.0060910
   -.0088857
   -.0066557
   -.0012790
    .0066838
    .0149192
    .0192499
    .0201327
    .0196742
    .0169238
    .0108437
    .0011232
   -.0084070
   -.0109420
   -.0096605
   -.0106904
   -.0143288
   -.0182050
   -.0251249
   -.0370421
   -.0458526
   -.0457024
   -.0384349
   -.0273505
   -.0143694
   -.0010491
    .0108051
    .0167856
    .0160752
    .0134367
    .0107158
    .0062168
    .0042713
    .0048744
    .0053896
    .0058031
    .0064246
    .0047857
   -.0007603
   -.0073502
   -.0126560
   -.0124241
   -.0068589
    .0005512
    .0064517
    .0075304
    .0064348
    .0059674
    .0053707
    .0036979
    .0025905
    .0049062
    .0095458
    .0140344
    .0181457
    .0221644
    .0260379
    .0297228
    .0332207
    .0364824
    .0394163
    .0420390
    .0443189
    .0462755
    .0478266
    .0489355
    .0489745
    .0468657
    .0430951
    .0384824
    .0331398
    .0269461
    .0198089
    .0119914
    .0040143
   -.0026463
   -.0062313
   -.0078771
   -.0089969
   -.0083242
   -.0034560
    .0045935
    .0135653
    .0203849
    .0213842
    .0192383
    .0178124
    .0168042
    .0153557
    .0135663
    .0115384
    .0090759
    .0059760
    .0022464
   -.0022813
   -.0048406
   -.0020755
    .0024880
    .0048154
    .0051225
    .0043816
    .0028162
   -.0014062
   -.0110616
   -.0230369
   -.0334329
   -.0417680
   -.0476997
   -.0488347
   -.0425781
   -.0306430
   -.0161242
   -.0027355
    .0043158
    .0063071
    .0057605
    .0012535
   -.0068514
   -.0139440
   -.0137982
   -.0082652
   -.0017631
    .0060328
    .0160908
    .0281700
    .0385833
    .0406956
    .0359446
    .0288529
    .0198869
    .0086245
   -.0008763
   -.0039123
   -.0038858
   -.0025210
   -.0005718
    .0005237
   -.0028726
   -.0147794
   -.0296350
   -.0412185
   -.0496660
   -.0551494
   -.0565323
   -.0537344
   -.0471314
   -.0369307
   -.0247521
   -.0127246
   -.0027323
    .0036662
    .0076414
    .0095054
    .0077459
    .0039299
    .0012804
    .0041890
    .0120749
    .0207206
    .0274357
    .0297438
    .0287614
    .0267198
    .0235545
    .0187012
    .0121719
    .0066255
    .0063213
    .0096334
    .0130769
    .0163087
    .0193634
    .0228545
    .0248577
    .0216351
    .0153451
    .0100521
    .0070928
    .0054089
    .0040533
    .0027856
    .0009649
   -.0019847
   -.0052640
   -.0083945
   -.0095493
   -.0057844
    .0008151
    .0073353
    .0135802
    .0195125
    .0219587
    .0178790
    .0106473
    .0038502
   -.0028148
   -.0070358
   -.0043836
    .0021269
    .0075415
    .0111665
    .0113003
    .0051736
   -.0042707
   -.0132103
   -.0210661
   -.0262997
   -.0259864
   -.0217086
   -.0162412
   -.0099488
   -.0035857
    .0004020
    .0008287
   -.0023127
   -.0074156
   -.0129318
   -.0170145
   -.0172423
   -.0151858
   -.0135195
   -.0121147
   -.0103489
   -.0084293
   -.0065436
   -.0046653
   -.0027268
   -.0007582
    .0012795
    .0034836
    .0061460
    .0096131
    .0134304
    .0174644
    .0198548
    .0179985
    .0137367
    .0096990
    .0059299
    .0020360
   -.0018641
   -.0035887
   -.0003239
    .0051688
    .0093782
    .0122353
    .0144874
    .0161053
    .0173032
    .0161112
    .0096790
    .0007557
   -.0070009
   -.0129866
   -.0157250
   -.0129023
   -.0067892
   -.0004618
    .0053249
    .0101575
    .0141883
    .0178040
    .0191083
    .0152418
    .0079517
    .0003340
   -.0047520
   -.0044392
   -.0012720
    .0018631
    .0054102
    .0098696
    .0131055
    .0124243
    .0097581
    .0079213
    .0070362
    .0067664
    .0072575
    .0082159
    .0092096
    .0102960
    .0112879
    .0129072
    .0163123
    .0200703
    .0225288
    .0235826
    .0234985
    .0223698
    .0203738
    .0176905
    .0144512
    .0103703
    .0042549
   -.0034693
   -.0100693
   -.0128416
   -.0126679
   -.0099839
   -.0057423
   -.0043327
   -.0052112
   -.0053301
   -.0049865
   -.0051850
   -.0044997
   -.0007756
    .0039986
    .0074064
    .0081472
    .0058117
    .0036623
    .0039829
    .0054551
    .0079465
    .0125384
    .0161685
    .0159338
    .0102848
    .0014688
   -.0068739
   -.0144831
   -.0213399
   -.0259165
   -.0269775
   -.0248565
   -.0241391
   -.0254895
   -.0256751
   -.0248876
   -.0242175
   -.0234933
   -.0227514
   -.0221396
   -.0206525
   -.0138806
   -.0009863
    .0149054
    .0289294
    .0360708
    .0381052
    .0376822
    .0334333
    .0274814
    .0269238
    .0301903
    .0321433
    .0341579
    .0365136
    .0355552
    .0279553
    .0171916
    .0073003
   -.0014186
   -.0090532
   -.0135016
   -.0123386
   -.0077832
   -.0029301
    .0016557
    .0039079
    .0007758
   -.0051640
   -.0105670
   -.0153488
   -.0198471
   -.0227777
   -.0224627
   -.0196707
   -.0159398
   -.0114748
   -.0062342
   -.0005735
    .0050732
    .0106621
    .0145206
    .0144751
    .0121473
    .0096449
    .0068652
    .0052539
    .0073550
    .0107719
    .0125959
    .0137959
    .0145866
    .0142715
    .0116391
    .0041626
   -.0068181
   -.0181661
   -.0279159
   -.0342320
   -.0378757
   -.0402045
   -.0407621
   -.0387093
   -.0336312
   -.0257499
   -.0178174
   -.0144507
   -.0138998
   -.0134529
   -.0149630
   -.0181904
   -.0187818
   -.0126586
   -.0037828
    .0034607
    .0099366
    .0130004
    .0102225
    .0091765
    .0137992
    .0223735
    .0313448
    .0326371
    .0287038
    .0242459
    .0225944
    .0259472
    .0299141
    .0315657
    .0296450
    .0241248
    .0153787
    .0059600
    .0010297
    .0005643
    .0027317
    .0058345
    .0051840
    .0016936
   -.0012709
   -.0039409
   -.0068224
   -.0080187
   -.0055604
   -.0015551
    .0015432
    .0038454
    .0058619
    .0074767
    .0070899
    .0034949
   -.0002149
   -.0015482
   -.0003432
    .0033371
    .0083874
    .0135382
    .0184030
    .0228514
    .0266394
    .0295444
    .0314658
    .0323400
    .0319416
    .0302820
    .0277712
    .0254596
    .0242664
    .0233041
    .0212451
    .0187883
    .0145404
    .0109098
    .0084084
    .0058586
    .0034005
    .0012533
   -.0009894
   -.0049892
   -.0107814
   -.0173260
   -.0237730
   -.0296357
   -.0341954
   -.0366521
   -.0364914
   -.0348295
   -.0338453
   -.0325487
   -.0293448
   -.0261742
   -.0232732
   -.0200213
   -.0167000
   -.0127107
   -.0059831
    .0025561
    .0108891
    .0176203
    .0210661
    .0213294
    .0191234
    .0142661
    .0084033
    .0045760
    .0009505
   -.0046601
   -.0087796
   -.0109344
   -.0124895
   -.0162899
   -.0252925
   -.0350691
   -.0411225
   -.0433004
   -.0422699
   -.0369555
   -.0268562
   -.0153820
   -.0069072
   -.0030088
   -.0005652
    .0025757
    .0058572
    .0088126
    .0115731
    .0140279
    .0157848
    .0165715
    .0161648
    .0143283
    .0123889
    .0129491
    .0151569
    .0167789
    .0175962
    .0179762
    .0179558
    .0175699
    .0169345
    .0161246
    .0152366
    .0142102
    .0132084
    .0116980
    .0084375
    .0039688
   -.0006353
   -.0051519
   -.0095779
   -.0137832
   -.0176729
   -.0211396
   -.0238651
   -.0242072
   -.0198794
   -.0119264
   -.0024724
    .0053999
    .0081791
    .0079263
    .0077458
    .0072527
    .0054541
    .0021157
   -.0003967
    .0022144
    .0083729
    .0143322
    .0195398
    .0238504
    .0275269
    .0286892
    .0247776
    .0188746
    .0144567
    .0115540
    .0117065
    .0173179
    .0246014
    .0292380
    .0309073
    .0302341
    .0265108
    .0196017
    .0110043
    .0016808
   -.0080857
   -.0174371
   -.0241849
   -.0264741
   -.0261267
   -.0239606
   -.0206212
   -.0200780
   -.0220411
   -.0233813
   -.0236856
   -.0235153
   -.0229033
   -.0218583
   -.0205431
   -.0189659
   -.0172547
   -.0154249
   -.0136708
   -.0119396
   -.0103924
   -.0085766
   -.0049091
   -.0006105
    .0023347
    .0027532
    .0002634
   -.0026969
   -.0044923
   -.0053490
   -.0054723
   -.0044410
   -.0022125
    .0010082
    .0052139
    .0093071
    .0118027
    .0120450
    .0100657
    .0063449
    .0014217
   -.0036521
   -.0063959
   -.0062868
   -.0044971
   -.0023322
   -.0021692
   -.0034643
   -.0045074
   -.0054160
   -.0066768
   -.0082493
   -.0102648
   -.0108806
   -.0071639
   -.0008686
    .0031088
    .0025649
    .0009223
    .0006723
    .0012333
    .0019555
    .0026797
    .0042494
    .0080436
    .0127245
    .0163807
    .0186860
    .0190852
    .0160255
    .0084158
   -.0014872
   -.0089241
   -.0130073
   -.0141753
   -.0132432
   -.0140273
   -.0158520
   -.0155880
   -.0136421
   -.0115949
   -.0088611
   -.0039794
    .0020740
    .0081557
    .0143406
    .0196222
    .0224412
    .0232427
    .0229478
    .0212504
    .0178517
    .0128812
    .0084575
    .0086193
    .0120337
    .0152375
    .0158874
    .0126333
    .0089225
    .0072094
    .0066226
    .0081676
    .0123123
    .0146282
    .0113539
    .0060716
    .0044637
    .0049370
    .0065037
    .0058768
    .0028523
   -.0008712
   -.0037303
   -.0053000
   -.0049676
   -.0032600
   -.0023129
   -.0020750
   -.0012471
    .0000123
    .0013954
    .0026946
    .0035830
    .0038657
    .0033425
    .0018511
   -.0009010
   -.0041353
   -.0058383
   -.0059832
   -.0051927
   -.0022299
    .0026288
    .0079561
    .0116523
    .0121798
    .0123134
    .0138064
    .0146456
    .0147790
    .0146128
    .0158971
    .0216257
    .0284940
    .0322939
    .0327264
    .0304790
    .0250997
    .0171258
    .0095778
    .0045449
    .0032648
    .0050609
    .0085621
    .0131726
    .0177152
    .0204678
    .0223730
    .0247313
    .0269952
    .0287292
    .0300361
    .0307382
    .0305752
    .0294189
    .0270728
    .0231776
    .0193085
    .0187453
    .0203815
    .0213959
    .0214454
    .0205516
    .0183460
    .0156350
    .0129847
    .0105777
    .0076626
    .0028359
   -.0025952
   -.0069154
   -.0101395
   -.0128088
   -.0148752
   -.0159029
   -.0152923
   -.0123425
   -.0086204
   -.0056976
   -.0038170
   -.0027880
   -.0017690
   -.0003940
    .0012128
    .0030298
    .0050003
    .0070184
    .0089454
    .0106872
    .0121359
    .0131575
    .0135937
    .0132031
    .0117598
    .0095238
    .0084555
    .0079134
    .0059268
    .0017566
   -.0037833
   -.0091111
   -.0131779
   -.0157931
   -.0181297
   -.0199261
   -.0210037
   -.0217591
   -.0221537
   -.0221930
   -.0217938
   -.0207359
   -.0196171
   -.0195360
   -.0200336
   -.0201114
   -.0193462
   -.0175021
   -.0145799
   -.0105869
   -.0061507
   -.0024189
    .0004390
    .0028090
    .0043844
    .0046837
    .0036384
    .0020533
    .0014766
    .0015844
    .0011615
    .0005242
    .0000462
   -.0001153
    .0005897
    .0019931
    .0037193
    .0057894
    .0067954
    .0048471
    .0013813
   -.0015811
   -.0038343
   -.0046367
   -.0028626
   -.0000755
    .0019356
    .0031339
    .0038260
    .0040394
    .0040566
    .0033893
    .0014351
   -.0004823
   -.0014623
   -.0017021
   -.0013212
   -.0001062
    .0008603
    .0019081
    .0022109
    .0017385
    .0009186
   -.0000911
   -.0012918
   -.0026832
   -.0042320
   -.0058475
   -.0070378
   -.0071526
   -.0063287
   -.0049704
   -.0031658
   -.0016655
   -.0017601
   -.0027059
   -.0034892
   -.0042989
   -.0055596
   -.0062585
   -.0060864
   -.0075970
   -.0121435
   -.0180046
   -.0244047
   -.0309846
   -.0319793
   -.0290725
   -.0248004
   -.0213973
   -.0195281
   -.0173166
   -.0146922
   -.0119904
   -.0094019
   -.0069823
   -.0049313
   -.0034199
   -.0026097
   -.0027317
   -.0038736
   -.0062189
   -.0085260
   -.0087577
   -.0074068
   -.0060493
   -.0045947
   -.0024577
    .0008262
    .0059223
    .0123082
    .0168452
    .0158110
    .0113307
    .0067926
    .0023440
   -.0022256
   -.0069911
   -.0099467
   -.0077036
   -.0022148
    .0031641
    .0082949
    .0136020
    .0187345
    .0213180
    .0188683
    .0146887
    .0122511
    .0111924
    .0104237
    .0094650
    .0082355
    .0093348
    .0154518
    .0230909
    .0283437
    .0310901
    .0304178
    .0243216
    .0150583
    .0068818
    .0019787
   -.0016923
   -.0056847
   -.0093336
   -.0119599
   -.0135183
   -.0140925
   -.0140691
   -.0135881
   -.0122311
   -.0103105
   -.0083925
   -.0067171
   -.0052973
   -.0041641
   -.0032738
   -.0031376
   -.0038993
   -.0046541
   -.0055802
   -.0066294
   -.0077003
   -.0083270
   -.0074740
   -.0047033
   -.0005420
    .0033862
    .0050244
    .0042496
    .0013441
   -.0028652
   -.0057867
   -.0073689
   -.0092957
   -.0113480
   -.0127298
   -.0130695
   -.0122122
   -.0100686
   -.0084524
   -.0098665
   -.0125663
   -.0141140
   -.0144975
   -.0139711
   -.0128734
   -.0106947
   -.0059526
    .0000673
    .0052408
    .0089735
    .0102056
    .0078709
    .0036540
   -.0006960
   -.0051908
   -.0089452
   -.0097332
   -.0081945
   -.0061637
   -.0039074
   -.0022069
   -.0025242
   -.0038236
   -.0046429
   -.0052069
   -.0057760
   -.0063119
   -.0067923
   -.0072915
   -.0079022
   -.0086477
   -.0090043
   -.0080468
   -.0062588
   -.0044473
   -.0036313
   -.0045494
   -.0055008
   -.0055108
   -.0045625
   -.0031210
   -.0016078
   -.0000479
    .0016498
    .0034475
    .0053067
    .0071824
    .0089825
    .0106430
    .0120195
    .0130698
    .0135578
    .0133977
    .0130944
    .0122227
    .0117818
    .0119722
    .0115654
    .0105286
    .0091512
    .0076314
    .0060947
    .0046708
    .0033828
    .0023552
    .0013885
    .0004218
   -.0004884
   -.0012152
   -.0016738
   -.0021676
   -.0036920
   -.0060750
   -.0091164
   -.0115305
   -.0122060
   -.0118986
   -.0127313
   -.0133374
   -.0099004
   -.0030628
    .0035808
    .0064450
    .0083537
    .0102530
    .0115704
    .0102938
    .0083875
    .0063899
    .0043057
    .0027275
    .0024952
    .0032331
    .0041905
    .0050843
    .0052994
    .0037160
   -.0004295
   -.0065704
   -.0131591
   -.0186575
   -.0233228
   -.0272667
   -.0291060
   -.0273735
   -.0246372
   -.0251434
   -.0239327
   -.0224352
   -.0183557
   -.0129780
   -.0069958
   -.0005971
    .0058571
    .0118502
    .0159039
    .0170740
    .0167220
    .0150681
    .0152273
    .0177809
    .0198005
    .0208821
    .0213610
    .0212761
    .0207472
    .0198298
    .0186703
    .0172343
    .0155764
    .0137769
    .0118660
    .0098664
    .0077726
    .0053530
    .0020576
   -.0020580
   -.0064381
   -.0102592
   -.0126274
   -.0139902
   -.0147043
   -.0145327
   -.0129153
   -.0108244
   -.0105434
   -.0106694
   -.0091151
   -.0063533
   -.0032128
   -.0000147
    .0036212
    .0085728
    .0138386
    .0177930
    .0195178
    .0183949
    .0149957
    .0101891
    .0051426
    .0028830
    .0042152
    .0075105
    .0112684
    .0132089
    .0138185
    .0148315
    .0159242
    .0162169
    .0148040
    .0119999
    .0086048
    .0063555
    .0074192
    .0101050
    .0121497
    .0136002
    .0148943
    .0159367
    .0169566
    .0165941
    .0126221
    .0064431
    .0004766
   -.0046616
   -.0077790
   -.0073958
   -.0049612
   -.0022343
    .0008168
    .0044802
    .0085743
    .0114467
    .0110668
    .0087313
    .0064026
    .0042321
    .0034559
    .0051152
    .0066543
    .0063274
    .0046836
    .0024543
   -.0002222
   -.0029722
   -.0054321
   -.0073051
   -.0084546
   -.0092174
   -.0103815
   -.0119714
   -.0136990
   -.0152167
   -.0161934
   -.0166007
   -.0163378
   -.0147969
   -.0125189
   -.0112204
   -.0102068
   -.0082563
   -.0058852
   -.0038670
   -.0015130
    .0023764
    .0066859
    .0096997
    .0108452
    .0104674
    .0094732
    .0083247
    .0070862
    .0057004
    .0042426
    .0028124
    .0014694
    .0004837
    .0001514
    .0001859
    .0001992
    .0001749
    .0002141
    .0002847
    .0003743
    .0005096
    .0007392
    .0010604
    .0014783
    .0020384
    .0026831
    .0034517
    .0039266
    .0033508
    .0021450
    .0009338
   -.0002388
   -.0013575
   -.0019355
   -.0014015
   -.0002639
    .0008537
    .0020155
    .0032765
    .0046003
    .0059492
    .0073065
    .0082071
    .0079808
    .0069609
    .0057592
    .0043872
    .0027552
    .0009688
   -.0004489
   -.0008506
   -.0007792
   -.0008696
   -.0009881
   -.0010582
   -.0010608
   -.0010104
   -.0009019
   -.0007824
   -.0005726
   -.0002393
    .0002157
    .0008585
    .0016521
    .0026505
    .0034531
    .0034101
    .0028546
    .0023087
    .0017556
    .0011023
    .0004486
   -.0002291
   -.0008610
   -.0013934
   -.0018396
   -.0022704
   -.0026954
   -.0030591
   -.0033509
   -.0036959
   -.0040867
   -.0044723
   -.0048202
   -.0050719
   -.0053394
   -.0055709
   -.0057093
   -.0058683
   -.0058856
   -.0053350
   -.0045245
   -.0039989
   -.0036275
   -.0033855
   -.0031722
   -.0030010
   -.0026928
   -.0022159
   -.0015047
   -.0007112
   -.0006629
   -.0015841
   -.0024591
   -.0026233
   -.0022329
   -.0017031
   -.0008844
   -.0000642
    .0007627
    .0013573
    .0017401
    .0017377
    .0020831
    .0021353
    .0020498
    .0021690
    .0026432
    .0032003
    .0037654
    .0041289
    .0042474
    .0040242
    .0037671
    .0033745
    .0028131
    .0021078
    .0013743
    .0006100
   -.0001819
   -.0009630
   -.0016656
   -.0023726
   -.0031110
   -.0038374
   -.0044842
   -.0049826
   -.0054105
   -.0059172
   -.0065713
   -.0073627
   -.0081721
   -.0089696
   -.0099656
   -.0112219
   -.0126936
   -.0142481
   -.0158245
   -.0168894
   -.0169121
   -.0157431
   -.0140334
   -.0126505
   -.0104417
   -.0065405
   -.0021397
    .0019124
    .0056717
    .0065107
    .0048171
    .0036698
    .0029962
    .0028710
    .0026601
    .0022993
    .0018381
    .0012311
    .0005048
   -.0003224
   -.0011671
   -.0019820
   -.0028060
   -.0036357
   -.0044214
   -.0051912
   -.0059476
   -.0066557
   -.0071574
   -.0075164
   -.0079169
   -.0084656
   -.0091453
   -.0099710
   -.0109094
   -.0118563
   -.0128554
   -.0138755
   -.0147071
   -.0150608
   -.0147671
   -.0136045
   -.0120847
   -.0099161
   -.0062231
   -.0006561
    .0058138
    .0089970
    .0108895
    .0120847
    .0122499
    .0107203
    .0101677
    .0106395
    .0116282
    .0122821
    .0126962
    .0128825
    .0126199
    .0116769
    .0099045
    .0073539
    .0045522
    .0025156
    .0011345
   -.0001783
   -.0012756
   -.0018283
   -.0016789
   -.0006861
    .0002474
   -.0004804
   -.0021473
   -.0033418
   -.0040411
   -.0044962
   -.0046628
   -.0046123
   -.0039234
   -.0018610
    .0010005
    .0037945
    .0063836
    .0087677
    .0108161
    .0124448
    .0132679
    .0127090
    .0111601
    .0090829
    .0064805
    .0035244
    .0010399
   -.0001130
   -.0007468
   -.0018259
   -.0031396
   -.0044260
   -.0056727
   -.0067981
   -.0076575
   -.0081852
   -.0083123
   -.0086489
   -.0099076
   -.0112099
   -.0116820
   -.0114680
   -.0108107
   -.0097282
   -.0083590
   -.0068568
   -.0053026
   -.0037923
   -.0024366
   -.0013457
   -.0006059
   -.0001634
    .0001341
    .0006264
    .0011671
    .0016044
    .0015583
    .0008538
    .0001954
   -.0006832
   -.0011036
   -.0013387
   -.0012668
   -.0010926
   -.0013268
   -.0015282
   -.0013753
   -.0011068
   -.0006781
   -.0000848
    .0006235
    .0014022
    .0022368
    .0030876
    .0039088
    .0046698
    .0053396
    .0058780
    .0062971
    .0066048
    .0067966
    .0068605
    .0067952
    .0066203
    .0063752
    .0060673
    .0056024
    .0051010
    .0049315
    .0050224
    .0051199
    .0051964
    .0052647
    .0053188
    .0053712
    .0054428
    .0055370
    .0056391
    .0057569
    .0058866
    .0060940
    .0063448
    .0066428
    .0067514
    .0062446
    .0053325
    .0044028
    .0035354
    .0027582
    .0020072
    .0012411
    .0004519
    .0000136
    .0004658
    .0014901
    .0026208
    .0038412
    .0051635
    .0060109
    .0056727
    .0047517
    .0040224
    .0034832
    .0029991
    .0025820
    .0022119
    .0021327
    .0027323
    .0037684
    .0048492
    .0059033
    .0069598
    .0080071
    .0090193
    .0099883
    .0108863
    .0117259
    .0124594
    .0130495
    .0132299
    .0126802
    .0116267
    .0103463
    .0088689
    .0072146
    .0054862
    .0042405
    .0041027
    .0045191
    .0048537
    .0052062
    .0057198
    .0063879
    .0066520
    .0056742
    .0040285
    .0025872
    .0014191
    .0004713
    .0000434
    .0003871
    .0011286
    .0018662
    .0026360
    .0034877
    .0043577
    .0052201
    .0060555
    .0068384
    .0075575
    .0081926
    .0086901
    .0090135
    .0090055
    .0082832
    .0070116
    .0056399
    .0049569
    .0050298
    .0047973
    .0043190
    .0035842
    .0027380
    .0018234
    .0010399
    .0006637
    .0005855
    .0004588
    .0002625
    .0001351
    .0000832
    .0000744
    .0000994
    .0001242
    .0001357
    .0001340
    .0001278
    .0001208
    .0001165
    .0001190
    .0001399
    .0001830
    .0003775
    .0009373
    .0017844
    .0027108
    .0033961
    .0034715
    .0032312
    .0030471
    .0028994
    .0025466
    .0021465
    .0022440
    .0027368
    .0032319
    .0036707
    .0040849
    .0044648
    .0046745
    .0045787
    .0043373
    .0040984
    .0038429
    .0035495
    .0032462
    .0029405
    .0026425
    .0023538
    .0020703
    .0017919
    .0015135
    .0012528
    .0010104
    .0009104
    .0011959
    .0017330
    .0022885
    .0027992
    .0031019
    .0030001
    .0027281
    .0025278
    .0023544
    .0021352
    .0019425
    .0018062
    .0016879
    .0015947
    .0015238
    .0014589
    .0013988
    .0013452
    .0013133
    .0012991
    .0013279
    .0014877
    .0017291
    .0019476
    .0021048
    .0021306
    .0019819
    .0018158
    .0017319
    .0016916
    .0016763
    .0016930
    .0017384
    .0018197
    .0019209
    .0020376
    .0021521
    .0022490
    .0022899
    .0022862
    .0022558
    .0022055
    .0021373
    .0020800
    .0020339
    .0019905
    .0019501
    .0019206
    .0018752
    .0018078
    .0017382
    .0016804
    .0016289
    .0016085
    .0016156
    .0016401
    .0016657
    .0016638
    .0016141
    .0015637
    .0015246
    .0014893
    .0014561
    .0014310
    .0014080
    .0013905
    .0013750
    .0013643
    .0013556
    .0013497
    .0013452
    .0013441
    .0013463
    .0013550
    .0013709
    .0013948
    .0014213
    .0014512
    .0014796
    .0015103
    .0015382
    .0015693
    .0015978
    .0016319
    .0016679
    .0017135
    .0017549
    .0017988
    .0018325
    .0018649
    .0018901
    .0019196
    .0019428
    .0019709
    .0019930
    .0020180
    .0020344
    .0020573
    .0020758
    .0021004
    .0021204
    .0021477
    .0021710
    .0022009
    .0022260
    .0022574
    .0022842
    .0023169
    .0023454
    .0023794
    .0024106
    .0024483
    .0024817
    .0025187
    .0025523
    .0025903
    .0026259
    .0026639
    .0026987
    .0027350
    .0027696
    .0028045
    .0028388
    .0028724
    .0029068
    .0029390
    .0029731
    .0030020
    .0030359
    .0030650
    .0031014
    .0031301
    .0031688
    .0031972
    .0032384
    .0032664
    .0033105
    .0033370
    .0033837
    .0034084
    .0034583
    .0034807
    .0035344
    .0035539
    .0036123
    .0036282
    .0036924
    .0037037
    .0037755
    .0037808
    .0038625
    .0038598
    .0039549
    .0039410
    .0040554
    .0040245
    .0041683
    .0041080
    .0042993
    .0041612
    .0044098
    .0040361
    .0048534