   -.532257E-05
   -.527957E-05
   -.526880E-05
   -.520293E-05
   -.532655E-05
   -.526976E-05
   -.533661E-05
   -.544770E-05
   -.531346E-05
   -.544803E-05
   -.518351E-05
   -.550914E-05
   -.573778E-05
   -.537767E-05
   -.554525E-05
   -.511146E-05
   -.608417E-05
   -.559708E-05
   -.526502E-05
   -.683112E-05
   -.461577E-05
   -.548295E-05
   -.454189E-05
   -.420039E-05
   -.740285E-05
   -.451582E-05
   -.559456E-05
   -.663281E-05
   -.387216E-05
   -.420062E-05
   -.642828E-05
   -.570350E-05
   -.674532E-05
   -.634368E-05
   -.229302E-05
   -.528929E-05
   -.528729E-05
   -.586558E-05
   -.486707E-05
   -.485343E-05
   -.952395E-05
   -.802708E-05
   -.501531E-05
   -.201776E-05
   -.521506E-05
   -.213103E-05
   -.788910E-06
   -.114423E-04
   -.277360E-05
   -.982078E-06
   -.108247E-04
   -.472360E-05
   -.728360E-05
   -.137600E-04
   -.114625E-04
   -.755706E-05
   -.592748E-05
   -.132967E-05
   -.409364E-05
   -.729120E-05
   -.990895E-06
   -.206454E-05
   -.655162E-05
   -.108936E-04
   -.724291E-05
   -.127876E-04
   -.797954E-05
    .240961E-05
   -.100107E-04
   -.496417E-05
   -.110547E-04
   -.128151E-04
   -.325848E-05
   -.615614E-05
    .791350E-05
    .118234E-05
   -.105825E-04
   -.593196E-05
    .596202E-05
   -.561532E-05
   -.304357E-04
   -.849190E-05
   -.212768E-04
   -.216306E-04
    .121064E-04
    .107995E-05
    .681702E-05
   -.181536E-04
   -.218853E-04
    .178626E-04
   -.591176E-05
    .104096E-05
    .137264E-04
   -.556125E-05
   -.135347E-04
   -.269552E-04
   -.803936E-05
   -.737885E-05
   -.173580E-04
   -.386420E-05
   -.807794E-05
   -.732082E-05
   -.890353E-05
    .792506E-05
    .140181E-04
   -.450493E-05
   -.183177E-04
   -.119340E-04
    .242218E-04
    .105211E-05
   -.267809E-04
   -.259143E-04
   -.218212E-04
    .717944E-05
   -.265671E-05
   -.167849E-05
    .308005E-05
    .746626E-05
    .132966E-04
   -.303837E-04
   -.272826E-04
    .722751E-05
   -.412559E-05
   -.124022E-04
    .704631E-05
    .250446E-04
    .268906E-06
   -.316533E-04
    .620859E-05
   -.441221E-05
   -.216635E-04
    .431628E-05
    .541514E-05
    .766380E-05
   -.150030E-04
    .190595E-04
   -.184758E-05
   -.446660E-04
    .312779E-04
   -.132869E-04
   -.271491E-04
    .388741E-04
    .713259E-06
    .828017E-05
   -.448782E-05
   -.165204E-04
   -.197144E-04
   -.163458E-04
    .213997E-04
   -.266266E-04
   -.725055E-05
    .345425E-04
   -.921121E-05
   -.185174E-04
    .310148E-04
    .206042E-05
   -.198349E-04
    .126633E-04
   -.343886E-05
   -.692583E-05
   -.125405E-04
   -.471952E-05
   -.971840E-05
   -.323358E-05
    .963218E-05
   -.707570E-05
   -.222361E-04
    .179455E-04
    .271620E-04
   -.163357E-04
    .191607E-04
   -.406683E-05
   -.307929E-04
   -.477630E-04
   -.225811E-04
    .158197E-04
   -.175565E-04
    .174347E-04
    .141085E-04
    .109667E-04
    .390567E-04
    .179355E-05
   -.205496E-04
   -.288955E-04
   -.186048E-04
   -.286135E-04
   -.252022E-04
    .372489E-04
   -.743152E-06
   -.406186E-04
   -.535579E-04
    .826766E-05
    .614363E-04
   -.109509E-04
    .733885E-05
   -.792448E-05
   -.457687E-04
   -.890541E-05
   -.495121E-05
   -.136657E-04
    .153064E-05
    .196773E-04
    .425657E-05
    .258600E-05
    .878670E-05
   -.375174E-04
   -.203400E-04
    .120936E-05
   -.274536E-04
   -.574224E-05
   -.518941E-04
    .529420E-05
    .351540E-04
   -.543279E-04
    .679735E-05
    .172654E-05
   -.101762E-04
    .120592E-04
   -.318791E-04
   -.116543E-04
   -.346983E-04
   -.310642E-04
    .737110E-05
    .404704E-05
    .126418E-04
   -.329171E-04
   -.944366E-05
   -.789401E-05
   -.459335E-05
    .271442E-04
    .529845E-05
    .513765E-05
   -.570244E-04
   -.109317E-04
   -.468923E-05
   -.490718E-04
    .333685E-04
   -.213255E-04
   -.224865E-04
    .682743E-04
   -.510256E-05
   -.247964E-04
    .461675E-04
    .184227E-04
   -.167985E-04
   -.868795E-05
    .120042E-04
   -.200631E-04
    .331610E-05
    .682980E-04
   -.105659E-05
   -.576401E-05
    .368503E-05
   -.226251E-04
    .141658E-04
    .510869E-05
   -.451647E-05
    .105789E-04
    .199372E-04
    .283366E-04
   -.948399E-05
   -.934913E-05
    .415577E-04
    .273822E-04
   -.135839E-04
   -.412985E-04
   -.225484E-04
    .543525E-05
    .508318E-06
   -.147191E-04
   -.376520E-04
   -.125914E-04
   -.539924E-05
    .418513E-05
    .254856E-04
    .680349E-05
    .169981E-04
    .475660E-05
    .784958E-05
    .147922E-04
    .145664E-04
    .158491E-04
    .369132E-05
    .273956E-04
   -.168368E-04
   -.468754E-04
   -.360344E-04
    .128681E-04
    .355808E-04
    .104502E-04
    .380646E-04
   -.869603E-05
   -.403867E-04
    .133242E-04
    .384224E-04
   -.241822E-04
   -.394954E-05
    .372484E-04
   -.941161E-05
   -.133516E-04
   -.379204E-04
    .942157E-05
   -.147861E-04
   -.344108E-04
    .382065E-04
    .500911E-05
    .328648E-05
   -.286823E-04
    .285360E-06
   -.278331E-04
   -.695208E-04
    .616283E-04
    .732090E-05
   -.133508E-04
    .489358E-05
   -.245975E-04
    .240923E-04
   -.655863E-05
    .305217E-05
   -.115067E-04
   -.606623E-04
    .187904E-04
    .318027E-04
   -.521158E-04
   -.148806E-04
    .256918E-04
    .165291E-04
    .829277E-05
    .264252E-04
    .139921E-04
   -.243646E-04
    .307230E-04
    .198174E-04
    .680684E-05
   -.157172E-04
   -.537009E-04
   -.462904E-05
   -.949615E-05
    .104768E-04
    .101475E-04
   -.186261E-04
    .164835E-04
   -.116943E-04
   -.201603E-05
   -.219597E-05
   -.451469E-04
   -.112770E-04
   -.200402E-04
   -.471316E-05
    .711757E-05
    .181316E-04
    .200996E-04
   -.493909E-04
   -.153800E-04
    .132548E-04
    .507621E-05
    .160375E-04
    .459505E-05
   -.226071E-04
   -.390830E-04
   -.686054E-05
    .161385E-04
   -.120201E-04
   -.134627E-04
    .414399E-04
    .734179E-05
   -.229650E-04
   -.124829E-04
   -.474118E-04
   -.134370E-04
    .294664E-04
   -.226928E-04
    .623363E-05
    .170590E-04
   -.348667E-04
   -.907226E-05
   -.345303E-04
    .486327E-05
    .454960E-05
   -.663013E-04
   -.114104E-04
    .203375E-04
   -.300987E-04
   -.665419E-05
    .178812E-04
   -.388708E-04
   -.201396E-04
   -.650592E-05
    .149803E-04
   -.207681E-05
   -.235231E-04
   -.296881E-06
   -.234276E-04
   -.200415E-04
   -.381402E-04
    .603658E-05
    .180093E-05
   -.180997E-04
   -.445679E-05
   -.132123E-04
   -.439546E-05
   -.274782E-04
   -.120681E-04
    .679848E-06
   -.288548E-04
   -.340618E-04
    .219171E-04
   -.509481E-04
   -.112223E-03
   -.322170E-04
   -.351311E-04
   -.196232E-04
   -.329977E-04
    .111957E-04
    .235657E-04
   -.164072E-04
    .703964E-04
   -.102159E-04
   -.385538E-04
    .230028E-04
   -.678245E-05
   -.234635E-04
   -.518103E-04
    .259595E-04
    .102848E-04
   -.454027E-04
    .218932E-04
   -.167073E-04
   -.164176E-04
    .671250E-05
   -.211855E-04
    .124075E-04
   -.379650E-04
   -.278359E-04
    .160673E-04
   -.175309E-04
    .375581E-04
    .289687E-04
   -.151149E-04
   -.165762E-04
   -.283402E-04
   -.224667E-04
   -.715540E-05
   -.234577E-05
    .159196E-04
   -.114174E-04
   -.263216E-04
    .327783E-04
    .219415E-04
    .240504E-04
   -.198493E-06
   -.971047E-05
   -.120893E-04
   -.286129E-04
    .505764E-05
   -.777003E-05
    .169769E-04
    .102855E-04
   -.152987E-04
   -.119498E-04
    .215768E-04
    .196041E-04
    .588135E-05
    .478805E-04
    .742485E-05
    .169426E-04
    .388391E-04
   -.539608E-05
    .129224E-04
   -.883450E-05
   -.550520E-05
    .262245E-04
   -.298458E-04
   -.358187E-04
   -.841209E-05
    .361984E-04
    .475376E-04
    .151284E-04
    .355685E-04
   -.793319E-06
   -.190410E-04
    .129074E-04
    .630222E-05
    .173006E-04
   -.148536E-04
   -.496677E-04
   -.339932E-04
    .694874E-05
    .385520E-04
    .221135E-05
   -.415491E-05
    .188711E-04
    .250956E-06
   -.331742E-04
   -.890064E-05
    .459901E-04
    .357542E-04
   -.686192E-05
   -.147397E-04
    .148061E-04
    .145006E-04
   -.159561E-04
   -.340870E-04
   -.217658E-04
    .253382E-04
   -.534198E-05
   -.322918E-04
    .237179E-04
    .519221E-04
    .424353E-05
   -.323850E-04
   -.897231E-05
    .141062E-04
    .301477E-06
   -.458506E-04
    .199476E-04
    .488818E-04
   -.264970E-04
   -.166497E-04
   -.396344E-04
   -.375282E-04
    .973693E-05
    .156506E-05
   -.191814E-04
   -.133946E-04
    .655690E-05
   -.390538E-05
   -.758607E-06
   -.421762E-04
   -.248839E-04
    .285633E-04
    .350257E-05
    .978496E-05
   -.103062E-04
   -.157528E-04
   -.689624E-05
    .353487E-05
    .495087E-04
   -.134090E-05
   -.179431E-04
    .155665E-04
   -.109542E-04
   -.331334E-04
   -.422835E-04
    .178612E-04
    .277974E-04
    .917450E-05
    .392000E-04
    .520333E-05
   -.266999E-04
   -.502746E-04
   -.329608E-04
   -.119779E-04
   -.102617E-04
   -.157890E-04
   -.489966E-04
   -.141836E-04
    .185080E-04
    .341358E-04
   -.378629E-05
   -.466159E-04
   -.314840E-05
   -.246876E-04
    .270299E-05
    .406850E-05
   -.731169E-04
   -.419947E-04
   -.368152E-04
   -.244067E-04
    .604316E-05
    .909990E-05
   -.228953E-04
   -.256839E-04
    .341727E-04
   -.275473E-04
    .158938E-04
    .775504E-04
    .193210E-04
    .786948E-06
   -.206931E-04
    .161421E-04
   -.359238E-04
   -.782611E-04
    .244261E-04
   -.786733E-05
   -.243385E-04
    .379063E-04
    .182345E-04
   -.535548E-04
   -.905522E-05
    .306172E-04
   -.413048E-04
    .109542E-04
   -.605358E-05
   -.376791E-04
    .487238E-05
   -.103305E-04
   -.702737E-05
   -.292507E-04
   -.184947E-04
    .254272E-04
    .115251E-04
   -.116708E-04
   -.171076E-04
   -.113315E-04
    .222166E-04
    .282110E-04
   -.325950E-04
   -.384778E-04
   -.181916E-04
   -.226950E-04
    .372338E-04
    .552655E-07
   -.443319E-04
    .545454E-05
   -.559082E-04
   -.351860E-04
    .727848E-05
   -.317477E-04
    .210800E-05
    .306512E-04
    .320754E-05
   -.214301E-04
    .192795E-05
    .241334E-04
    .312107E-05
   -.366424E-04
   -.988482E-05
    .172384E-04
    .218105E-04
   -.119293E-04
   -.546085E-04
    .969508E-05
   -.239214E-04
    .120843E-05
    .511395E-04
   -.130728E-04
    .704136E-05
    .771375E-05
    .140202E-04
   -.289105E-05
   -.147234E-04
   -.980340E-05
   -.175853E-04
    .128490E-04
    .709807E-05
    .946293E-05
    .538949E-04
    .451972E-04
   -.101676E-04
    .671333E-05
    .102605E-05
    .585992E-05
    .264277E-04
   -.224366E-04
   -.658247E-04
   -.395182E-04
   -.311364E-04
   -.234966E-04
    .483387E-04
    .550620E-05
   -.358151E-04
   -.489001E-04
   -.267019E-04
    .523216E-04
    .468677E-04
    .129113E-04
   -.373202E-04
   -.256120E-04
    .884291E-05
   -.270438E-04
    .435860E-06
    .217691E-04
   -.850540E-04
   -.368316E-04
    .453474E-04
   -.291125E-04
    .199114E-04
    .243158E-04
    .178401E-04
    .947136E-04
    .243427E-04
    .250096E-04
    .110971E-04
   -.374251E-04
   -.289815E-04
   -.118138E-04
    .216568E-04
   -.453545E-04
    .173524E-04
   -.243802E-04
   -.357236E-04
    .480838E-04
   -.192635E-04
    .264036E-04
    .529633E-05
    .625010E-06
    .307500E-04
   -.165288E-04
   -.146499E-04
    .372632E-04
    .231890E-04
   -.604896E-04
    .404219E-05
    .356550E-04
   -.378764E-04
   -.237751E-04
   -.187433E-04
   -.239672E-04
    .216556E-04
   -.351104E-04
   -.296822E-04
    .207100E-04
   -.566958E-05
    .691805E-04
   -.336242E-04
   -.734178E-04
    .196205E-04
   -.505452E-04
    .170672E-04
    .302439E-04
   -.256743E-04
   -.388176E-04
   -.247315E-04
   -.244401E-04
   -.567979E-05
    .277126E-04
   -.623731E-04
    .133514E-04
    .218042E-04
   -.134154E-05
   -.292591E-05
   -.987294E-05
    .339834E-04
   -.371734E-04
   -.397373E-04
   -.256718E-04
    .216616E-04
    .165910E-04
   -.147423E-06
    .780038E-05
   -.152136E-04
    .263824E-04
   -.152706E-04
    .129454E-04
    .533195E-04
    .376654E-04
    .475771E-04
    .112671E-04
    .136214E-04
   -.162914E-05
   -.181946E-04
   -.131370E-04
   -.112893E-04
   -.111234E-04
   -.339321E-04
    .143181E-04
    .244739E-04
    .242974E-04
    .916154E-06
   -.275265E-04
    .364758E-04
    .106123E-04
    .591678E-04
    .368407E-04
   -.437170E-04
   -.192875E-04
   -.698873E-04
   -.187376E-04
    .374040E-05
    .225334E-05
   -.160370E-04
   -.156222E-04
    .291089E-04
    .740871E-05
    .495350E-04
   -.115178E-04
   -.230693E-04
   -.541299E-06
   -.755358E-05
    .108577E-04
   -.273489E-04
    .174263E-05
   -.285144E-04
   -.565846E-04
   -.729013E-05
   -.556869E-05
    .979546E-05
    .502791E-04
    .279594E-05
   -.177167E-04
   -.206194E-04
   -.665632E-05
    .348117E-04
   -.132536E-04
   -.248660E-04
   -.292521E-04
   -.136519E-04
    .893754E-06
    .193227E-04
    .366158E-04
   -.122542E-04
   -.238740E-04
    .518892E-05
    .664772E-04
    .640557E-04
   -.973308E-05
   -.147857E-05
    .256606E-05
   -.604150E-05
    .243512E-04
    .902936E-05
    .908248E-05
    .122202E-04
   -.180355E-04
   -.160568E-04
    .200460E-04
    .365570E-04
   -.117472E-05
    .779219E-05
    .546534E-04
    .118983E-04
    .183178E-04
    .133118E-04
   -.184435E-04
    .351228E-04
   -.368364E-04
    .289204E-05
    .608344E-04
   -.169131E-04
   -.165263E-04
   -.747297E-05
    .229315E-04
   -.314080E-04
   -.538104E-04
    .288384E-04
    .542536E-05
   -.429531E-04
   -.886039E-05
    .401476E-05
   -.293041E-04
   -.287660E-04
    .589111E-05
   -.283624E-04
   -.794579E-04
    .675587E-05
   -.315526E-04
   -.793375E-04
    .355188E-04
    .350792E-04
   -.247958E-04
   -.131256E-04
    .627465E-04
    .715291E-04
   -.950237E-05
   -.250561E-04
   -.312966E-05
    .153287E-04
    .810386E-05
    .424453E-04
    .103212E-03
    .336106E-04
   -.230035E-04
   -.268204E-05
    .700228E-05
   -.112215E-04
   -.555960E-06
    .242107E-04
    .414538E-05
   -.108497E-04
   -.338288E-05
    .246168E-04
    .268264E-04
    .497321E-04
    .404526E-04
    .274237E-04
    .239799E-04
   -.318123E-04
    .777844E-05
    .403317E-04
    .137292E-04
    .336747E-05
   -.196209E-04
   -.263441E-04
    .250369E-04
    .343457E-04
    .237789E-04
    .219824E-04
   -.210458E-04
   -.714522E-06
    .209027E-04
    .597358E-04
    .153245E-04
   -.164071E-04
    .570780E-06
   -.191301E-04
    .194250E-04
    .256224E-05
    .987093E-05
   -.930351E-05
   -.455503E-04
    .275640E-04
    .622364E-04
    .210771E-04
    .297625E-04
   -.951951E-05
   -.568289E-04
    .235625E-04
    .185365E-04
   -.212397E-04
   -.208158E-04
   -.140414E-04
   -.185076E-04
    .181362E-05
    .820275E-05
   -.417824E-04
    .177880E-04
    .112281E-04
   -.125251E-04
   -.122712E-04
   -.102850E-04
    .233062E-04
   -.452243E-04
    .731837E-05
    .286993E-04
   -.788683E-06
    .478474E-04
    .206598E-05
    .126260E-04
   -.654533E-05
   -.228931E-04
    .244341E-04
    .757470E-05
    .259794E-04
    .146253E-04
   -.203420E-04
   -.716525E-05
    .463778E-04
    .227794E-04
   -.376483E-04
    .354118E-04
    .429918E-04
    .299937E-04
   -.210558E-05
   -.407291E-04
    .402690E-04
    .350808E-04
    .396846E-04
    .464623E-04
    .238089E-04
   -.100378E-05
    .104117E-04
    .811481E-04
    .145464E-05
   -.212763E-04
    .434625E-04
    .112534E-04
    .319992E-04
   -.889088E-05
    .351406E-05
    .989080E-04
   -.798213E-05
    .298921E-04
    .827492E-04
    .798681E-05
    .319513E-04
    .332547E-04
    .115204E-04
   -.512561E-05
    .300846E-04
    .276545E-05
    .457237E-05
    .228895E-04
    .117031E-04
    .562173E-04
    .222223E-04
    .862844E-05
   -.725580E-05
    .176991E-04
    .127029E-04
   -.205962E-04
    .449564E-04
   -.801787E-05
    .585606E-05
   -.535627E-05
   -.137232E-04
    .635953E-04
   -.158171E-04
    .614405E-05
    .180191E-04
    .926802E-05
    .163853E-04
    .132346E-04
    .728136E-04
    .290319E-04
   -.148650E-04
   -.296265E-04
    .146562E-04
    .280381E-04
   -.232355E-05
    .256752E-04
   -.310564E-04
   -.605750E-04
    .508679E-04
    .438714E-04
    .213664E-04
    .665086E-04
   -.161132E-04
   -.367466E-05
    .433528E-04
    .406035E-04
    .234897E-04
    .355691E-05
    .776245E-04
    .528132E-04
    .785558E-05
    .110499E-04
    .392090E-05
    .564792E-04
    .287492E-04
    .318291E-05
    .421717E-04
    .179162E-04
    .480566E-04
    .259896E-04
   -.361309E-04
   -.419460E-04
   -.118525E-03
   -.189207E-03
   -.167632E-03
   -.139193E-03
   -.983930E-04
   -.154365E-03
   -.103499E-03
    .103805E-03
    .906338E-04
    .795051E-04
    .159137E-03
    .329895E-03
    .105887E-03
   -.488281E-03
   -.621627E-03
   -.718391E-03
   -.912600E-03
   -.533349E-03
   -.207279E-03
   -.163182E-03
   -.595630E-03
   -.701572E-03
    .719949E-03
    .577171E-03
   -.254257E-03
    .157545E-03
   -.334025E-03
   -.277764E-02
   -.393230E-02
   -.339173E-03
    .172357E-02
   -.156685E-03
   -.194016E-02
   -.213722E-03
    .245441E-02
    .946946E-03
    .228523E-04
    .769222E-04
    .287868E-03
    .102164E-02
    .393406E-03
   -.356498E-02
   -.101060E-01
   -.972524E-02
   -.314641E-02
    .120249E-02
    .234671E-02
    .145125E-02
   -.135043E-02
   -.501792E-02
   -.455095E-02
    .153925E-02
    .400939E-02
    .446290E-02
    .592317E-02
    .505457E-02
    .468103E-02
    .232206E-02
    .295305E-02
    .180535E-02
   -.453772E-02
   -.997909E-02
   -.146153E-01
   -.136755E-01
   -.135090E-01
   -.107469E-01
    .434917E-03
    .821579E-02
    .747208E-02
    .838993E-02
    .121814E-01
    .160254E-01
    .203738E-01
    .164601E-01
    .119544E-01
    .915598E-02
    .549032E-02
    .323852E-02
   -.495845E-02
   -.109066E-01
   -.158296E-01
   -.208636E-01
   -.187303E-01
   -.198901E-01
   -.208082E-01
   -.148659E-01
   -.205220E-02
    .720399E-02
    .802569E-02
    .148497E-01
    .225534E-01
    .242224E-01
    .153270E-01
    .406722E-02
    .178159E-02
   -.189180E-02
   -.583391E-02
   -.957485E-02
   -.115839E-01
   -.137884E-01
   -.292308E-01
   -.411939E-01
   -.325905E-01
   -.157568E-01
   -.100400E-02
    .630701E-02
    .608508E-02
    .142993E-01
    .304964E-01
    .389723E-01
    .434369E-01
    .410849E-01
    .293417E-01
    .216521E-01
    .171792E-01
    .105548E-01
    .215874E-02
   -.281112E-02
   -.577415E-03
   -.297401E-02
   -.120183E-01
   -.172701E-01
   -.146508E-01
   -.149502E-01
   -.247041E-01
   -.214334E-01
   -.330334E-02
    .107245E-01
    .132388E-01
    .786827E-02
    .235359E-02
   -.439354E-02
   -.968749E-02
   -.179403E-01
   -.245204E-01
   -.236280E-01
   -.195248E-01
   -.124837E-01
   -.568082E-02
    .269351E-02
    .221752E-02
   -.175220E-02
    .374133E-03
    .461355E-02
    .648556E-02
    .114871E-02
   -.582643E-03
    .207268E-02
    .960675E-02
    .150898E-01
    .128478E-01
    .873815E-02
    .439666E-02
    .824328E-02
    .166018E-01
    .225866E-01
    .259408E-01
    .331596E-01
    .360886E-01
    .223826E-01
    .284307E-02
   -.112379E-01
   -.162888E-01
   -.186679E-01
   -.208101E-01
   -.240477E-01
   -.272808E-01
   -.303164E-01
   -.323616E-01
   -.303574E-01
   -.257022E-01
   -.170490E-01
   -.120217E-01
   -.894538E-02
   -.169883E-02
    .731282E-02
    .166343E-01
    .253714E-01
    .276733E-01
    .222174E-01
    .161930E-01
    .110924E-01
    .118059E-01
    .113459E-01
    .439074E-02
   -.373210E-02
   -.984647E-02
   -.103593E-01
   -.878414E-02
   -.598541E-02
   -.728665E-02
   -.335760E-02
    .800022E-02
    .177864E-01
    .240152E-01
    .167827E-01
    .800712E-02
    .938734E-02
    .170004E-01
    .177072E-01
    .740400E-02
   -.313738E-02
   -.632129E-02
   -.118289E-01
   -.304689E-01
   -.374584E-01
   -.275266E-01
   -.156632E-01
   -.777165E-02
   -.365241E-02
    .255769E-02
    .271910E-02
   -.733408E-02
   -.161860E-01
   -.150780E-01
   -.127787E-01
   -.149803E-01
   -.152616E-01
   -.707377E-02
    .703020E-02
    .158519E-01
    .205244E-01
    .299748E-01
    .351119E-01
    .270673E-01
    .158671E-01
    .543607E-02
    .937219E-03
   -.320867E-02
   -.127568E-01
   -.132593E-01
   -.834134E-02
   -.574713E-04
    .632173E-02
    .943256E-02
    .187002E-01
    .271195E-01
    .367004E-01
    .363396E-01
    .303970E-01
    .270339E-01
    .124998E-01
   -.154275E-02
   -.117523E-01
   -.154150E-01
   -.142789E-01
   -.140738E-01
   -.750389E-02
   -.135649E-02
   -.344443E-02
   -.899725E-02
   -.151179E-01
   -.224284E-01
   -.219970E-01
   -.238013E-01
   -.249769E-01
   -.205500E-01
   -.193370E-01
   -.136347E-01
   -.120339E-01
   -.802333E-02
    .675497E-02
    .212079E-01
    .302420E-01
    .359848E-01
    .381932E-01
    .351798E-01
    .293660E-01
    .203136E-01
    .148387E-01
    .976309E-02
    .301248E-02
    .173370E-02
    .147913E-02
   -.175520E-02
   -.582458E-02
   -.103382E-01
   -.135939E-01
   -.132544E-01
   -.108701E-01
   -.107361E-01
   -.110646E-01
   -.674240E-02
   -.308752E-02
   -.572031E-03
   -.121971E-02
   -.367849E-02
   -.434804E-02
   -.508831E-02
   -.110885E-02
   -.342058E-03
   -.363684E-02
   -.949136E-02
   -.135951E-01
   -.861248E-02
   -.608728E-02
   -.430116E-02
   -.361308E-02
   -.738789E-03
    .681440E-02
    .973407E-02
    .131188E-01
    .158673E-01
    .173950E-01
    .191613E-01
    .197693E-01
    .143242E-01
    .375831E-02
   -.547798E-02
   -.104694E-01
   -.496736E-02
    .493283E-03
    .222547E-02
    .187127E-02
    .284008E-02
    .125989E-01
    .188946E-01
    .162358E-01
    .477084E-02
   -.526015E-02
   -.752829E-02
   -.119609E-01
   -.162253E-01
   -.192359E-01
   -.179522E-01
   -.184439E-01
   -.217554E-01
   -.199144E-01
   -.156398E-01
    .285077E-03
    .591328E-02
   -.893071E-03
    .759922E-02
    .181320E-01
    .248521E-01
    .216996E-01
    .117056E-01
    .661498E-02
    .809227E-02
    .157795E-01
    .187969E-01
    .166122E-01
    .119183E-01
    .119113E-01
    .162459E-01
    .155841E-01
    .517326E-02
   -.109893E-01
   -.278359E-01
   -.361928E-01
   -.339955E-01
   -.350614E-01
   -.277077E-01
   -.153076E-01
   -.880405E-02
   -.385605E-02
   -.205502E-02
   -.513397E-02
   -.122529E-01
   -.158583E-01
   -.152122E-01
   -.725737E-02
   -.115458E-03
    .579563E-03
   -.912825E-03
   -.843265E-02
   -.908988E-02
   -.136751E-02
    .497028E-03
   -.311898E-03
   -.139163E-02
   -.366573E-02
   -.302811E-02
   -.203111E-02
    .313760E-04
   -.157602E-02
   -.130355E-01
   -.147050E-01
   -.834124E-02
   -.395675E-02
    .813546E-03
   -.134354E-02
    .737662E-02
    .154242E-01
    .857908E-02
    .704117E-02
    .604498E-02
    .603331E-02
    .226851E-02
   -.232031E-02
    .741840E-03
   -.129690E-02
   -.507787E-02
   -.296376E-02
    .649238E-03
    .238613E-02
    .744071E-02
    .148922E-01
    .208308E-01
    .222299E-01
    .203146E-01
    .190130E-01
    .161236E-01
    .115149E-01
   -.109251E-02
   -.826799E-02
   -.885709E-02
   -.152619E-01
   -.198216E-01
   -.201998E-01
   -.895489E-02
   -.189503E-02
   -.290752E-02
    .429618E-03
    .976231E-02
    .143195E-01
    .517241E-02
    .137234E-02
   -.294592E-03
    .247457E-02
    .405211E-02
    .683913E-03
   -.229489E-02
   -.132405E-01
   -.253049E-01
   -.329480E-01
   -.358889E-01
   -.385040E-01
   -.343770E-01
   -.314897E-01
   -.328467E-01
   -.302959E-01
   -.268703E-01
   -.257629E-01
   -.272446E-01
   -.263949E-01
   -.285352E-01
   -.219966E-01
   -.868346E-02
   -.167562E-02
   -.413320E-03
   -.633003E-02
   -.130623E-01
   -.169203E-01
   -.189285E-01
   -.217213E-01
   -.213649E-01
   -.174268E-01
   -.795728E-02
    .182482E-02
    .277187E-02
    .560441E-02
    .139682E-01
    .228111E-01
    .287422E-01
    .288528E-01
    .237475E-01
    .235942E-01
    .281128E-01
    .344214E-01
    .369195E-01
    .332323E-01
    .435417E-01
    .509122E-01
    .483165E-01
    .466447E-01
    .385816E-01
    .334035E-01
    .308781E-01
    .302230E-01
    .354249E-01
    .375365E-01
    .325561E-01
    .369439E-01
    .431880E-01
    .438296E-01
    .490508E-01
    .478297E-01
    .464067E-01
    .340254E-01
    .187250E-02
   -.264698E-01
   -.497117E-01
   -.672532E-01
   -.793892E-01
   -.979752E-01
   -.111641E+00
   -.113286E+00
   -.113707E+00
   -.108782E+00
   -.107161E+00
   -.105775E+00
   -.896123E-01
   -.754278E-01
   -.593325E-01
   -.392220E-01
   -.276607E-01
   -.149244E-01
   -.355042E-02
    .680642E-02
    .184989E-01
    .223776E-01
    .202656E-01
    .185049E-01
    .159818E-01
    .896567E-02
    .677281E-02
    .105257E-01
    .167012E-01
    .256768E-01
    .477983E-01
    .805691E-01
    .907986E-01
    .839473E-01
    .744693E-01
    .650019E-01
    .628925E-01
    .565110E-01
    .487479E-01
    .410030E-01
    .221430E-01
    .179292E-02
   -.132432E-01
   -.226077E-01
   -.224120E-01
   -.185896E-01
   -.117952E-01
   -.462932E-02
   -.472273E-02
   -.942281E-02
   -.209098E-01
   -.323770E-01
   -.383187E-01
   -.480382E-01
   -.566813E-01
   -.649624E-01
   -.763515E-01
   -.772858E-01
   -.663024E-01
   -.546661E-01
   -.364485E-01
   -.433250E-02
    .268393E-01
    .470552E-01
    .543914E-01
    .508003E-01
    .378608E-01
    .146243E-01
   -.108683E-01
   -.354587E-01
   -.499548E-01
   -.486177E-01
   -.356155E-01
   -.164573E-01
   -.317675E-02
    .217124E-02
    .329488E-02
    .102120E-01
    .275131E-01
    .433788E-01
    .594721E-01
    .812374E-01
    .911360E-01
    .840802E-01
    .707345E-01
    .475452E-01
    .279886E-01
    .979699E-02
   -.202112E-01
   -.413287E-01
   -.552193E-01
   -.637363E-01
   -.672041E-01
   -.728302E-01
   -.709326E-01
   -.600345E-01
   -.344146E-01
   -.430515E-02
    .184857E-01
    .352034E-01
    .450577E-01
    .550559E-01
    .621324E-01
    .701493E-01
    .815361E-01
    .875268E-01
    .903592E-01
    .834335E-01
    .660606E-01
    .491163E-01
    .232123E-01
   -.945559E-02
   -.345217E-01
   -.519909E-01
   -.598196E-01
   -.590276E-01
   -.486639E-01
   -.327828E-01
   -.278945E-01
   -.328776E-01
   -.337893E-01
   -.324076E-01
   -.350948E-01
   -.382054E-01
   -.420305E-01
   -.412351E-01
   -.380142E-01
   -.339461E-01
   -.228754E-01
   -.146161E-01
   -.596337E-02
   -.256627E-03
    .304205E-02
    .129534E-01
    .206007E-01
    .226026E-01
    .150955E-01
    .555223E-02
   -.532831E-02
   -.149935E-01
   -.125037E-01
   -.120491E-01
   -.194329E-01
   -.258654E-01
   -.229166E-01
   -.116047E-01
    .195457E-02
    .168481E-01
    .292541E-01
    .408788E-01
    .526409E-01
    .624090E-01
    .717933E-01
    .771752E-01
    .755166E-01
    .732987E-01
    .744114E-01
    .744424E-01
    .748806E-01
    .794478E-01
    .835782E-01
    .761023E-01
    .607801E-01
    .495883E-01
    .363437E-01
    .244269E-01
    .112960E-01
   -.118029E-01
   -.305926E-01
   -.449480E-01
   -.571300E-01
   -.579368E-01
   -.533348E-01
   -.485904E-01
   -.390009E-01
   -.314197E-01
   -.246145E-01
   -.109939E-01
   -.448944E-02
   -.361895E-02
   -.709995E-02
   -.145102E-01
   -.695480E-02
    .145679E-01
    .418632E-01
    .688399E-01
    .906583E-01
    .101215E+00
    .984625E-01
    .822142E-01
    .562590E-01
    .338359E-01
    .944543E-02
   -.154654E-01
   -.337669E-01
   -.499576E-01
   -.705915E-01
   -.972218E-01
   -.121751E+00
   -.144084E+00
   -.159364E+00
   -.155278E+00
   -.135361E+00
   -.103768E+00
   -.597813E-01
   -.222374E-01
    .258463E-02
    .261839E-01
    .483124E-01
    .716000E-01
    .952532E-01
    .115994E+00
    .134880E+00
    .141171E+00
    .132324E+00
    .113829E+00
    .787035E-01
    .416272E-01
    .169026E-01
   -.189499E-02
   -.146538E-01
   -.266419E-01
   -.411361E-01
   -.545021E-01
   -.623524E-01
   -.607303E-01
   -.585301E-01
   -.548444E-01
   -.400359E-01
   -.200882E-01
    .100935E-01
    .388437E-01
    .456737E-01
    .383561E-01
    .214897E-01
    .858667E-02
    .672877E-02
    .991202E-02
    .807977E-02
   -.637281E-02
   -.252013E-01
   -.466241E-01
   -.677960E-01
   -.880944E-01
   -.102366E+00
   -.107939E+00
   -.107524E+00
   -.981173E-01
   -.895098E-01
   -.787623E-01
   -.611928E-01
   -.398957E-01
   -.154627E-01
    .744058E-02
    .326015E-01
    .562029E-01
    .732009E-01
    .809212E-01
    .830478E-01
    .935940E-01
    .108203E+00
    .120260E+00
    .128111E+00
    .132991E+00
    .136286E+00
    .123684E+00
    .918160E-01
    .589272E-01
    .342586E-01
    .177660E-01
    .871333E-02
   -.342961E-03
   -.701676E-02
   -.953099E-02
   -.134912E-01
   -.180465E-01
   -.258984E-01
   -.318458E-01
   -.315840E-01
   -.290261E-01
   -.242500E-01
   -.243079E-01
   -.275995E-01
   -.315070E-01
   -.433281E-01
   -.576950E-01
   -.676992E-01
   -.740639E-01
   -.740102E-01
   -.625089E-01
   -.456028E-01
   -.279175E-01
   -.674107E-02
    .110497E-01
    .239549E-01
    .291369E-01
    .238676E-01
    .129865E-01
   -.319308E-02
   -.135963E-01
   -.202204E-01
   -.324558E-01
   -.460795E-01
   -.595074E-01
   -.641387E-01
   -.587377E-01
   -.502201E-01
   -.383021E-01
   -.220637E-01
   -.324857E-03
    .239257E-01
    .464030E-01
    .681405E-01
    .869420E-01
    .982662E-01
    .102038E+00
    .971920E-01
    .870454E-01
    .737385E-01
    .557227E-01
    .390545E-01
    .214598E-01
    .139190E-02
   -.132879E-01
   -.263837E-01
   -.361524E-01
   -.386737E-01
   -.420549E-01
   -.372033E-01
   -.242984E-01
   -.187654E-01
   -.137316E-01
   -.689110E-02
   -.312801E-02
    .912847E-03
    .864106E-02
    .177807E-01
    .236189E-01
    .219576E-01
    .100385E-01
   -.758233E-02
   -.229136E-01
   -.295732E-01
   -.311304E-01
   -.280110E-01
   -.204404E-01
   -.954152E-02
    .136171E-01
    .378894E-01
    .528406E-01
    .596056E-01
    .540655E-01
    .459140E-01
    .361953E-01
    .232462E-01
    .169635E-01
    .171079E-01
    .177956E-01
    .170583E-01
    .186881E-01
    .172119E-01
    .912687E-02
   -.910917E-02
   -.403208E-01
   -.667003E-01
   -.860611E-01
   -.102553E+00
   -.111616E+00
   -.112433E+00
   -.104354E+00
   -.977125E-01
   -.928042E-01
   -.806683E-01
   -.602938E-01
   -.355338E-01
   -.170934E-01
   -.928964E-02
   -.646119E-02
   -.830080E-04
    .896897E-02
    .134474E-01
    .137226E-01
    .185832E-01
    .298964E-01
    .429073E-01
    .510355E-01
    .466499E-01
    .456727E-01
    .490568E-01
    .466824E-01
    .428784E-01
    .336638E-01
    .263778E-01
    .183321E-01
    .936541E-02
    .112073E-01
    .191981E-01
    .329220E-01
    .421339E-01
    .358408E-01
    .195644E-01
    .100611E-02
   -.124055E-01
   -.266314E-01
   -.418664E-01
   -.497944E-01
   -.524890E-01
   -.506076E-01
   -.495805E-01
   -.497379E-01
   -.417988E-01
   -.289982E-01
   -.132709E-01
    .484330E-02
    .216735E-01
    .350954E-01
    .370427E-01
    .279539E-01
    .105193E-01
   -.130341E-01
   -.338846E-01
   -.469305E-01
   -.489271E-01
   -.419405E-01
   -.312143E-01
   -.192745E-01
   -.895152E-02
   -.907368E-03
    .691730E-02
    .138823E-01
    .170859E-01
    .193221E-01
    .250199E-01
    .338049E-01
    .401222E-01
    .410577E-01
    .416032E-01
    .430978E-01
    .437530E-01
    .395052E-01
    .268373E-01
    .116833E-01
    .304473E-02
    .650834E-03
    .217174E-03
    .393022E-02
    .966444E-02
    .112371E-01
    .146700E-01
    .241169E-01
    .283127E-01
    .315981E-01
    .366223E-01
    .320966E-01
    .228445E-01
    .337757E-02
   -.215241E-01
   -.363444E-01
   -.520190E-01
   -.633099E-01
   -.687329E-01
   -.780894E-01
   -.787894E-01
   -.694794E-01
   -.525378E-01
   -.291414E-01
   -.636444E-02
    .127196E-01
    .255695E-01
    .398425E-01
    .520266E-01
    .559955E-01
    .574074E-01
    .523650E-01
    .448567E-01
    .386083E-01
    .323958E-01
    .295833E-01
    .235249E-01
    .137720E-01
    .284934E-02
   -.120348E-01
   -.297760E-01
   -.517772E-01
   -.742170E-01
   -.944574E-01
   -.113758E+00
   -.123328E+00
   -.118134E+00
   -.991681E-01
   -.700795E-01
   -.402964E-01
   -.127964E-01
    .891661E-02
    .300900E-01
    .595486E-01
    .887207E-01
    .114095E+00
    .129296E+00
    .136477E+00
    .139813E+00
    .131555E+00
    .115349E+00
    .856570E-01
    .554549E-01
    .418103E-01
    .334598E-01
    .273261E-01
    .189793E-01
    .289870E-02
   -.170221E-01
   -.347980E-01
   -.451382E-01
   -.496942E-01
   -.532862E-01
   -.509619E-01
   -.408532E-01
   -.347248E-01
   -.384401E-01
   -.485273E-01
   -.603695E-01
   -.694579E-01
   -.712256E-01
   -.698662E-01
   -.700037E-01
   -.660089E-01
   -.571563E-01
   -.476043E-01
   -.334926E-01
   -.181204E-01
   -.671507E-02
    .610139E-02
    .195073E-01
    .356740E-01
    .519575E-01
    .640968E-01
    .764955E-01
    .857480E-01
    .911711E-01
    .953345E-01
    .100900E+00
    .107083E+00
    .106867E+00
    .930907E-01
    .652145E-01
    .374165E-01
    .169309E-01
   -.206005E-02
   -.196987E-01
   -.320791E-01
   -.372700E-01
   -.380839E-01
   -.402081E-01
   -.412892E-01
   -.428707E-01
   -.480354E-01
   -.493760E-01
   -.467615E-01
   -.349752E-01
   -.165057E-01
   -.396823E-02
    .451501E-02
    .780520E-02
    .698669E-02
    .492571E-02
    .203005E-02
   -.243678E-02
   -.730802E-02
   -.128141E-01
   -.219623E-01
   -.296694E-01
   -.325370E-01
   -.228699E-01
   -.764259E-02
    .937192E-03
    .776982E-02
    .133645E-01
    .171606E-01
    .192980E-01
    .214421E-01
    .219530E-01
    .204212E-01
    .235040E-01
    .325718E-01
    .403274E-01
    .389066E-01
    .327349E-01
    .239217E-01
    .103843E-01
   -.560227E-02
   -.192778E-01
   -.244786E-01
   -.260529E-01
   -.289602E-01
   -.357764E-01
   -.429995E-01
   -.450115E-01
   -.426603E-01
   -.332906E-01
   -.240091E-01
   -.152860E-01
   -.765913E-02
   -.463648E-02
   -.863394E-03
   -.538791E-02
   -.164331E-01
   -.284374E-01
   -.398487E-01
   -.434292E-01
   -.468546E-01
   -.525912E-01
   -.545519E-01
   -.483549E-01
   -.343625E-01
   -.184186E-01
   -.286388E-02
    .105617E-01
    .212074E-01
    .286349E-01
    .350503E-01
    .417266E-01
    .425022E-01
    .373961E-01
    .320353E-01
    .241846E-01
    .150962E-01
    .696008E-02
    .963831E-03
    .159953E-02
    .137226E-02
   -.344057E-02
   -.113260E-01
   -.227660E-01
   -.286893E-01
   -.317023E-01
   -.353230E-01
   -.339108E-01
   -.306477E-01
   -.242459E-01
   -.152836E-01
   -.334316E-02
    .125578E-01
    .246526E-01
    .300715E-01
    .311346E-01
    .291058E-01
    .188874E-01
    .357166E-02
   -.983259E-02
   -.224428E-01
   -.310058E-01
   -.338039E-01
   -.340865E-01
   -.306074E-01
   -.237443E-01
   -.156032E-01
   -.654317E-02
    .115702E-03
    .509845E-02
    .933454E-02
    .116878E-01
    .126733E-01
    .147116E-01
    .165523E-01
    .133274E-01
    .685904E-02
   -.196648E-03
   -.213736E-02
   -.225216E-03
   -.179092E-02
   -.759200E-02
   -.164560E-01
   -.244760E-01
   -.315638E-01
   -.371605E-01
   -.370611E-01
   -.306422E-01
   -.251670E-01
   -.256078E-01
   -.287414E-01
   -.323413E-01
   -.317707E-01
   -.249324E-01
   -.136040E-01
    .251124E-03
    .952945E-02
    .140147E-01
    .197397E-01
    .245248E-01
    .272631E-01
    .262234E-01
    .214696E-01
    .190701E-01
    .149906E-01
    .905580E-02
    .240140E-02
   -.684087E-02
   -.118752E-01
   -.102873E-01
   -.281684E-02
    .563990E-02
    .145256E-01
    .242088E-01
    .304588E-01
    .334512E-01
    .281989E-01
    .172231E-01
    .438875E-02
   -.623081E-02
   -.131647E-01
   -.197241E-01
   -.214381E-01
   -.216864E-01
   -.191044E-01
   -.194274E-01
   -.267509E-01
   -.326597E-01
   -.365526E-01
   -.337118E-01
   -.244412E-01
   -.907902E-02
    .657610E-02
    .197020E-01
    .320565E-01
    .354468E-01
    .308797E-01
    .197372E-01
    .864983E-02
    .597893E-03
   -.441952E-02
   -.359237E-06
    .673863E-02
    .113921E-01
    .141768E-01
    .136553E-01
    .104975E-01
    .515828E-02
    .383621E-03
   -.412645E-03
    .142476E-02
    .169805E-02
    .164621E-02
    .174858E-03
   -.309632E-02
   -.703469E-02
   -.116500E-01
   -.149319E-01
   -.196229E-01
   -.253822E-01
   -.322813E-01
   -.420510E-01
   -.513694E-01
   -.588224E-01
   -.642463E-01
   -.637587E-01
   -.568918E-01
   -.497192E-01
   -.431522E-01
   -.345434E-01
   -.220611E-01
   -.102448E-01
   -.395480E-02
   -.192547E-02
    .329196E-04
    .666383E-02
    .123776E-01
    .139982E-01
    .115851E-01
    .520892E-02
   -.294764E-03
   -.160618E-02
    .143317E-02
    .709441E-02
    .119763E-01
    .130787E-01
    .134345E-01
    .119154E-01
    .111615E-01
    .109698E-01
    .728465E-02
    .690210E-02
    .949955E-02
    .144717E-01
    .237445E-01
    .299135E-01
    .280771E-01
    .209267E-01
    .102580E-01
    .419730E-03
   -.925343E-02
   -.206280E-01
   -.276599E-01
   -.296119E-01
   -.258360E-01
   -.205855E-01
   -.176283E-01
   -.120470E-01
   -.622686E-02
   -.607880E-03
    .712842E-02
    .121222E-01
    .100835E-01
    .644146E-02
    .844083E-02
    .152724E-01
    .229778E-01
    .270545E-01
    .307425E-01
    .355481E-01
    .381955E-01
    .386042E-01
    .325031E-01
    .232617E-01
    .176756E-01
    .161303E-01
    .198857E-01
    .252643E-01
    .231395E-01
    .128828E-01
    .219568E-02
   -.591164E-02
   -.962796E-02
   -.766638E-02
   -.355790E-02
   -.197395E-02
   -.585960E-02
   -.134955E-01
   -.204952E-01
   -.260521E-01
   -.341497E-01
   -.411998E-01
   -.418080E-01
   -.396916E-01
   -.384829E-01
   -.411930E-01
   -.474086E-01
   -.497682E-01
   -.437302E-01
   -.328777E-01
   -.218226E-01
   -.101422E-01
    .260882E-02
    .156565E-01
    .288941E-01
    .393922E-01
    .457996E-01
    .487645E-01
    .463444E-01
    .360691E-01
    .220951E-01
    .121749E-01
    .809094E-02
    .103335E-01
    .135425E-01
    .128282E-01
    .993081E-02
    .500784E-02
    .113931E-02
   -.237187E-02
   -.798177E-02
   -.120186E-01
   -.127611E-01
   -.984315E-02
   -.551067E-02
   -.631567E-02
   -.110563E-01
   -.151799E-01
   -.177083E-01
   -.171352E-01
   -.156245E-01
   -.134044E-01
   -.861856E-02
   -.342268E-02
    .247216E-02
    .778578E-02
    .103232E-01
    .144638E-01
    .205398E-01
    .270687E-01
    .343867E-01
    .402057E-01
    .429377E-01
    .423041E-01
    .425371E-01
    .430141E-01
    .426302E-01
    .405914E-01
    .311875E-01
    .185201E-01
    .359780E-02
   -.154989E-01
   -.319516E-01
   -.418643E-01
   -.436839E-01
   -.388688E-01
   -.354517E-01
   -.337302E-01
   -.309709E-01
   -.305592E-01
   -.315619E-01
   -.301444E-01
   -.222428E-01
   -.987715E-02
    .932962E-03
    .718060E-02
    .907270E-02
    .830092E-02
    .291692E-02
   -.479579E-02
   -.105700E-01
   -.128541E-01
   -.147335E-01
   -.196897E-01
   -.248587E-01
   -.278464E-01
   -.262683E-01
   -.190552E-01
   -.938726E-02
    .513849E-03
    .994466E-02
    .150036E-01
    .141605E-01
    .112254E-01
    .923796E-02
    .964608E-02
    .102700E-01
    .967114E-02
    .111896E-01
    .128926E-01
    .781408E-02
   -.754134E-02
   -.280980E-01
   -.426781E-01
   -.498696E-01
   -.516180E-01
   -.491714E-01
   -.471581E-01
   -.439701E-01
   -.399922E-01
   -.338603E-01
   -.240658E-01
   -.145574E-01
   -.563967E-02
    .154726E-02
    .832732E-02
    .152322E-01
    .216075E-01
    .276668E-01
    .333526E-01
    .408748E-01
    .470760E-01
    .517725E-01
    .561666E-01
    .564184E-01
    .528663E-01
    .472832E-01
    .431935E-01
    .424972E-01
    .399579E-01
    .320152E-01
    .234198E-01
    .181258E-01
    .144780E-01
    .124220E-01
    .111102E-01
    .114088E-01
    .143066E-01
    .178506E-01
    .203764E-01
    .193510E-01
    .162777E-01
    .142307E-01
    .158620E-01
    .206692E-01
    .246543E-01
    .261705E-01
    .250754E-01
    .237026E-01
    .233206E-01
    .242506E-01
    .250285E-01
    .235458E-01
    .217158E-01
    .203780E-01
    .197547E-01
    .182559E-01
    .140460E-01
    .916535E-02
    .454083E-02
   -.179365E-02
   -.102157E-01
   -.190237E-01
   -.282244E-01
   -.351994E-01
   -.369430E-01
   -.369581E-01
   -.376217E-01
   -.372550E-01
   -.351641E-01
   -.311803E-01
   -.279061E-01
   -.260420E-01
   -.225198E-01
   -.192001E-01
   -.153358E-01
   -.104455E-01
   -.389973E-02
    .681198E-02
    .170721E-01
    .268142E-01
    .334150E-01
    .332530E-01
    .314485E-01
    .309722E-01
    .362162E-01
    .469720E-01
    .559273E-01
    .606879E-01
    .592566E-01
    .510962E-01
    .406537E-01
    .300979E-01
    .217423E-01
    .179502E-01
    .201856E-01
    .261255E-01
    .224699E-01
    .767381E-02
   -.794436E-02
   -.237421E-01
   -.373733E-01
   -.447356E-01
   -.443627E-01
   -.358743E-01
   -.246003E-01
   -.186433E-01
   -.190045E-01
   -.247043E-01
   -.342311E-01
   -.397062E-01
   -.424304E-01
   -.444237E-01
   -.426752E-01
   -.375815E-01
   -.295350E-01
   -.217375E-01
   -.132899E-01
   -.354662E-02
    .618461E-02
    .162127E-01
    .239138E-01
    .273635E-01
    .255184E-01
    .220452E-01
    .200549E-01
    .193988E-01
    .215348E-01
    .255224E-01
    .294606E-01
    .318887E-01
    .325819E-01
    .326156E-01
    .319253E-01
    .281258E-01
    .208239E-01
    .113867E-01
   -.426015E-03
   -.129294E-01
   -.267985E-01
   -.419964E-01
   -.524043E-01
   -.544596E-01
   -.482250E-01
   -.353942E-01
   -.195870E-01
   -.311988E-02
    .148043E-01
    .344985E-01
    .555827E-01
    .756571E-01
    .873379E-01
    .920951E-01
    .938377E-01
    .911758E-01
    .833009E-01
    .670217E-01
    .481377E-01
    .310483E-01
    .100935E-01
   -.924535E-02
   -.233554E-01
   -.406182E-01
   -.586785E-01
   -.715513E-01
   -.771350E-01
   -.727217E-01
   -.607508E-01
   -.442405E-01
   -.296056E-01
   -.215859E-01
   -.167516E-01
   -.138024E-01
   -.815364E-02
    .141979E-02
    .635818E-02
    .489955E-02
   -.140423E-02
   -.109532E-01
   -.218211E-01
   -.330068E-01
   -.435786E-01
   -.555942E-01
   -.658798E-01
   -.709065E-01
   -.695500E-01
   -.573721E-01
   -.375778E-01
   -.193000E-01
   -.575791E-02
    .547724E-02
    .184042E-01
    .333500E-01
    .481282E-01
    .620452E-01
    .710563E-01
    .732797E-01
    .734459E-01
    .724972E-01
    .687631E-01
    .606736E-01
    .492937E-01
    .390739E-01
    .319346E-01
    .324552E-01
    .410555E-01
    .511087E-01
    .600254E-01
    .664380E-01
    .705425E-01
    .719012E-01
    .708892E-01
    .716372E-01
    .741089E-01
    .756741E-01
    .745449E-01
    .679661E-01
    .539186E-01
    .351239E-01
    .123379E-01
   -.141408E-01
   -.409394E-01
   -.672526E-01
   -.878831E-01
   -.974418E-01
   -.987571E-01
   -.968247E-01
   -.938050E-01
   -.914847E-01
   -.872132E-01
   -.707902E-01
   -.445218E-01
   -.189488E-01
    .422902E-02
    .237731E-01
    .362829E-01
    .390895E-01
    .358960E-01
    .310658E-01
    .228606E-01
    .117830E-01
   -.223345E-02
   -.158766E-01
   -.249052E-01
   -.325134E-01
   -.374467E-01
   -.384876E-01
   -.391420E-01
   -.392909E-01
   -.385536E-01
   -.374957E-01
   -.345067E-01
   -.306557E-01
   -.269185E-01
   -.209020E-01
   -.136869E-01
   -.624233E-02
    .118431E-02
    .753003E-02
    .138709E-01
    .194933E-01
    .234960E-01
    .255889E-01
    .229542E-01
    .180489E-01
    .152801E-01
    .148586E-01
    .167941E-01
    .181302E-01
    .192106E-01
    .215887E-01
    .250202E-01
    .288417E-01
    .277585E-01
    .232092E-01
    .180913E-01
    .110072E-01
    .408560E-02
   -.547054E-03
   -.200824E-03
    .440125E-02
    .817521E-02
    .885298E-02
    .604678E-02
   -.143551E-02
   -.119881E-01
   -.218525E-01
   -.295769E-01
   -.339686E-01
   -.364552E-01
   -.391798E-01
   -.418526E-01
   -.449438E-01
   -.484628E-01
   -.514492E-01
   -.520719E-01
   -.494397E-01
   -.450560E-01
   -.393067E-01
   -.336275E-01
   -.302810E-01
   -.278532E-01
   -.250861E-01
   -.195483E-01
   -.101425E-01
   -.448064E-03
    .988800E-02
    .226196E-01
    .347302E-01
    .448116E-01
    .525445E-01
    .556966E-01
    .553916E-01
    .550613E-01
    .579845E-01
    .637303E-01
    .682232E-01
    .678711E-01
    .612847E-01
    .506128E-01
    .378024E-01
    .246665E-01
    .122285E-01
    .152154E-02
   -.716972E-02
   -.164345E-01
   -.273312E-01
   -.397314E-01
   -.510758E-01
   -.585409E-01
   -.619909E-01
   -.595553E-01
   -.495602E-01
   -.367397E-01
   -.266833E-01
   -.195675E-01
   -.124938E-01
   -.410931E-02
    .423953E-02
    .123417E-01
    .180691E-01
    .203975E-01
    .198198E-01
    .151319E-01
    .836534E-02
    .113404E-02
   -.635283E-02
   -.136381E-01
   -.185344E-01
   -.194111E-01
   -.192618E-01
   -.198683E-01
   -.204009E-01
   -.188558E-01
   -.135268E-01
   -.524579E-02
    .350960E-02
    .105202E-01
    .159179E-01
    .207366E-01
    .251518E-01
    .285518E-01
    .286630E-01
    .264076E-01
    .259661E-01
    .272616E-01
    .288567E-01
    .297721E-01
    .293882E-01
    .282332E-01
    .243107E-01
    .168206E-01
    .872610E-02
    .187550E-02
   -.454517E-02
   -.115248E-01
   -.203804E-01
   -.328936E-01
   -.470300E-01
   -.596222E-01
   -.678712E-01
   -.698683E-01
   -.659997E-01
   -.542749E-01
   -.356641E-01
   -.168223E-01
   -.292731E-02
    .618081E-02
    .132087E-01
    .184749E-01
    .212114E-01
    .219161E-01
    .225053E-01
    .252890E-01
    .283454E-01
    .285387E-01
    .253177E-01
    .178626E-01
    .908957E-02
    .296868E-03
   -.105873E-01
   -.233688E-01
   -.364919E-01
   -.471373E-01
   -.537924E-01
   -.547074E-01
   -.489839E-01
   -.375317E-01
   -.241850E-01
   -.119688E-01
   -.112145E-02
    .752141E-02
    .155319E-01
    .209855E-01
    .222223E-01
    .219902E-01
    .221195E-01
    .219811E-01
    .197229E-01
    .159335E-01
    .116506E-01
    .790219E-02
    .496105E-02
    .232760E-02
   -.163937E-02
   -.657531E-02
   -.104749E-01
   -.116791E-01
   -.814406E-02
   -.274938E-02
    .270281E-02
    .812355E-02
    .131869E-01
    .185939E-01
    .227948E-01
    .243246E-01
    .222708E-01
    .158071E-01
    .464987E-02
   -.850930E-02
   -.218040E-01
   -.363520E-01
   -.487912E-01
   -.553500E-01
   -.557338E-01
   -.496844E-01
   -.401077E-01
   -.306219E-01
   -.213754E-01
   -.117696E-01
   -.187489E-02
    .725865E-02
    .159861E-01
    .246746E-01
    .327080E-01
    .386479E-01
    .407045E-01
    .379966E-01
    .319579E-01
    .280562E-01
    .278240E-01
    .293992E-01
    .297537E-01
    .273564E-01
    .230368E-01
    .139843E-01
    .276239E-02
   -.650282E-02
   -.138587E-01
   -.188667E-01
   -.228519E-01
   -.260948E-01
   -.284303E-01
   -.300830E-01
   -.307118E-01
   -.310613E-01
   -.309021E-01
   -.296771E-01
   -.277494E-01
   -.242272E-01
   -.183055E-01
   -.114537E-01
   -.351942E-02
    .602862E-02
    .162376E-01
    .266662E-01
    .346718E-01
    .386407E-01
    .379346E-01
    .331331E-01
    .267394E-01
    .183052E-01
    .802201E-02
   -.449191E-02
   -.181940E-01
   -.293580E-01
   -.359776E-01
   -.370918E-01
   -.345666E-01
   -.302658E-01
   -.258816E-01
   -.213871E-01
   -.144240E-01
   -.600381E-02
    .223014E-02
    .930121E-02
    .156801E-01
    .234687E-01
    .334013E-01
    .432081E-01
    .480580E-01
    .453913E-01
    .362381E-01
    .238779E-01
    .109237E-01
   -.257646E-02
   -.165144E-01
   -.295805E-01
   -.409825E-01
   -.490522E-01
   -.518594E-01
   -.499861E-01
   -.446031E-01
   -.379962E-01
   -.302002E-01
   -.201751E-01
   -.939730E-02
    .378144E-03
    .780905E-02
    .135992E-01
    .179261E-01
    .208436E-01
    .229537E-01
    .235034E-01
    .199693E-01
    .118646E-01
    .242508E-02
   -.665497E-02
   -.134682E-01
   -.171528E-01
   -.171481E-01
   -.131041E-01
   -.689116E-02
    .820792E-03
    .863385E-02
    .155376E-01
    .206716E-01
    .242241E-01
    .257090E-01
    .233741E-01
    .197194E-01
    .173094E-01
    .164927E-01
    .166829E-01
    .183055E-01
    .198174E-01
    .182776E-01
    .147370E-01
    .102405E-01
    .662132E-02
    .427098E-02
    .221689E-02
    .115320E-02
    .140815E-03
   -.339338E-02
   -.115975E-01
   -.217005E-01
   -.310509E-01
   -.385654E-01
   -.407669E-01
   -.371679E-01
   -.311652E-01
   -.267385E-01
   -.242857E-01
   -.217320E-01
   -.174169E-01
   -.106486E-01
   -.236813E-02
    .701339E-02
    .166474E-01
    .247813E-01
    .300033E-01
    .307112E-01
    .267667E-01
    .203981E-01
    .150311E-01
    .125759E-01
    .107747E-01
    .854599E-02
    .570176E-02
    .747119E-03
   -.470939E-02
   -.106717E-01
   -.167371E-01
   -.196161E-01
   -.185553E-01
   -.148922E-01
   -.117928E-01
   -.116251E-01
   -.128784E-01
   -.124679E-01
   -.106235E-01
   -.693005E-02
   -.781056E-03
    .565690E-02
    .136815E-01
    .215818E-01
    .261755E-01
    .270058E-01
    .226071E-01
    .139215E-01
    .324631E-02
   -.569562E-02
   -.121752E-01
   -.166687E-01
   -.180537E-01
   -.181103E-01
   -.173140E-01
   -.171811E-01
   -.196806E-01
   -.230198E-01
   -.243266E-01
   -.222996E-01
   -.166935E-01
   -.881090E-02
   -.120457E-03
    .102997E-01
    .216383E-01
    .319986E-01
    .391671E-01
    .406349E-01
    .355296E-01
    .264989E-01
    .175590E-01
    .928487E-02
    .223495E-02
   -.322338E-02
   -.776977E-02
   -.120029E-01
   -.164619E-01
   -.203081E-01
   -.236460E-01
   -.268614E-01
   -.286352E-01
   -.291385E-01
   -.295700E-01
   -.290703E-01
   -.265300E-01
   -.207731E-01
   -.119455E-01
   -.284264E-02
    .543856E-02
    .122531E-01
    .168711E-01
    .204323E-01
    .238762E-01
    .272491E-01
    .300364E-01
    .319743E-01
    .333909E-01
    .343774E-01
    .328690E-01
    .276635E-01
    .187422E-01
    .613966E-02
   -.763293E-02
   -.210043E-01
   -.309479E-01
   -.353385E-01
   -.357616E-01
   -.312301E-01
   -.235752E-01
   -.162911E-01
   -.988172E-02
   -.539487E-02
   -.216582E-02
    .393987E-03
    .174823E-02
    .232592E-02
    .352073E-02
    .595653E-02
    .885816E-02
    .121198E-01
    .154436E-01
    .191700E-01
    .225977E-01
    .247536E-01
    .250199E-01
    .205376E-01
    .112271E-01
    .722741E-03
   -.857415E-02
   -.159659E-01
   -.214860E-01
   -.249730E-01
   -.260223E-01
   -.242255E-01
   -.191969E-01
   -.122418E-01
   -.455486E-02
    .271000E-02
    .838657E-02
    .122655E-01
    .141320E-01
    .144668E-01
    .135575E-01
    .129472E-01
    .127152E-01
    .109544E-01
    .849936E-02
    .648050E-02
    .581384E-02
    .680890E-02
    .890219E-02
    .123730E-01
    .164657E-01
    .197571E-01
    .205085E-01
    .179572E-01
    .134292E-01
    .821295E-02
    .339214E-02
   -.182875E-02
   -.874054E-02
   -.162977E-01
   -.231805E-01
   -.273671E-01
   -.272557E-01
   -.253253E-01
   -.209084E-01
   -.129600E-01
   -.544320E-02
    .123071E-02
    .594994E-02
    .712638E-02
    .507424E-02
    .636189E-03
   -.363844E-02
   -.607525E-02
   -.580832E-02
   -.443135E-02
   -.211344E-02
    .213489E-02
    .747441E-02
    .119583E-01
    .143637E-01
    .158169E-01
    .168148E-01
    .172048E-01
    .161197E-01
    .148073E-01
    .144419E-01
    .143134E-01
    .145677E-01
    .143548E-01
    .126967E-01
    .859643E-02
    .354448E-02
   -.929781E-03
   -.523594E-02
   -.844202E-02
   -.101193E-01
   -.989845E-02
   -.803477E-02
   -.589552E-02
   -.464603E-02
   -.453575E-02
   -.583198E-02
   -.842329E-02
   -.113464E-01
   -.127437E-01
   -.108473E-01
   -.760002E-02
   -.397862E-02
   -.781368E-03
    .764077E-03
    .159110E-02
    .251973E-02
    .473563E-02
    .652366E-02
    .583032E-02
    .275587E-02
   -.219068E-02
   -.828837E-02
   -.146376E-01
   -.191811E-01
   -.204949E-01
   -.187864E-01
   -.146966E-01
   -.984678E-02
   -.682201E-02
   -.517494E-02
   -.304073E-02
   -.892172E-06
    .378471E-02
    .763987E-02
    .116923E-01
    .159636E-01
    .194829E-01
    .218140E-01
    .231618E-01
    .230660E-01
    .209919E-01
    .173568E-01
    .130877E-01
    .858318E-02
    .402099E-02
    .154834E-03
   -.220180E-02
   -.329631E-02
   -.334594E-02
   -.316058E-02
   -.445440E-02
   -.653189E-02
   -.962639E-02
   -.128291E-01
   -.133509E-01
   -.114647E-01
   -.671337E-02
   -.866455E-04
    .554970E-02
    .918529E-02
    .103136E-01
    .101843E-01
    .980968E-02
    .828291E-02
    .633369E-02
    .528275E-02
    .477591E-02
    .393548E-02
    .317957E-02
    .357829E-02
    .384133E-02
    .364225E-02
    .354757E-02
    .318105E-02
    .250627E-02
    .237834E-03
   -.266537E-02
   -.449037E-02
   -.529670E-02
   -.526331E-02
   -.511771E-02
   -.533424E-02
   -.652547E-02
   -.862608E-02
   -.112641E-01
   -.139003E-01
   -.153254E-01
   -.147439E-01
   -.121171E-01
   -.766109E-02
   -.267381E-02
    .117988E-02
    .390780E-02
    .496125E-02
    .478736E-02
    .467617E-02
    .494746E-02
    .634128E-02
    .806064E-02
    .959820E-02
    .110756E-01
    .120367E-01
    .117901E-01
    .100507E-01
    .865347E-02
    .855160E-02
    .867832E-02
    .694337E-02
    .283175E-02
   -.277347E-02
   -.990849E-02
   -.175194E-01
   -.244555E-01
   -.297384E-01
   -.328717E-01
   -.335623E-01
   -.311251E-01
   -.259727E-01
   -.195551E-01
   -.140742E-01
   -.961961E-02
   -.490812E-02
    .335856E-03
    .607582E-02
    .118056E-01
    .170135E-01
    .202563E-01
    .205994E-01
    .191340E-01
    .172134E-01
    .165344E-01
    .174062E-01
    .179341E-01
    .171074E-01
    .157525E-01
    .145892E-01
    .132899E-01
    .116720E-01
    .914250E-02
    .548326E-02
    .136674E-02
   -.309609E-02
   -.785201E-02
   -.129202E-01
   -.175829E-01
   -.214570E-01
   -.251713E-01
   -.282016E-01
   -.294586E-01
   -.279543E-01
   -.241298E-01
   -.189506E-01
   -.124657E-01
   -.591677E-02
    .447487E-03
    .727789E-02
    .143273E-01
    .205882E-01
    .248223E-01
    .271715E-01
    .276526E-01
    .265225E-01
    .235360E-01
    .181949E-01
    .116928E-01
    .578899E-02
    .193515E-02
   -.724200E-03
   -.330538E-02
   -.575555E-02
   -.755199E-02
   -.793922E-02
   -.699009E-02
   -.479484E-02
   -.331147E-02
   -.365265E-02
   -.489605E-02
   -.651369E-02
   -.758113E-02
   -.841388E-02
   -.857776E-02
   -.723399E-02
   -.520890E-02
   -.319567E-02
   -.161582E-02
   -.108145E-02
   -.184276E-02
   -.284062E-02
   -.311329E-02
   -.228310E-02
   -.370359E-03
    .822045E-03
    .359284E-03
   -.972180E-03
   -.330061E-02
   -.589643E-02
   -.732937E-02
   -.696221E-02
   -.489789E-02
   -.180059E-02
    .141464E-02
    .334285E-02
    .369023E-02
    .311058E-02
    .213902E-02
    .843164E-03
   -.920104E-03
   -.228724E-02
   -.284581E-02
   -.286254E-02
   -.281364E-02
   -.349956E-02
   -.454144E-02
   -.469248E-02
   -.415627E-02
   -.423487E-02
   -.561976E-02
   -.836749E-02
   -.115395E-01
   -.140592E-01
   -.153700E-01
   -.150734E-01
   -.138582E-01
   -.129758E-01
   -.130334E-01
   -.132789E-01
   -.124697E-01
   -.987179E-02
   -.535686E-02
    .467416E-03
    .651158E-02
    .114454E-01
    .138993E-01
    .134855E-01
    .119893E-01
    .105956E-01
    .935744E-02
    .865002E-02
    .874363E-02
    .947065E-02
    .945540E-02
    .847576E-02
    .676437E-02
    .385315E-02
   -.230557E-03
   -.491189E-02
   -.913590E-02
   -.121760E-01
   -.134842E-01
   -.130185E-01
   -.109515E-01
   -.783615E-02
   -.473027E-02
   -.237493E-02
   -.150727E-02
   -.152033E-02
   -.195719E-02
   -.287156E-02
   -.348600E-02
   -.334887E-02
   -.217699E-02
   -.252347E-03
    .205922E-02
    .473131E-02
    .724989E-02
    .909793E-02
    .100663E-01
    .101025E-01
    .100824E-01
    .105911E-01
    .108764E-01
    .104754E-01
    .994747E-02
    .104894E-01
    .122637E-01
    .138212E-01
    .137440E-01
    .123414E-01
    .102784E-01
    .780316E-02
    .628592E-02
    .612170E-02
    .614143E-02
    .541245E-02
    .387649E-02
    .181334E-02
   -.899967E-03
   -.359179E-02
   -.476146E-02
   -.341251E-02
   -.386182E-03
    .230649E-02
    .335893E-02
    .318185E-02
    .194618E-02
   -.482578E-03
   -.299943E-02
   -.538706E-02
   -.695997E-02
   -.666167E-02
   -.450965E-02
   -.172109E-02
    .649522E-03
    .277050E-02
    .485090E-02
    .735101E-02
    .943738E-02
    .106239E-01
    .102138E-01
    .717744E-02
    .234265E-02
   -.310036E-02
   -.762406E-02
   -.102758E-01
   -.107501E-01
   -.966064E-02
   -.819499E-02
   -.709699E-02
   -.647641E-02
   -.578318E-02
   -.546207E-02
   -.581544E-02
   -.666167E-02
   -.759024E-02
   -.809335E-02
   -.788154E-02
   -.670202E-02
   -.550798E-02
   -.482265E-02
   -.490667E-02
   -.577360E-02
   -.714822E-02
   -.919627E-02
   -.108357E-01
   -.113492E-01
   -.106309E-01
   -.896699E-02
   -.681362E-02
   -.371131E-02
    .128983E-03
    .399952E-02
    .816774E-02
    .124125E-01
    .154406E-01
    .168208E-01
    .168859E-01
    .161679E-01
    .151692E-01
    .144326E-01
    .145095E-01
    .146332E-01
    .144528E-01
    .144006E-01
    .141801E-01
    .139105E-01
    .132588E-01
    .115469E-01
    .918448E-02
    .667140E-02
    .426638E-02
    .217745E-02
    .481696E-03
   -.103239E-02
   -.241983E-02
   -.384809E-02
   -.582830E-02
   -.801570E-02
   -.102462E-01
   -.122915E-01
   -.135078E-01
   -.140248E-01
   -.134521E-01
   -.112634E-01
   -.811551E-02
   -.497824E-02
   -.246003E-02
   -.328834E-03
    .132756E-02
    .210569E-02
    .210949E-02
    .187242E-02
    .261060E-02
    .399278E-02
    .520987E-02
    .606379E-02
    .609194E-02
    .586149E-02
    .544375E-02
    .488804E-02
    .431990E-02
    .310432E-02
    .148963E-02
   -.230672E-03
   -.252928E-02
   -.521893E-02
   -.731315E-02
   -.803178E-02
   -.781907E-02
   -.757700E-02
   -.749654E-02
   -.802929E-02
   -.914275E-02
   -.964410E-02
   -.826139E-02
   -.546274E-02
   -.259109E-02
   -.126223E-04
    .208353E-02
    .344213E-02
    .393584E-02
    .400386E-02
    .402036E-02
    .479582E-02
    .637012E-02
    .785994E-02
    .899921E-02
    .935165E-02
    .927454E-02
    .922308E-02
    .893171E-02
    .808017E-02
    .665536E-02
    .411583E-02
    .322561E-03
   -.339866E-02
   -.629196E-02
   -.834677E-02
   -.980928E-02
   -.105215E-01
   -.105011E-01
   -.989157E-02
   -.875668E-02
   -.812866E-02
   -.757791E-02
   -.626745E-02
   -.429883E-02
   -.173099E-02
    .342776E-03
    .189768E-02
    .336164E-02
    .436655E-02
    .576927E-02
    .705434E-02
    .708977E-02
    .637945E-02
    .605439E-02
    .633009E-02
    .626726E-02
    .595985E-02
    .642085E-02
    .778768E-02
    .873455E-02
    .921223E-02
    .956194E-02
    .894564E-02
    .745620E-02
    .535176E-02
    .353345E-02
    .206592E-02
   -.509240E-04
   -.261451E-02
   -.510291E-02
   -.766070E-02
   -.106496E-01
   -.130400E-01
   -.132206E-01
   -.110294E-01
   -.824601E-02
   -.646021E-02
   -.550179E-02
   -.458523E-02
   -.384357E-02
   -.306937E-02
   -.198758E-02
   -.143945E-02
   -.141039E-02
   -.192179E-02
   -.277911E-02
   -.334102E-02
   -.386677E-02
   -.411561E-02
   -.355152E-02
   -.251918E-02
   -.145472E-02
   -.282147E-03
    .803487E-03
    .152194E-02
    .179092E-02
    .151113E-02
    .127461E-02
    .184974E-02
    .286475E-02
    .413394E-02
    .592729E-02
    .785857E-02
    .957392E-02
    .106335E-01
    .107069E-01
    .953542E-02
    .732296E-02
    .495480E-02
    .306061E-02
    .160846E-02
    .263910E-04
   -.122148E-02
   -.161765E-02
   -.111342E-02
    .119581E-03
    .128772E-02
    .200051E-02
    .132167E-02
   -.349366E-03
   -.180826E-02
   -.340630E-02
   -.457333E-02
   -.471042E-02
   -.388042E-02
   -.285969E-02
   -.296994E-02
   -.433219E-02
   -.637266E-02
   -.838088E-02
   -.953150E-02
   -.922014E-02
   -.761771E-02
   -.490518E-02
   -.157881E-02
    .134847E-02
    .267402E-02
    .177233E-02
   -.231038E-03
   -.225717E-02
   -.357233E-02
   -.394236E-02
   -.425347E-02
   -.460155E-02
   -.491578E-02
   -.496834E-02
   -.428366E-02
   -.377060E-02
   -.434662E-02
   -.551082E-02
   -.652794E-02
   -.690208E-02
   -.672003E-02
   -.659550E-02
   -.600916E-02
   -.493728E-02
   -.427143E-02
   -.405425E-02
   -.391135E-02
   -.337978E-02
   -.245983E-02
   -.214260E-02
   -.242437E-02
   -.242159E-02
   -.240531E-02
   -.170799E-02
   -.256412E-04
    .218333E-02
    .460222E-02
    .611196E-02
    .646207E-02
    .588071E-02
    .517835E-02
    .527897E-02
    .610255E-02
    .664733E-02
    .623004E-02
    .516818E-02
    .383761E-02
    .232320E-02
    .664321E-03
   -.778748E-03
   -.202997E-02
   -.249457E-02
   -.219721E-02
   -.174746E-02
   -.952370E-03
   -.178338E-03
    .515582E-03
    .702587E-03
    .185581E-03
   -.550599E-03
   -.978000E-03
   -.418760E-03
    .557356E-03
    .125804E-02
    .157025E-02
    .200882E-02
    .254929E-02
    .248406E-02
    .199992E-02
    .126257E-02
    .904519E-03
    .743679E-03
    .385062E-04
   -.851156E-03
   -.227828E-02
   -.388723E-02
   -.496497E-02
   -.538154E-02
   -.460775E-02
   -.317982E-02
   -.131311E-02
    .748119E-03
    .231975E-02
    .352007E-02
    .421711E-02
    .416320E-02
    .307120E-02
    .159972E-02
    .594106E-03
    .350626E-03
    .601566E-03
    .838296E-03
    .134348E-02
    .180118E-02
    .168127E-02
    .903470E-03
   -.433928E-03
   -.168028E-02
   -.241785E-02
   -.330358E-02
   -.431454E-02
   -.526460E-02
   -.581123E-02
   -.521549E-02
   -.449263E-02
   -.392801E-02
   -.345064E-02
   -.316201E-02
   -.260779E-02
   -.192407E-02
   -.760697E-03
    .563485E-03
    .151546E-02
    .244174E-02
    .307132E-02
    .299407E-02
    .229587E-02
    .111093E-02
    .289805E-03
    .556884E-03
    .150876E-02
    .252514E-02
    .208661E-02
   -.132343E-03
   -.290012E-02
   -.611442E-02
   -.923676E-02
   -.119978E-01
   -.140000E-01
   -.147208E-01
   -.147243E-01
   -.134774E-01
   -.110606E-01
   -.794094E-02
   -.468768E-02
   -.175361E-02
    .155482E-02
    .493951E-02
    .826457E-02
    .112294E-01
    .136854E-01
    .158156E-01
    .172075E-01
    .175473E-01
    .168517E-01
    .159535E-01
    .152789E-01
    .146286E-01
    .138792E-01
    .127695E-01
    .111499E-01
    .904889E-02
    .658500E-02
    .410789E-02
    .186745E-02
    .979490E-04
   -.114138E-02
   -.233054E-02
   -.397990E-02
   -.543593E-02
   -.567838E-02
   -.479104E-02
   -.293788E-02
   -.772398E-03
    .996777E-03
    .192555E-02
    .138276E-02
   -.120847E-03
   -.144399E-02
   -.247078E-02
   -.347925E-02
   -.416176E-02
   -.479484E-02
   -.529593E-02
   -.499665E-02
   -.395018E-02
   -.223877E-02
   -.355460E-03
    .129441E-02
    .288446E-02
    .389429E-02
    .348845E-02
    .177437E-02
   -.243916E-03
   -.161205E-02
   -.213596E-02
   -.205866E-02
   -.114919E-02
    .593232E-03
    .231277E-02
    .336609E-02
    .355071E-02
    .289018E-02
    .167800E-02
    .234973E-03
   -.115443E-02
   -.188201E-02
   -.137433E-02
    .904604E-04
    .211457E-02
    .429217E-02
    .571458E-02
    .575460E-02
    .451157E-02
    .279776E-02
    .143882E-02
    .168701E-03
   -.143106E-02
   -.275673E-02
   -.297780E-02
   -.216462E-02
   -.129599E-02
   -.662718E-03
   -.629561E-03
   -.177744E-02
   -.347262E-02
   -.527639E-02
   -.670414E-02
   -.722490E-02
   -.676228E-02
   -.543383E-02
   -.364117E-02
   -.309020E-02
   -.285116E-02
   -.295179E-02
   -.315089E-02
   -.310470E-02
   -.238596E-02
   -.105612E-02
    .476448E-03
    .205193E-02
    .319685E-02
    .387865E-02
    .443990E-02
    .520194E-02
    .593723E-02
    .607443E-02
    .595832E-02
    .611189E-02
    .635467E-02
    .642229E-02
    .602856E-02
    .510568E-02
    .409793E-02
    .300416E-02
    .185947E-02
    .120810E-02
    .110602E-02
    .132309E-02
    .175915E-02
    .217372E-02
    .266467E-02
    .296045E-02
    .256008E-02
    .156024E-02
    .649901E-04
   -.170431E-02
   -.360700E-02
   -.525060E-02
   -.639685E-02
   -.695019E-02
   -.676845E-02
   -.624180E-02
   -.512672E-02
   -.332958E-02
   -.108190E-02
    .133773E-02
    .335311E-02
    .495129E-02
    .585552E-02
    .585215E-02
    .500896E-02
    .397917E-02
    .353242E-02
    .350281E-02
    .374179E-02
    .385922E-02
    .347784E-02
    .251042E-02
    .136512E-02
    .528937E-03
   -.474076E-04
   -.404095E-03
   -.612732E-03
   -.864077E-03
   -.126979E-02
   -.141049E-02
   -.111319E-02
   -.623906E-03
    .163150E-04
    .690646E-03
    .101632E-02
    .855443E-03
    .650632E-03
    .816828E-03
    .128062E-02
    .185527E-02
    .242987E-02
    .273003E-02
    .274275E-02
    .223739E-02
    .133078E-02
    .621881E-03
    .212461E-03
    .184273E-03
    .382410E-03
    .668051E-03
    .866347E-03
    .866694E-03
    .892393E-03
    .923025E-03
    .891075E-03
    .761173E-03
    .568440E-03
    .275269E-03
   -.110093E-03
   -.442266E-03
   -.679549E-03
   -.774379E-03
   -.735324E-03
   -.729414E-03
   -.873968E-03
   -.105338E-02
   -.113555E-02
   -.103660E-02
   -.810742E-03
   -.487587E-03
   -.989501E-04
    .185471E-03
    .306305E-03
    .301514E-03
    .241868E-03
    .151059E-03
    .779053E-04
    .920598E-04
    .180165E-03
    .260852E-03
    .240235E-03
    .998679E-04
   -.832489E-04
   -.300899E-03
   -.551423E-03
   -.760396E-03
   -.905904E-03
   -.937696E-03
   -.899028E-03
   -.858554E-03
   -.799996E-03
   -.737216E-03
   -.639585E-03
   -.530004E-03
   -.485883E-03
   -.481474E-03
   -.466604E-03
   -.419497E-03
   -.360033E-03
   -.334163E-03
   -.314574E-03
   -.274604E-03
   -.228146E-03
   -.195370E-03
   -.184699E-03
   -.165934E-03
   -.143261E-03
   -.132220E-03
   -.133840E-03
   -.158192E-03
   -.199425E-03
   -.253528E-03
   -.318577E-03
   -.382142E-03
   -.431185E-03
   -.466473E-03
   -.488416E-03
   -.495705E-03
   -.496216E-03
   -.492604E-03
   -.491651E-03
   -.496098E-03
   -.503229E-03
   -.514094E-03
   -.521256E-03
   -.525751E-03
   -.533179E-03
   -.542877E-03
   -.555851E-03
   -.570181E-03
   -.587014E-03
   -.605474E-03
   -.624163E-03
   -.644139E-03
   -.662429E-03
   -.677544E-03
   -.689580E-03
   -.698449E-03
   -.703541E-03
   -.706829E-03
   -.709274E-03
   -.711956E-03
   -.717286E-03
   -.724530E-03
   -.733556E-03
   -.742867E-03
   -.750709E-03
   -.757753E-03
   -.765052E-03
   -.772856E-03
   -.780717E-03
   -.788658E-03
   -.796707E-03
   -.804601E-03
   -.812059E-03
   -.819060E-03
   -.825702E-03
   -.831999E-03
   -.838001E-03
   -.843766E-03
   -.849323E-03
   -.854669E-03
   -.859773E-03
   -.864611E-03
   -.869187E-03
   -.873503E-03
   -.877559E-03
   -.881353E-03
   -.884882E-03
   -.888140E-03
   -.891125E-03
