   -.0015188
   -.0015224
   -.0015167
   -.0015247
   -.0015161
   -.0015237
   -.0015183
   -.0015235
   -.0015195
   -.0015228
   -.0015146
   -.0015174
   -.0015206
   -.0015220
   -.0015147
   -.0015218
   -.0015265
   -.0015287
   -.0015332
   -.0015352
   -.0015259
   -.0015265
   -.0015233
   -.0015150
   -.0015137
   -.0015333
   -.0015502
   -.0015565
   -.0015527
   -.0015538
   -.0015561
   -.0015677
   -.0015816
   -.0015786
   -.0015102
   -.0014059
   -.0014200
   -.0015100
   -.0015242
   -.0014414
   -.0014105
   -.0015040
   -.0015803
   -.0015774
   -.0015898
   -.0015991
   -.0015915
   -.0015775
   -.0016209
   -.0017058
   -.0016919
   -.0014723
   -.0013662
   -.0014668
   -.0014833
   -.0015536
   -.0016534
   -.0016700
   -.0016918
   -.0016043
   -.0014234
   -.0015075
   -.0016328
   -.0015696
   -.0014045
   -.0014057
   -.0015271
   -.0015597
   -.0014671
   -.0014400
   -.0015959
   -.0017638
   -.0017535
   -.0016982
   -.0016959
   -.0014410
   -.0010676
   -.0012728
   -.0016819
   -.0016869
   -.0014383
   -.0014063
   -.0015005
   -.0015811
   -.0016172
   -.0017551
   -.0018397
   -.0018945
   -.0020990
   -.0022082
   -.0020737
   -.0018930
   -.0016922
   -.0017427
   -.0017627
   -.0017336
   -.0016217
   -.0014564
   -.0016175
   -.0017211
   -.0017556
   -.0017412
   -.0018422
   -.0019842
   -.0017308
   -.0012420
   -.0013908
   -.0014863
   -.0013627
   -.0010458
   -.0012007
   -.0015860
   -.0016561
   -.0014785
   -.0011406
   -.0010918
   -.0016627
   -.0020657
   -.0021079
   -.0021448
   -.0023082
   -.0023157
   -.0019832
   -.0015020
   -.0013978
   -.0011497
   -.0007652
   -.0008834
   -.0009185
   -.0007793
   -.0010321
   -.0015183
   -.0017662
   -.0019395
   -.0020068
   -.0020309
   -.0019457
   -.0015560
   -.0015382
   -.0017393
   -.0016404
   -.0013742
   -.0012872
   -.0015010
   -.0016330
   -.0019643
   -.0021256
   -.0019182
   -.0018899
   -.0019224
   -.0017991
   -.0024559
   -.0027685
   -.0026048
   -.0020098
   -.0014130
   -.0010486
   -.0009526
   -.0014609
   -.0018337
   -.0019016
   -.0020257
   -.0018899
   -.0018160
   -.0016479
   -.0012076
   -.0009497
   -.0012484
   -.0014942
   -.0014776
   -.0017217
   -.0023083
   -.0020917
   -.0014737
   -.0013959
   -.0012758
   -.0010255
   -.0013339
   -.0013907
   -.0010543
   -.0011483
   -.0019928
   -.0021423
   -.0017640
   -.0020104
   -.0023784
   -.0021185
   -.0013862
   -.0007527
   -.0006268
   -.0008634
   -.0010329
   -.0008515
   -.0012506
   -.0017062
   -.0019275
   -.0019846
   -.0017079
   -.0017057
   -.0018891
   -.0018291
   -.0014168
   -.0007439
   -.0016635
   -.0021608
   -.0021262
   -.0018594
   -.0019553
   -.0024027
   -.0020785
   -.0011322
   -.0001896
   -.0006266
   -.0012268
   -.0027041
   -.0018451
   -.0007393
   -.0010436
   -.0015714
   -.0018512
    .0001129
    .0003421
   -.0002093
   -.0018739
   -.0029160
   -.0027679
   -.0025443
   -.0021995
   -.0021078
   -.0022063
   -.0017747
   -.0011792
   -.0006168
   -.0002436
   -.0007348
   -.0012657
   -.0005983
    .0004542
   -.0011372
   -.0027646
   -.0041607
   -.0039181
   -.0032013
   -.0029990
   -.0027342
   -.0019893
   -.0010557
   -.0006077
   -.0012241
   -.0009938
   -.0001640
    .0002384
   -.0005908
   -.0013137
   -.0027130
   -.0032322
   -.0025788
   -.0020237
   -.0016156
   -.0010884
   -.0007163
   -.0012962
   -.0013402
   -.0010214
   -.0010531
   -.0017771
   -.0022061
   -.0018836
   -.0014294
   -.0017042
   -.0020678
   -.0016224
   -.0009108
   -.0021840
   -.0029241
   -.0042069
   -.0048560
   -.0026276
    .0007547
    .0033342
    .0037145
    .0028200
   -.0000073
   -.0025431
   -.0015051
    .0005330
    .0004380
   -.0012064
   -.0031625
   -.0019306
    .0005665
    .0006377
   -.0002324
   -.0023692
   -.0038956
   -.0032804
   -.0015287
    .0000285
    .0019650
    .0045465
    .0056041
    .0018883
   -.0042006
   -.0091378
   -.0068755
    .0001006
    .0031209
    .0012130
   -.0039587
   -.0063076
   -.0032726
   -.0015907
   -.0041710
   -.0070595
   -.0073814
   -.0002831
    .0064870
    .0056644
    .0006030
   -.0030799
    .0005379
    .0045264
    .0013821
   -.0060638
   -.0115087
   -.0086875
    .0005110
    .0056805
    .0028935
   -.0034000
   -.0062654
   -.0045263
   -.0046327
   -.0047703
   -.0048837
   -.0019953
    .0016336
    .0020733
   -.0001717
   -.0046350
   -.0075912
   -.0038545
    .0020345
    .0018815
   -.0031172
   -.0079582
   -.0070992
   -.0008981
    .0037455
    .0031716
   -.0021394
   -.0077774
   -.0078390
   -.0013506
    .0048653
    .0052033
    .0010904
   -.0033638
   -.0034582
   -.0026277
   -.0027575
   -.0030371
   -.0030276
   -.0014595
    .0035378
    .0080977
    .0083706
    .0042132
   -.0031985
   -.0101720
   -.0148723
   -.0160893
   -.0126164
   -.0043528
    .0048795
    .0085309
    .0052236
   -.0018256
   -.0064833
   -.0016115
    .0086967
    .0132310
    .0091195
   -.0001859
   -.0085698
   -.0107269
   -.0077068
   -.0036915
   -.0014134
    .0001375
    .0024086
    .0040319
    .0027420
   -.0021767
   -.0080635
   -.0117954
   -.0121242
   -.0096155
   -.0055319
   -.0003867
    .0061309
    .0149728
    .0246257
    .0278212
    .0209507
    .0090755
   -.0047768
   -.0101895
   -.0046594
   -.0011321
   -.0052165
   -.0107136
   -.0137522
   -.0046603
    .0075975
    .0094357
    .0035134
   -.0024869
    .0029512
    .0206446
    .0309114
    .0220711
    .0020428
   -.0166450
   -.0190615
   -.0058825
    .0040870
   -.0006673
   -.0150589
   -.0269748
   -.0218723
   -.0011165
    .0142457
    .0111205
   -.0004956
   -.0098477
   -.0061865
    .0119638
    .0286144
    .0325175
    .0279492
    .0218899
    .0219442
    .0265600
    .0291085
    .0254548
    .0206294
    .0128109
    .0081896
    .0071073
   -.0016927
   -.0226409
   -.0487932
   -.0711548
   -.0835844
   -.0804931
   -.0577194
   -.0185293
    .0262100
    .0649419
    .0911432
    .1045138
    .1068394
    .0978814
    .0772777
    .0503515
    .0274031
    .0132095
   -.0018365
   -.0288482
   -.0644498
   -.0970800
   -.1135695
   -.1126279
   -.1090735
   -.1120175
   -.1167304
   -.1115083
   -.0843300
   -.0427139
   -.0074398
    .0079078
    .0049244
   -.0036635
   -.0016210
    .0232821
    .0684680
    .1118133
    .1303031
    .1207074
    .0996979
    .0918745
    .1107863
    .1424412
    .1564910
    .1352026
    .0898185
    .0520337
    .0462917
    .0621616
    .0636682
    .0296104
   -.0275236
   -.0759167
   -.0890218
   -.0692049
   -.0430489
   -.0322239
   -.0353970
   -.0346753
   -.0149536
    .0181798
    .0455823
    .0537655
    .0440690
    .0313449
    .0302204
    .0386480
    .0395971
    .0174822
   -.0314912
   -.0958112
   -.1509287
   -.1713985
   -.1503721
   -.1099666
   -.0815893
   -.0779111
   -.0924049
   -.1063240
   -.1074642
   -.1032505
   -.1021401
   -.1039591
   -.0962248
   -.0542499
    .0192238
    .0877210
    .1300015
    .1547291
    .1489459
    .1307009
    .1140491
    .1021477
    .0940348
    .0860714
    .0779627
    .0760188
    .0832498
    .0886385
    .0782572
    .0488158
    .0033262
   -.0461804
   -.0838816
   -.1050170
   -.1136852
   -.1112013
   -.0942266
   -.0625941
   -.0287014
   -.0140689
   -.0304538
   -.0709853
   -.1192241
   -.1575086
   -.1762824
   -.1777652
   -.1677163
   -.1463714
   -.1119165
   -.0668727
   -.0179417
    .0260709
    .0589908
    .0819655
    .1008638
    .1202063
    .1367623
    .1392440
    .1165771
    .0667310
   -.0024496
   -.0327835
   -.0760692
   -.1039935
   -.1159294
   -.1193943
   -.1303110
   -.1228215
   -.1305712
   -.1352483
   -.1449631
   -.1448814
   -.1382224
   -.1530461
   -.1535894
   -.1530770
   -.1385301
   -.1061012
   -.0714018
   -.0258436
    .0001329
    .0236287
    .0478277
    .0627753
    .0603800
    .0096091
    .0006415
    .0228040
    .0447490
    .0871087
    .1187172
    .1698664
    .1695022
    .1392031
    .1032939
    .0793549
    .0637168
    .0494979
    .0417302
    .0413418
    .0825397
    .1016756
    .1270299
    .1569342
    .1812781
    .1906323
    .1781916
    .1561977
    .1263325
    .0896371
    .0463631
    .0159758
    .0161702
    .0392123
    .0921354
    .0851131
    .0726046
    .0520093
    .0261428
   -.0086559
   -.0458000
   -.0757408
   -.1096644
   -.1261464
   -.1203690
   -.0928628
   -.0621047
   -.0363733
   -.0274332
   -.0017200
    .0108211
    .0274054
    .0406461
    .0249069
    .0211017
    .0092516
    .0173284
    .0064647
    .0047637
   -.0217025
   -.0407486
   -.0800617
   -.1140782
   -.1498793
   -.1751815
   -.1897637
   -.1959824
   -.1790386
   -.1547064
   -.1253019
   -.0968379
   -.0753570
   -.0335592
   -.0213749
   -.0130229
    .0035067
    .0182504
    .0239003
    .0393439
    .0450928
    .0691533
    .0746005
    .0774138
    .0215679
   -.0209963
   -.0540295
   -.0652966
   -.0270454
    .0666338
    .1049572
    .1589358
    .1955052
    .2007057
    .1761360
    .1707311
    .1204812
    .0903183
    .0425709
    .0322414
    .0688469
    .0931836
    .1499328
    .2206500
    .2650652
    .2894489
    .2660009
    .2073630
    .1162612
   -.0570675
   -.2640170
   -.3701574
   -.4406261
   -.4363878
   -.4012578
   -.2023906
   -.1306846
   -.0354890
    .0797193
    .0941846
    .0810251
    .0964926
    .0246982
   -.1077807
   -.2066998
   -.2162570
   -.1560844
    .0129729
    .1204945
    .2592998
    .3343019
    .3946434
    .3696134
    .3368420
    .1079420
   -.0189852
   -.1874263
   -.2118047
   -.2039634
   -.1952934
    .0045105
    .0642566
    .0455546
   -.0001054
   -.1782504
   -.2594167
   -.2555090
   -.2531441
   -.2227809
   -.1287943
    .0273561
    .1229434
    .2179222
    .2368126
    .1989938
    .1540399
    .1350745
    .1058386
    .0803943
    .0468722
   -.0303123
   -.0917168
   -.1081674
   -.0981782
   -.0856978
   -.1426890
   -.1539646
   -.1479417
   -.2266830
   -.2686308
   -.2962814
   -.3295829
   -.3176133
   -.2958094
   -.2565427
   -.1605183
   -.0212030
    .0388308
    .1144068
    .1918832
    .2040328
    .2090463
    .2058875
    .1777957
    .0795037
   -.0986938
   -.1397870
   -.2458117
   -.2799459
   -.3147320
   -.3885177
   -.3925502
   -.3811692
   -.3741146
   -.3393410
   -.2554944
   -.1773591
   -.0834892
    .0155447
    .0854471
    .1603538
    .2567650
    .3089828
    .4054355
    .4630080
    .4837288
    .4968673
    .4721674
    .4188309
    .3839149
    .2771585
    .1299105
    .0477578
   -.0163248
   -.0569142
   -.0752961
   -.1005466
   -.1172737
   -.0974174
   -.0938844
   -.0593928
   -.0186582
   -.0139084
    .0051384
   -.0062938
   -.0185430
   -.0177692
   -.0146269
   -.0086936
    .0074273
    .0124015
    .0129414
    .0092331
   -.0053186
   -.0570371
   -.0980311
   -.1323209
   -.1436837
   -.1502653
   -.1764093
   -.1819377
   -.1860361
   -.1846961
   -.1718907
   -.1584539
   -.1716841
   -.1545765
   -.1394009
   -.1069338
   -.0563448
    .0031449
    .0727751
    .1108344
    .1726058
    .2000058
    .2259428
    .2085140
    .2040185
    .1998838
    .1686114
    .1470418
    .1133950
    .0920531
    .0894496
    .0763646
    .0617806
    .0355191
    .0257725
   -.0099751
   -.0509658
   -.1144280
   -.1851173
   -.2933302
   -.3284211
   -.3336223
   -.3192127
   -.3035826
   -.2622981
   -.1531586
   -.0371489
    .0191132
    .0511052
    .0746681
    .0402668
    .0511082
   -.0173813
   -.0229052
   -.0074994
    .0264777
    .0531531
    .0954844
    .1424959
    .2136563
    .3303901
    .3668951
    .3849576
    .3866894
    .3157908
    .2004740
   -.0311683
   -.1784086
   -.2974087
   -.3706393
   -.4079311
   -.3491213
   -.2157887
   -.1530060
   -.0843473
   -.0808191
   -.0691336
   -.1739003
   -.2523173
   -.3267146
   -.3298088
   -.2919299
   -.1777160
   -.1030725
    .0110495
    .1327286
    .1591915
    .1741890
    .0942551
    .0502518
    .0007376
   -.0343324
   -.0845293
   -.1058501
   -.0782177
   -.0244355
    .0308933
    .1657896
    .3411135
    .3755974
    .3846390
    .3630952
    .3648996
    .3511645
    .2704779
    .2598300
    .2598515
    .2867826
    .2883370
    .3080045
    .2983630
    .3556505
    .3101610
    .2766916
    .1768471
    .0871159
   -.0202257
   -.1516397
   -.1827906
   -.1831022
   -.1618875
   -.1316505
   -.0911082
   -.0938572
   -.0977250
   -.0968681
   -.1040482
   -.1392013
   -.1622948
   -.1555815
   -.1365784
   -.0977201
   -.0668518
   -.0191884
    .0242979
    .0465141
    .0435248
    .0374170
    .0222648
   -.0001943
   -.0221824
   -.0401751
   -.0543148
   -.0805649
   -.1107272
   -.1244436
   -.1223345
   -.1126938
   -.1071490
   -.1088406
   -.0979603
   -.0897936
   -.0995387
   -.0987558
   -.0855928
   -.0733537
   -.0625846
   -.0461992
   -.0346891
   -.0231148
   -.0175001
   -.0179449
   -.0236757
   -.0277090
   -.0373143
   -.0475622
   -.0628256
   -.0600697
   -.0523074
   -.0466520
   -.0425156
   -.0442585
   -.0357800
   -.0428014
   -.0753697
   -.0833075
   -.0694708
   -.0516496
   -.0048621
    .0182607
    .0560880
    .0631185
    .0750277
    .0695481
    .0665198
    .0247619
   -.0091115
   -.0410747
   -.0659518
   -.0868872
   -.0774514
   -.1032128
   -.1215716
   -.1489704
   -.1865304
   -.2166965
   -.2677447
   -.2879738
   -.2891145
   -.2853772
   -.2671333
   -.2331125
   -.1912743
   -.1628493
   -.1261212
   -.1190640
   -.1100612
   -.0986891
   -.0834360
   -.0751845
   -.0581426
   -.0610156
   -.0543706
   -.0512178
   -.0482837
   -.0389078
   -.0185357
   -.0067246
   -.0008769
    .0043335
    .0194473
    .0342163
    .0466992
    .0345810
    .0523573
    .0639427
    .0782033
    .1037086
    .1225040
    .1549479
    .1951933
    .2196851
    .2476525
    .2448312
    .2336025
    .1846325
    .1390677
    .0978656
    .0475316
    .0036171
    .0023946
   -.0105113
   -.0266524
    .0016858
    .0193384
    .0211504
    .0046311
    .0061273
    .0112574
    .0170394
    .0426266
    .0688190
    .1220548
    .1680860
    .2057013
    .2240394
    .2314746
    .2329229
    .2247751
    .1961429
    .1418272
    .1068929
    .0759617
    .0410113
    .0101545
   -.0446002
   -.0828211
   -.1054172
   -.1188454
   -.1380752
   -.1637207
   -.1690597
   -.1541070
   -.1326501
   -.1078510
   -.0621175
   -.0440730
   -.0487089
   -.0474121
   -.0688892
   -.0973373
   -.1357994
   -.1389222
   -.1225729
   -.0871472
   -.0721876
   -.0393465
   -.0282238
   -.0243937
   -.0290939
   -.0696055
   -.0664724
   -.0677743
   -.0393979
   -.0095655
    .0428006
    .0980372
    .1289856
    .1528354
    .1490341
    .1353399
    .1237147
    .0932734
    .0960456
    .1027938
    .1079589
    .1012074
    .0836197
    .0782391
    .0354547
   -.0088853
   -.0400974
   -.0769819
   -.1041169
   -.1310791
   -.1497714
   -.1587917
   -.1597041
   -.1404293
   -.1042306
   -.0853549
   -.0720198
   -.0776396
   -.0845078
   -.0788824
   -.0742757
   -.0797490
   -.0599693
   -.0374247
    .0192491
    .0606824
    .0893193
    .1210379
    .1533166
    .1409145
    .1285343
    .0843410
    .0412026
    .0283553
    .0315297
    .0516850
    .0843619
    .0915506
    .0969119
    .1123185
    .1191830
    .1142519
    .0961439
    .0819314
    .0397351
    .0169735
    .0194398
    .0522343
    .0851834
    .1018568
    .1145548
    .1208422
    .1196580
    .1103012
    .0914836
    .0668998
    .0545620
    .0425590
    .0317206
    .0302075
    .0257713
    .0262407
    .0215882
    .0131485
    .0044872
   -.0042777
   -.0242576
   -.0372130
   -.0449250
   -.0489665
   -.0496057
   -.0510148
   -.0395658
   -.0327225
   -.0265064
   -.0238626
   -.0276581
   -.0322200
   -.0472851
   -.0618016
   -.0814816
   -.0948353
   -.1113160
   -.1154525
   -.1128509
   -.1316148
   -.1384076
   -.1460008
   -.1504841
   -.1564139
   -.1585115
   -.1628358
   -.1709674
   -.1691712
   -.1617367
   -.1488499
   -.1358663
   -.1229206
   -.0945014
   -.0795261
   -.0579235
   -.0387108
   -.0144352
    .0082069
    .0221503
    .0324427
    .0396374
    .0455152
    .0511297
    .0577594
    .0530185
    .0625974
    .0634830
    .0744074
    .0754361
    .0823477
    .0866673
    .0823924
    .0625254
    .0426937
    .0280186
    .0081759
    .0076666
    .0213510
    .0324682
    .0398490
    .0454611
    .0571832
    .0397478
   -.0025332
   -.0143955
   -.0328731
   -.0482584
   -.0599527
   -.0561530
   -.0284853
   -.0156600
    .0151633
    .0190051
    .0083004
   -.0075088
   -.0238995
   -.0479494
   -.0666041
   -.0853229
   -.1080908
   -.1059089
   -.0980995
   -.0846631
   -.0613240
   -.0465902
   -.0350922
   -.0059966
   -.0066797
   -.0198050
   -.0533766
   -.0585352
   -.0597762
   -.0576489
   -.0543857
   -.0434636
   -.0339914
   -.0150248
   -.0126909
   -.0172296
   -.0114650
   -.0132297
   -.0065953
    .0107838
    .0268982
    .0356618
    .0396903
    .0446806
    .0499647
    .0460759
    .0463700
    .0497077
    .0493180
    .0527548
    .0545851
    .0543648
    .0535159
    .0541120
    .0574711
    .0572011
    .0576388
    .0707438
    .0746462
    .0819909
    .0956442
    .1020485
    .1081799
    .1066018
    .1004680
    .0960830
    .0875271
    .0681990
    .0262232
   -.0003564
   -.0286887
   -.0517117
   -.0640701
   -.0773244
   -.0824653
   -.0788325
   -.0715184
   -.0663923
   -.0529809
   -.0386662
   -.0316415
   -.0218106
   -.0149332
   -.0097591
   -.0085734
   -.0051199
    .0022618
    .0070609
    .0152243
    .0202431
    .0220000
    .0201608
    .0129314
   -.0084547
   -.0218024
   -.0341904
   -.0352945
   -.0208000
   -.0147887
   -.0046219
    .0049657
    .0190625
    .0354740
    .0332448
    .0173617
    .0287236
    .0391621
    .0779507
    .1214844
    .1524939
    .1620494
    .1542643
    .1120482
    .0753542
    .0452509
    .0303690
    .0336192
    .0538619
    .0553690
    .0616920
    .0406691
    .0190815
   -.0022026
   -.0401327
   -.0858342
   -.0956948
   -.0987116
   -.0856066
   -.0643816
   -.0463673
   -.0173544
    .0039017
    .0215869
    .0297335
    .0318381
    .0386081
    .0343494
    .0083311
   -.0030378
   -.0187887
   -.0241833
   -.0237431
   -.0162006
   -.0158329
   -.0040422
    .0032307
   -.0020172
   -.0127133
   -.0187720
   -.0273810
   -.0390699
   -.0609697
   -.0743800
   -.0918559
   -.1041276
   -.1000355
   -.0794837
   -.0730295
   -.0645614
   -.0595602
   -.0541279
   -.0549663
   -.0746381
   -.0852375
   -.0804893
   -.0693350
   -.0505285
   -.0362851
   -.0225937
   -.0032596
    .0137311
    .0229608
    .0278576
    .0327464
    .0353483
    .0356064
    .0295468
    .0365560
    .0389502
    .0432392
    .0533296
    .0646351
    .0779635
    .0865559
    .0923245
    .0890487
    .0758051
    .0698146
    .0634575
    .0567806
    .0462958
    .0332240
    .0235134
    .0225265
    .0134809
    .0104266
   -.0013660
   -.0089652
   -.0263139
   -.0462062
   -.0597991
   -.0768588
   -.0840147
   -.0827692
   -.0769205
   -.0695037
   -.0582912
   -.0484169
   -.0383117
   -.0252374
   -.0184446
   -.0106163
   -.0118823
   -.0114207
   -.0087057
   -.0004781
    .0086618
    .0197455
    .0262302
    .0326594
    .0357462
    .0407079
    .0431198
    .0444991
    .0372437
    .0318365
    .0197931
    .0080746
    .0025452
   -.0007170
   -.0053555
   -.0045831
   -.0002931
   -.0044802
   -.0048783
   -.0061577
   -.0122977
   -.0150790
   -.0224316
   -.0243313
   -.0215457
   -.0185216
   -.0110323
    .0014121
    .0089119
    .0122275
    .0117913
    .0073863
    .0046900
   -.0023995
   -.0046140
   -.0058972
   -.0070097
   -.0063092
   -.0095869
   -.0110006
   -.0123095
   -.0194777
   -.0237170
   -.0288743
   -.0336385
   -.0371267
   -.0389818
   -.0338263
   -.0324759
   -.0262974
   -.0259995
   -.0279376
   -.0275965
   -.0269136
   -.0335034
   -.0327159
   -.0354158
   -.0368557
   -.0411261
   -.0452883
   -.0484619
   -.0503819
   -.0530475
   -.0587109
   -.0653146
   -.0690513
   -.0701965
   -.0648728
   -.0623103
   -.0562150
   -.0544023
   -.0532145
   -.0522466
   -.0523655
   -.0534996
   -.0524872
   -.0430666
   -.0221940
    .0071840
    .0389188
    .0677746
    .0910047
    .1082843
    .1209586
    .1296286
    .1336695
    .1326349
    .1271496
    .1192438
    .1109134
    .1011747
    .0878734
    .0699928
    .0487433
    .0255651
    .0015262
   -.0195945
   -.0327224
   -.0353095
   -.0285231
   -.0161019
   -.0012165
    .0155355
    .0328120
    .0473770
    .0556099
    .0557942
    .0493483
    .0397025
    .0294240
    .0208644
    .0176202
    .0200723
    .0261135
    .0382374
    .0522478
    .0626694
    .0734572
    .0897151
    .1073756
    .1207785
    .1315337
    .1373538
    .1331940
    .1181241
    .0972725
    .0766365
    .0585103
    .0425022
    .0278158
    .0145834
    .0047510
    .0010068
    .0055296
    .0177913
    .0335539
    .0472059
    .0532886
    .0487586
    .0367909
    .0243685
    .0160721
    .0127490
    .0127852
    .0121581
    .0092639
    .0064612
    .0060623
    .0098812
    .0178960
    .0278036
    .0353145
    .0353864
    .0264626
    .0109017
   -.0078918
   -.0273996
   -.0472260
   -.0670450
   -.0852584
   -.0980876
   -.1016722
   -.0959099
   -.0839263
   -.0699054
   -.0576565
   -.0480107
   -.0397370
   -.0309671
   -.0209440
   -.0108440
   -.0036296
   -.0021805
   -.0054134
   -.0097469
   -.0130528
   -.0143735
   -.0149581
   -.0167300
   -.0209637
   -.0287524
   -.0401561
   -.0532837
   -.0647813
   -.0704465
   -.0672546
   -.0565675
   -.0428434
   -.0300407
   -.0197279
   -.0119279
   -.0057761
   -.0009612
    .0014026
   -.0000222
   -.0066050
   -.0191039
   -.0364287
   -.0555052
   -.0719892
   -.0812469
   -.0818658
   -.0756376
   -.0658950
   -.0560163
   -.0475501
   -.0404833
   -.0365724
   -.0382941
   -.0454338
   -.0541317
   -.0601419
   -.0618595
   -.0591682
   -.0522005
   -.0413195
   -.0264736
   -.0089796
    .0090277
    .0258577
    .0398726
    .0489482
    .0513337
    .0475379
    .0426509
    .0427625
    .0447470
    .0493165
    .0541792
    .0542292
    .0509842
    .0485127
    .0486406
    .0475071
    .0449987
    .0386408
    .0251251
    .0066918
   -.0093948
   -.0174721
   -.0198263
   -.0174382
   -.0113415
   -.0075696
   -.0078751
   -.0088762
   -.0074809
   -.0047366
   -.0032772
   -.0024864
   -.0005411
    .0009277
   -.0010463
   -.0069167
   -.0147407
   -.0219636
   -.0277998
   -.0325746
   -.0371579
   -.0406766
   -.0411603
   -.0386066
   -.0344540
   -.0304317
   -.0283244
   -.0295599
   -.0332186
   -.0372658
   -.0390530
   -.0363604
   -.0282323
   -.0159056
   -.0020480
    .0106251
    .0208384
    .0287494
    .0345700
    .0382041
    .0405612
    .0421931
    .0449945
    .0503488
    .0561514
    .0628111
    .0687793
    .0717450
    .0729910
    .0732524
    .0729807
    .0738396
    .0740902
    .0733387
    .0720996
    .0683749
    .0622824
    .0545382
    .0455238
    .0355949
    .0261145
    .0183638
    .0132331
    .0124993
    .0157804
    .0195663
    .0204630
    .0176746
    .0128603
    .0064160
   -.0016959
   -.0100037
   -.0162662
   -.0193581
   -.0198138
   -.0179730
   -.0141990
   -.0090387
   -.0025189
    .0053336
    .0136268
    .0211260
    .0275136
    .0319253
    .0327649
    .0305096
    .0276325
    .0259136
    .0254715
    .0237187
    .0184870
    .0098602
   -.0008303
   -.0118751
   -.0226385
   -.0328053
   -.0413590
   -.0472797
   -.0486310
   -.0441056
   -.0345267
   -.0213711
   -.0074984
    .0029616
    .0069473
    .0033062
   -.0083265
   -.0257081
   -.0453434
   -.0635791
   -.0756433
   -.0803516
   -.0801066
   -.0765054
   -.0715716
   -.0673815
   -.0611388
   -.0489524
   -.0333127
   -.0191122
   -.0079711
   -.0015594
    .0050785
    .0108335
    .0155075
    .0187219
    .0186503
    .0154792
    .0102962
    .0054617
    .0029499
    .0035179
    .0064748
    .0096911
    .0113779
    .0111962
    .0101922
    .0101665
    .0118631
    .0144329
    .0176933
    .0219872
    .0270037
    .0328683
    .0390730
    .0432289
    .0421124
    .0340263
    .0191148
   -.0005812
   -.0208576
   -.0385258
   -.0511423
   -.0569030
   -.0557843
   -.0493270
   -.0395170
   -.0292355
   -.0216338
   -.0185623
   -.0202847
   -.0242532
   -.0254786
   -.0221366
   -.0166258
   -.0110815
   -.0073208
   -.0058981
   -.0057266
   -.0058590
   -.0054114
   -.0039998
   -.0026033
   -.0013281
    .0017915
    .0068312
    .0117896
    .0155468
    .0178967
    .0176221
    .0141930
    .0092472
    .0055302
    .0048128
    .0064235
    .0082299
    .0089824
    .0091254
    .0090941
    .0087764
    .0066800
    .0013233
   -.0057209
   -.0114317
   -.0150131
   -.0174190
   -.0192556
   -.0201506
   -.0189442
   -.0154055
   -.0107231
   -.0067408
   -.0040949
   -.0015016
    .0024234
    .0077573
    .0128448
    .0160930
    .0172174
    .0154009
    .0102014
    .0018218
   -.0091689
   -.0207158
   -.0301149
   -.0362589
   -.0403858
   -.0421603
   -.0400990
   -.0335887
   -.0225120
   -.0088136
    .0056222
    .0197134
    .0320469
    .0409721
    .0450980
    .0434753
    .0362840
    .0248925
    .0115768
   -.0016148
   -.0124557
   -.0189060
   -.0198530
   -.0163367
   -.0115822
   -.0083023
   -.0068181
   -.0052198
   -.0010302
    .0061778
    .0140260
    .0185155
    .0167891
    .0092028
   -.0000573
   -.0063520
   -.0102025
   -.0136224
   -.0180003
   -.0238436
   -.0286296
   -.0306798
   -.0310438
   -.0297061
   -.0273595
   -.0251076
   -.0223508
   -.0174019
   -.0095880
   -.0002081
    .0093331
    .0173610
    .0221656
    .0239357
    .0241094
    .0248933
    .0276126
    .0308647
    .0321799
    .0299833
    .0237921
    .0149986
    .0072707
    .0026615
    .0002094
   -.0007290
    .0000757
    .0017825
    .0034801
    .0034947
    .0006208
   -.0033942
   -.0066416
   -.0084907
   -.0091596
   -.0092471
   -.0085949
   -.0062862
   -.0028006
    .0006138
    .0028888
    .0034432
    .0025446
    .0004389
   -.0025178
   -.0056557
   -.0082957
   -.0102439
   -.0098323
   -.0058957
    .0002888
    .0063953
    .0111879
    .0143306
    .0147627
    .0109021
    .0021712
   -.0090119
   -.0187109
   -.0242047
   -.0255051
   -.0248309
   -.0238405
   -.0232202
   -.0235886
   -.0246326
   -.0256500
   -.0264363
   -.0273577
   -.0286953
   -.0289340
   -.0262722
   -.0210824
   -.0149193
   -.0078382
   -.0001998
    .0064978
    .0113310
    .0140724
    .0151240
    .0144499
    .0113666
    .0067079
    .0027364
    .0021208
    .0054376
    .0111360
    .0179399
    .0248493
    .0308412
    .0359661
    .0389188
    .0372165
    .0303967
    .0194277
    .0069935
   -.0028708
   -.0081397
   -.0105877
   -.0108794
   -.0085280
   -.0074007
   -.0098037
   -.0140329
   -.0180586
   -.0209900
   -.0229074
   -.0236009
   -.0217531
   -.0197479
   -.0194795
   -.0191004
   -.0177941
   -.0151994
   -.0118218
   -.0077676
   -.0021417
    .0050844
    .0137374
    .0228436
    .0310676
    .0381721
    .0448021
    .0512343
    .0574871
    .0629611
    .0666564
    .0677705
    .0660067
    .0614905
    .0556385
    .0496302
    .0437585
    .0373678
    .0298063
    .0218135
    .0144320
    .0078441
    .0022483
   -.0013120
   -.0024403
   -.0005293
    .0051224
    .0129702
    .0201258
    .0249770
    .0274170
    .0280016
    .0268337
    .0234060
    .0174299
    .0091647
   -.0005902
   -.0101025
   -.0188520
   -.0266602
   -.0315460
   -.0330754
   -.0318176
   -.0276728
   -.0209318
   -.0132447
   -.0053264
    .0022131
    .0083483
    .0127297
    .0153449
    .0161842
    .0156209
    .0130794
    .0080012
    .0022820
   -.0029564
   -.0080760
   -.0127227
   -.0169293
   -.0220971
   -.0286205
   -.0360808
   -.0437075
   -.0497311
   -.0529944
   -.0536885
   -.0522630
   -.0492970
   -.0453504
   -.0401656
   -.0345559
   -.0293901
   -.0247108
   -.0213099
   -.0204977
   -.0213821
   -.0223822
   -.0235232
   -.0257212
   -.0292458
   -.0341810
   -.0398477
   -.0450792
   -.0481013
   -.0471124
   -.0430863
   -.0383929
   -.0333647
   -.0277692
   -.0220356
   -.0167511
   -.0130323
   -.0118790
   -.0131997
   -.0164648
   -.0221242
   -.0290880
   -.0347876
   -.0368083
   -.0347897
   -.0304361
   -.0257067
   -.0220029
   -.0201263
   -.0193953
   -.0169571
   -.0115392
   -.0057613
   -.0000431
    .0054070
    .0091447
    .0112475
    .0142032
    .0178902
    .0210704
    .0227100
    .0222997
    .0214206
    .0205897
    .0208630
    .0210087
    .0214321
    .0186670
    .0153448
    .0148088
    .0162065
    .0181242
    .0193868
    .0192874
    .0172155
    .0131845
    .0084528
    .0036192
   -.0001018
   -.0008927
    .0008979
    .0037469
    .0071199
    .0105022
    .0129546
    .0145964
    .0149987
    .0133951
    .0103834
    .0075228
    .0054678
    .0035366
    .0008311
   -.0026527
   -.0055858
   -.0077323
   -.0096128
   -.0107086
   -.0100194
   -.0068630
   -.0012570
    .0050292
    .0103572
    .0143042
    .0173367
    .0202375
    .0229422
    .0248663
    .0264081
    .0278444
    .0287759
    .0292470
    .0290078
    .0279849
    .0257770
    .0214653
    .0154804
    .0091262
    .0030953
   -.0020721
   -.0057199
   -.0079519
   -.0095029
   -.0108797
   -.0119688
   -.0122781
   -.0116038
   -.0107121
   -.0090612
   -.0054753
   -.0003391
    .0051391
    .0095525
    .0116674
    .0118653
    .0107954
    .0083056
    .0046197
    .0007735
   -.0022869
   -.0036719
   -.0033269
   -.0021653
   -.0009545
   -.0000286
    .0008345
    .0019853
    .0032711
    .0040964
    .0035823
    .0014781
   -.0011866
   -.0037133
   -.0060489
   -.0072698
   -.0069518
   -.0059541
   -.0052046
   -.0060422
   -.0092622
   -.0145256
   -.0216651
   -.0287710
   -.0327831
   -.0331035
   -.0311955
   -.0273289
   -.0239594
   -.0216216
   -.0180040
   -.0117564
   -.0047131
    .0011663
    .0060997
    .0089357
    .0081826
    .0048910
    .0009687
   -.0016561
   -.0022787
   -.0011256
    .0016025
    .0037673
    .0055834
    .0080896
    .0118772
    .0165879
    .0206880
    .0239454
    .0262764
    .0276362
    .0283146
    .0285735
    .0282904
    .0263757
    .0214849
    .0143122
    .0061653
   -.0023783
   -.0103192
   -.0169312
   -.0225521
   -.0266778
   -.0285108
   -.0282658
   -.0257917
   -.0210918
   -.0150264
   -.0081629
   -.0011961
    .0045183
    .0085115
    .0105251
    .0103732
    .0086371
    .0054875
    .0005606
   -.0051257
   -.0091313
   -.0109783
   -.0116335
   -.0109653
   -.0091738
   -.0069431
   -.0040958
   -.0007104
    .0029658
    .0065480
    .0098219
    .0127859
    .0154251
    .0167604
    .0159545
    .0136470
    .0097501
    .0043677
   -.0015704
   -.0075800
   -.0126849
   -.0152629
   -.0144031
   -.0113503
   -.0073547
   -.0018540
    .0045414
    .0109937
    .0171129
    .0222070
    .0257606
    .0270237
    .0249137
    .0196083
    .0124712
    .0055260
    .0004726
   -.0025943
   -.0045613
   -.0057340
   -.0049100
   -.0018078
    .0029267
    .0080326
    .0111710
    .0110291
    .0081951
    .0037473
   -.0012315
   -.0057489
   -.0100292
   -.0142403
   -.0183864
   -.0220700
   -.0246397
   -.0257028
   -.0261630
   -.0260327
   -.0240693
   -.0200012
   -.0143856
   -.0073794
    .0005737
    .0083536
    .0142022
    .0174374
    .0183208
    .0172067
    .0143773
    .0104192
    .0072200
    .0054393
    .0047080
    .0047727
    .0044225
    .0032703
    .0024024
    .0016894
    .0007373
   -.0011415
   -.0041753
   -.0077770
   -.0115393
   -.0153200
   -.0181897
   -.0198683
   -.0221812
   -.0238076
   -.0244883
   -.0250035
   -.0236627
   -.0200961
   -.0150696
   -.0098315
   -.0056225
   -.0023613
   -.0006049
   -.0005645
   -.0015114
   -.0024895
   -.0031853
   -.0037228
   -.0043566
   -.0047263
   -.0048986
   -.0055358
   -.0054541
   -.0042807
   -.0032773
   -.0035338
   -.0047288
   -.0062965
   -.0088286
   -.0132241
   -.0183385
   -.0218248
   -.0227211
   -.0213272
   -.0179663
   -.0144590
   -.0118022
   -.0098382
   -.0090331
   -.0066027
   -.0043653
   -.0010614
    .0009538
    .0026480
    .0050972
    .0072516
    .0086050
    .0107564
    .0125685
    .0136464
    .0144637
    .0154246
    .0159626
    .0150415
    .0123179
    .0083474
    .0042696
    .0022724
    .0031035
    .0067024
    .0120572
    .0182466
    .0245544
    .0296060
    .0324429
    .0332686
    .0328185
    .0307229
    .0270361
    .0223297
    .0179303
    .0157234
    .0156016
    .0154230
    .0142368
    .0110462
    .0065788
    .0028061
    .0007722
    .0002574
    .0000973
   -.0000557
    .0003642
    .0002317
   -.0018212
   -.0045078
   -.0049093
   -.0027375
    .0005271
    .0038805
    .0060658
    .0067259
    .0060125
    .0035835
   -.0001830
   -.0040133
   -.0064273
   -.0071039
   -.0066595
   -.0053568
   -.0054143
   -.0084227
   -.0101432
   -.0098632
   -.0096158
   -.0097971
   -.0098159
   -.0098306
   -.0101365
   -.0102330
   -.0098530
   -.0087019
   -.0066634
   -.0035082
    .0011802
    .0063369
    .0106618
    .0131872
    .0125008
    .0079529
    .0005267
   -.0076532
   -.0140694
   -.0173882
   -.0179979
   -.0162837
   -.0155254
   -.0148862
   -.0122901
   -.0086895
   -.0049239
   -.0011142
    .0026553
    .0056836
    .0072204
    .0065985
    .0035036
   -.0009939
   -.0059186
   -.0105660
   -.0136492
   -.0134912
   -.0104700
   -.0076908
   -.0062494
   -.0060475
   -.0056241
   -.0050329
   -.0048241
   -.0047528
   -.0047851
   -.0046180
   -.0043866
   -.0039247
   -.0031658
   -.0019317
   -.0001323
    .0016755
    .0018642
    .0002965
   -.0026853
   -.0057314
   -.0070344
   -.0062214
   -.0040715
   -.0014184
    .0008289
    .0019604
    .0012259
   -.0013055
   -.0043572
   -.0073001
   -.0105157
   -.0140971
   -.0176113
   -.0211885
   -.0239796
   -.0244284
   -.0231168
   -.0213848
   -.0204179
   -.0192181
   -.0166605
   -.0133690
   -.0104710
   -.0084000
   -.0065666
   -.0053873
   -.0059225
   -.0069033
   -.0073990
   -.0082611
   -.0097187
   -.0119648
   -.0148023
   -.0176371
   -.0199244
   -.0206274
   -.0190330
   -.0159452
   -.0118500
   -.0072534
   -.0027397
    .0015475
    .0057940
    .0090699
    .0108984
    .0126779
    .0146940
    .0151399
    .0126710
    .0084725
    .0047188
    .0016498
   -.0016038
   -.0042947
   -.0048677
   -.0031718
    .0009374
    .0073396
    .0136781
    .0181141
    .0208109
    .0222990
    .0222696
    .0210460
    .0212688
    .0238379
    .0265910
    .0283763
    .0278259
    .0261567
    .0248797
    .0247383
    .0258221
    .0266312
    .0265308
    .0259087
    .0250322
    .0232285
    .0201752
    .0165244
    .0139245
    .0131818
    .0134177
    .0140690
    .0155927
    .0159206
    .0145710
    .0122792
    .0101461
    .0103945
    .0128717
    .0161126
    .0188605
    .0188056
    .0173997
    .0165266
    .0158260
    .0144233
    .0132659
    .0126169
    .0113343
    .0088910
    .0065650
    .0046191
    .0027673
    .0012338
    .0002414
   -.0004645
   -.0012398
   -.0016075
   -.0006272
    .0008550
    .0006410
   -.0019780
   -.0060772
   -.0109798
   -.0164029
   -.0209281
   -.0233084
   -.0237735
   -.0235030
   -.0227090
   -.0211182
   -.0190498
   -.0169038
   -.0148700
   -.0134168
   -.0137688
   -.0150170
   -.0166106
   -.0171670
   -.0154584
   -.0135154
   -.0116364
   -.0114920
   -.0122674
   -.0121770
   -.0113454
   -.0108171
   -.0104525
   -.0113537
   -.0136074
   -.0158883
   -.0168164
   -.0166418
   -.0166714
   -.0172573
   -.0194831
   -.0198667
   -.0185407
   -.0167719
   -.0169048
   -.0152115
   -.0129698
   -.0109062
   -.0110539
   -.0109433
   -.0097649
   -.0091937
   -.0095298
   -.0109651
   -.0121798
   -.0123183
   -.0114698
   -.0106449
   -.0102037
   -.0093117
   -.0087246
   -.0082870
   -.0095829
   -.0130525
   -.0162894
   -.0172912
   -.0170890
   -.0170954
   -.0175230
   -.0183282
   -.0193769
   -.0204169
   -.0196300
   -.0167922
   -.0138217
   -.0111681
   -.0095496
   -.0090764
   -.0076903
   -.0052353
   -.0027215
   -.0013135
   -.0006745
    .0013346
    .0042352
    .0066819
    .0084352
    .0093643
    .0096720
    .0094845
    .0084745
    .0063443
    .0027969
   -.0005981
   -.0031738
   -.0054237
   -.0071182
   -.0074488
   -.0060133
   -.0034728
    .0001589
    .0049454
    .0099674
    .0137754
    .0154652
    .0154340
    .0143218
    .0129909
    .0122768
    .0123894
    .0126525
    .0125775
    .0112784
    .0087237
    .0061563
    .0043924
    .0032856
    .0028095
    .0033148
    .0042725
    .0052652
    .0066098
    .0082519
    .0090045
    .0088699
    .0091125
    .0106234
    .0128025
    .0149004
    .0166503
    .0174031
    .0179628
    .0183570
    .0185573
    .0186105
    .0181809
    .0172818
    .0171513
    .0181295
    .0191447
    .0197832
    .0198745
    .0187653
    .0166496
    .0140869
    .0114646
    .0094557
    .0088756
    .0097292
    .0113520
    .0128412
    .0136781
    .0137318
    .0117687
    .0076098
    .0029457
   -.0004974
   -.0014945
   -.0005616
    .0007797
    .0012711
   -.0000273
   -.0025011
   -.0045664
   -.0051923
   -.0050555
   -.0054606
   -.0068074
   -.0094107
   -.0125641
   -.0153727
   -.0172980
   -.0178023
   -.0162501
   -.0134605
   -.0113304
   -.0105902
   -.0106044
   -.0111975
   -.0126390
   -.0143188
   -.0154410
   -.0154280
   -.0146568
   -.0135593
   -.0122777
   -.0115998
   -.0106240
   -.0093585
   -.0081323
   -.0071507
   -.0066602
   -.0061804
   -.0061410
   -.0075247
   -.0096475
   -.0114817
   -.0128227
   -.0133633
   -.0130732
   -.0127328
   -.0126036
   -.0141629
   -.0161687
   -.0157071
   -.0131144
   -.0101060
   -.0071506
   -.0055901
   -.0041365
   -.0012685
    .0014551
    .0027697
    .0030301
    .0017590
   -.0010598
   -.0043931
   -.0071123
   -.0081923
   -.0076662
   -.0060840
   -.0038631
   -.0008862
    .0024514
    .0054717
    .0077982
    .0084997
    .0097217
    .0120586
    .0137096
    .0143893
    .0133049
    .0110352
    .0085607
    .0067683
    .0051503
    .0029984
    .0004013
   -.0029418
   -.0061744
   -.0080739
   -.0080767
   -.0069982
   -.0054072
   -.0034503
   -.0014865
   -.0002807
   -.0000993
   -.0002841
   -.0005728
   -.0007430
   -.0007694
   -.0001023
    .0008085
    .0008168
    .0001356
   -.0017930
   -.0049663
   -.0064122
   -.0062995
   -.0060227
   -.0056127
   -.0055710
   -.0059927
   -.0055782
   -.0040546
   -.0032055
   -.0029452
   -.0051388
   -.0065541
   -.0061404
   -.0058672
   -.0056608
   -.0062316
   -.0078778
   -.0095255
   -.0101081
   -.0097520
   -.0088856
   -.0081048
   -.0078662
   -.0097297
   -.0109351
   -.0093332
   -.0076426
   -.0062131
   -.0066643
   -.0076623
   -.0080197
   -.0078787
   -.0076187
   -.0073454
   -.0069256
   -.0074421
   -.0083400
   -.0082125
   -.0068105
   -.0054966
   -.0042012
   -.0025402
   -.0016189
   -.0026096
   -.0033099
   -.0012550
    .0009877
    .0029624
    .0027945
    .0025854
    .0045629
    .0066462
    .0084587
    .0094666
    .0100619
    .0111454
    .0128479
    .0148619
    .0165861
    .0183596
    .0200064
    .0209872
    .0211047
    .0208287
    .0205066
    .0204098
    .0193855
    .0181146
    .0159728
    .0143881
    .0130416
    .0122053
    .0107980
    .0089162
    .0081703
    .0089322
    .0106442
    .0124339
    .0135978
    .0142933
    .0139452
    .0114921
    .0080467
    .0048073
    .0027678
    .0030648
    .0044473
    .0057468
    .0058415
    .0044922
    .0027336
    .0013568
    .0004883
    .0001572
    .0007049
    .0019215
    .0029921
    .0033466
    .0026243
    .0013623
    .0005553
   -.0006407
   -.0028802
   -.0058485
   -.0082507
   -.0090768
   -.0085132
   -.0066054
   -.0036736
   -.0009057
    .0010444
    .0015526
    .0005553
   -.0008729
   -.0020677
   -.0036158
   -.0056052
   -.0074301
   -.0092815
   -.0112509
   -.0129108
   -.0142312
   -.0153142
   -.0158509
   -.0158655
   -.0157415
   -.0157090
   -.0155326
   -.0150663
   -.0131691
   -.0109804
   -.0089290
   -.0090959
   -.0096563
   -.0091202
   -.0093810
   -.0102735
   -.0117290
   -.0136933
   -.0147162
   -.0145928
   -.0139215
   -.0130129
   -.0119375
   -.0107387
   -.0094771
   -.0081402
   -.0073687
   -.0071669
   -.0071926
   -.0068209
   -.0070779
   -.0075919
   -.0098781
   -.0115267
   -.0111600
   -.0102868
   -.0088431
   -.0081255
   -.0078984
   -.0071862
   -.0056627
   -.0041845
   -.0030854
   -.0025226
   -.0030138
   -.0039992
   -.0053025
   -.0058621
   -.0042452
   -.0024306
   -.0003974
   -.0000953
    .0006749
    .0017516
    .0027342
    .0029949
    .0020889
   -.0000166
   -.0024009
   -.0035584
   -.0026068
   -.0015171
   -.0024044
   -.0062052
   -.0073297
   -.0081597
   -.0089985
   -.0108970
   -.0124903
   -.0120225
   -.0095325
   -.0063207
   -.0047478
   -.0030753
   -.0011290
    .0006175
    .0022783
    .0031076
    .0024017
    .0003779
   -.0017870
   -.0031334
   -.0035165
   -.0033276
   -.0027404
   -.0015609
    .0005688
    .0026902
    .0043846
    .0063499
    .0076174
    .0075504
    .0067663
    .0057252
    .0051586
    .0047288
    .0047973
    .0053889
    .0057230
    .0060185
    .0065293
    .0070127
    .0070189
    .0073863
    .0085303
    .0099683
    .0112481
    .0128095
    .0137299
    .0136584
    .0131885
    .0125028
    .0124609
    .0126914
    .0126036
    .0126893
    .0128126
    .0120990
    .0099736
    .0074743
    .0056697
    .0055562
    .0062591
    .0070599
    .0089109
    .0113324
    .0128487
    .0138272
    .0149982
    .0153485
    .0147342
    .0133865
    .0114674
    .0102496
    .0107584
    .0116397
    .0122537
    .0117999
    .0093588
    .0074967
    .0061607
    .0046064
    .0028851
    .0014347
    .0001869
   -.0017334
   -.0036564
   -.0033970
   -.0021318
   -.0009308
   -.0003917
   -.0006690
   -.0016968
   -.0023032
   -.0023563
   -.0033268
   -.0046569
   -.0062304
   -.0087575
   -.0101443
   -.0102621
   -.0105375
   -.0105162
   -.0105238
   -.0103211
   -.0095523
   -.0091825
   -.0096168
   -.0097484
   -.0097363
   -.0105827
   -.0110454
   -.0120428
   -.0134527
   -.0137283
   -.0125200
   -.0109302
   -.0094814
   -.0088875
   -.0091908
   -.0099074
   -.0109677
   -.0111712
   -.0100254
   -.0087999
   -.0079966
   -.0084761
   -.0101442
   -.0117529
   -.0125373
   -.0116124
   -.0095938
   -.0076048
   -.0058777
   -.0050529
   -.0053037
   -.0058062
   -.0052576
   -.0032352
   -.0014283
   -.0013282
   -.0033508
   -.0072732
   -.0113858
   -.0132463
   -.0130914
   -.0138057
   -.0155120
   -.0174139
   -.0195834
   -.0215890
   -.0232266
   -.0244019
   -.0250500
   -.0246937
   -.0227966
   -.0192086
   -.0144277
   -.0089019
   -.0036234
    .0001653
    .0018364
    .0002219
   -.0008699
   -.0007153
    .0000493
   -.0003945
   -.0005816
    .0001675
    .0009505
    .0012472
    .0009888
    .0002435
   -.0005036
   -.0005473
    .0007348
    .0032390
    .0054226
    .0072453
    .0086115
    .0088182
    .0091479
    .0101603
    .0102935
    .0103635
    .0098748
    .0081199
    .0057699
    .0032880
    .0012789
    .0000523
   -.0002068
   -.0001175
    .0003001
    .0015712
    .0024980
    .0033041
    .0034921
    .0040725
    .0048478
    .0060996
    .0073922
    .0077921
    .0077694
    .0077137
    .0071966
    .0059911
    .0045477
    .0030714
    .0018098
    .0009439
    .0007989
    .0018010
    .0039256
    .0067246
    .0101693
    .0129187
    .0151164
    .0156086
    .0155767
    .0155766
    .0153764
    .0143379
    .0119857
    .0100485
    .0083392
    .0070497
    .0051745
    .0039073
    .0049648
    .0071244
    .0086340
    .0083928
    .0066620
    .0052756
    .0039266
    .0022442
    .0012427
   -.0005490
   -.0015427
   -.0005578
   -.0007913
   -.0017924
   -.0037083
   -.0043401
   -.0044761
   -.0039577
   -.0038104
   -.0038445
   -.0032459
   -.0018536
    .0005560
    .0024411
    .0038969
    .0042508
    .0039748
    .0031502
    .0019098
    .0009170
    .0008414
    .0007761
    .0005028
    .0003657
    .0004049
    .0003208
   -.0002754
   -.0008053
   -.0005450
    .0000177
    .0011873
    .0037109
    .0065658
    .0084719
    .0092874
    .0086067
    .0065628
    .0041036
    .0012637
   -.0018382
   -.0047284
   -.0077590
   -.0113399
   -.0151135
   -.0184762
   -.0205714
   -.0203538
   -.0182638
   -.0152510
   -.0119141
   -.0087727
   -.0064526
   -.0050341
   -.0051215
   -.0064402
   -.0070311
   -.0075380
   -.0087982
   -.0107562
   -.0134871
   -.0145892
   -.0134612
   -.0119955
   -.0107902
   -.0106857
   -.0094892
   -.0076043
   -.0065764
   -.0054180
   -.0062377
   -.0081492
   -.0086845
   -.0073911
   -.0062639
   -.0067672
   -.0085598
   -.0088032
   -.0097574
   -.0106421
   -.0108115
   -.0102079
   -.0088456
   -.0070918
   -.0053094
   -.0035266
   -.0020585
   -.0004785
    .0014763
    .0025759
    .0020508
    .0014145
    .0021533
    .0022226
    .0008630
   -.0011973
   -.0022868
   -.0023832
   -.0031182
   -.0039006
   -.0051733
   -.0066503
   -.0076015
   -.0078673
   -.0078973
   -.0078528
   -.0075302
   -.0068730
   -.0056796
   -.0047622
   -.0041348
   -.0032511
   -.0024959
   -.0024389
   -.0028169
   -.0027521
   -.0018493
   -.0012341
   -.0002368
    .0001605
    .0008795
    .0024231
    .0037880
    .0049125
    .0059339
    .0069274
    .0074476
    .0075133
    .0077496
    .0076294
    .0067641
    .0059548
    .0057121
    .0049351
    .0041160
    .0031672
    .0021180
    .0012559
    .0005175
   -.0001595
   -.0006536
   -.0010308
   -.0011867
   -.0010163
   -.0006411
    .0004172
    .0017847
    .0022540
    .0024129
    .0015917
   -.0010265
   -.0018612
   -.0007612
   -.0003169
   -.0013171
   -.0022714
   -.0011010
    .0003776
    .0023060
    .0029490
    .0030336
    .0036856
    .0037316
    .0031196
    .0014231
   -.0002279
   -.0010791
   -.0014931
   -.0011219
   -.0005281
   -.0000162
    .0007016
    .0015681
    .0013785
    .0009344
    .0008426
    .0009500
    .0006526
    .0004718
   -.0004599
   -.0015488
   -.0022898
   -.0025039
   -.0034221
   -.0037656
   -.0034233
   -.0031243
   -.0032560
   -.0038456
   -.0047512
   -.0053223
   -.0066235
   -.0077663
   -.0076918
   -.0065714
   -.0049904
   -.0028017
    .0000932
    .0031766
    .0054330
    .0072640
    .0083273
    .0074016
    .0052208
    .0029087
    .0015594
    .0023076
    .0035523
    .0045399
    .0043275
    .0033594
    .0026079
    .0020191
    .0019658
    .0021378
    .0023125
    .0031928
    .0042490
    .0051099
    .0053728
    .0042564
    .0023925
    .0006658
   -.0002001
    .0004388
    .0024383
    .0039088
    .0045844
    .0039389
    .0026078
    .0023801
    .0035688
    .0032321
    .0017089
   -.0020903
   -.0049239
   -.0062931
   -.0081250
   -.0097613
   -.0116706
   -.0117951
   -.0106637
   -.0094196
   -.0083619
   -.0070853
   -.0056084
   -.0042400
   -.0033124
   -.0029603
   -.0036465
   -.0051910
   -.0067633
   -.0078302
   -.0081220
   -.0081992
   -.0080130
   -.0074650
   -.0067696
   -.0061437
   -.0062972
   -.0078396
   -.0091950
   -.0094729
   -.0087381
   -.0074473
   -.0063711
   -.0057522
   -.0051311
   -.0045052
   -.0039429
   -.0030943
   -.0027566
   -.0038856
   -.0058089
   -.0075798
   -.0091441
   -.0106816
   -.0114414
   -.0108647
   -.0096321
   -.0092471
   -.0088066
   -.0073163
   -.0054578
   -.0039112
   -.0026921
   -.0016840
   -.0013213
   -.0015736
   -.0021763
   -.0029230
   -.0034043
   -.0027261
   -.0005322
    .0001817
    .0003272
   -.0001764
    .0005941
    .0016311
    .0012405
    .0013297
    .0014085
    .0004820
    .0000197
   -.0006086
   -.0002489
    .0011583
    .0037382
    .0069762
    .0091730
    .0101774
    .0088123
    .0081023
    .0085827
    .0086757
    .0085067
    .0081731
    .0069619
    .0052705
    .0039417
    .0029362
    .0022927
    .0017224
    .0014438
    .0010633
    .0007217
    .0008088
    .0010314
    .0014754
    .0017126
    .0022865
    .0035787
    .0052576
    .0057383
    .0050607
    .0050322
    .0046371
    .0036108
    .0017073
   -.0002327
    .0000081
    .0015002
    .0027878
    .0041216
    .0048427
    .0037143
    .0022218
    .0025264
    .0021859
    .0020235
    .0015488
    .0019990
    .0042119
    .0060145
    .0064129
    .0065281
    .0065793
    .0058023
    .0046687
    .0033933
    .0020809
    .0004860
   -.0009848
   -.0020675
   -.0032062
   -.0041291
   -.0043340
   -.0038546
   -.0038516
   -.0037707
   -.0029226
   -.0012953
   -.0009207
   -.0011225
   -.0027122
   -.0036076
   -.0036298
   -.0035094
   -.0042834
   -.0043771
   -.0039706
   -.0043973
   -.0049825
   -.0048443
   -.0048504
   -.0056607
   -.0059203
   -.0060788
   -.0068834
   -.0073993
   -.0066704
   -.0052842
   -.0039740
   -.0028013
   -.0009242
    .0007659
    .0012527
    .0003048
   -.0014478
   -.0024870
   -.0034446
   -.0044294
   -.0057040
   -.0068571
   -.0085558
   -.0105511
   -.0116947
   -.0114807
   -.0102266
   -.0089124
   -.0077916
   -.0075972
   -.0077243
   -.0072994
   -.0065801
   -.0056430
   -.0055009
   -.0062398
   -.0069209
   -.0075293
   -.0076772
   -.0079679
   -.0082902
   -.0080422
   -.0074933
   -.0074445
   -.0073234
   -.0069681
   -.0062638
   -.0048414
   -.0031404
   -.0021620
   -.0013040
   -.0002553
   -.0004188
   -.0010603
   -.0007678
    .0005800
    .0013829
    .0021911
    .0017001
    .0021727
    .0039576
    .0047810
    .0046496
    .0034140
    .0032011
    .0037394
    .0035668
    .0034695
    .0024134
    .0016679
    .0018732
    .0020391
    .0018941
    .0018811
    .0018156
    .0018878
    .0013210
    .0003115
   -.0006602
   -.0012338
   -.0012627
   -.0010830
   -.0011939
   -.0009491
   -.0001896
    .0008706
    .0014943
    .0012422
    .0008950
    .0005876
   -.0001090
   -.0004514
   -.0003422
   -.0007643
   -.0012165
   -.0014025
   -.0015758
   -.0017405
   -.0014363
   -.0003310
    .0012879
    .0015648
    .0004363
    .0002891
   -.0002225
   -.0009486
   -.0018026
   -.0022767
   -.0025747
   -.0026524
   -.0025966
   -.0026954
   -.0026280
   -.0022563
   -.0020196
   -.0020329
   -.0018135
   -.0015942
   -.0013870
   -.0013152
   -.0019171
   -.0024323
   -.0028666
   -.0032776
   -.0034339
   -.0034256
   -.0039280
   -.0043018
   -.0043256
   -.0049253
   -.0057315
   -.0055896
   -.0049966
   -.0051074
   -.0050408
   -.0046078
   -.0037403
   -.0043601
   -.0049741
   -.0051357
   -.0048008
   -.0043387
   -.0042289
   -.0039320
   -.0035901
   -.0033095
   -.0027779
   -.0024069
   -.0024041
   -.0023897
   -.0023931
   -.0022654
   -.0020316
   -.0018544
   -.0018670
   -.0018023
   -.0017078
   -.0016728
   -.0015856
   -.0013001
   -.0009193
   -.0009763
   -.0013056
   -.0014094
   -.0014418
   -.0016408
   -.0015512
   -.0012242
   -.0008734
   -.0005104
   -.0001543
    .0001585
    .0001212
   -.0000018
    .0000216
    .0001875
    .0002537
    .0001409
    .0000656
   -.0000369
   -.0001623
   -.0001014
    .0000884
    .0001414
    .0001340
    .0001748
    .0002992
    .0004108
    .0004476
    .0004557
    .0004271
    .0003837
    .0003810
    .0004307
    .0003809
    .0009440
    .0003775
    .0003461
    .0002147
    .0001266
    .0001077
    .0001174
   -.0000019
   -.0002165
   -.0003320
   -.0003917
   -.0004211
   -.0004566
   -.0004692
   -.0004271
   -.0004353
   -.0006103
   -.0008044
   -.0009357
   -.0010613
   -.0012259
   -.0012519
   -.0012207
   -.0012816
   -.0013893
   -.0014384
   -.0014788
   -.0015457
   -.0016251
   -.0016480
   -.0016206
   -.0015560
   -.0015652
   -.0016734
   -.0017587
   -.0018297
   -.0019542
   -.0020765
   -.0021460
   -.0021643
   -.0021807
   -.0021596
   -.0021570
   -.0021851
   -.0022157
   -.0022349
   -.0022309
   -.0022369
   -.0022775
   -.0023183
   -.0023465
   -.0023656
   -.0023930
   -.0024173
   -.0024216
   -.0024064
   -.0023907
   -.0023896
   -.0023892
   -.0023853
   -.0023832
   -.0023765
   -.0023663
   -.0023598
   -.0023470
   -.0023446
   -.0023394
   -.0023418
   -.0023521
   -.0023683
   -.0023719
   -.0023723
   -.0023669
   -.0023692
   -.0023677
   -.0023651
   -.0023487
   -.0023390
   -.0023264
   -.0023227
   -.0023158
   -.0023153
   -.0023054
   -.0023048
   -.0022962
   -.0022946
   -.0022869
   -.0022889
   -.0022809
   -.0022789
   -.0022671
   -.0022632
   -.0022523
   -.0022510
   -.0022414
   -.0022413
   -.0022323
   -.0022322
   -.0022236
   -.0022244
   -.0022161
   -.0022162
   -.0022069
   -.0022064
   -.0021970
   -.0021963
   -.0021871
   -.0021864
   -.0021774
   -.0021766
   -.0021680
   -.0021673
   -.0021590
   -.0021580
   -.0021502
   -.0021489
   -.0021417
   -.0021402
   -.0021339
   -.0021321
   -.0021275
   -.0021260
   -.0021262
   -.0021275
   -.0021477