   -.0027413
   -.0026418
   -.0027274
   -.0026951
   -.0027567
   -.0027171
   -.0027629
   -.0027264
   -.0027654
   -.0027317
   -.0027651
   -.0027333
   -.0027625
   -.0027337
   -.0027617
   -.0027399
   -.0027702
   -.0027528
   -.0027824
   -.0027680
   -.0027913
   -.0027715
   -.0027942
   -.0027849
   -.0028134
   -.0028109
   -.0028424
   -.0028430
   -.0028683
   -.0028580
   -.0028711
   -.0028587
   -.0028750
   -.0028712
   -.0028923
   -.0028928
   -.0029160
   -.0029202
   -.0029453
   -.0029563
   -.0029772
   -.0029630
   -.0029530
   -.0029277
   -.0029120
   -.0028843
   -.0028755
   -.0028368
   -.0027734
   -.0026859
   -.0026073
   -.0025231
   -.0024520
   -.0023819
   -.0023447
   -.0023363
   -.0023652
   -.0024149
   -.0025015
   -.0025956
   -.0026841
   -.0027366
   -.0027684
   -.0027817
   -.0027888
   -.0027853
   -.0027906
   -.0028023
   -.0028252
   -.0028557
   -.0029044
   -.0029884
   -.0030919
   -.0031627
   -.0031669
   -.0031091
   -.0029843
   -.0028534
   -.0027921
   -.0028436
   -.0029681
   -.0030768
   -.0031249
   -.0031051
   -.0030040
   -.0028645
   -.0027514
   -.0026906
   -.0026635
   -.0026565
   -.0026399
   -.0026071
   -.0026117
   -.0026617
   -.0027105
   -.0027710
   -.0028985
   -.0030121
   -.0031092
   -.0032902
   -.0035910
   -.0039823
   -.0044024
   -.0048004
   -.0051294
   -.0053689
   -.0055012
   -.0055671
   -.0055740
   -.0055527
   -.0055203
   -.0055195
   -.0055285
   -.0055490
   -.0055405
   -.0055023
   -.0053881
   -.0052194
   -.0049947
   -.0047443
   -.0044863
   -.0042491
   -.0039778
   -.0037827
   -.0036656
   -.0036159
   -.0035265
   -.0033627
   -.0031290
   -.0029027
   -.0026725
   -.0025079
   -.0023828
   -.0025562
   -.0029985
   -.0034861
   -.0038576
   -.0040830
   -.0040855
   -.0039287
   -.0037052
   -.0035037
   -.0032005
   -.0028009
   -.0023822
   -.0020436
   -.0017645
   -.0015789
   -.0014474
   -.0013767
   -.0013600
   -.0013907
   -.0014635
   -.0015903
   -.0016802
   -.0017008
   -.0016822
   -.0016813
   -.0016932
   -.0016699
   -.0014616
   -.0009616
   -.0004415
   -.0001253
    .0005411
    .0009289
    .0006170
   -.0003038
   -.0014817
   -.0026445
   -.0037231
   -.0046348
   -.0050378
   -.0050634
   -.0053888
   -.0051622
   -.0049603
   -.0049633
   -.0050130
   -.0050560
   -.0050944
   -.0050859
   -.0048834
   -.0043289
   -.0035107
   -.0029655
   -.0022278
   -.0017254
   -.0018349
   -.0024267
   -.0030910
   -.0037063
   -.0043367
   -.0051075
   -.0059145
   -.0067913
   -.0077080
   -.0084230
   -.0087797
   -.0086550
   -.0081055
   -.0072117
   -.0059281
   -.0042995
   -.0024435
   -.0003264
    .0020878
    .0047485
    .0075503
    .0102569
    .0126923
    .0146434
    .0161248
    .0170697
    .0173677
    .0173374
    .0170460
    .0164567
    .0156433
    .0141491
    .0118901
    .0092059
    .0063762
    .0033545
    .0001247
   -.0031479
   -.0066747
   -.0102325
   -.0134394
   -.0161194
   -.0182043
   -.0199105
   -.0217397
   -.0235830
   -.0253444
   -.0272102
   -.0293736
   -.0311411
   -.0326482
   -.0342134
   -.0359651
   -.0376529
   -.0385498
   -.0384228
   -.0378519
   -.0363674
   -.0332094
   -.0287091
   -.0236675
   -.0183273
   -.0129525
   -.0079575
   -.0034729
    .0006071
    .0040389
    .0065674
    .0075667
    .0069352
    .0053350
    .0034373
    .0018314
    .0010687
    .0014451
    .0029389
    .0048851
    .0063637
    .0076513
    .0092277
    .0111973
    .0133991
    .0153691
    .0168270
    .0178079
    .0181887
    .0179572
    .0174118
    .0173223
    .0189113
    .0213739
    .0232956
    .0255934
    .0252494
    .0235446
    .0238970
    .0248794
    .0243254
    .0214872
    .0159195
    .0095279
    .0031894
   -.0031036
   -.0094729
   -.0158783
   -.0216623
   -.0272015
   -.0325382
   -.0373142
   -.0411087
   -.0431997
   -.0429355
   -.0421486
   -.0397254
   -.0382170
   -.0375157
   -.0366036
   -.0348504
   -.0318400
   -.0274078
   -.0218258
   -.0152508
   -.0080391
   -.0004950
    .0067324
    .0128220
    .0176412
    .0213979
    .0235503
    .0241200
    .0233032
    .0212039
    .0179553
    .0138532
    .0093619
    .0047439
    .0001031
   -.0047348
   -.0096512
   -.0141020
   -.0180076
   -.0216436
   -.0253681
   -.0296262
   -.0347142
   -.0404687
   -.0461491
   -.0501509
   -.0519157
   -.0517272
   -.0500656
   -.0476204
   -.0444326
   -.0404279
   -.0363968
   -.0327428
   -.0285070
   -.0229621
   -.0160555
   -.0078792
    .0011863
    .0103133
    .0188004
    .0263464
    .0330906
    .0392018
    .0442148
    .0477776
    .0493260
    .0487260
    .0464523
    .0434039
    .0407660
    .0379717
    .0342218
    .0294176
    .0237380
    .0176544
    .0115614
    .0056800
    .0000402
   -.0054252
   -.0107139
   -.0155741
   -.0196311
   -.0218035
   -.0217193
   -.0197709
   -.0164894
   -.0124853
   -.0084583
   -.0052824
   -.0037081
   -.0035496
   -.0030805
   -.0004279
    .0041803
    .0090894
    .0137120
    .0168709
    .0176544
    .0160796
    .0137266
    .0123258
    .0130586
    .0159730
    .0205191
    .0258148
    .0307448
    .0348308
    .0379429
    .0397664
    .0400305
    .0384894
    .0352648
    .0309883
    .0262959
    .0216608
    .0176460
    .0143243
    .0107531
    .0065479
    .0018859
   -.0030789
   -.0084206
   -.0142937
   -.0202230
   -.0256517
   -.0305777
   -.0346514
   -.0367335
   -.0363362
   -.0336107
   -.0293724
   -.0249370
   -.0203070
   -.0152929
   -.0100618
   -.0048022
    .0002790
    .0052250
    .0101930
    .0151765
    .0200151
    .0245986
    .0291134
    .0338360
    .0390262
    .0445040
    .0497498
    .0543520
    .0579862
    .0602095
    .0610599
    .0611166
    .0608668
    .0606528
    .0603049
    .0595727
    .0576589
    .0540642
    .0497459
    .0455423
    .0413646
    .0371880
    .0332674
    .0297469
    .0266567
    .0240349
    .0218382
    .0198271
    .0178494
    .0157982
    .0133861
    .0101409
    .0056304
   -.0000154
   -.0062392
   -.0123864
   -.0179389
   -.0227403
   -.0272477
   -.0319278
   -.0367351
   -.0409548
   -.0428074
   -.0411251
   -.0359046
   -.0279594
   -.0188092
   -.0104236
   -.0039173
    .0005179
    .0027802
    .0033106
    .0029436
    .0017955
   -.0005959
   -.0048421
   -.0108829
   -.0187258
   -.0280382
   -.0381059
   -.0483739
   -.0583117
   -.0668418
   -.0729332
   -.0754021
   -.0739055
   -.0690829
   -.0621233
   -.0543967
   -.0459472
   -.0367479
   -.0271706
   -.0176512
   -.0086219
   -.0004766
    .0066169
    .0126451
    .0172740
    .0204819
    .0216478
    .0205493
    .0177209
    .0135571
    .0084833
    .0032876
   -.0010502
   -.0035549
   -.0038830
   -.0021712
    .0014405
    .0065142
    .0130704
    .0210463
    .0302216
    .0399097
    .0492030
    .0577802
    .0656627
    .0729022
    .0794078
    .0849607
    .0883616
    .0890218
    .0872934
    .0834717
    .0783186
    .0718690
    .0640568
    .0553616
    .0470307
    .0404938
    .0362491
    .0331600
    .0299665
    .0281691
    .0279132
    .0276213
    .0269043
    .0268775
    .0283701
    .0311571
    .0344179
    .0376804
    .0408689
    .0436769
    .0458025
    .0469946
    .0467838
    .0449029
    .0418788
    .0389907
    .0366272
    .0340434
    .0311332
    .0278809
    .0233478
    .0171458
    .0102996
    .0042736
   -.0009595
   -.0078284
   -.0177211
   -.0262016
   -.0355789
   -.0456831
   -.0565048
   -.0681515
   -.0800733
   -.0919435
   -.1032482
   -.1144760
   -.1262526
   -.1380879
   -.1488621
   -.1575292
   -.1631629
   -.1647852
   -.1605423
   -.1508299
   -.1373381
   -.1224156
   -.1090844
   -.0955781
   -.0804795
   -.0657448
   -.0521351
   -.0391580
   -.0276467
   -.0183839
   -.0109153
   -.0045792
    .0011119
    .0065551
    .0120423
    .0177119
    .0234444
    .0290587
    .0345191
    .0396956
    .0444967
    .0489066
    .0528021
    .0560228
    .0584080
    .0598657
    .0604318
    .0601957
    .0594868
    .0589400
    .0590246
    .0595750
    .0603293
    .0613799
    .0624417
    .0625953
    .0616141
    .0604587
    .0599765
    .0600788
    .0602665
    .0602227
    .0596084
    .0580927
    .0557158
    .0528997
    .0501536
    .0478593
    .0462334
    .0452362
    .0447450
    .0451405
    .0465667
    .0485498
    .0506639
    .0523990
    .0532525
    .0534074
    .0526447
    .0504242
    .0464282
    .0403163
    .0315324
    .0203218
    .0066020
   -.0095250
   -.0271136
   -.0452958
   -.0636095
   -.0816422
   -.0990078
   -.1154862
   -.1310872
   -.1460270
   -.1606895
   -.1754418
   -.1905897
   -.2063942
   -.2229998
   -.2400216
   -.2568619
   -.2781154
   -.2967998
   -.3064808
   -.3357799
   -.3425597
   -.3458033
   -.3476143
   -.3442082
   -.3369480
   -.3291049
   -.3280040
   -.2581468
   -.2269281
   -.1108375
   -.0836326
   -.0819158
   -.0873763
   -.1048065
   -.1100593
   -.1118820
   -.1367937
   -.2530056
   -.2617490
   -.2606957
   -.2719395
   -.2833767
   -.2779791
   -.2679743
   -.1051756
   -.0934245
   -.0511722
   -.0407289
    .0458357
    .1319701
    .1532797
    .1678919
    .1128698
    .1010150
    .0821066
    .0857170
    .0127677
   -.1996698
   -.2467214
   -.2465082
   -.2421505
    .0130264
    .0641273
    .1873462
    .2208421
    .2585516
    .2445497
    .2247051
    .2151101
    .1690979
    .1680183
    .1241713
   -.1233884
   -.1351011
   -.1477339
   -.1552297
   -.1562519
   -.1533014
   -.1495002
   -.1415050
   -.1275139
   -.1087136
   -.0896238
   -.0821373
    .1573106
    .3168578
    .3266772
    .3349878
    .3393067
    .3294255
    .3257511
    .3172884
    .1503389
   -.0582864
   -.1194865
   -.1313274
   -.1397103
   -.1390955
   -.1357095
   -.1268839
   -.1203281
   -.0993213
   -.0717752
    .1125308
    .1413455
    .2016315
    .2538205
    .3610113
    .3641159
    .3607487
    .3584323
    .2499189
    .1888094
    .1004290
    .0552953
    .0229783
   -.0142218
   -.0452415
   -.0753232
   -.1151090
   -.0871745
   -.0519135
   -.0462601
    .0207825
    .0283458
    .0597128
    .0725686
    .1135857
    .1196723
    .1477061
    .1958150
    .2183807
    .2713740
    .2865373
    .2504230
    .2135947
    .1425723
    .1291354
    .0438237
    .0163474
    .0178530
    .0047935
   -.0379513
   -.0558620
   -.0592954
   -.0755377
   -.0572349
   -.0425161
    .0055248
    .0340562
    .1167790
    .2940575
    .2975693
    .3029212
    .3032748
    .3006731
    .2896356
    .2538330
    .2264497
    .1882992
    .1391224
    .1050194
    .0535440
   -.0896370
   -.0896696
   -.0855083
   -.0773678
    .0873883
    .1018427
    .1396768
    .1503057
    .1586488
    .1718404
    .1630909
    .1413261
    .0989289
    .0199851
    .0110845
    .0018784
   -.0052605
   -.0044686
   -.0090484
   -.0094666
   -.0089512
   -.0039811
   -.0054682
   -.0014052
    .0049878
    .0067886
    .0573106
    .0688734
    .0809563
    .1240897
    .1322991
    .1419994
    .1330792
    .1223217
    .1126452
    .0948483
    .0776652
    .0577090
    .0249926
   -.0038909
   -.0212622
   -.0645437
   -.0945847
   -.1012874
   -.1026757
   -.0662156
   -.0705847
   -.0683879
   -.0731145
   -.0744506
   -.0743155
   -.0585471
   -.0633770
   -.0599809
   -.0369471
   -.0384220
   -.0425268
   -.0429647
   -.0603368
   -.0698205
   -.0757695
   -.0959034
   -.1093748
   -.1059709
   -.0926060
   -.0815904
   -.0745541
   -.0593505
   -.0490930
   -.0327600
   -.0231248
   -.0107120
   -.0053240
    .0058047
    .0008648
    .0000675
    .0017299
    .0011136
   -.0043260
   -.0265970
   -.0326190
   -.0369845
   -.0332001
   -.0308327
   -.0285254
   -.0062989
   -.0114475
   -.0121489
   -.0111124
   -.0107047
   -.0107072
   -.0158732
   -.0700979
   -.0633649
   -.0497086
   -.0462740
   -.0422654
   -.0390307
   -.0395014
   -.0411402
   -.0356502
   -.0325765
   -.0284642
   -.0213058
   -.0067104
   -.0058703
   -.0043565
    .0090080
    .0175691
    .0350103
    .0467554
    .0640955
    .0813186
    .0990291
    .0972464
    .1274246
    .1363249
    .1572843
    .1690409
    .1847238
    .2012271
    .2067342
    .1957883
    .1978988
    .1944169
    .1897390
    .1811294
    .1704316
    .1599921
    .1592032
    .1479643
    .1309080
    .1197301
    .1160877
    .1153198
    .1080847
    .0910035
    .0849314
    .0658595
    .0571278
    .0509257
    .0434839
    .0379025
    .0352648
    .0354936
    .0360204
    .0394446
    .0383213
    .0440060
    .0474100
    .0612708
    .0759799
    .0751657
    .0802675
    .0779571
    .0767769
    .0917582
    .0970235
    .0943595
    .1076489
    .1199968
    .1361246
    .1476878
    .1603933
    .1735214
    .1808454
    .1834097
    .1814456
    .1660310
    .1636654
    .1592564
    .1485751
    .1384111
    .1114695
    .1025420
    .0802552
    .0456366
    .0297325
    .0081617
   -.0044181
   -.0066503
   -.0153542
   -.0228832
   -.0266192
   -.0330812
   -.0320955
   -.0316800
   -.0261150
   -.0215128
   -.0167596
   -.0063621
   -.0042602
   -.0036688
   -.0064646
   -.0129885
   -.0140985
   -.0178586
   -.0189826
   -.0282901
   -.0546943
   -.0590974
   -.0631077
   -.0528626
   -.0521136
   -.0025037
   -.0009754
    .0038597
    .0058684
    .0143930
    .0667587
    .1305810
    .1675924
    .1685181
    .1518864
    .1417077
    .1267253
    .1082840
    .0127336
   -.0022214
   -.0109608
   -.0325264
   -.0507716
   -.0663188
   -.0761660
   -.0876422
   -.1251715
   -.1360600
   -.1393759
   -.1475568
   -.1638270
   -.1703796
   -.0816620
   -.0432237
   -.0430746
   -.0431397
   -.0400335
   -.0368017
   -.0342940
   -.0270250
   -.0314085
   -.0313683
   -.0176702
   -.0131013
   -.0127210
   -.0333609
   -.0428356
   -.0474222
   -.0583969
   -.0725458
   -.0757324
   -.1440673
   -.1370914
   -.1294778
   -.1063586
   -.0856838
   -.0784925
   -.0690127
    .0362197
    .0474046
    .0544302
    .0584241
    .0592040
    .0558028
    .0541136
    .0108483
   -.0790042
   -.1592705
   -.1715065
   -.1782293
   -.1886779
   -.1519815
   -.1510962
   -.1852925
   -.1558455
   -.1571462
   -.1508496
   -.1512822
   -.1470418
   -.1486481
   -.1399377
   -.1457137
   -.1398957
   -.1305771
   -.1285016
   -.1223684
   -.1204376
   -.1516192
   -.1513651
   -.1444499
   -.2177924
   -.2114346
   -.2075559
   -.2030534
   -.1931480
   -.1731848
   -.1660322
   -.1455223
   -.1229306
   -.1051996
   -.0919478
   -.0593670
   -.0265019
   -.0237403
   -.0266472
   -.0269200
   -.0250390
   -.0248414
   -.0289958
   -.0333511
   -.0366880
   -.0478683
   -.0493483
   -.0615383
   -.0618640
   -.0473529
   -.0448226
   -.0419597
   -.0422114
   -.0477355
   -.0491844
   -.0643346
   -.0885639
   -.0999445
   -.1132827
   -.1213570
   -.1524470
   -.1653724
   -.1811047
   -.1899396
   -.1995480
   -.1910869
   -.1834414
   -.1876340
   -.1843812
   -.1812477
   -.1778108
   -.1735782
   -.1706370
   -.1650395
   -.1577119
   -.1289825
   -.1246780
   -.1203419
   -.1043593
   -.0824938
   -.0679852
   -.0540672
   -.0383157
   -.0187498
   -.0037107
    .0098619
    .0194594
    .0339694
    .0467023
    .0521422
    .0548723
    .0587525
    .0580872
    .0540471
    .0337232
    .0289433
    .0359753
    .0377747
    .0384654
    .0402145
    .0352355
    .0335978
    .0302158
    .0197227
    .0155682
    .0107339
    .0077533
    .0047263
   -.0088192
   -.0203494
   -.0781018
   -.0846756
   -.0863914
   -.0953952
   -.0925174
   -.0895603
   -.0835854
   -.0764896
   -.0742760
   -.0718898
   -.0663283
   -.0575534
   -.0439982
   -.0401382
   -.0268439
   -.0208521
   -.0128607
   -.0003032
    .0056780
    .0150604
    .0200579
    .0252594
    .0323692
    .0430442
    .0476434
    .0556314
    .0631747
    .0663678
    .0662796
    .0588047
    .0558336
    .0493182
    .0395406
    .0357829
    .0274396
    .0263700
    .0189437
    .0175831
    .0024794
   -.0021397
   -.0091857
   -.0135395
   -.0184334
   -.0203364
   -.0237072
   -.0333244
   -.0354678
   -.0414149
   -.0596030
   -.0685026
   -.0725829
   -.0746679
   -.0751868
   -.0692787
   -.0678252
   -.0645759
   -.0645751
   -.0680960
   -.0665594
   -.0665106
   -.0589542
   -.0553654
   -.0505069
   -.0418634
   -.0391294
   -.0304535
   -.0271812
   -.0237019
   -.0141255
   -.0004233
    .0124628
    .0256161
    .0342004
    .0397453
    .0419555
    .0418019
    .0470414
    .0478084
    .0472241
    .0477429
    .0475576
    .0452861
    .0420914
    .0588908
    .0612762
    .0594175
    .0538953
    .0396719
    .0301077
    .0221285
    .0094973
   -.0172772
   -.0347964
   -.0368864
   -.0491975
   -.0465143
   -.0515230
   -.0478705
   -.0497359
   -.0481234
   -.0457912
   -.0337601
   -.0352474
   -.0355497
   -.0521166
   -.0516775
   -.0562434
   -.0566430
   -.0570780
   -.0580995
   -.0552094
   -.0595644
   -.0547715
   -.0583711
   -.0588673
   -.0560463
   -.0526510
   -.0493445
   -.0414395
   -.0351429
   -.0148976
   -.0095878
    .0133408
    .0304063
    .0308564
    .0300273
    .0194216
    .0155520
   -.0116433
   -.0134542
   -.0250332
   -.0413818
   -.0502480
   -.0553600
   -.0574005
   -.0599327
   -.0663321
   -.0709591
   -.0730103
   -.0748265
   -.0748799
   -.0733453
   -.0732372
   -.0715842
   -.0596783
   -.0469864
   -.0496823
   -.0513111
   -.0517581
   -.0540945
   -.0584187
   -.0596810
   -.0715995
   -.0723193
   -.0695429
   -.0640174
   -.0596449
   -.0562456
   -.0534993
   -.0504758
   -.0481600
   -.0468333
   -.0456408
   -.0438035
   -.0414322
   -.0398206
   -.0363677
   -.0345152
   -.0316616
   -.0282968
   -.0263552
   -.0227600
   -.0194206
   -.0114829
   -.0082014
   -.0045806
   -.0023286
   -.0006480
    .0011753
    .0040737
    .0085451
    .0122698
    .0162139
    .0178611
    .0206523
    .0230129
    .0267091
    .0308709
    .0323991
    .0365620
    .0394492
    .0428017
    .0455586
    .0474724
    .0499510
    .0517177
    .0556569
    .0582066
    .0611250
    .0644912
    .0673869
    .0698184
    .0713457
    .0717311
    .0725496
    .0728568
    .0749725
    .0752334
    .0737669
    .0739870
    .0757595
    .0811499
    .0843770
    .0980781
    .1102570
    .1180396
    .1142557
    .1166507
    .1179403
    .1220053
    .0885622
    .0858889
    .0867618
    .0903828
    .1025483
    .1090148
    .1184197
    .1229477
    .1231823
    .1285413
    .1165584
    .1131588
    .0789188
    .0493405
    .0257056
    .0134303
    .0049427
   -.0002157
    .0190972
    .0480701
    .0620760
    .0535300
    .0480110
    .0414794
    .0350923
    .0272331
    .0164558
    .0050297
   -.0027701
   -.0105991
   -.0132318
   -.0207706
   -.0250790
   -.0241871
   -.0238890
   -.0213908
   -.0139344
   -.0123889
   -.0103919
   -.0039916
    .0070387
    .0394328
    .0489340
    .0574263
    .0712263
    .1110217
    .1195083
    .1289278
    .1307799
    .1000232
    .0928191
    .0879809
    .0988153
    .0999974
    .1070098
    .1221358
    .1288262
    .1317310
    .1373212
    .1652171
    .1643872
    .1662751
    .1666928
    .1640550
    .1529522
    .1441905
    .1056120
    .0979470
    .0903211
    .0862053
    .0844482
    .0754886
    .0630254
    .0560376
    .0488226
    .0464770
    .0443107
    .0440498
    .0436376
    .0446537
    .0445418
    .0486182
    .0467005
    .0566759
    .0598265
    .0618981
    .0641107
    .0642348
    .0625612
    .0628658
    .0626879
    .0481442
    .0412359
    .0408466
    .0338966
    .0252878
    .0226933
    .0135638
    .0074974
   -.0008475
   -.0043125
   -.0052945
   -.0053777
   -.0043508
   -.0053111
    .0071131
    .0059008
    .0033117
   -.0010192
   -.0031394
   -.0052748
   -.0110397
   -.0222792
   -.0363533
   -.0420158
   -.0493305
   -.0574301
   -.0663695
   -.0763226
   -.0859518
   -.0935860
   -.1088040
   -.1180033
   -.1263053
   -.1302767
   -.1317679
   -.1375639
   -.1393517
   -.1411717
   -.1447048
   -.1458600
   -.1451296
   -.1458052
   -.1462613
   -.1467137
   -.1455485
   -.1443459
   -.1426463
   -.1418615
   -.1378341
   -.1342718
   -.1294480
   -.1243961
   -.1115058
   -.1056832
   -.0970381
   -.0896004
   -.0835941
   -.0772714
   -.0713384
   -.0647438
   -.0579788
   -.0459717
   -.0385936
   -.0331659
   -.0277225
   -.0197603
   -.0173378
   -.0116245
    .0026804
    .0071889
    .0157123
    .0177388
    .0195841
    .0239545
    .0298961
    .0337201
    .0356941
    .0388417
    .0354251
    .0332410
    .0316441
    .0291655
    .0291216
    .0273324
    .0260252
    .0241383
    .0220330
    .0192390
    .0170271
    .0169685
    .0156448
    .0139693
    .0140946
    .0115456
    .0097158
    .0091683
    .0075524
    .0083618
    .0079775
    .0093059
    .0058947
    .0038758
    .0051175
    .0058448
    .0061225
    .0036725
    .0050032
    .0069957
    .0039476
    .0022329
   -.0024166
   -.0006194
   -.0013684
   -.0035055
   -.0067776
   -.0066796
   -.0080193
   -.0092273
   -.0118207
   -.0128730
   -.0135102
   -.0145533
   -.0158892
   -.0202939
   -.0209026
   -.0205656
   -.0213850
   -.0262735
   -.0297280
   -.0324643
   -.0375918
   -.0396528
   -.0427434
   -.0460419
   -.0517622
   -.0570144
   -.0607439
   -.0633988
   -.0699950
   -.0810805
   -.0835866
   -.0852754
   -.0878223
   -.0898377
   -.0907201
   -.0908102
   -.0822178
   -.0790428
   -.0776337
   -.0770522
   -.0740368
   -.0713434
   -.0707126
   -.0646053
   -.0607491
   -.0591794
   -.0542205
   -.0503918
   -.0438685
   -.0390058
   -.0329236
   -.0304849
   -.0287686
   -.0274297
   -.0259490
   -.0210772
   -.0186351
   -.0216987
   -.0225025
   -.0213185
   -.0202980
   -.0223407
   -.0234471
   -.0222699
   -.0212159
   -.0224502
   -.0244141
   -.0286059
   -.0321356
   -.0347339
   -.0383406
   -.0402043
   -.0412201
   -.0428737
   -.0437735
   -.0432685
   -.0419783
   -.0406766
   -.0400117
   -.0383852
   -.0351246
   -.0343082
   -.0335231
   -.0327770
   -.0293627
   -.0283608
   -.0269065
   -.0215529
   -.0194848
   -.0182116
   -.0177052
   -.0165027
   -.0182243
   -.0194092
   -.0207126
   -.0201336
   -.0213156
   -.0238792
   -.0244339
   -.0270504
   -.0344349
   -.0342622
   -.0345269
   -.0358239
   -.0370695
   -.0400415
   -.0480350
   -.0505449
   -.0540191
   -.0556802
   -.0564939
   -.0565313
   -.0590253
   -.0616324
   -.0617378
   -.0641774
   -.0659808
   -.0674883
   -.0661784
   -.0659889
   -.0644905
   -.0629295
   -.0601585
   -.0567467
   -.0509761
   -.0476212
   -.0432556
   -.0255455
   -.0189484
   -.0122975
   -.0075495
   -.0024592
    .0037999
    .0077657
    .0130842
    .0175105
    .0218449
    .0271145
    .0315904
    .0351563
    .0380330
    .0410225
    .0450176
    .0430147
    .0451630
    .0501675
    .0495273
    .0527799
    .0546324
    .0558249
    .0522219
    .0555029
    .0564601
    .0639458
    .0671764
    .0661328
    .0670088
    .0705815
    .0712394
    .0724320
    .0731230
    .0737657
    .0763599
    .0793730
    .0830151
    .0845595
    .0845164
    .0839167
    .0846262
    .0854260
    .0861312
    .0866000
    .0869745
    .0887513
    .0905974
    .0917154
    .0952646
    .0963515
    .0966991
    .1012812
    .1007893
    .0997502
    .0967596
    .0937061
    .0899150
    .0862997
    .0828329
    .0793553
    .0708547
    .0653800
    .0596532
    .0509546
    .0443345
    .0349011
    .0273521
    .0206702
    .0143676
    .0090385
    .0094042
    .0104156
    .0052247
    .0078301
    .0033726
   -.0023964
   -.0151216
   -.0201453
   -.0250863
   -.0293707
   -.0311959
   -.0379233
   -.0503213
   -.0588768
   -.0641994
   -.0754046
   -.0793744
   -.0816679
   -.0833908
   -.0828565
   -.0825965
   -.0783425
   -.0785801
   -.0775598
   -.0645476
   -.0648771
   -.0620883
   -.0651444
   -.0677573
   -.0844269
   -.1045973
   -.1166212
   -.1183513
   -.1196734
   -.1206748
   -.1207354
   -.1182212
   -.1156301
   -.1129575
   -.1091514
   -.1032104
   -.1008885
   -.0985656
   -.0954362
   -.0922985
   -.0802563
   -.0803161
   -.0776499
   -.0763323
   -.0918637
   -.0986574
   -.1038085
   -.1096097
   -.1121062
   -.1275590
   -.1263394
   -.1239247
   -.0952472
   -.0635951
   -.0572135
   -.0532465
   -.0435038
   -.0418791
   -.0504305
   -.0497359
   -.0491900
   -.0487385
   -.0478372
   -.0459823
   -.0414634
   -.0407616
   -.0412864
   -.0409671
   -.0462357
   -.0430527
   -.0393746
   -.0343215
   -.0272897
   -.0223805
   -.0000193
    .0054737
    .0117838
    .0289702
    .0359409
    .0374837
    .0384610
    .0232184
    .0198635
    .0163522
    .0082041
    .0072888
    .0054149
    .0036248
    .0366357
    .0373009
    .0359441
    .0331060
    .0304277
    .0275613
    .0122674
   -.0011760
    .0004021
   -.0005336
   -.0004393
   -.0002295
    .0033351
    .0061848
    .0148668
    .0177337
    .0293739
    .0334158
    .0385971
    .0395271
    .0413593
    .0412083
    .0416455
    .0409748
    .0405064
    .0362461
    .0335468
    .0272541
    .0244191
    .0236027
    .0240311
    .0234550
    .0248458
    .0262425
    .0318827
    .0339504
    .0348324
    .0348736
    .0350565
    .0348105
    .0345569
    .0339695
    .0340803
    .0340602
    .0350273
    .0353098
    .0329882
    .0332837
    .0327777
    .0335239
    .0346309
    .0346400
    .0347317
    .0321840
    .0301433
    .0289880
    .0282359
    .0265345
    .0238695
    .0242606
    .0255231
    .0270139
    .0287583
    .0298419
    .0315000
    .0329603
    .0349184
    .0364603
    .0406422
    .0413881
    .0416148
    .0419034
    .0396231
    .0381829
    .0371029
    .0368228
    .0379818
    .0386313
    .0389989
    .0390706
    .0385499
    .0318729
    .0283244
    .0253381
    .0216831
    .0153178
    .0079468
    .0022655
    .0004944
   -.0027191
   -.0078653
   -.0097079
   -.0084641
   -.0101517
   -.0092207
   -.0074017
   -.0009368
    .0102188
    .0234785
    .0315142
    .0366536
    .0494013
    .0554480
    .0594504
    .0595779
    .0611798
    .0550093
    .0485642
    .0205387
    .0210493
    .0170379
    .0145091
    .0066922
    .0030856
   -.0023889
   -.0044015
    .0037112
    .0066847
    .0034685
    .0052794
    .0089033
    .0142517
    .0143823
    .0156590
    .0192381
    .0169227
    .0342961
    .0110930
   -.0544412
   -.0961837
   -.1090793
   -.1181042
   -.1264708
   -.1314575
   -.1350506
   -.1220508
   -.1227426
   -.1207030
   -.1197659
   -.1203890
   -.1187096
   -.1109441
   -.1025461
   -.0570990
   -.0545707
   -.0495847
   -.0468218
   -.0433035
   -.0592034
   -.0674081
   -.0931999
   -.0962742
   -.0919452
   -.0966559
   -.0941569
   -.0970647
   -.0931651
   -.1059377
   -.1014177
   -.0972590
   -.0797004
   -.0712421
   -.0624598
   -.0057276
    .0536651
    .0565338
    .0598384
    .0594783
    .0137817
   -.0204204
   -.0492980
   -.0156511
    .0207922
    .0256740
    .0380130
    .0365458
    .0123255
    .0054480
   -.0089239
   -.0276027
   -.0351876
   -.0687593
   -.0743895
   -.0843918
   -.0926149
   -.1047952
   -.1059454
   -.0997873
   -.1035832
   -.1136159
   -.1167364
   -.1080411
   -.1041987
   -.0993779
   -.0886453
   -.0901017
   -.0886311
   -.0830495
   -.0786675
   -.0788894
   -.0729410
   -.0567258
   -.0527765
   -.0478558
   -.0421354
   -.0345007
   -.0281662
   -.0262193
   -.0217498
   -.0181988
   -.0151000
   -.0126192
   -.0118975
   -.0101105
   -.0087053
   -.0048902
   -.0004074
    .0019613
    .0044907
    .0065311
    .0087497
    .0095818
    .0085628
    .0071998
    .0017759
    .0005177
   -.0064692
   -.0134286
   -.0250105
   -.0287809
   -.0247545
   -.0295727
   -.0337319
   -.0418289
   -.0404746
   -.0414015
   -.0467621
   -.0527489
   -.0554852
   -.0597671
   -.0692268
   -.0751648
   -.0756116
   -.0687699
   -.0622943
   -.0652017
   -.0565208
   -.0485411
   -.0363727
   -.0277448
   -.0000765
    .0047722
    .0176117
    .0270843
    .0348524
    .0472360
    .0590989
    .0713707
    .0741042
    .0834938
    .0861456
    .0875241
    .0875048
    .0868928
    .0841924
    .0843120
    .0864804
    .0864430
    .0848182
    .0788589
    .0659759
    .0577063
    .0535785
    .0447343
    .0405086
    .0384240
    .0347047
    .0333672
    .0321125
    .0289125
    .0338881
    .0410298
    .0413291
    .0427588
    .0433298
    .0437954
    .0438452
    .0441142
    .0439017
    .0450186
    .0486834
    .0661085
    .0934425
    .0948948
    .0962317
    .0966676
    .0972909
    .0972935
    .0973518
    .0962659
    .0940292
    .0900466
    .0875425
    .0833956
    .0799487
    .0676185
    .0651992
    .0580390
    .0515244
    .0403853
    .0334734
    .0278770
    .0226128
    .0196024
    .0135895
    .0111829
    .0069321
    .0056226
    .0032462
    .0015224
   -.0008434
   -.0027986
   -.0053025
   -.0030283
    .0027259
    .0022466
    .0022990
    .0046949
    .0059262
    .0064858
    .0096576
    .0091165
    .0100707
    .0123796
    .0079209
    .0142467
    .0151197
    .0149170
    .0218871
    .0262932
    .0301620
    .0381404
    .0445725
    .0470033
    .0492548
    .0520448
    .0454177
    .0456704
    .0411913
    .0405995
    .0371643
    .0379475
    .0321897
    .0319745
    .0306234
    .0322846
    .0315321
    .0351194
    .0346813
    .0354321
    .0322287
    .0311589
    .0364534
    .0373118
    .0383280
    .0406290
    .0410993
    .0424748
    .0485804
    .0488164
    .0498070
    .0499357
    .0441653
    .0435075
    .0434153
    .0394296
    .0419750
    .0450521
    .0496666
    .0519839
    .0560773
    .0591370
    .0618755
    .0663894
    .0697576
    .0732613
    .0760102
    .0761255
    .0754394
    .0793631
    .0703702
    .0665052
    .0632034
    .0589714
    .0587869
    .0572941
    .0510384
    .0489670
    .0454537
    .0411732
    .0364352
    .0310934
    .0200408
    .0115711
    .0085864
   -.0015733
    .0010810
   -.0032537
   -.0092138
   -.0176310
   -.0246129
   -.0359725
   -.0487454
   -.0584674
   -.0710131
   -.0755350
   -.0803134
   -.0850048
   -.0869406
   -.0893594
   -.0914498
   -.0929465
   -.0914512
   -.0934857
   -.0836161
   -.0846414
   -.0848623
   -.0696444
   -.0699926
   -.0762928
   -.0811128
   -.0826041
   -.0844363
   -.0853586
   -.0866842
   -.0881088
   -.0900500
   -.0921778
   -.0920353
   -.0904951
   -.0906727
   -.0929490
   -.0889749
   -.0889481
   -.0907346
   -.0890734
   -.0915454
   -.0926602
   -.0970497
   -.1000726
   -.1057465
   -.1114234
   -.1100230
   -.1095113
   -.1070554
   -.1063882
   -.1081949
   -.1119125
   -.1135788
   -.1058167
   -.1075143
   -.1102773
   -.1115917
   -.1122717
   -.1092962
   -.1097298
   -.1101624
   -.1098860
   -.1098018
   -.1061790
   -.1054092
   -.1074903
   -.1054793
   -.1054157
   -.1059111
   -.1080969
   -.1065775
   -.1050037
   -.1065864
   -.1046605
   -.0993782
   -.0993842
   -.0987207
   -.0963725
   -.0938233
   -.0900976
   -.0719069
   -.0673456
   -.0528923
   -.0562765
   -.0585705
   -.0622169
   -.0635973
   -.0661814
   -.0718464
   -.0836742
   -.0871833
   -.0889351
   -.0934579
   -.1059016
   -.1058126
   -.1093893
   -.1084285
   -.1095700
   -.1105530
   -.0990963
   -.0962250
   -.0955401
   -.0948923
   -.0924258
   -.0942593
   -.0972206
   -.0974009
   -.0969156
   -.0982324
   -.0990205
   -.1034791
   -.1018616
   -.0960849
   -.0948147
   -.0914318
   -.0844751
   -.0764501
   -.0713511
   -.0644881
   -.0593702
   -.0538432
   -.0487502
   -.0442982
   -.0390710
   -.0336818
   -.0282863
   -.0222066
   -.0182184
   -.0152266
   -.0129821
   -.0103627
   -.0075655
   -.0053108
   -.0029147
   -.0011503
    .0017976
    .0032021
    .0055444
    .0077751
    .0113983
    .0137902
    .0154074
    .0174375
    .0201353
    .0211847
    .0244678
    .0272839
    .0300803
    .0311446
    .0339075
    .0364090
    .0427499
    .0446600
    .0469549
    .0508248
    .0558377
    .0628740
    .0663094
    .0692178
    .0737694
    .0767283
    .0802351
    .0844674
    .0887180
    .0946662
    .1004890
    .1052532
    .1096200
    .1122592
    .1166391
    .1193801
    .1205014
    .1224495
    .1240781
    .1264301
    .1289743
    .1311454
    .1339465
    .1369818
    .1390089
    .1405194
    .1416239
    .1421300
    .1401329
    .1391872
    .1375791
    .1355152
    .1325795
    .1302430
    .1275981
    .1246824
    .1220135
    .1179192
    .1137201
    .1065211
    .1004734
    .0963109
    .0929240
    .0865780
    .0847986
    .0815499
    .0751094
    .0708791
    .0678206
    .0640437
    .0578691
    .0530968
    .0484270
    .0423345
    .0420011
    .0353573
    .0329967
    .0337241
    .0325649
    .0382521
    .0357197
    .0343010
    .0309971
    .0247174
    .0193187
    .0022632
    .0076349
    .0070990
    .0066969
    .0108566
    .0089269
    .0066248
    .0092542
    .0087957
    .0098004
    .0280945
    .0280165
    .0221218
    .0238730
    .0184497
    .0199254
    .0206003
    .0140985
    .0092345
    .0032267
   -.0018671
   -.0087414
   -.0074177
   -.0047905
   -.0089018
   -.0156801
   -.0214059
   -.0257284
   -.0799713
   -.0879145
   -.0977796
   -.1010427
   -.1369957
   -.1389763
   -.1192419
   -.1128284
   -.0999216
   -.0902238
   -.0802776
   -.0420675
   -.0279985
   -.0144731
   -.0010943
    .0037675
    .0103297
    .0170261
    .0259792
    .0264172
    .0266833
    .0205266
    .0232852
    .0148646
    .0250479
    .0358434
   -.0110856
   -.0150864
   -.0026316
    .0122834
    .0215817
    .0796234
    .0885294
    .0932052
    .1056521
    .1091908
    .1103366
    .1055870
    .0977063
    .0934167
    .0723811
    .0539829
    .0352232
    .0163636
   -.0218109
   -.0339516
   -.0459087
   -.0592491
   -.0819862
   -.0873982
   -.0930612
   -.0907490
   -.0871503
   -.0844159
   -.0792786
   -.0752906
   -.0752777
   -.0669561
    .0035705
    .0233300
    .0286502
    .0315383
    .0370383
    .0303862
   -.0115120
   -.0111944
   -.0075271
   -.0057758
   -.0048335
   -.0053745
   -.0019193
   -.0011175
   -.0010525
    .0003978
    .0127234
    .0118066
    .0104599
    .0263137
    .0182871
    .0080842
    .0011140
   -.0068866
   -.0168013
   -.0533285
   -.0739111
   -.1082508
   -.1172200
   -.1321350
   -.1434607
   -.1558606
   -.1661588
   -.1742203
   -.1743254
   -.1794991
   -.1858477
   -.1853080
   -.1920309
   -.1933683
   -.1977594
   -.2006165
   -.2038066
   -.2068365
   -.2042787
   -.2042271
   -.2018282
   -.1962694
   -.1893677
   -.1840164
   -.1793209
   -.1706183
   -.1511626
   -.1327797
   -.0809790
   -.0663365
   -.0522575
   -.0263080
   -.0209607
   -.0116845
   -.0083673
    .0000520
    .0023250
    .0116837
    .0120578
    .0140877
    .0170234
    .0312532
    .0270269
    .0211414
   -.0010234
   -.0206522
   -.0361937
   -.0422944
   -.0454907
   -.0432843
   -.0538299
   -.0579308
   -.0613353
   -.0426725
   -.0187556
   -.0216227
   -.0133374
   -.0122275
   -.0068370
   -.0038320
   -.0022193
   -.0219939
   -.0210622
   -.0256104
   -.0359481
   -.0325326
   -.0281485
   -.0204886
    .0058731
    .0161601
    .0303692
    .0677687
    .0807491
    .1036903
    .1166891
    .1458198
    .1623082
    .1695358
    .1721346
    .1773102
    .1745265
    .1175172
    .0972269
    .0971958
    .0987309
    .1634165
    .2029156
    .2007613
    .1972079
    .1834081
    .1655519
    .1005646
    .0721541
    .0575436
    .0332789
    .0072156
   -.0142374
   -.0346618
   -.0599582
   -.0566877
   -.0709060
   -.0867816
   -.0873126
   -.0947102
   -.1027843
   -.1023845
   -.1149366
   -.0510941
   -.0600425
   -.0575970
   -.0816538
   -.1262674
   -.1857804
   -.1910608
   -.2060135
   -.2028147
   -.1994143
   -.1551515
   -.1432091
   -.1265133
   -.1041051
   -.0498520
   -.0366855
   -.0267511
   -.0158216
   -.0080535
    .0010481
    .0084478
    .0224581
    .0258173
    .0284147
    .0315402
   -.0099945
   -.0075720
   -.0059024
   -.0067982
   -.0098853
   -.0072284
   -.0161112
   -.0282935
   -.0232389
   -.0195781
   -.0143842
   -.0149920
   -.0118470
   -.0079025
    .0587731
    .0962662
    .0974870
    .0984005
    .0940696
    .0846268
    .0824643
    .0773354
    .0678852
    .0643030
   -.0112901
   -.0150957
   -.0244543
   -.0175342
   -.0011812
    .0155184
    .0327753
    .0690456
    .0911387
    .1033728
    .1261597
    .1519703
    .1974700
    .2156435
    .2582282
    .2618528
    .2670303
    .2662002
    .2502675
    .2394232
    .1752352
    .1637192
    .1027041
    .0932413
    .0826099
    .0752391
    .0597260
    .0532328
    .0502999
    .0440928
    .0406383
    .0381744
    .0306740
    .0189848
    .0153636
    .0183952
    .0612773
    .0974045
    .1054722
    .0980566
    .0903398
    .0861420
    .0427184
   -.0112043
   -.0157812
   -.0229105
   -.0290240
   -.0345463
   -.0361621
    .0036918
    .0045326
    .0158829
    .0756351
    .0820994
    .0832525
    .0875233
    .0891667
    .0908172
    .0919892
    .0918884
    .0884124
    .0859371
    .0760453
    .0669652
    .0572920
    .0504861
    .0415273
    .0292637
    .0198293
    .0083388
   -.0467090
   -.0553649
   -.0564951
   -.0716099
   -.0835374
   -.0688255
   -.0638514
   -.0582911
   -.0547171
   -.0510019
   -.0434534
   -.0148693
   -.0231205
   -.0415812
   -.0453395
   -.0483132
   -.0442375
   -.0406767
   -.0364358
   -.0224255
   -.0133656
   -.0062847
    .0159371
    .0219985
    .0295352
    .0388129
    .0448406
    .0503940
    .0543072
    .0594530
    .0690965
    .0718322
    .0801622
    .0881734
    .0930319
    .0951113
    .0978324
    .0995036
    .1030888
    .1102608
    .1117996
    .1142133
    .1151530
    .1248901
    .1261630
    .1304858
    .1322814
    .1338951
    .1342094
    .1344076
    .1353502
    .1353881
    .1349655
    .1350847
    .1357449
    .1362439
    .1355883
    .1340327
    .1341743
    .1343052
    .1316315
    .1317154
    .1286217
    .1286811
    .1260632
    .1210474
    .1183189
    .1161145
    .1141216
    .1058831
    .0999780
    .0916193
    .0910913
    .0818921
    .0784333
    .0692850
    .0598261
    .0480894
    .0374806
    .0347523
    .0262423
    .0219796
    .0167483
    .0102823
    .0066609
    .0005700
   -.0081619
   -.0169697
   -.0210132
   -.0248185
   -.0264420
   -.0309596
   -.0370968
   -.0408451
   -.0470177
   -.0510207
   -.0536324
   -.0581344
   -.0597470
   -.0608418
   -.0609426
   -.0615951
   -.0617554
   -.0608473
   -.0596180
   -.0590473
   -.0562265
   -.0553642
   -.0529019
   -.0513315
   -.0483059
   -.0456022
   -.0436714
   -.0405927
   -.0348145
   -.0311892
   -.0281400
   -.0184311
   -.0135254
   -.0082599
   -.0034912
    .0036024
    .0062815
    .0104562
    .0125599
    .0218680
    .0263697
    .0316387
    .0427468
    .0566179
    .0643742
    .0686416
    .0753473
    .0777455
    .0767637
    .0803285
    .0921029
    .0958611
    .1012325
    .1026161
    .1035252
    .1013922
    .1006551
    .0994080
    .0972095
    .0955963
    .0934692
    .0906026
    .0869871
    .0841485
    .0805625
    .0763781
    .0727666
    .0674472
    .0608662
    .0560091
    .0508888
    .0468683
    .0407469
    .0367393
    .0335382
    .0309183
    .0272894
    .0209013
    .0135302
    .0118344
    .0054853
    .0016266
    .0030446
   -.0044390
   -.0079448
   -.0142219
   -.0172527
   -.0191662
   -.0264427
   -.0314290
   -.0339160
   -.0392261
   -.0466113
   -.0502758
   -.0565631
   -.0581380
   -.0604480
   -.0619970
   -.0651457
   -.0701631
   -.0727175
   -.0751527
   -.0822423
   -.0907726
   -.1018110
   -.1088416
   -.1155868
   -.1209369
   -.1262440
   -.1289760
   -.1312567
   -.1365537
   -.1389537
   -.1414939
   -.1452156
   -.1459685
   -.1468316
   -.1488509
   -.1484490
   -.1487928
   -.1477225
   -.1566562
   -.1566724
   -.1583537
   -.1563805
   -.1531696
   -.1457741
   -.1428218
   -.1291765
   -.1143030
   -.1083406
   -.0903306
   -.0816188
   -.0664013
   -.0610874
   -.0555336
   -.0534322
   -.0502144
   -.0474258
   -.0433407
   -.0624755
   -.0636212
   -.0659058
   -.0608246
   -.0646020
   -.0614120
   -.0606647
   -.0593092
   -.0570192
   -.0404347
   -.0347225
   -.0201625
   -.0197023
   -.0236150
   -.0212907
   -.0318853
   -.0400767
   -.0476315
   -.0487349
   -.0494666
   -.0562631
   -.0675860
   -.0696709
   -.0702116
   -.0656713
   -.0617442
   -.0566607
   -.0503935
   -.0349538
   -.0295400
   -.0257301
   -.0222308
   -.0200831
   -.0176320
   -.0163999
   -.0312951
   -.0329390
   -.0288961
   -.0398681
   -.0265693
   -.0211130
   -.0144936
    .0068712
    .0114265
    .0173711
    .0227154
    .0266130
    .0309670
    .0245483
    .0265639
    .0259868
    .0260282
    .0235914
    .0199140
    .0040234
    .0012997
    .0011918
    .0006161
    .0016596
    .0005497
    .0029165
   -.0012424
   -.0006085
    .0051376
    .0044291
    .0034461
    .0006088
   -.0039980
   -.0024616
   -.0013488
   -.0043458
   -.0064856
   -.0181422
   -.0188483
   -.0199240
   -.0183925
   -.0183621
   -.0304715
   -.0297534
   -.0245697
   -.0116874
   -.0033501
    .0268049
    .0382806
    .0457254
    .0513644
    .0585750
    .0639954
    .0703264
    .0755482
    .0835915
    .0777806
    .0783096
    .0769551
    .0744999
    .0714103
    .0677591
    .0648242
    .0594542
    .0558086
    .0407015
    .0401009
    .0419371
    .0464043
    .0489854
    .0470196
    .0533378
    .0560527
    .0548110
    .0533236
    .0566071
    .0853268
    .0819892
    .0442035
    .0379291
    .0299225
    .0096017
    .0007351
   -.0173539
   -.0196490
   -.0129986
   -.0060230
   -.0005617
    .0218283
    .0258731
    .0736074
    .0770234
    .0796908
    .0806152
    .0628989
    .0622232
    .0671013
    .0614594
    .0378102
    .0349289
    .0357547
    .0433257
    .0917833
    .0999271
    .1047489
    .1131315
    .1178730
    .1370592
    .1367655
    .1368432
    .1339241
    .1287702
    .1220108
    .1127558
    .1034012
    .0938675
    .0777247
    .0341533
    .0232803
    .0208758
    .0233210
    .0451915
    .0759911
    .0738956
    .0769882
    .0707339
    .0660768
    .0484520
    .0344158
    .0234408
    .0120437
    .0088815
    .0061469
    .0028660
    .0039225
    .0053133
    .0028935
    .0215142
    .0227570
    .0246268
    .0451856
    .0440378
    .0440253
    .0405415
    .0338572
    .0371331
    .0346821
    .0319901
    .0189603
    .0166094
    .0127626
    .0125707
    .0118755
    .0139994
    .0204528
    .0245084
    .0232132
    .0202390
    .0174870
    .0164672
    .0103791
    .0084924
    .0080064
    .0051251
    .0056935
    .0042365
    .0024772
    .0029013
    .0018371
   -.0017513
   -.0042611
   -.0051641
   -.0059629
   -.0061309
   -.0062629
   -.0059500
   -.0056905
   -.0036659
   -.0033085
   -.0021431
   -.0003584
    .0053027
    .0083870
    .0123737
    .0163840
    .0196075
    .0242696
    .0307654
    .0328112
    .0364630
    .0397577
    .0444687
    .0490510
    .0539355
    .0582272
    .0621041
    .0672120
    .0714256
    .0746517
    .0786079
    .0803226
    .0821274
    .0832387
    .0844591
    .0849606
    .0853574
    .0849114
    .0840068
    .0830195
    .0822852
    .0815195
    .0802903
    .0787808
    .0779582
    .0760560
    .0746570
    .0723114
    .0686572
    .0676105
    .0633806
    .0592237
    .0558604
    .0528808
    .0493205
    .0453162
    .0414910
    .0401933
    .0371809
    .0354316
    .0300786
    .0275284
    .0250267
    .0231235
    .0213568
    .0198246
    .0190184
    .0186347
    .0180561
    .0175332
    .0181201
    .0173112
    .0163465
    .0186238
    .0185724
    .0175430
    .0150801
    .0157195
    .0138327
    .0121785
    .0119895
    .0108570
    .0111424
    .0094562
    .0080079
    .0068626
    .0053102
    .0036970
    .0026280
    .0013117
   -.0012629
   -.0028571
   -.0042020
   -.0060787
   -.0077041
   -.0148261
   -.0185744
   -.0176680
   -.0179415
   -.0169755
   -.0166279
   -.0155638
   -.0101870
   -.0094705
   -.0093202
   -.0087553
   -.0074996
   -.0054777
   -.0031269
    .0011696
    .0036820
    .0062204
    .0073732
    .0084525
    .0095573
    .0102434
    .0114419
    .0123307
    .0134295
    .0144535
    .0149214
    .0155384
    .0158678
    .0166549
    .0178918
    .0189369
    .0208910
    .0213916
    .0223435
    .0221962
    .0218334
    .0209816
    .0200088
    .0191753
    .0181899
    .0161989
    .0142243
    .0116940
    .0095455
    .0073038
    .0045860
    .0020998
   -.0007737
   -.0041779
   -.0077016
   -.0123597
   -.0173212
   -.0208867
   -.0270856
   -.0320289
   -.0356429
   -.0395024
   -.0434140
   -.0488904
   -.0535702
   -.0571105
   -.0621293
   -.0668307
   -.0705763
   -.0750611
   -.0786651
   -.0825186
   -.0856938
   -.0895047
   -.0927534
   -.0948202
   -.0971339
   -.0995888
   -.1017827
   -.1045412
   -.1066403
   -.1087132
   -.1112731
   -.1128140
   -.1125819
   -.1049301
   -.1024910
   -.1028151
   -.0952081
   -.0937837
   -.0922815
   -.0902868
   -.0897919
   -.0885760
   -.0881164
   -.0886736
   -.0894127
   -.0901521
   -.0905954
   -.0908465
   -.0923935
   -.1002823
   -.1010549
   -.1106765
   -.1108413
   -.1102787
   -.1091534
   -.1058556
   -.1054757
   -.1046105
   -.1018951
   -.1015696
   -.1012181
   -.0996881
   -.0849580
   -.0887957
   -.0929457
   -.1039275
   -.1055606
   -.1064842
   -.1054447
   -.1077927
   -.1079173
   -.1046621
   -.0982774
   -.0881687
   -.0861291
   -.0815884
   -.0852533
   -.0842486
   -.0837154
   -.0862920
   -.0838667
   -.0820276
   -.0779192
   -.0732256
   -.0690157
   -.0623463
   -.0559031
   -.0521801
   -.0457793
   -.0434392
   -.0402939
   -.0378912
   -.0352968
   -.0335682
   -.0314018
   -.0301426
   -.0299816
   -.0303937
   -.0299109
   -.0297102
   -.0304773
   -.0310390
   -.0320344
   -.0332418
   -.0349617
   -.0349456
   -.0379313
   -.0388827
   -.0434050
   -.0432210
   -.0443837
   -.0461928
   -.0483400
   -.0494766
   -.0515434
   -.0544196
   -.0544977
   -.0552930
   -.0579139
   -.0588443
   -.0593681
   -.0605765
   -.0621352
   -.0638656
   -.0634032
   -.0622995
   -.0629633
   -.0631943
   -.0632534
   -.0627310
   -.0625093
   -.0609737
   -.0599860
   -.0600668
   -.0602694
   -.0597915
   -.0596408
   -.0596767
   -.0593589
   -.0587988
   -.0581587
   -.0578900
   -.0571980
   -.0564604
   -.0558914
   -.0558256
   -.0548010
   -.0534187
   -.0527313
   -.0520672
   -.0507342
   -.0507801
   -.0500631
   -.0487140
   -.0476329
   -.0470719
   -.0451997
   -.0439728
   -.0427623
   -.0405870
   -.0392982
   -.0374331
   -.0363288
   -.0337011
   -.0312481
   -.0273093
   -.0252218
   -.0200508
   -.0161745
   -.0141501
   -.0127850
   -.0111813
   -.0086560
   -.0067334
   -.0046506
   -.0029061
    .0021209
    .0050331
    .0083997
    .0109285
    .0145178
    .0173806
    .0188665
    .0211212
    .0236848
    .0248760
    .0276798
    .0305429
    .0331932
    .0348442
    .0375884
    .0390284
    .0399519
    .0410785
    .0419903
    .0426950
    .0434901
    .0442193
    .0442407
    .0442440
    .0440359
    .0437148
    .0440994
    .0438078
    .0440836
    .0449985
    .0459816
    .0465627
    .0466529
    .0464675
    .0467255
    .0472819
    .0480438
    .0486823
    .0490550
    .0501677
    .0514263
    .0514628
    .0521300
    .0527120
    .0538531
    .0514461
    .0515933
    .0503188
    .0510155
    .0517096
    .0518529
    .0525760
    .0534916
    .0542533
    .0537475
    .0533435
    .0526197
    .0504627
    .0498377
    .0492914
    .0487805
    .0472598
    .0475430
    .0464409
    .0465418
    .0451946
    .0448305
    .0441267
    .0424880
    .0408050
    .0392089
    .0376242
    .0365600
    .0346969
    .0345699
    .0349527
    .0357133
    .0363949
    .0376583
    .0393141
    .0402514
    .0414351
    .0455789
    .0495653
    .0529075
    .0558426
    .0585705
    .0621834
    .0661793
    .0688088
    .0743884
    .0778956
    .0806023
    .0857446
    .0895783
    .0939214
    .0963189
    .0973179
    .1000021
    .1022603
    .1043676
    .1019910
    .1028390
    .1046708
    .1043235
    .1100360
    .1098167
    .1106845
    .1104260
    .1104529
    .1110409
    .1104790
    .1117102
    .1119750
    .1117219
    .1105923
    .1118575
    .1140202
    .1136895
    .1138601
    .1135912
    .1125615
    .1114690
    .1109955
    .1108670
    .1089621
    .1073431
    .1065394
    .1042344
    .1014537
    .0987400
    .0959068
    .0921660
    .0890320
    .0862179
    .0822857
    .0776539
    .0738760
    .0699192
    .0665992
    .0596177
    .0561728
    .0527073
    .0497922
    .0458610
    .0425950
    .0402248
    .0387482
    .0361819
    .0345608
    .0314006
    .0283083
    .0251396
    .0223924
    .0192688
    .0162569
    .0121013
    .0093065
    .0044971
    .0019450
   -.0010423
   -.0030039
   -.0056414
   -.0083875
   -.0095467
   -.0107158
   -.0119706
   -.0134423
   -.0156714
   -.0169965
   -.0169961
   -.0163300
   -.0156614
   -.0154243
   -.0158783
   -.0167319
   -.0177163
   -.0187868
   -.0196333
   -.0197462
   -.0196187
   -.0199981
   -.0208492
   -.0219578
   -.0236264
   -.0258640
   -.0281885
   -.0302821
   -.0321024
   -.0336647
   -.0351082
   -.0366908
   -.0385109
   -.0407659
   -.0436059
   -.0464831
   -.0488214
   -.0508672
   -.0532954
   -.0558441
   -.0588962
   -.0624382
   -.0660833
   -.0694215
   -.0723627
   -.0751900
   -.0780069
   -.0807352
   -.0839724
   -.0879343
   -.0916740
   -.0948495
   -.0978617
   -.1005347
   -.1027065
   -.1047750
   -.1071708
   -.1099746
   -.1120850
   -.1125282
   -.1123605
   -.1123747
   -.1125772
   -.1130463
   -.1135382
   -.1130316
   -.1117384
   -.1104584
   -.1096385
   -.1095009
   -.1086285
   -.1069394
   -.1052663
   -.1039011
   -.1032026
   -.1022242
   -.1004525
   -.0983767
   -.0964792
   -.0947065
   -.0935041
   -.0924297
   -.0912330
   -.0901268
   -.0888983
   -.0873396
   -.0859149
   -.0846365
   -.0837481
   -.0831646
   -.0813795
   -.0789394
   -.0765221
   -.0744064
   -.0732072
   -.0717938
   -.0699760
   -.0684889
   -.0675581
   -.0670003
   -.0672892
   -.0679806
   -.0680452
   -.0677044
   -.0673777
   -.0669599
   -.0665726
   -.0662694
   -.0660382
   -.0658333
   -.0650922
   -.0635848
   -.0618294
   -.0599548
   -.0582502
   -.0568412
   -.0553877
   -.0537168
   -.0515847
   -.0485381
   -.0450372
   -.0415193
   -.0383279
   -.0359213
   -.0316821
   -.0271778
   -.0231838
   -.0203650
   -.0170690
   -.0133506
   -.0099735
   -.0067654
   -.0039351
   -.0016135
    .0004206
    .0024334
    .0047738
    .0070040
    .0087342
    .0101174
    .0110917
    .0120030
    .0126664
    .0126017
    .0124447
    .0123181
    .0121346
    .0118522
    .0115582
    .0112411
    .0109400
    .0106819
    .0105376
    .0105935
    .0108480
    .0112544
    .0117020
    .0115341
    .0115211
    .0122316
    .0129995
    .0140310
    .0147349
    .0161634
    .0183820
    .0209856
    .0229223
    .0239963
    .0258402
    .0282701
    .0307743
    .0327063
    .0339298
    .0352680
    .0372192
    .0398962
    .0426667
    .0449524
    .0460728
    .0468486
    .0482316
    .0500311
    .0520660
    .0543044
    .0565579
    .0586209
    .0601623
    .0613000
    .0624605
    .0638502
    .0654106
    .0669920
    .0683869
    .0694705
    .0702600
    .0707735
    .0704646
    .0692715
    .0682788
    .0675174
    .0663525
    .0648097
    .0621812
    .0593102
    .0568941
    .0544366
    .0519456
    .0490334
    .0457545
    .0425326
    .0392802
    .0362410
    .0337429
    .0315562
    .0292323
    .0270362
    .0246267
    .0218624
    .0194916
    .0179988
    .0166132
    .0152523
    .0133740
    .0114307
    .0106984
    .0100922
    .0095805
    .0087661
    .0082888
    .0082727
    .0081811
    .0080328
    .0079999
    .0080096
    .0079597
    .0075426
    .0068794
    .0062196
    .0056700
    .0048918
    .0042380
    .0034920
    .0022062
    .0003166
   -.0017935
   -.0039616
   -.0062789
   -.0086389
   -.0116169
   -.0153929
   -.0190672
   -.0217560
   -.0241447
   -.0268447
   -.0296977
   -.0322990
   -.0347615
   -.0369890
   -.0381613
   -.0386796
   -.0392953
   -.0399226
   -.0409817
   -.0424210
   -.0436882
   -.0442251
   -.0447156
   -.0454867
   -.0462148
   -.0469832
   -.0471821
   -.0470791
   -.0472920
   -.0475068
   -.0475233
   -.0474132
   -.0473775
   -.0472228
   -.0471266
   -.0472413
   -.0475651
   -.0480122
   -.0482458
   -.0482668
   -.0484573
   -.0490535
   -.0499466
   -.0511693
   -.0527584
   -.0543984
   -.0554253
   -.0557186
   -.0560882
   -.0562774
   -.0569877
   -.0575175
   -.0570857
   -.0565554
   -.0559156
   -.0557789
   -.0557491
   -.0554403
   -.0546599
   -.0533055
   -.0513928
   -.0491661
   -.0469310
   -.0451141
   -.0438307
   -.0425723
   -.0407708
   -.0382213
   -.0353775
   -.0328999
   -.0306979
   -.0284707
   -.0265563
   -.0250392
   -.0229552
   -.0202724
   -.0181544
   -.0163214
   -.0149420
   -.0135661
   -.0122459
   -.0113379
   -.0106390
   -.0100359
   -.0094481
   -.0097351
   -.0098630
   -.0100077
   -.0104663
   -.0108350
   -.0109278
   -.0110701
   -.0108465
   -.0109758
   -.0116731
   -.0120436
   -.0117798
   -.0110607
   -.0102329
   -.0095228
   -.0094797
   -.0103506
   -.0110455
   -.0104855
   -.0090572
   -.0078257
   -.0068339
   -.0064620
   -.0066542
   -.0067855
   -.0063619
   -.0054687
   -.0046979
   -.0044356
   -.0045464
   -.0047531
   -.0049607
   -.0053339
   -.0058639
   -.0062727
   -.0064076
   -.0067045
   -.0065424
   -.0062543
   -.0060588
   -.0062175
   -.0066359
   -.0068824
   -.0067010
   -.0060998
   -.0052029
   -.0039150
   -.0023657
   -.0007200
    .0005769
    .0015400
    .0027068
    .0038120
    .0049769
    .0062721
    .0065920
    .0066336
    .0071685
    .0081186
    .0091441
    .0102857
    .0113585
    .0116689
    .0120846
    .0130135
    .0141911
    .0152569
    .0162095
    .0164131
    .0168104
    .0179802
    .0188195
    .0190356
    .0187565
    .0191210
    .0197217
    .0209190
    .0216817
    .0218631
    .0218673
    .0217146
    .0221675
    .0233184
    .0245361
    .0254830
    .0259678
    .0260460
    .0262551
    .0270867
    .0283912
    .0296101
    .0305427
    .0313595
    .0320642
    .0325189
    .0323092
    .0313172
    .0299598
    .0286686
    .0276989
    .0271308
    .0268489
    .0265869
    .0261737
    .0253186
    .0239517
    .0223885
    .0208913
    .0195426
    .0184780
    .0175431
    .0162434
    .0147967
    .0126651
    .0115431
    .0106220
    .0095839
    .0083468
    .0067339
    .0050679
    .0041785
    .0041067
    .0040178
    .0036902
    .0029495
    .0028698
    .0032860
    .0038275
    .0042259
    .0044773
    .0045793
    .0039596
    .0031944
    .0032837
    .0035635
    .0034493
    .0032324
    .0028518
    .0018984
    .0007810
    .0000752
   -.0003354
   -.0007651
   -.0013064
   -.0017121
   -.0021788
   -.0026258
   -.0032224
   -.0044916
   -.0063196
   -.0079815
   -.0092229
   -.0100883
   -.0106686
   -.0108487
   -.0104813
   -.0102964
   -.0113777
   -.0131953
   -.0144418
   -.0141543
   -.0130918
   -.0122393
   -.0124063
   -.0139126
   -.0156505
   -.0167756
   -.0172735
   -.0173396
   -.0172596
   -.0171784
   -.0171777
   -.0175655
   -.0183338
   -.0190726
   -.0193272
   -.0188823
   -.0182185
   -.0175461
   -.0175159
   -.0180778
   -.0182150
   -.0178715
   -.0174147
   -.0169261
   -.0164531
   -.0161874
   -.0162771
   -.0166569
   -.0168091
   -.0163326
   -.0153254
   -.0141595
   -.0130754
   -.0127373
   -.0131590
   -.0135327
   -.0137005
   -.0139862
   -.0137192
   -.0129418
   -.0123472
   -.0123711
   -.0130177
   -.0142325
   -.0147785
   -.0144560
   -.0137781
   -.0133870
   -.0134174
   -.0138927
   -.0147293
   -.0156721
   -.0163849
   -.0166841
   -.0163855
   -.0155566
   -.0149126
   -.0143643
   -.0144721
   -.0136274
   -.0125430
   -.0116200
   -.0113233
   -.0113237
   -.0112706
   -.0112648
   -.0114384
   -.0109986
   -.0099478
   -.0087333
   -.0083772
   -.0078814
   -.0065600
   -.0052648
   -.0040067
   -.0037237
   -.0027866
   -.0014932
   -.0004935
    .0000668
   -.0000447
   -.0003968
   -.0004970
   -.0005574
   -.0006537
   -.0013642
   -.0031721
   -.0047442
   -.0053353
   -.0057622
   -.0062947
   -.0073994
   -.0085139
   -.0096612
   -.0106966
   -.0113116
   -.0126505
   -.0138468
   -.0150677
   -.0155508
   -.0157945
   -.0157824
   -.0155220
   -.0152811
   -.0151230
   -.0148226
   -.0142641
   -.0135175
   -.0126276
   -.0121568
   -.0120048
   -.0120847
   -.0123619
   -.0126438
   -.0128648
   -.0129498
   -.0129677
   -.0127343
   -.0127495
   -.0127936
   -.0123358
   -.0123024
   -.0123617
   -.0121954
   -.0116833
   -.0113501
   -.0108996
   -.0110135
   -.0114856
   -.0117934
   -.0117033
   -.0114379
   -.0110822
   -.0106571
   -.0106173
   -.0107131
   -.0105341
   -.0099067
   -.0088173
   -.0074882
   -.0061309
   -.0048742
   -.0036877
   -.0025736
   -.0015097
   -.0005402
    .0003224
    .0009803
    .0014271
    .0019105
    .0027439
    .0040190
    .0053190
    .0062481
    .0068574
    .0070548
    .0069160
    .0066532
    .0064502
    .0063640
    .0063628
    .0063892
    .0064156
    .0064491
    .0062950
    .0058560
    .0055233
    .0053394
    .0053023
    .0052236
    .0048281
    .0042962
    .0041753
    .0040092
    .0038845
    .0034784
    .0028786
    .0025079
    .0024328
    .0029055
    .0038449
    .0047265
    .0057769
    .0062576
    .0064065
    .0067333
    .0072990
    .0075619
    .0082083
    .0096813
    .0114665
    .0129475
    .0137205
    .0141742
    .0146627
    .0153866
    .0164201
    .0171362
    .0171593
    .0162943
    .0156334
    .0153841
    .0147270
    .0138808
    .0130753
    .0121226
    .0108469
    .0093232
    .0076319
    .0058484
    .0039939
    .0018930
   -.0001194
   -.0009218
   -.0015339
   -.0027315
   -.0047599
   -.0067073
   -.0072694
   -.0075230
   -.0075613
   -.0076809
   -.0079119
   -.0081844
   -.0086471
   -.0093616
   -.0109675
   -.0123627
   -.0129462
   -.0134989
   -.0139724
   -.0149726
   -.0161690
   -.0170953
   -.0177052
   -.0186130
   -.0196094
   -.0212923
   -.0232747
   -.0251404
   -.0268809
   -.0284967
   -.0297775
   -.0309213
   -.0325006
   -.0335234
   -.0334859
   -.0333201
   -.0333308
   -.0345153
   -.0349820
   -.0351234
   -.0350900
   -.0349159
   -.0348265
   -.0345102
   -.0337630
   -.0330256
   -.0324850
   -.0321329
   -.0318852
   -.0316845
   -.0314652
   -.0313579
   -.0315017
   -.0315147
   -.0310757
   -.0307037
   -.0302415
   -.0299263
   -.0299589
   -.0302589
   -.0307532
   -.0312884
   -.0315691
   -.0312722
   -.0304557
   -.0295507
   -.0289512
   -.0289311
   -.0290306
   -.0287085
   -.0276616
   -.0260537
   -.0245354
   -.0232772
   -.0222196
   -.0214391
   -.0203976
   -.0187667
   -.0167126
   -.0144418
   -.0121346
   -.0101666
   -.0082451
   -.0060797
   -.0042714
   -.0029949
   -.0013823
    .0006404
    .0025056
    .0041722
    .0052014
    .0056654
    .0063706
    .0076622
    .0087974
    .0095874
    .0098633
    .0097509
    .0097557
    .0099156
    .0101438
    .0100054
    .0092602
    .0081004
    .0075223
    .0077237
    .0080995
    .0083781
    .0095390
    .0110663
    .0116208
    .0113919
    .0112019
    .0115381
    .0119381
    .0122719
    .0125600
    .0126655
    .0125881
    .0124743
    .0124176
    .0121977
    .0115942
    .0106179
    .0088341
    .0065455
    .0045839
    .0031029
    .0015138
   -.0003166
   -.0026633
   -.0053249
   -.0074257
   -.0087083
   -.0101223
   -.0114561
   -.0130534
   -.0145983
   -.0154242
   -.0161361
   -.0165150
   -.0163793
   -.0159226
   -.0153414
   -.0147090
   -.0138802
   -.0127035
   -.0111025
   -.0093625
   -.0073752
   -.0051983
   -.0030118
   -.0009151
    .0010758
    .0029113
    .0044635
    .0051500
    .0058730
    .0069143
    .0079256
    .0086256
    .0092390
    .0097004
    .0098593
    .0097488
    .0095040
    .0092527
    .0089587
    .0085094
    .0079863
    .0073152
    .0062357
    .0046972
    .0033751
    .0029275
    .0025043
    .0019703
    .0014386
    .0007241
   -.0005643
   -.0012565
   -.0008481
   -.0009458
   -.0015322
   -.0019761
   -.0022520
   -.0023472
   -.0022490
   -.0016113
   -.0015794
   -.0016607
   -.0016319
   -.0019414
   -.0024215
   -.0027718
   -.0028021
   -.0030009
   -.0034359
   -.0048542
   -.0064094
   -.0070033
   -.0078242
   -.0086974
   -.0103334
   -.0121797
   -.0130698
   -.0134744
   -.0138982
   -.0148863
   -.0163975
   -.0167456
   -.0170859
   -.0179298
   -.0193937
   -.0212683
   -.0226749
   -.0235604
   -.0242151
   -.0249406
   -.0254860
   -.0263785
   -.0272457
   -.0278062
   -.0284673
   -.0290010
   -.0292487
   -.0293963
   -.0294371
   -.0295067
   -.0295341
   -.0295005
   -.0294118
   -.0293148
   -.0292258
   -.0291116
   -.0288865
   -.0285612
   -.0282946
   -.0283602
   -.0289400
   -.0296177
   -.0298661
   -.0292616
   -.0283556
   -.0275688
   -.0272646
   -.0278013
   -.0284052
   -.0288729
   -.0292845
   -.0292606
   -.0286602
   -.0278508
   -.0270023
   -.0265004
   -.0267755
   -.0271325
   -.0272090
   -.0270786
   -.0263769
   -.0256283
   -.0254604
   -.0256402
   -.0260579
   -.0269479
   -.0279330
   -.0280032
   -.0271252
   -.0259691
   -.0249032
   -.0239155
   -.0233689
   -.0235776
   -.0238085
   -.0231110
   -.0216661
   -.0205342
   -.0198748
   -.0192952
   -.0191188
   -.0195987
   -.0193989
   -.0179661
   -.0166695
   -.0157115
   -.0150819
   -.0148710
   -.0147964
   -.0145459
   -.0140745
   -.0134478
   -.0131087
   -.0128555
   -.0123353
   -.0117093
   -.0111565
   -.0103732
   -.0092942
   -.0082670
   -.0072466
   -.0064371
   -.0058950
   -.0053292
   -.0043691
   -.0029023
   -.0011589
    .0006246
    .0017981
    .0024251
    .0020873
    .0023402
    .0038546
    .0053320
    .0062316
    .0068179
    .0072307
    .0075750
    .0079972
    .0082565
    .0080115
    .0076859
    .0080634
    .0095120
    .0113673
    .0129393
    .0139364
    .0145272
    .0152660
    .0164437
    .0180209
    .0191767
    .0201745
    .0207132
    .0213696
    .0233978
    .0253306
    .0274371
    .0287994
    .0295718
    .0304141
    .0313256
    .0320748
    .0328120
    .0336358
    .0342310
    .0343175
    .0337340
    .0328911
    .0326739
    .0331208
    .0335882
    .0335127
    .0326940
    .0314039
    .0303800
    .0297682
    .0290814
    .0293159
    .0300875
    .0306206
    .0306108
    .0299574
    .0297770
    .0298084
    .0296474
    .0295720
    .0292024
    .0282793
    .0274138
    .0271737
    .0274054
    .0274087
    .0271195
    .0259670
    .0243120
    .0230079
    .0222418
    .0216119
    .0207927
    .0196136
    .0174943
    .0147707
    .0130055
    .0118170
    .0103057
    .0085307
    .0064123
    .0034283
    .0009190
   -.0008004
   -.0026633
   -.0050728
   -.0077256
   -.0100278
   -.0120620
   -.0139938
   -.0160656
   -.0179809
   -.0195667
   -.0204941
   -.0209091
   -.0210178
   -.0208539
   -.0210044
   -.0209793
   -.0202308
   -.0192066
   -.0180409
   -.0171100
   -.0165319
   -.0153261
   -.0132326
   -.0113080
   -.0095260
   -.0082795
   -.0076902
   -.0076463
   -.0074982
   -.0068004
   -.0059952
   -.0053905
   -.0054729
   -.0066409
   -.0078556
   -.0083592
   -.0088385
   -.0101624
   -.0121149
   -.0149280
   -.0169213
   -.0178066
   -.0187739
   -.0199238
   -.0217801
   -.0239461
   -.0260893
   -.0283216
   -.0301604
   -.0310396
   -.0316785
   -.0321673
   -.0327362
   -.0330922
   -.0332144
   -.0328451
   -.0317599
   -.0302574
   -.0288025
   -.0273000
   -.0257964
   -.0243716
   -.0233790
   -.0234619
   -.0229462
   -.0214141
   -.0200862
   -.0193970
   -.0192294
   -.0185351
   -.0172305
   -.0165179
   -.0158410
   -.0158802
   -.0158979
   -.0148861
   -.0135415
   -.0122505
   -.0113236
   -.0112938
   -.0110339
   -.0104692
   -.0099075
   -.0094638
   -.0092223
   -.0091813
   -.0091787
   -.0092166
   -.0097358
   -.0108448
   -.0122477
   -.0135610
   -.0144813
   -.0147615
   -.0146590
   -.0146789
   -.0150449
   -.0162170
   -.0177600
   -.0187788
   -.0192339
   -.0193594
   -.0194142
   -.0195227
   -.0196963
   -.0198118
   -.0199589
   -.0203762
   -.0210581
   -.0216788
   -.0219869
   -.0217538
   -.0214477
   -.0211835
   -.0220437
   -.0227147
   -.0224521
   -.0219007
   -.0216495
   -.0216647
   -.0216056
   -.0212499
   -.0205070
   -.0194740
   -.0184666
   -.0175448
   -.0172760
   -.0171801
   -.0164153
   -.0151542
   -.0139254
   -.0128639
   -.0119647
   -.0114069
   -.0111566
   -.0109938
   -.0106210
   -.0097293
   -.0087113
   -.0077008
   -.0071212
   -.0071044
   -.0068106
   -.0059168
   -.0052289
   -.0046105
   -.0046057
   -.0046225
   -.0030657
   -.0015980
   -.0007662
   -.0007064
   -.0000749
    .0005779
    .0014046
    .0021132
    .0026181
    .0032110
    .0045289
    .0062730
    .0079029
    .0094223
    .0102230
    .0108652
    .0121430
    .0137409
    .0151399
    .0165309
    .0175281
    .0182143
    .0192422
    .0199486
    .0204469
    .0211648
    .0217837
    .0220888
    .0222612
    .0225024
    .0224614
    .0219991
    .0215112
    .0210074
    .0201441
    .0193397
    .0187295
    .0188503
    .0192285
    .0195702
    .0195661
    .0189974
    .0183287
    .0176413
    .0174100
    .0174475
    .0176503
    .0174254
    .0168688
    .0161228
    .0158764
    .0159061
    .0158035
    .0154462
    .0149322
    .0138106
    .0122062
    .0109915
    .0105648
    .0104255
    .0101847
    .0097392
    .0083486
    .0066885
    .0049389
    .0030245
    .0015167
    .0006522
   -.0002897
   -.0013764
   -.0031693
   -.0053289
   -.0070910
   -.0081882
   -.0087347
   -.0094448
   -.0105603
   -.0119455
   -.0138953
   -.0164779
   -.0181830
   -.0188161
   -.0195021
   -.0200858
   -.0212146
   -.0222657
   -.0227690
   -.0227519
   -.0227465
   -.0232517
   -.0242244
   -.0246207
   -.0245501
   -.0244437
   -.0243915
   -.0243303
   -.0245076
   -.0249431
   -.0252349
   -.0252802
   -.0256696
   -.0261818
   -.0263893
   -.0264293
   -.0267568
   -.0269030
   -.0267958
   -.0265709
   -.0264984
   -.0268640
   -.0272210
   -.0277844
   -.0284215
   -.0289983
   -.0294822
   -.0298746
   -.0303734
   -.0313869
   -.0325593
   -.0334984
   -.0338988
   -.0340724
   -.0344064
   -.0348777
   -.0358473
   -.0368063
   -.0374306
   -.0376165
   -.0374352
   -.0370175
   -.0365980
   -.0360785
   -.0357637
   -.0359023
   -.0361326
   -.0359772
   -.0356444
   -.0350802
   -.0341418
   -.0329681
   -.0323612
   -.0323269
   -.0321321
   -.0312317
   -.0300838
   -.0291254
   -.0284693
   -.0285012
   -.0288812
   -.0290210
   -.0287505
   -.0282986
   -.0281680
   -.0280518
   -.0279077
   -.0278419
   -.0280343
   -.0285206
   -.0292970
   -.0301389
   -.0310033
   -.0317348
   -.0323964
   -.0328759
   -.0332637
   -.0333653
   -.0332467
   -.0328789
   -.0324119
   -.0320931
   -.0323412
   -.0327862
   -.0331588
   -.0332049
   -.0329235
   -.0321528
   -.0310652
   -.0298884
   -.0288099
   -.0281393
   -.0278408
   -.0274440
   -.0266193
   -.0252453
   -.0234110
   -.0212731
   -.0190181
   -.0169282
   -.0152906
   -.0140771
   -.0130671
   -.0120901
   -.0107151
   -.0086508
   -.0063290
   -.0043941
   -.0027953
   -.0015471
   -.0009141
   -.0003025
    .0009079
    .0021438
    .0027474
    .0032444
    .0032651
    .0031945
    .0033186
    .0034859
    .0033887
    .0032860
    .0032443
    .0031786
    .0030615
    .0028453
    .0026753
    .0024870
    .0023149
    .0021905
    .0021974
    .0023492
    .0026102
    .0029234
    .0031887
    .0034177
    .0037546
    .0042222
    .0047230
    .0049295
    .0052380
    .0056289
    .0062280
    .0070335
    .0079591
    .0086288
    .0093190
    .0100299
    .0107635
    .0113675
    .0117258
    .0118848
    .0125935
    .0136191
    .0146517
    .0145268
    .0148554
    .0155210
    .0157427
    .0157310
    .0151721
    .0145523
    .0144548
    .0149376
    .0152801
    .0155453
    .0153497
    .0149151
    .0143081
    .0135920
    .0128406
    .0123035
    .0118097
    .0110455
    .0102393
    .0092954
    .0080708
    .0068728
    .0063229
    .0067292
    .0071577
    .0074793
    .0075375
    .0071019
    .0065402
    .0063731
    .0066959
    .0073986
    .0078040
    .0081637
    .0079739
    .0076221
    .0074626
    .0076666
    .0079109
    .0083146
    .0083637
    .0082227
    .0079252
    .0076372
    .0072463
    .0069385
    .0064319
    .0060093
    .0052754
    .0048676
    .0042203
    .0036740
    .0026837
    .0011317
   -.0021408
   -.0019145
    .0003492
    .0002342
   -.0002803
   -.0004054
    .0006299
    .0018998
    .0035011
    .0048386
    .0060394
    .0065822
    .0067577
    .0066757
    .0067663
    .0070293
    .0076483
    .0082772
    .0089679
    .0091816
    .0093112
    .0087687
    .0082850
    .0080483
    .0071720
    .0058647
    .0042459
    .0027897
    .0014915
    .0000269
   -.0014196
   -.0029562
   -.0043669
   -.0057414
   -.0066631
   -.0070799
   -.0071066
   -.0071923
   -.0073253
   -.0073152
   -.0072249
   -.0070692
   -.0067606
   -.0063534
   -.0059526
   -.0056475
   -.0052386
   -.0045081
   -.0032054
   -.0022617
   -.0013806
   -.0008582
   -.0006786
   -.0003481
    .0002358
    .0009043
    .0016313
    .0022250
    .0026249
    .0028034
    .0028699
    .0028187
    .0026519
    .0023886
    .0020405
    .0016242
    .0010947
    .0002246
   -.0005815
   -.0010447
   -.0013711
   -.0018333
   -.0021568
   -.0024837
   -.0027634
   -.0030995
   -.0037538
   -.0044927
   -.0053954
   -.0062569
   -.0069222
   -.0075243
   -.0080238
   -.0084934
   -.0089576
   -.0093904
   -.0096907
   -.0099693
   -.0102805
   -.0107128
   -.0111166
   -.0113476
   -.0112297
   -.0110505
   -.0112974
   -.0114813
   -.0121644
   -.0129903
   -.0134881
   -.0138245
   -.0140600
   -.0144819
   -.0148256
   -.0151082
   -.0152420
   -.0155746
   -.0158790
   -.0162078
   -.0164364
   -.0167276
   -.0168952
   -.0171977
   -.0175233
   -.0179435
   -.0181454
   -.0183029
   -.0183222
   -.0185100
   -.0187734
   -.0190941
   -.0193469
   -.0197083
   -.0199849
   -.0203223
   -.0205305
   -.0207994
   -.0209357
   -.0211364
   -.0211887
   -.0212749
   -.0211806
   -.0213768
   -.0215204
   -.0217195
   -.0218257
   -.0219768
   -.0219308
   -.0218948
   -.0216480
   -.0214474
   -.0213615
   -.0213397
   -.0212115
   -.0211929
   -.0210747
   -.0210416
   -.0208628
   -.0206519
   -.0202543
   -.0200642
   -.0199818
   -.0199584
   -.0198154
   -.0197127
   -.0194438
   -.0191820
   -.0187822
   -.0185856
   -.0184383
   -.0183758
   -.0182030
   -.0180404
   -.0177392
   -.0175044
   -.0172223
   -.0170460
   -.0168338
   -.0166899
   -.0164446
   -.0162030
   -.0158344
   -.0155245
   -.0152111
   -.0150037
   -.0147432
   -.0145084
   -.0141953
   -.0138943
   -.0135204
   -.0131806
   -.0128032
   -.0124765
   -.0121220
   -.0118058
   -.0114618
   -.0111456
   -.0108091
   -.0104965
   -.0101739
   -.0098688
   -.0095584
   -.0092538
   -.0089488
   -.0086432
   -.0083446
   -.0080398
   -.0077505
   -.0074520
   -.0071720
   -.0068519
   -.0065442
   -.0062116
   -.0059108
   -.0055725
   -.0052868
   -.0049749
   -.0047165
   -.0044125
   -.0041648
   -.0038510
   -.0035877
   -.0032685
   -.0030343
   -.0027332
   -.0025114
   -.0022052
   -.0019802
   -.0016599
   -.0014273
   -.0010942
   -.0008676
   -.0005404
   -.0003284
    .0000003
    .0002156
    .0005547
    .0007672
    .0011023
    .0013001
    .0016327
    .0018274
    .0021666
    .0023590
    .0026985
    .0028863
    .0032282
    .0034104
    .0037530
    .0039316
    .0042782
    .0044536
    .0048006
    .0049695
    .0053190
    .0054845
    .0058361
    .0059968
    .0063498
    .0065053
    .0068573
    .0070048
    .0073536
    .0074940
    .0078413
    .0079778
    .0083239
    .0084561
    .0087987
    .0089259
    .0092621
    .0093848
    .0097127
    .0098322
    .0101492
    .0102671
    .0105693
    .0106886
    .0109701
    .0110943
    .0113450
    .0114796
    .0116837
    .0118389
    .0119679
    .0121612
    .0121548
    .0124134
    .0120566
    .0122466
    .0105620
    .0115022