    .302129E-03
    .300311E-03
    .307547E-03
    .311512E-03
    .314317E-03
    .321327E-03
    .322706E-03
    .326567E-03
    .323460E-03
    .322773E-03
    .327662E-03
    .324318E-03
    .314968E-03
    .309206E-03
    .292365E-03
    .279849E-03
    .269780E-03
    .262339E-03
    .277548E-03
    .292783E-03
    .339046E-03
    .369982E-03
    .414712E-03
    .432013E-03
    .267152E-03
    .226245E-03
    .273927E-03
    .208479E-03
    .219631E-03
    .220680E-03
    .186934E-03
    .192255E-03
    .187363E-03
    .183025E-03
    .179252E-03
    .174801E-03
    .171750E-03
    .167250E-03
    .163482E-03
    .159753E-03
    .155137E-03
    .151429E-03
    .146744E-03
    .143075E-03
    .138337E-03
    .134722E-03
    .131117E-03
    .126371E-03
    .122812E-03
    .119346E-03
    .115897E-03
    .111143E-03
    .109256E-03
    .953805E-04
    .118820E-03
    .636545E-04
   -.783540E-04
   -.217258E-03
   -.573351E-03
   -.762367E-03
   -.101215E-02
   -.102086E-02
   -.485008E-03
   -.470287E-04
    .119102E-02
    .199301E-02
    .252511E-02
    .313221E-02
    .252028E-02
    .246704E-02
    .218303E-02
    .175985E-02
    .205675E-02
    .187190E-02
    .183732E-02
    .186021E-02
    .189830E-02
    .177403E-02
    .113391E-02
    .821708E-03
    .162268E-03
   -.216882E-03
    .143881E-03
    .122084E-03
    .529085E-03
    .945731E-03
    .130857E-02
    .173518E-02
    .193850E-02
    .211141E-02
    .194727E-02
    .177102E-02
    .131372E-02
    .871412E-03
    .389184E-03
   -.768621E-04
   -.243800E-03
   -.520392E-03
   -.518303E-03
   -.558056E-03
   -.639913E-03
   -.614832E-03
   -.665928E-03
   -.503403E-03
   -.849061E-03
   -.447673E-03
    .208518E-02
    .280400E-02
    .226236E-02
    .302151E-02
    .289857E-02
    .312589E-02
    .265386E-02
    .379713E-02
    .859390E-02
    .107966E-01
    .159536E-01
    .182069E-01
    .130647E-01
    .125793E-01
    .987778E-02
    .636648E-02
    .658646E-02
    .366240E-02
   -.573203E-03
   -.261414E-02
   -.449105E-02
   -.629880E-02
   -.588495E-02
   -.636681E-02
   -.682737E-02
   -.657281E-02
   -.684041E-02
   -.670643E-02
   -.667896E-02
   -.666537E-02
   -.667988E-02
   -.614498E-02
   -.742982E-02
   -.538465E-02
    .241878E-02
    .637784E-02
    .136903E-01
    .187228E-01
    .166600E-01
    .185037E-01
    .178636E-01
    .159926E-01
    .139360E-01
    .111367E-01
    .111630E-01
    .818046E-02
    .199599E-03
   -.245570E-02
   -.114845E-02
   -.335314E-02
   -.331495E-02
   -.285723E-02
   -.433236E-02
   -.307450E-02
   -.106689E-02
    .144983E-02
    .730593E-02
    .116792E-01
    .171307E-01
    .217564E-01
    .232892E-01
    .260343E-01
    .254503E-01
    .262100E-01
    .287920E-01
    .289243E-01
    .315674E-01
    .312105E-01
    .270919E-01
    .243784E-01
    .166579E-01
    .123174E-01
    .858562E-02
    .606063E-02
    .158746E-01
    .172058E-01
    .141637E-01
    .170720E-01
    .160292E-01
    .152153E-01
    .175336E-01
    .148549E-01
    .646647E-02
    .233338E-02
   -.571051E-02
   -.104345E-01
   -.664714E-02
   -.741700E-02
   -.414931E-02
   -.548742E-03
    .204236E-02
    .543885E-02
    .666469E-02
    .810375E-02
    .704139E-02
    .636314E-02
    .460025E-02
    .396809E-02
    .851554E-03
    .350346E-02
    .182911E-01
    .251809E-01
    .381589E-01
    .472949E-01
    .422460E-01
    .461361E-01
    .468407E-01
    .449514E-01
    .466418E-01
    .446744E-01
    .423003E-01
    .400918E-01
    .355107E-01
    .326354E-01
    .305506E-01
    .283746E-01
    .289484E-01
    .286070E-01
    .293440E-01
    .300416E-01
    .297671E-01
    .301395E-01
    .293885E-01
    .290110E-01
    .286635E-01
    .280149E-01
    .276340E-01
    .266073E-01
    .271632E-01
    .249734E-01
    .181700E-01
    .142374E-01
    .878020E-02
    .312338E-02
    .720633E-03
   -.441949E-02
   -.104126E-01
   -.147041E-01
   -.212057E-01
   -.248486E-01
   -.234149E-01
   -.258809E-01
   -.241371E-01
   -.268489E-01
   -.401855E-01
   -.456311E-01
   -.578008E-01
   -.637194E-01
   -.551250E-01
   -.543958E-01
   -.449542E-01
   -.375849E-01
   -.356119E-01
   -.297945E-01
   -.305192E-01
   -.289119E-01
   -.277712E-01
   -.274857E-01
   -.243303E-01
   -.235384E-01
   -.207234E-01
   -.195718E-01
   -.262965E-01
   -.245611E-01
   -.184348E-01
   -.140691E-01
    .777031E-04
    .102351E-01
    .222377E-01
    .314479E-01
    .384876E-01
    .386218E-01
    .164712E-01
    .657086E-02
   -.122263E-01
   -.258543E-01
   -.160649E-01
   -.202875E-01
   -.159615E-01
   -.109798E-01
   -.110905E-01
   -.861806E-02
   -.125484E-01
   -.162683E-01
   -.222765E-01
   -.313043E-01
   -.489502E-01
   -.589098E-01
   -.665933E-01
   -.727149E-01
   -.608993E-01
   -.572301E-01
   -.558884E-01
   -.448807E-01
   -.312881E-01
   -.197449E-01
   -.433737E-02
    .567204E-02
    .135148E-01
    .146552E-01
   -.689607E-02
   -.164551E-01
   -.340115E-01
   -.482725E-01
   -.408504E-01
   -.467618E-01
   -.493437E-01
   -.452996E-01
   -.435744E-01
   -.370487E-01
   -.244922E-01
   -.151220E-01
   -.343269E-02
    .499901E-02
    .117180E-01
    .122312E-01
   -.711441E-02
   -.157580E-01
   -.316969E-01
   -.439450E-01
   -.386083E-01
   -.417514E-01
   -.369197E-01
   -.294315E-01
   -.173568E-01
   -.800261E-02
   -.255846E-02
    .346200E-02
   -.279517E-03
   -.144884E-02
   -.640099E-02
   -.122027E-01
   -.173628E-01
   -.226130E-01
   -.248852E-01
   -.266126E-01
   -.239697E-01
   -.213127E-01
   -.152234E-01
   -.954937E-02
   -.344198E-02
    .121535E-02
    .540069E-02
    .517134E-02
   -.757112E-02
   -.143581E-01
   -.224851E-01
   -.347901E-01
   -.452779E-01
   -.556693E-01
   -.714826E-01
   -.771065E-01
   -.649987E-01
   -.638226E-01
   -.563772E-01
   -.489665E-01
   -.527547E-01
   -.487412E-01
   -.471938E-01
   -.471306E-01
   -.452543E-01
   -.441907E-01
   -.453153E-01
   -.418460E-01
   -.305352E-01
   -.249938E-01
   -.137795E-01
   -.829498E-02
   -.154703E-01
   -.159904E-01
   -.248508E-01
   -.312782E-01
   -.326397E-01
   -.379792E-01
   -.352956E-01
   -.375795E-01
   -.446375E-01
   -.459363E-01
   -.535078E-01
   -.534936E-01
   -.430175E-01
   -.369994E-01
   -.186769E-01
   -.717468E-02
   -.946139E-03
    .715699E-02
    .193714E-02
    .106649E-02
   -.476096E-02
   -.979513E-02
   -.126984E-01
   -.139652E-01
   -.208029E-02
    .114105E-02
    .137149E-01
    .155533E-01
   -.927440E-02
   -.154279E-01
   -.357086E-01
   -.462472E-01
   -.253322E-01
   -.256486E-01
   -.144934E-01
   -.618084E-02
   -.169334E-01
   -.159867E-01
   -.249048E-01
   -.307576E-01
   -.339358E-01
   -.351236E-01
   -.236267E-01
   -.153021E-01
    .665051E-02
    .197303E-01
    .298102E-01
    .361201E-01
    .146041E-01
    .775931E-02
   -.691735E-02
   -.207781E-01
   -.118781E-01
   -.201912E-01
   -.277451E-01
   -.315366E-01
   -.480409E-01
   -.546772E-01
   -.596693E-01
   -.637794E-01
   -.559973E-01
   -.518976E-01
   -.404224E-01
   -.322071E-01
   -.266214E-01
   -.224346E-01
   -.336426E-01
   -.365715E-01
   -.446766E-01
   -.502548E-01
   -.430406E-01
   -.427099E-01
   -.360849E-01
   -.294845E-01
   -.238912E-01
   -.177543E-01
   -.143188E-01
   -.124137E-01
   -.152987E-01
   -.191859E-01
   -.285457E-01
   -.376626E-01
   -.492152E-01
   -.601127E-01
   -.692383E-01
   -.777915E-01
   -.792518E-01
   -.840324E-01
   -.863936E-01
   -.886469E-01
   -.965418E-01
   -.100173E+00
   -.987054E-01
   -.105195E+00
   -.119491E+00
   -.127081E+00
   -.141391E+00
   -.149949E+00
   -.143981E+00
   -.147338E+00
   -.148441E+00
   -.145852E+00
   -.146385E+00
   -.143903E+00
   -.140583E+00
   -.137687E+00
   -.133922E+00
   -.130215E+00
   -.126503E+00
   -.123174E+00
   -.119569E+00
   -.117628E+00
   -.119563E+00
   -.119053E+00
   -.120799E+00
   -.120496E+00
   -.114906E+00
   -.112165E+00
   -.106007E+00
   -.100915E+00
   -.977263E-01
   -.934598E-01
   -.921147E-01
   -.900020E-01
   -.886602E-01
   -.877260E-01
   -.865005E-01
   -.856318E-01
   -.834869E-01
   -.825283E-01
   -.825487E-01
   -.814934E-01
   -.817595E-01
   -.804636E-01
   -.768387E-01
   -.741328E-01
   -.694963E-01
   -.652739E-01
   -.610224E-01
   -.564776E-01
   -.545097E-01
   -.505157E-01
   -.436371E-01
   -.402841E-01
   -.392110E-01
   -.361998E-01
   -.344921E-01
   -.331385E-01
   -.304317E-01
   -.298337E-01
   -.300420E-01
   -.307296E-01
   -.344465E-01
   -.367319E-01
   -.399846E-01
   -.427777E-01
   -.417596E-01
   -.431625E-01
   -.465257E-01
   -.459568E-01
   -.428115E-01
   -.409142E-01
   -.365604E-01
   -.325361E-01
   -.288703E-01
   -.248152E-01
   -.224690E-01
   -.193761E-01
   -.172842E-01
   -.147956E-01
   -.115170E-01
   -.920745E-02
   -.644578E-02
   -.239387E-02
   -.427191E-02
    .239387E-02
    .267750E-01
    .379742E-01
    .394827E-01
    .574513E-01
    .775294E-01
    .985548E-01
    .131566E+00
    .162928E+00
    .199155E+00
    .237262E+00
    .276116E+00
    .314743E+00
    .351276E+00
    .385653E+00
    .415140E+00
    .440659E+00
    .459081E+00
    .473724E+00
    .475578E+00
    .480446E+00
    .485979E+00
    .486196E+00
    .486219E+00
    .488492E+00
    .497966E+00
    .502391E+00
    .511157E+00
    .515256E+00
    .515147E+00
    .512356E+00
    .493183E+00
    .479829E+00
    .469812E+00
    .447558E+00
    .417546E+00
    .392931E+00
    .361993E+00
    .337325E+00
    .325034E+00
    .309257E+00
    .306509E+00
    .302027E+00
    .298415E+00
    .298689E+00
    .296647E+00
    .296180E+00
    .292984E+00
    .291104E+00
    .287898E+00
    .285222E+00
    .284279E+00
    .281872E+00
    .280424E+00
    .278456E+00
    .274655E+00
    .272309E+00
    .270307E+00
    .267477E+00
    .265667E+00
    .262798E+00
    .258152E+00
    .255052E+00
    .250080E+00
    .247986E+00
    .248243E+00
    .249970E+00
    .258685E+00
    .265606E+00
    .276367E+00
    .285687E+00
    .293133E+00
    .299902E+00
    .298678E+00
    .299747E+00
    .301067E+00
    .295970E+00
    .286596E+00
    .277427E+00
    .261108E+00
    .248442E+00
    .241535E+00
    .228655E+00
    .221453E+00
    .209237E+00
    .189944E+00
    .173869E+00
    .151367E+00
    .130459E+00
    .109387E+00
    .893075E-01
    .729233E-01
    .568379E-01
    .524638E-01
    .410171E-01
    .187161E-01
    .959827E-02
    .747401E-02
   -.250112E-02
   -.120545E-01
   -.186854E-01
   -.298537E-01
   -.359174E-01
   -.412536E-01
   -.420115E-01
   -.344008E-01
   -.254396E-01
   -.325324E-02
    .140797E-01
    .347808E-01
    .521792E-01
    .578997E-01
    .654516E-01
    .599269E-01
    .550204E-01
    .461115E-01
    .339574E-01
    .217835E-01
    .876685E-02
   -.226985E-02
   -.133007E-01
   -.159824E-01
   -.256678E-01
   -.357069E-01
   -.479585E-01
   -.746179E-01
   -.929206E-01
   -.116500E+00
   -.136352E+00
   -.141441E+00
   -.155350E+00
   -.160658E+00
   -.169467E+00
   -.189519E+00
   -.200296E+00
   -.217140E+00
   -.228006E+00
   -.234647E+00
   -.236110E+00
   -.214928E+00
   -.204749E+00
   -.188582E+00
   -.172709E+00
   -.173926E+00
   -.164489E+00
   -.157760E+00
   -.154882E+00
   -.154064E+00
   -.149813E+00
   -.142588E+00
   -.134590E+00
   -.116008E+00
   -.102718E+00
   -.862886E-01
   -.723626E-01
   -.676673E-01
   -.595786E-01
   -.606746E-01
   -.586740E-01
   -.540783E-01
   -.530398E-01
   -.461241E-01
   -.439142E-01
   -.409338E-01
   -.409543E-01
   -.500295E-01
   -.569167E-01
   -.638254E-01
   -.791592E-01
   -.105452E+00
   -.125296E+00
   -.151156E+00
   -.172168E+00
   -.177424E+00
   -.190157E+00
   -.198924E+00
   -.201763E+00
   -.196101E+00
   -.196555E+00
   -.201469E+00
   -.203066E+00
   -.214721E+00
   -.221746E+00
   -.230526E+00
   -.237971E+00
   -.240119E+00
   -.241794E+00
   -.235133E+00
   -.229851E+00
   -.219325E+00
   -.210056E+00
   -.206921E+00
   -.197178E+00
   -.190759E+00
   -.180705E+00
   -.161629E+00
   -.148758E+00
   -.131746E+00
   -.116975E+00
   -.113714E+00
   -.103485E+00
   -.859642E-01
   -.818055E-01
   -.929474E-01
   -.917344E-01
   -.885696E-01
   -.922537E-01
   -.885149E-01
   -.898966E-01
   -.968792E-01
   -.100334E+00
   -.102794E+00
   -.109479E+00
   -.126721E+00
   -.133027E+00
   -.128518E+00
   -.132450E+00
   -.132300E+00
   -.129107E+00
   -.126875E+00
   -.121917E+00
   -.112769E+00
   -.107164E+00
   -.103248E+00
   -.990766E-01
   -.100493E+00
   -.100490E+00
   -.102724E+00
   -.105389E+00
   -.107709E+00
   -.110247E+00
   -.110292E+00
   -.111616E+00
   -.111552E+00
   -.111728E+00
   -.113338E+00
   -.113792E+00
   -.112620E+00
   -.114229E+00
   -.119272E+00
   -.121611E+00
   -.126527E+00
   -.129282E+00
   -.126346E+00
   -.127121E+00
   -.126063E+00
   -.124928E+00
   -.126668E+00
   -.126216E+00
   -.126826E+00
   -.127279E+00
   -.124232E+00
   -.125542E+00
   -.128563E+00
   -.132322E+00
   -.143303E+00
   -.150767E+00
   -.160323E+00
   -.168860E+00
   -.168400E+00
   -.175530E+00
   -.182005E+00
   -.188783E+00
   -.208319E+00
   -.217339E+00
   -.221692E+00
   -.229360E+00
   -.226211E+00
   -.227572E+00
   -.231403E+00
   -.228510E+00
   -.231154E+00
   -.226857E+00
   -.202349E+00
   -.195631E+00
   -.202570E+00
   -.195853E+00
   -.194659E+00
   -.195430E+00
   -.194030E+00
   -.194186E+00
   -.193277E+00
   -.192189E+00
   -.188966E+00
   -.186734E+00
   -.184237E+00
   -.181567E+00
   -.179985E+00
   -.177963E+00
   -.177306E+00
   -.175624E+00
   -.174020E+00
   -.171391E+00
   -.166708E+00
   -.161725E+00
   -.153765E+00
   -.146267E+00
   -.137385E+00
   -.128952E+00
   -.121426E+00
   -.114220E+00
   -.110573E+00
   -.105531E+00
   -.101262E+00
   -.982390E-01
   -.929177E-01
   -.914664E-01
   -.934256E-01
   -.943480E-01
   -.100634E+00
   -.103424E+00
   -.104756E+00
   -.105606E+00
   -.984552E-01
   -.938117E-01
   -.893711E-01
   -.795991E-01
   -.651596E-01
   -.534074E-01
   -.387326E-01
   -.267571E-01
   -.221508E-01
   -.140791E-01
   -.115012E-01
   -.794630E-02
   -.133840E-02
    .150365E-02
    .331086E-02
    .743013E-02
    .139498E-01
    .181928E-01
    .249670E-01
    .292940E-01
    .281117E-01
    .303126E-01
    .311500E-01
    .317589E-01
    .310581E-01
    .339499E-01
    .450027E-01
    .506082E-01
    .606353E-01
    .675659E-01
    .643461E-01
    .675160E-01
    .684148E-01
    .672149E-01
    .693161E-01
    .672161E-01
    .641785E-01
    .598650E-01
    .505915E-01
    .426843E-01
    .319859E-01
    .223787E-01
    .140152E-01
    .696362E-02
    .307753E-02
    .231647E-02
    .816687E-02
    .152582E-01
    .306499E-01
    .436445E-01
    .583069E-01
    .717443E-01
    .749880E-01
    .844974E-01
    .882923E-01
    .953490E-01
    .110636E+00
    .120813E+00
    .137024E+00
    .150388E+00
    .161907E+00
    .172517E+00
    .175134E+00
    .179860E+00
    .179483E+00
    .179558E+00
    .182239E+00
    .181528E+00
    .182921E+00
    .182259E+00
    .182478E+00
    .179504E+00
    .169102E+00
    .162576E+00
    .155062E+00
    .144600E+00
    .137768E+00
    .126346E+00
    .105979E+00
    .938592E-01
    .874591E-01
    .744130E-01
    .690094E-01
    .565431E-01
    .328917E-01
    .155417E-01
   -.104062E-01
   -.323273E-01
   -.513647E-01
   -.692545E-01
   -.738793E-01
   -.834363E-01
   -.891011E-01
   -.915866E-01
   -.994869E-01
   -.993108E-01
   -.931636E-01
   -.892498E-01
   -.840061E-01
   -.740699E-01
   -.587810E-01
   -.462448E-01
   -.306864E-01
   -.178023E-01
   -.134973E-01
   -.463663E-02
    .455129E-03
    .438803E-02
    .112691E-01
    .134209E-01
    .125336E-01
    .131895E-01
    .117671E-01
    .104343E-01
    .110518E-01
    .955505E-02
    .882394E-02
    .729884E-02
    .348191E-02
    .112965E-02
   -.226349E-02
   -.438548E-02
   -.598388E-02
   -.553989E-02
    .145698E-02
    .490870E-02
    .107467E-01
    .155353E-01
    .138975E-01
    .163193E-01
    .173218E-01
    .172557E-01
    .184949E-01
    .187755E-01
    .187095E-01
    .196812E-01
    .222687E-01
    .240689E-01
    .255536E-01
    .290444E-01
    .322695E-01
    .378187E-01
    .488121E-01
    .566468E-01
    .667190E-01
    .755649E-01
    .762702E-01
    .842863E-01
    .923457E-01
    .100563E+00
    .121460E+00
    .131973E+00
    .138063E+00
    .146781E+00
    .143599E+00
    .145107E+00
    .147048E+00
    .145254E+00
    .146357E+00
    .145495E+00
    .144860E+00
    .144118E+00
    .143050E+00
    .141537E+00
    .139033E+00
    .136673E+00
    .133047E+00
    .130162E+00
    .128003E+00
    .125500E+00
    .124135E+00
    .122768E+00
    .121693E+00
    .121312E+00
    .121684E+00
    .121990E+00
    .122848E+00
    .123490E+00
    .123889E+00
    .123905E+00
    .123679E+00
    .121951E+00
    .117809E+00
    .113956E+00
    .106458E+00
    .101204E+00
    .979675E-01
    .935591E-01
    .931118E-01
    .906424E-01
    .902824E-01
    .867433E-01
    .782260E-01
    .708953E-01
    .537637E-01
    .431923E-01
    .376121E-01
    .284235E-01
    .283257E-01
    .242689E-01
    .180257E-01
    .157405E-01
    .106691E-01
    .784256E-02
    .631422E-02
    .497495E-02
    .722696E-02
    .786303E-02
    .966048E-02
    .105921E-01
    .830541E-02
    .726449E-02
    .347044E-02
    .352872E-03
   -.298948E-02
   -.614639E-02
   -.708467E-02
   -.887885E-02
   -.834606E-02
   -.905114E-02
   -.105192E-01
   -.117375E-01
   -.153962E-01
   -.181497E-01
   -.221210E-01
   -.256965E-01
   -.288056E-01
   -.305590E-01
   -.338498E-01
   -.310520E-01
   -.159613E-01
   -.819960E-02
    .463191E-02
    .155375E-01
    .130301E-01
    .204470E-01
    .280580E-01
    .322940E-01
    .415178E-01
    .473711E-01
    .528525E-01
    .578492E-01
    .592697E-01
    .613543E-01
    .608882E-01
    .602276E-01
    .611658E-01
    .585064E-01
    .548927E-01
    .500297E-01
    .399778E-01
    .324281E-01
    .231701E-01
    .157035E-01
    .118342E-01
    .903046E-02
    .133198E-01
    .164609E-01
    .251550E-01
    .317605E-01
    .334339E-01
    .392915E-01
    .419274E-01
    .448448E-01
    .489670E-01
    .509904E-01
    .520296E-01
    .533947E-01
    .552098E-01
    .552082E-01
    .534623E-01
    .523630E-01
    .496816E-01
    .476957E-01
    .461533E-01
    .450682E-01
    .464111E-01
    .471532E-01
    .504344E-01
    .525623E-01
    .524531E-01
    .548421E-01
    .561635E-01
    .582281E-01
    .639191E-01
    .662866E-01
    .677104E-01
    .693531E-01
    .671591E-01
    .661883E-01
    .643767E-01
    .619093E-01
    .599837E-01
    .573715E-01
    .567142E-01
    .541180E-01
    .484783E-01
    .454689E-01
    .440802E-01
    .401714E-01
    .354768E-01
    .318948E-01
    .268688E-01
    .235151E-01
    .210396E-01
    .198097E-01
    .238649E-01
    .249079E-01
    .288087E-01
    .298262E-01
    .239815E-01
    .202599E-01
    .134347E-01
    .382230E-02
   -.139916E-01
   -.252335E-01
   -.316207E-01
   -.409298E-01
   -.398359E-01
   -.433924E-01
   -.485879E-01
   -.502743E-01
   -.554967E-01
   -.589057E-01
   -.626617E-01
   -.662247E-01
   -.689237E-01
   -.708687E-01
   -.723163E-01
   -.711786E-01
   -.661781E-01
   -.614921E-01
   -.509391E-01
   -.438485E-01
   -.405051E-01
   -.343353E-01
   -.328600E-01
   -.302092E-01
   -.266892E-01
   -.256063E-01
   -.252642E-01
   -.246616E-01
   -.243298E-01
   -.236965E-01
   -.246035E-01
   -.230919E-01
   -.127960E-01
   -.110001E-01
   -.148471E-01
   -.143430E-01
   -.200074E-01
   -.241308E-01
   -.278103E-01
   -.322174E-01
   -.334146E-01
   -.355944E-01
   -.351465E-01
   -.356991E-01
   -.347060E-01
   -.364822E-01
   -.426039E-01
   -.477637E-01
   -.615680E-01
   -.694798E-01
   -.734072E-01
   -.796492E-01
   -.772393E-01
   -.780394E-01
   -.787866E-01
   -.769827E-01
   -.770173E-01
   -.757364E-01
   -.747218E-01
   -.737333E-01
   -.727117E-01
   -.717275E-01
   -.707403E-01
   -.697703E-01
   -.688170E-01
   -.677793E-01
   -.670840E-01
   -.656710E-01
   -.637669E-01
   -.616277E-01
   -.578929E-01
   -.549258E-01
   -.514449E-01
   -.484571E-01
   -.467797E-01
   -.449809E-01
   -.448130E-01
   -.445399E-01
   -.449566E-01
   -.455229E-01
   -.460672E-01
   -.463346E-01
   -.467666E-01
   -.453398E-01
   -.421199E-01
   -.375268E-01
   -.286119E-01
   -.200228E-01
   -.856042E-02
    .268558E-02
    .139512E-01
    .246364E-01
    .331179E-01
    .404598E-01
    .434235E-01
    .462315E-01
    .453666E-01
    .444356E-01
    .429914E-01
    .410218E-01
    .394878E-01
    .393559E-01
    .422347E-01
    .455301E-01
    .540097E-01
    .604331E-01
    .681689E-01
    .752177E-01
    .757468E-01
    .807864E-01
    .860797E-01
    .890993E-01
    .945288E-01
    .979915E-01
    .976838E-01
    .101045E+00
    .106922E+00
    .110003E+00
    .115576E+00
    .119044E+00
    .119248E+00
    .120528E+00
    .119082E+00
    .117152E+00
    .114575E+00
    .110889E+00
    .105641E+00
    .101333E+00
    .988116E-01
    .946946E-01
    .915177E-01
    .877972E-01
    .857411E-01
    .796527E-01
    .712226E-01
    .600284E-01
    .371945E-01
    .203799E-01
   -.577957E-03
   -.184651E-01
   -.235526E-01
   -.352468E-01
   -.411680E-01
   -.463231E-01
   -.531932E-01
   -.578331E-01
   -.652474E-01
   -.707371E-01
   -.775267E-01
   -.833236E-01
   -.840939E-01
   -.896392E-01
   -.989537E-01
   -.104404E+00
   -.113248E+00
   -.119189E+00
   -.120458E+00
   -.123366E+00
   -.121965E+00
   -.120733E+00
   -.119520E+00
   -.116249E+00
   -.112628E+00
   -.108927E+00
   -.105011E+00
   -.100913E+00
   -.100284E+00
   -.948125E-01
   -.875077E-01
   -.784564E-01
   -.594562E-01
   -.456391E-01
   -.284689E-01
   -.134580E-01
   -.963006E-02
    .464735E-03
    .970316E-02
    .141872E-01
    .165619E-01
    .191487E-01
    .216924E-01
    .221346E-01
    .231957E-01
    .205486E-01
    .195392E-01
    .134343E-01
   -.160294E-01
   -.237576E-01
   -.110288E-01
   -.151866E-01
   -.109424E-01
   -.258648E-02
    .473994E-02
    .142591E-01
    .255700E-01
    .336472E-01
    .357246E-01
    .398940E-01
    .386179E-01
    .377511E-01
    .366208E-01
    .348403E-01
    .327409E-01
    .326779E-01
    .423988E-01
    .442206E-01
    .411532E-01
    .435174E-01
    .422829E-01
    .414040E-01
    .418449E-01
    .411810E-01
    .394594E-01
    .408027E-01
    .443020E-01
    .488612E-01
    .602638E-01
    .684742E-01
    .788625E-01
    .871452E-01
    .900782E-01
    .929226E-01
    .887298E-01
    .839631E-01
    .751057E-01
    .645779E-01
    .522213E-01
    .392378E-01
    .263969E-01
    .142046E-01
    .442453E-02
   -.454520E-02
   -.748667E-02
   -.127870E-01
   -.170074E-01
   -.209202E-01
   -.305598E-01
   -.323188E-01
   -.409721E-01
   -.382938E-01
    .271985E-02
    .115196E-01
    .310790E-03
    .102926E-01
    .398444E-02
    .509776E-03
    .365725E-02
    .324575E-04
    .360477E-03
   -.670523E-03
   -.243101E-03
   -.232677E-02
   -.813810E-02
   -.130459E-01
   -.254598E-01
   -.324446E-01
   -.371299E-01
   -.414455E-01
   -.366912E-01
   -.338379E-01
   -.257467E-01
   -.178923E-01
   -.100341E-01
   -.194527E-02
   -.567964E-03
    .542750E-02
    .119007E-01
    .152614E-01
    .227763E-01
    .258141E-01
    .221578E-01
    .178717E-01
    .266159E-01
    .111485E-01
   -.589682E-01
   -.833595E-01
   -.824563E-01
   -.110303E+00
   -.120370E+00
   -.127392E+00
   -.132388E+00
   -.133216E+00
   -.136695E+00
   -.132105E+00
   -.124886E+00
   -.114559E+00
   -.929709E-01
   -.764287E-01
   -.566390E-01
   -.405530E-01
   -.320689E-01
   -.247281E-01
   -.387928E-01
   -.412499E-01
   -.370388E-01
   -.434000E-01
   -.418525E-01
   -.447888E-01
   -.507305E-01
   -.551685E-01
   -.672233E-01
   -.734047E-01
   -.776677E-01
   -.815916E-01
   -.750066E-01
   -.729258E-01
   -.705665E-01
   -.640589E-01
   -.599870E-01
   -.526020E-01
   -.390346E-01
   -.322882E-01
   -.249332E-01
   -.207411E-01
   -.374651E-01
   -.380570E-01
   -.293062E-01
   -.305318E-01
   -.203349E-01
   -.148529E-01
   -.136060E-01
   -.868866E-02
   -.934923E-02
   -.815736E-02
   -.694898E-02
   -.722994E-02
   -.641365E-02
   -.650938E-02
   -.601384E-02
   -.646911E-02
   -.746099E-02
   -.910989E-02
   -.127880E-01
   -.161696E-01
   -.209514E-01
   -.255798E-01
   -.302235E-01
   -.346234E-01
   -.379977E-01
   -.409129E-01
   -.417073E-01
   -.426897E-01
   -.422534E-01
   -.417517E-01
   -.416135E-01
   -.406942E-01
   -.402387E-01
   -.393695E-01
   -.390149E-01
   -.376755E-01
   -.356241E-01
   -.332396E-01
   -.286170E-01
   -.250507E-01
   -.207879E-01
   -.171350E-01
   -.155724E-01
   -.133011E-01
   -.129550E-01
   -.122735E-01
   -.113796E-01
   -.112538E-01
   -.106625E-01
   -.103918E-01
   -.100718E-01
   -.973440E-02
   -.942000E-02
   -.909810E-02
   -.877871E-02
   -.846195E-02
   -.814793E-02
   -.783657E-02
   -.752771E-02
   -.722150E-02
   -.692800E-02
   -.661681E-02
   -.632830E-02
   -.604242E-02
   -.580902E-02
   -.510202E-02
   -.591403E-02
   -.397843E-02
    .260190E-02
    .589840E-02
    .120745E-01
    .158781E-01
    .132081E-01
    .143454E-01
    .128852E-01
    .112630E-01
    .115006E-01
    .102578E-01
    .105026E-01
    .106294E-01
    .969202E-02
    .107484E-01
    .155132E-01
    .172356E-01
    .167336E-01
    .190638E-01
    .207686E-01
    .223922E-01
    .254278E-01
    .275980E-01
    .299607E-01
    .322356E-01
    .339308E-01
    .353955E-01
    .357349E-01
    .369574E-01
    .348951E-01
    .374558E-01
    .479837E-01
    .528672E-01
    .618950E-01
    .687414E-01
    .663237E-01
    .705473E-01
    .747398E-01
    .761320E-01
    .804635E-01
    .821185E-01
    .827160E-01
    .827251E-01
    .797917E-01
    .767798E-01
    .709561E-01
    .658000E-01
    .601882E-01
    .550925E-01
    .527322E-01
    .497331E-01
    .494367E-01
    .489427E-01
    .487490E-01
    .496145E-01
    .503118E-01
    .515313E-01
    .528703E-01
    .542565E-01
    .556482E-01
    .569032E-01
    .579935E-01
    .589312E-01
    .595148E-01
    .591433E-01
    .603638E-01
    .581142E-01
    .475628E-01
    .429229E-01
    .426411E-01
    .354496E-01
    .282444E-01
    .207321E-01
    .886084E-02
   -.188051E-02
   -.141364E-01
   -.267110E-01
   -.390588E-01
   -.509633E-01
   -.615027E-01
   -.709236E-01
   -.779890E-01
   -.835481E-01
   -.856692E-01
   -.870039E-01
   -.855641E-01
   -.834825E-01
   -.807087E-01
   -.771898E-01
   -.740236E-01
   -.704218E-01
   -.693138E-01
   -.662217E-01
   -.602043E-01
   -.576946E-01
   -.575551E-01
   -.550130E-01
   -.552183E-01
   -.524974E-01
   -.474389E-01
   -.409664E-01
   -.279219E-01
   -.157473E-01
    .821659E-03
    .169768E-01
    .331249E-01
    .484165E-01
    .604580E-01
    .716786E-01
    .740052E-01
    .800893E-01
    .904389E-01
    .925375E-01
    .915610E-01
    .915581E-01
    .883238E-01
    .837510E-01
    .769744E-01
    .704518E-01
    .630870E-01
    .566288E-01
    .542403E-01
    .497104E-01
    .468652E-01
    .445756E-01
    .410204E-01
    .393971E-01
    .390351E-01
    .379145E-01
    .372324E-01
    .365148E-01
    .366755E-01
    .344835E-01
    .297029E-01
    .252745E-01
    .149285E-01
    .793248E-02
    .627729E-02
   -.162158E-02
   -.112605E-01
   -.179123E-01
   -.283721E-01
   -.349898E-01
   -.346461E-01
   -.381683E-01
   -.416177E-01
   -.404666E-01
   -.371660E-01
   -.336810E-01
   -.251362E-01
   -.196694E-01
   -.169181E-01
   -.124692E-01
   -.130746E-01
   -.118697E-01
   -.106786E-01
   -.109768E-01
   -.102179E-01
   -.102288E-01
   -.100856E-01
   -.992362E-02
   -.977310E-02
   -.979579E-02
   -.927978E-02
   -.967484E-02
   -.116712E-01
   -.128779E-01
   -.140573E-01
   -.158385E-01
   -.201146E-01
   -.208853E-01
   -.179766E-01
   -.165716E-01
   -.111011E-01
   -.670632E-02
   -.212198E-02
    .238002E-02
    .388646E-02
    .648455E-02
    .605530E-02
    .707789E-02
    .910081E-02
    .104319E-01
    .146481E-01
    .173727E-01
    .208722E-01
    .238080E-01
    .246179E-01
    .261626E-01
    .257875E-01
    .257537E-01
    .259569E-01
    .252961E-01
    .254317E-01
    .245683E-01
    .233623E-01
    .217834E-01
    .187472E-01
    .161169E-01
    .126693E-01
    .953500E-02
    .680578E-02
    .429904E-02
    .329389E-02
    .201856E-02
    .184593E-02
    .162205E-02
    .119040E-02
    .130030E-02
    .109451E-02
    .109415E-02
    .104271E-02
    .113348E-02
    .715915E-03
    .135029E-02
    .302547E-02
    .454763E-02
    .844815E-02
    .107072E-01
    .118556E-01
    .136512E-01
    .130505E-01
    .133314E-01
    .135929E-01
    .131527E-01
    .132229E-01
    .129258E-01
    .126926E-01
    .125216E-01
    .121694E-01
    .121861E-01
    .124330E-01
    .128079E-01
    .139653E-01
    .147398E-01
    .158160E-01
    .163677E-01
    .172461E-01
    .162198E-01
    .124269E-01
    .906661E-02
    .880011E-03
   -.390897E-02
   -.732700E-02
   -.999408E-02
   -.564195E-02
   -.339887E-02
    .372272E-02
    .895461E-02
    .108946E-01
    .148851E-01
    .138345E-01
    .145774E-01
    .153302E-01
    .145970E-01
    .149343E-01
    .145050E-01
    .142529E-01
    .138605E-01
    .139583E-01
    .129463E-01
    .112511E-01
    .892604E-02
    .415308E-02
    .450566E-04
   -.543655E-02
   -.103907E-01
   -.146611E-01
   -.185722E-01
   -.199480E-01
   -.217796E-01
   -.217482E-01
   -.218415E-01
   -.221509E-01
   -.218693E-01
   -.222877E-01
   -.225773E-01
   -.235801E-01
   -.245258E-01
   -.259025E-01
   -.272465E-01
   -.286104E-01
   -.298811E-01
   -.308379E-01
   -.315349E-01
   -.319158E-01
   -.315174E-01
   -.302823E-01
   -.283207E-01
   -.248151E-01
   -.210021E-01
   -.159841E-01
   -.106414E-01
   -.479435E-02
    .120250E-02
    .710578E-02
    .128127E-01
    .178616E-01
    .223911E-01
    .257818E-01
    .286753E-01
    .292967E-01
    .307926E-01
    .328159E-01
    .334429E-01
    .356887E-01
    .358170E-01
    .339397E-01
    .323969E-01
    .288055E-01
    .247668E-01
    .197979E-01
    .141178E-01
    .787680E-02
    .134841E-02
   -.532262E-02
   -.119496E-01
   -.182504E-01
   -.241770E-01
   -.293302E-01
   -.338508E-01
   -.372520E-01
   -.397916E-01
   -.410666E-01
   -.413065E-01
   -.399901E-01
   -.379594E-01
   -.343326E-01
   -.305428E-01
   -.260519E-01
   -.217567E-01
   -.180536E-01
   -.143538E-01
   -.136715E-01
   -.108230E-01
   -.640070E-02
   -.402280E-02
    .340178E-03
    .280968E-02
    .172645E-02
    .315098E-02
    .268573E-02
    .370570E-02
    .766981E-02
    .106000E-01
    .185427E-01
    .231994E-01
    .253802E-01
    .293334E-01
    .285792E-01
    .300393E-01
    .323781E-01
    .333286E-01
    .360843E-01
    .382899E-01
    .409886E-01
    .438767E-01
    .468216E-01
    .497804E-01
    .525305E-01
    .551044E-01
    .572615E-01
    .590587E-01
    .602762E-01
    .608019E-01
    .613547E-01
    .597724E-01
    .564175E-01
    .517711E-01
    .428928E-01
    .348459E-01
    .245326E-01
    .150378E-01
    .680125E-02
   -.776314E-03
   -.372542E-02
   -.752585E-02
   -.790654E-02
   -.880593E-02
   -.904745E-02
   -.103598E-01
   -.152506E-01
   -.191457E-01
   -.292351E-01
   -.351547E-01
   -.382390E-01
   -.428474E-01
   -.417371E-01
   -.419427E-01
   -.416583E-01
   -.387944E-01
   -.352692E-01
   -.308883E-01
   -.251792E-01
   -.194180E-01
   -.132385E-01
   -.711674E-02
   -.146405E-02
    .373212E-02
    .772171E-02
    .111860E-01
    .121700E-01
    .140838E-01
    .152145E-01
    .166986E-01
    .205253E-01
    .230400E-01
    .270683E-01
    .304246E-01
    .332582E-01
    .359934E-01
    .361856E-01
    .376913E-01
    .393184E-01
    .398377E-01
    .418437E-01
    .418465E-01
    .399555E-01
    .385303E-01
    .353875E-01
    .318608E-01
    .277300E-01
    .230468E-01
    .180306E-01
    .129107E-01
    .785977E-02
    .297015E-02
   -.140722E-02
   -.535879E-02
   -.844554E-02
   -.110528E-01
   -.121245E-01
   -.134768E-01
   -.142297E-01
   -.149551E-01
   -.167208E-01
   -.175798E-01
   -.189643E-01
   -.200523E-01
   -.201433E-01
   -.211447E-01
   -.219461E-01
   -.231133E-01
   -.258001E-01
   -.275552E-01
   -.299043E-01
   -.319205E-01
   -.320447E-01
   -.336059E-01
   -.354628E-01
   -.364930E-01
   -.384481E-01
   -.395187E-01
   -.389936E-01
   -.396801E-01
   -.404315E-01
   -.407055E-01
   -.417009E-01
   -.422123E-01
   -.426734E-01
   -.430627E-01
   -.429270E-01
   -.428911E-01
   -.424868E-01
   -.420958E-01
   -.417869E-01
   -.412869E-01
   -.409015E-01
   -.404471E-01
   -.400059E-01
   -.395775E-01
   -.391314E-01
   -.387083E-01
   -.382476E-01
   -.380226E-01
   -.370169E-01
   -.376270E-01
   -.398002E-01
   -.417611E-01
   -.473265E-01
   -.504509E-01
   -.517027E-01
   -.543860E-01
   -.537239E-01
   -.546735E-01
   -.566511E-01
   -.572619E-01
   -.592359E-01
   -.604453E-01
   -.614920E-01
   -.622434E-01
   -.624518E-01
   -.617066E-01
   -.594996E-01
   -.566979E-01
   -.515605E-01
   -.466846E-01
   -.406946E-01
   -.350935E-01
   -.302612E-01
   -.251750E-01
   -.247047E-01
   -.200820E-01
   -.111300E-01
   -.635189E-02
    .216560E-02
    .756743E-02
    .566418E-02
    .855254E-02
    .101831E-01
    .103000E-01
    .124368E-01
    .129713E-01
    .136822E-01
    .143494E-01
    .144502E-01
    .146795E-01
    .145091E-01
    .143711E-01
    .143140E-01
    .140642E-01
    .139383E-01
    .137420E-01
    .135776E-01
    .132825E-01
    .134362E-01
    .126120E-01
    .112844E-01
    .927178E-02
    .522270E-02
    .147335E-02
   -.369358E-02
   -.872386E-02
   -.137460E-01
   -.185005E-01
   -.221966E-01
   -.258860E-01
   -.258845E-01
   -.288798E-01
   -.352015E-01
   -.381613E-01
   -.441604E-01
   -.475241E-01
   -.452248E-01
   -.464812E-01
   -.464000E-01
   -.452692E-01
   -.454728E-01
   -.445446E-01
   -.438588E-01
   -.431874E-01
   -.425007E-01
   -.418291E-01
   -.411523E-01
   -.404908E-01
   -.398335E-01
   -.391812E-01
   -.385539E-01
   -.378403E-01
   -.374360E-01
   -.363736E-01
   -.350196E-01
   -.331112E-01
   -.298899E-01
   -.266393E-01
   -.223264E-01
   -.178294E-01
   -.129158E-01
   -.789837E-02
   -.295910E-02
    .183981E-02
    .611704E-02
    .993820E-02
    .128962E-01
    .156592E-01
    .160413E-01
    .176517E-01
    .234661E-01
    .235658E-01
    .204449E-01
    .182298E-01
    .107279E-01
    .416737E-02
   -.384695E-02
   -.117907E-01
   -.184722E-01
   -.245548E-01
   -.265717E-01
   -.293282E-01
   -.291113E-01
   -.290027E-01
   -.294939E-01
   -.285189E-01
   -.283946E-01
   -.277206E-01
   -.271345E-01
   -.265930E-01
   -.260156E-01
   -.254832E-01
   -.249346E-01
   -.243905E-01
   -.238607E-01
   -.233456E-01
   -.228541E-01
   -.221641E-01
   -.220687E-01
   -.209654E-01
   -.181756E-01
   -.162642E-01
   -.144051E-01
   -.113943E-01
   -.753386E-02
   -.435400E-02
   -.131370E-03
    .286156E-02
    .266797E-02
    .463864E-02
    .656638E-02
    .745807E-02
    .943121E-02
    .104629E-01
    .109354E-01
    .116636E-01
    .117129E-01
    .118840E-01
    .121224E-01
    .121046E-01
    .122490E-01
    .122795E-01
    .123298E-01
    .123891E-01
    .124374E-01
    .124848E-01
    .125413E-01
    .125969E-01
    .126715E-01
    .125729E-01
    .130127E-01
    .125008E-01
    .104285E-01
    .921700E-02
    .791876E-02
    .556603E-02
    .367378E-02
    .709701E-03
   -.548057E-02
   -.889155E-02
   -.105696E-01
   -.138695E-01
   -.142120E-01
   -.162781E-01
   -.205734E-01
   -.227201E-01
   -.263756E-01
   -.285827E-01
   -.297986E-01
   -.299321E-01
   -.250910E-01
   -.226595E-01
   -.188923E-01
   -.152066E-01
   -.157773E-01
   -.132541E-01
   -.110241E-01
   -.938487E-02
   -.627975E-02
   -.369279E-02
   -.592324E-03
    .274878E-02
    .628733E-02
    .996898E-02
    .137311E-01
    .175313E-01
    .212574E-01
    .249100E-01
    .283582E-01
    .316146E-01
    .345499E-01
    .371987E-01
    .394229E-01
    .412790E-01
    .426502E-01
    .435637E-01
    .440864E-01
    .438684E-01
    .427700E-01
    .413387E-01
    .386078E-01
    .362692E-01
    .336540E-01
    .311180E-01
    .307503E-01
    .283055E-01
    .255648E-01
    .228243E-01
    .163450E-01
    .127089E-01
    .109883E-01
    .737023E-02
    .624650E-02
    .393589E-02
   -.928910E-03
   -.293633E-02
   -.452508E-02
   -.625757E-02
   -.550444E-02
   -.571586E-02
   -.590865E-02
   -.533994E-02
   -.534421E-02
   -.484044E-02
   -.479868E-02
   -.394350E-02
   -.264561E-02
   -.784372E-03
    .280214E-02
    .614678E-02
    .106714E-01
    .150592E-01
    .194680E-01
    .236496E-01
    .269626E-01
    .299013E-01
    .309138E-01
    .323168E-01
    .326419E-01
    .330251E-01
    .342179E-01
    .346127E-01
    .356380E-01
    .363410E-01
    .369113E-01
    .375707E-01
    .372258E-01
    .379997E-01
    .391006E-01
    .405722E-01
    .443471E-01
    .468987E-01
    .502447E-01
    .529361E-01
    .535434E-01
    .548863E-01
    .542896E-01
    .540350E-01
    .539684E-01
    .534439E-01
    .524036E-01
    .528584E-01
    .564166E-01
    .578925E-01
    .610597E-01
    .630627E-01
    .611592E-01
    .617102E-01
    .613909E-01
    .603868E-01
    .602799E-01
    .592375E-01
    .588838E-01
    .577160E-01
    .550822E-01
    .527857E-01
    .517415E-01
    .481052E-01
    .382514E-01
    .340061E-01
    .346526E-01
    .302424E-01
    .272568E-01
    .248998E-01
    .202271E-01
    .174029E-01
    .146331E-01
    .120967E-01
    .109701E-01
    .987915E-02
    .100588E-01
    .104057E-01
    .112136E-01
    .124539E-01
    .138380E-01
    .153831E-01
    .169052E-01
    .183226E-01
    .194250E-01
    .203574E-01
    .206063E-01
    .209008E-01
    .207324E-01
    .205453E-01
    .204590E-01
    .202101E-01
    .197902E-01
    .199631E-01
    .206460E-01
    .215624E-01
    .240123E-01
    .257552E-01
    .279696E-01
    .297713E-01
    .301902E-01
    .309840E-01
    .304052E-01
    .299553E-01
    .294152E-01
    .283541E-01
    .274359E-01
    .262847E-01
    .251366E-01
    .239918E-01
    .229005E-01
    .218828E-01
    .210086E-01
    .202354E-01
    .197136E-01
    .191967E-01
    .188570E-01
    .185296E-01
    .181641E-01
    .178927E-01
    .175922E-01
    .172334E-01
    .172012E-01
    .164165E-01
    .152980E-01
    .135526E-01
    .102916E-01
    .699385E-02
    .247433E-02
   -.226467E-02
   -.746549E-02
   -.128044E-01
   -.180686E-01
   -.231350E-01
   -.276331E-01
   -.316495E-01
   -.346859E-01
   -.369468E-01
   -.381812E-01
   -.383393E-01
   -.358293E-01
   -.342366E-01
   -.323139E-01
   -.297819E-01
   -.293172E-01
   -.270294E-01
   -.238139E-01
   -.216835E-01
   -.186277E-01
   -.162758E-01
   -.155528E-01
   -.136326E-01
   -.126427E-01
   -.108501E-01
   -.743506E-02
   -.459278E-02
   -.300783E-03
    .384775E-02
    .832386E-02
    .127748E-01
    .168590E-01
    .206192E-01
    .234844E-01
    .257791E-01
    .268340E-01
    .272224E-01
    .261336E-01
    .246832E-01
    .220033E-01
    .194423E-01
    .167599E-01
    .141273E-01
    .134316E-01
    .112732E-01
    .969403E-02
    .755248E-02
    .303305E-02
    .765465E-04
   -.388603E-02
   -.704745E-02
   -.814318E-02
   -.996148E-02
   -.985847E-02
   -.100844E-01
   -.105363E-01
   -.102234E-01
   -.103802E-01
   -.102196E-01
   -.101122E-01
   -.100255E-01
   -.991969E-02
   -.982469E-02
   -.974074E-02
   -.964736E-02
   -.957493E-02
   -.935135E-02
   -.965745E-02
   -.886172E-02
   -.699663E-02
   -.528617E-02
   -.108830E-02
    .125212E-02
    .297803E-02
    .426692E-02
    .199561E-02
    .779848E-03
   -.288513E-02
   -.575039E-02
   -.642478E-02
   -.918535E-02
   -.104247E-01
   -.124225E-01
   -.168280E-01
   -.186759E-01
   -.204519E-01
   -.215963E-01
   -.189690E-01
   -.181740E-01
   -.167850E-01
   -.147108E-01
   -.145060E-01
   -.128317E-01
   -.104338E-01
   -.906185E-02
   -.836563E-02
   -.675560E-02
   -.475483E-02
   -.321682E-02
   -.134560E-02
    .498402E-03
    .213409E-02
    .390847E-02
    .566726E-02
    .747092E-02
    .838664E-02
    .105589E-01
    .145688E-01
    .171836E-01
    .209370E-01
    .237380E-01
    .244861E-01
    .259689E-01
    .254824E-01
    .258031E-01
    .248251E-01
    .258346E-01
    .319629E-01
    .345757E-01
    .398408E-01
    .433305E-01
    .408514E-01
    .421232E-01
    .420370E-01
    .410631E-01
    .408942E-01
    .405542E-01
    .420558E-01
    .423149E-01
    .439767E-01
    .440822E-01
    .405916E-01
    .393557E-01
    .372045E-01
    .343657E-01
    .335150E-01
    .303178E-01
    .256679E-01
    .216648E-01
    .158101E-01
    .105042E-01
    .508494E-02
   -.537211E-04
   -.418159E-02
   -.783434E-02
   -.937114E-02
   -.110396E-01
   -.114365E-01
   -.114358E-01
   -.115750E-01
   -.108209E-01
   -.980447E-02
   -.882273E-02
   -.768213E-02
   -.669095E-02
   -.654354E-02
   -.572906E-02
   -.524246E-02
   -.439549E-02
   -.247922E-02
   -.106649E-02
    .103547E-02
    .283121E-02
    .433936E-02
    .594408E-02
    .572231E-02
    .731991E-02
    .970777E-02
    .119141E-01
    .178737E-01
    .211255E-01
    .224027E-01
    .254492E-01
    .264614E-01
    .277437E-01
    .298929E-01
    .302945E-01
    .296152E-01
    .293161E-01
    .284184E-01
    .270645E-01
    .253806E-01
    .236871E-01
    .218507E-01
    .200997E-01
    .195232E-01
    .177137E-01
    .158490E-01
    .135372E-01
    .890783E-02
    .561930E-02
    .147980E-02
   -.204985E-02
   -.340864E-02
   -.539603E-02
   -.544244E-02
   -.716240E-02
   -.502155E-02
   -.821842E-02
   -.282778E-01
   -.335978E-01
   -.295930E-01
   -.355309E-01
   -.355165E-01
   -.356087E-01
   -.387863E-01
   -.388284E-01
   -.394478E-01
   -.400129E-01
   -.400113E-01
   -.399768E-01
   -.400309E-01
   -.391178E-01
   -.375586E-01
   -.354790E-01
   -.312705E-01
   -.280432E-01
   -.241466E-01
   -.207552E-01
   -.197359E-01
   -.174432E-01
   -.165425E-01
   -.153852E-01
   -.127684E-01
   -.117795E-01
   -.108927E-01
   -.998032E-02
   -.102751E-01
   -.100883E-01
   -.993639E-02
   -.100694E-01
   -.102009E-01
   -.996476E-02
   -.915609E-02
   -.841864E-02
   -.645601E-02
   -.533456E-02
   -.479357E-02
   -.391868E-02
   -.428184E-02
   -.417274E-02
   -.406813E-02
   -.449087E-02
   -.411811E-02
   -.487894E-02
   -.717642E-02
   -.852978E-02
   -.102616E-01
   -.123116E-01
   -.139181E-01
   -.157049E-01
   -.179016E-01
   -.191725E-01
   -.187155E-01
   -.194715E-01
   -.199998E-01
   -.204017E-01
   -.219094E-01
   -.229389E-01
   -.245006E-01
   -.260276E-01
   -.275327E-01
   -.289732E-01
   -.300282E-01
   -.312473E-01
   -.307253E-01
   -.324230E-01
   -.357583E-01
   -.387571E-01
   -.467434E-01
   -.511085E-01
   -.533847E-01
   -.568624E-01
   -.554665E-01
   -.558755E-01
   -.562761E-01
   -.552130E-01
   -.552319E-01
   -.542735E-01
   -.542369E-01
   -.526111E-01
   -.493983E-01
   -.464351E-01
   -.398432E-01
   -.357801E-01
   -.333720E-01
   -.300086E-01
   -.302947E-01
   -.292423E-01
   -.282080E-01
   -.282662E-01
   -.275323E-01
   -.274045E-01
   -.270524E-01
   -.269271E-01
   -.269625E-01
   -.271076E-01
   -.277644E-01
   -.282879E-01
   -.290758E-01
   -.297681E-01
   -.302871E-01
   -.309772E-01
   -.303486E-01
   -.314731E-01
   -.338292E-01
   -.359618E-01
   -.418991E-01
   -.450769E-01
   -.466555E-01
   -.491536E-01
   -.479363E-01
   -.480945E-01
   -.482396E-01
   -.472782E-01
   -.471548E-01
   -.462187E-01
   -.461934E-01
   -.444883E-01
   -.415317E-01
   -.379994E-01
   -.306565E-01
   -.251198E-01
   -.184154E-01
   -.124117E-01
   -.110121E-01
   -.655725E-02
   -.234475E-02
    .315552E-03
    .507509E-02
    .734992E-02
    .653913E-02
    .732128E-02
    .826055E-02
    .710684E-02
    .292232E-02
    .145772E-02
    .240529E-02
    .910104E-03
    .142420E-02
    .769422E-03
   -.122769E-02
   -.315052E-02
   -.768784E-02
   -.115717E-01
   -.168004E-01
   -.215138E-01
   -.255352E-01
   -.293005E-01
   -.302269E-01
   -.322134E-01
   -.329186E-01
   -.336270E-01
   -.360499E-01
   -.365504E-01
   -.372660E-01
   -.373358E-01
   -.357828E-01
   -.342775E-01
   -.313814E-01
   -.282912E-01
   -.245410E-01
   -.206907E-01
   -.168705E-01
   -.132355E-01
   -.102965E-01
   -.761199E-02
   -.663472E-02
   -.500948E-02
   -.380450E-02
   -.273329E-02
   -.159511E-03
    .857392E-03
    .211719E-02
    .258382E-02
    .241939E-03
   -.555312E-03
   -.223700E-02
   -.364500E-02
   -.275781E-02
   -.366623E-02
   -.306737E-02
   -.354999E-02
   -.902305E-02
   -.968806E-02
   -.751892E-02
   -.761309E-02
   -.453272E-02
   -.223019E-02
   -.166617E-03
    .225884E-02
    .307249E-02
    .437095E-02
    .437365E-02
    .459183E-02
    .496645E-02
    .481030E-02
    .498021E-02
    .492425E-02
    .489997E-02
    .496646E-02
    .471809E-02
    .515304E-02
    .597497E-02
    .719256E-02
    .985998E-02
    .121340E-01
    .152277E-01
    .180107E-01
    .203909E-01
    .225510E-01
    .232218E-01
    .241148E-01
    .240599E-01
    .237217E-01
    .233447E-01
    .223227E-01
    .208476E-01
    .195235E-01
    .179926E-01
    .166859E-01
    .160836E-01
    .152455E-01
    .150666E-01
    .147762E-01
    .144288E-01
    .141960E-01
    .142899E-01
    .136189E-01
    .114595E-01
    .103124E-01
    .835761E-02
    .696108E-02
    .744412E-02
    .674366E-02
    .648070E-02
    .654272E-02
    .618916E-02
    .618434E-02
    .611805E-02
    .604229E-02
    .597721E-02
    .591256E-02
    .584838E-02
    .577456E-02
    .571152E-02
    .563861E-02
    .557655E-02
    .550472E-02
    .544369E-02
    .537287E-02
    .531284E-02
    .525325E-02
    .520418E-02
    .508453E-02
    .517898E-02
    .481481E-02
    .418327E-02
    .328508E-02
    .138749E-02
   -.229857E-03
   -.241279E-02
   -.438070E-02
   -.606879E-02
   -.761936E-02
   -.813529E-02
   -.883593E-02
   -.878526E-02
   -.876669E-02
   -.889764E-02
   -.865193E-02
   -.863131E-02
   -.846812E-02
   -.834671E-02
   -.813508E-02
   -.823947E-02
   -.766117E-02
   -.659558E-02
   -.529901E-02
   -.247123E-02
   -.352986E-03
    .223485E-02
    .441753E-02
    .516439E-02
    .639608E-02
    .632281E-02
    .647554E-02
    .677534E-02
    .654495E-02
    .665154E-02
    .653283E-02
    .644623E-02
    .638036E-02
    .629503E-02
    .623024E-02
    .615596E-02
    .608223E-02
    .601926E-02
    .594660E-02
    .590475E-02
    .570129E-02
    .603749E-02
    .526123E-02
    .342537E-02
    .174417E-02
   -.238494E-02
   -.497062E-02
   -.587472E-02
   -.858700E-02
   -.940405E-02
   -.119384E-01
   -.168397E-01
   -.206800E-01
   -.266834E-01
   -.321403E-01
   -.376826E-01
   -.429370E-01
   -.469712E-01
   -.505357E-01
   -.513218E-01
   -.528845E-01
   -.533009E-01
   -.535601E-01
   -.554977E-01
   -.555884E-01
   -.558467E-01
   -.556461E-01
   -.539557E-01
   -.524857E-01
   -.499661E-01
   -.473768E-01
   -.444726E-01
   -.416165E-01
   -.390975E-01
   -.366014E-01
   -.356242E-01
   -.336609E-01
   -.311470E-01
   -.294839E-01
   -.270799E-01
   -.252461E-01
   -.246781E-01
   -.230497E-01
   -.210386E-01
   -.196698E-01
   -.177190E-01
   -.162005E-01
   -.156309E-01
   -.142151E-01
   -.129000E-01
   -.115479E-01
   -.880587E-02
   -.709608E-02
   -.635778E-02
   -.444234E-02
   -.226103E-02
   -.665230E-03
    .179153E-02
    .323796E-02
    .293589E-02
    .370323E-02
    .404255E-02
    .402534E-02
    .445367E-02
    .450159E-02
    .463101E-02
    .475862E-02
    .487501E-02
    .499007E-02
    .510417E-02
    .522704E-02
    .533866E-02
    .548943E-02
    .549690E-02
    .581921E-02
    .635936E-02
    .701476E-02
    .836979E-02
    .939112E-02
    .106425E-01
    .116919E-01
    .120898E-01
    .127043E-01
    .127320E-01
    .128009E-01
    .131106E-01
    .128177E-01
    .124889E-01
    .117679E-01
    .103087E-01
    .888962E-02
    .688254E-02
    .485397E-02
    .267139E-02
    .510733E-03
   -.147748E-02
   -.329427E-02
   -.465926E-02
   -.577024E-02
   -.610474E-02
   -.644374E-02
   -.627913E-02
   -.606611E-02
   -.599523E-02
   -.562052E-02
   -.542148E-02
   -.511219E-02
   -.482628E-02
   -.455290E-02
   -.427178E-02
   -.400334E-02
   -.373722E-02
   -.346340E-02
   -.320200E-02
   -.295324E-02
   -.270635E-02
   -.229995E-02
   -.245544E-02
   -.160127E-02
    .950881E-03
    .240357E-02
    .454900E-02
    .657958E-02
    .694329E-02
    .861150E-02
    .110129E-01
    .121852E-01
    .132516E-01
    .142400E-01
    .140705E-01
    .143603E-01
    .146337E-01
    .145394E-01
    .146989E-01
    .146834E-01
    .146883E-01
    .147127E-01
    .147163E-01
    .147598E-01
    .146604E-01
    .148867E-01
    .153213E-01
    .158719E-01
    .171327E-01
    .180604E-01
    .191984E-01
    .201657E-01
    .204512E-01
    .209745E-01
    .208913E-01
    .209107E-01
    .209985E-01
    .208415E-01
    .208374E-01
    .207309E-01
    .206451E-01
    .205593E-01
    .204737E-01
    .203881E-01
    .202926E-01
    .202073E-01
    .201222E-01
    .200371E-01
    .199522E-01
    .198673E-01
    .197826E-01
    .196979E-01
    .196133E-01
    .195288E-01
    .194445E-01
    .193602E-01
    .192659E-01
    .191819E-01
    .190981E-01
    .190143E-01
    .189307E-01
    .188471E-01
    .187536E-01
    .186704E-01
    .185873E-01
    .185044E-01
    .184215E-01
    .183388E-01
    .182560E-01
    .181432E-01
    .181423E-01
    .179069E-01
    .175527E-01
    .170093E-01
    .159971E-01
    .149880E-01
    .136275E-01
    .122352E-01
    .107502E-01
    .927611E-02
    .792333E-02
    .667099E-02
    .571944E-02
    .488316E-02
    .467648E-02
    .420862E-02
    .392114E-02
    .352476E-02
    .249739E-02
    .180889E-02
    .714797E-03
   -.200218E-03
   -.100119E-02
   -.161719E-02
   -.201159E-02
   -.181046E-02
   -.680964E-03
    .657504E-03
    .351717E-02
    .582839E-02
    .851531E-02
    .108564E-01
    .116884E-01
    .130243E-01
    .130129E-01
    .132268E-01
    .135866E-01
    .134052E-01
    .135699E-01
    .134983E-01
    .134580E-01
    .134375E-01
    .134067E-01
    .133756E-01
    .133443E-01
    .133229E-01
    .132910E-01
    .132589E-01
    .132266E-01
    .132043E-01
    .131714E-01
    .131282E-01
    .130851E-01
    .131835E-01
    .128034E-01
    .132919E-01
    .152490E-01
    .161845E-01
    .179492E-01
    .191461E-01
    .184647E-01
    .189575E-01
    .190341E-01
    .187765E-01
    .189254E-01
    .187264E-01
    .186003E-01
    .184845E-01
    .183590E-01
    .182340E-01
    .181094E-01
    .179853E-01
    .178719E-01
    .177487E-01
    .176460E-01
    .174425E-01
    .175648E-01
    .169938E-01
    .160162E-01
    .146436E-01
    .117816E-01
    .931438E-02
    .602875E-02
    .305552E-02
    .526369E-03
   -.208517E-02
   -.217857E-02
   -.430234E-02
   -.821165E-02
   -.102026E-01
   -.138889E-01
   -.162581E-01
   -.154472E-01
   -.169177E-01
   -.184002E-01
   -.188503E-01
   -.203749E-01
   -.209919E-01
   -.209823E-01
   -.212429E-01
   -.207877E-01
   -.204695E-01
   -.202529E-01
   -.195821E-01
   -.196578E-01
   -.186019E-01
   -.158802E-01
   -.141982E-01
   -.120488E-01
   -.954565E-02
   -.826043E-02
   -.574232E-02
   -.144836E-02
    .939883E-03
    .257046E-02
    .477335E-02
    .501088E-02
    .623211E-02
    .825246E-02
    .920236E-02
    .108992E-01
    .120326E-01
    .124528E-01
    .131493E-01
    .131160E-01
    .132258E-01
    .134130E-01
    .132634E-01
    .134697E-01
    .131853E-01
    .126522E-01
    .120031E-01
    .105225E-01
    .942781E-02
    .807324E-02
    .695231E-02
    .655452E-02
    .600083E-02
    .619451E-02
    .635400E-02
    .663373E-02
    .720266E-02
    .776361E-02
    .846839E-02
    .921362E-02
    .997856E-02
    .107323E-01
    .114546E-01
    .120955E-01
    .126759E-01
    .130958E-01
    .135391E-01
    .134487E-01
    .140090E-01
    .149127E-01
    .160081E-01
    .186252E-01
    .204634E-01
    .228137E-01
    .247405E-01
    .252938E-01
    .263130E-01
    .260791E-01
    .260617E-01
    .261921E-01
    .258134E-01
    .257516E-01
    .254757E-01
    .252424E-01
    .250202E-01
    .247789E-01
    .245592E-01
    .243303E-01
    .241027E-01
    .238763E-01
    .236611E-01
    .234367E-01
    .232136E-01
    .229917E-01
    .227811E-01
    .225612E-01
    .223426E-01
    .221251E-01
    .219189E-01
    .217034E-01
    .214892E-01
    .212760E-01
    .210641E-01
    .208532E-01
    .206536E-01
    .204347E-01
    .202373E-01
    .200205E-01
    .198759E-01
    .194782E-01
    .196328E-01
    .203083E-01
    .209232E-01
    .227733E-01
    .237619E-01
    .241904E-01
    .249430E-01
    .244573E-01
    .244237E-01
    .243962E-01
    .239934E-01
    .238568E-01
    .235375E-01
    .232608E-01
    .229050E-01
    .228456E-01
    .221351E-01
    .209581E-01
    .195605E-01
    .166825E-01
    .145033E-01
    .118643E-01
    .961957E-02
    .874967E-02
    .741568E-02
    .733611E-02
    .704165E-02
    .661092E-02
    .668064E-02
    .644474E-02
    .640439E-02
    .634319E-02
    .627226E-02
    .620140E-02
    .612079E-02
    .604072E-02
    .609254E-02
    .567644E-02
    .612966E-02
    .804163E-02
    .894284E-02
    .106735E-01
    .118270E-01
    .111127E-01
    .115732E-01
    .116077E-01
    .113188E-01
    .114467E-01
    .111464E-01
    .111736E-01
    .107012E-01
    .971925E-02
    .881961E-02
    .676667E-02
    .551435E-02
    .478227E-02
    .375786E-02
    .388123E-02
    .357530E-02
    .327487E-02
    .332137E-02
    .312353E-02
    .311085E-02
    .305683E-02
    .299322E-02
    .293984E-02
    .288691E-02
    .283401E-02
    .277134E-02
    .271898E-02
    .266702E-02
    .261515E-02
    .255348E-02
    .250217E-02
    .245118E-02
    .239020E-02
    .233977E-02
    .227920E-02
    .222942E-02
    .217965E-02
    .212011E-02
    .207088E-02
    .202205E-02
    .197323E-02
    .188433E-02
    .194796E-02
    .167541E-02
    .116395E-02
    .526601E-03
   -.881665E-03
   -.192496E-02
   -.319828E-02
   -.427947E-02
   -.464812E-02
   -.525383E-02
   -.520225E-02
   -.525378E-02
   -.544512E-02
   -.521840E-02
   -.506592E-02
   -.471216E-02
   -.403952E-02
   -.331540E-02
   -.244925E-02
   -.170782E-02
   -.100472E-02
    .130627E-02
   -.161778E-02
    .317015E-02
    .273650E-01
    .347121E-01
    .324765E-01
    .407305E-01
    .414588E-01
    .425860E-01
    .461518E-01
    .458163E-01
    .465274E-01
    .455949E-01
    .402082E-01
    .378279E-01
    .375439E-01
    .342721E-01
    .313198E-01
    .289088E-01
    .253432E-01
    .229724E-01
    .217328E-01
    .201445E-01
    .198930E-01
    .195187E-01
    .192300E-01
    .194380E-01
    .195189E-01
    .198191E-01
    .201325E-01
    .204287E-01
    .206875E-01
    .208892E-01
    .209536E-01
    .209535E-01
    .206970E-01
    .204619E-01
    .200650E-01
    .196511E-01
    .192904E-01
    .188411E-01
    .184460E-01
    .180235E-01
    .176141E-01
    .171573E-01
    .168564E-01
    .162525E-01
    .154122E-01
    .144690E-01
    .128281E-01
    .115229E-01
    .998910E-02
    .864925E-02
    .798340E-02
    .708238E-02
    .680039E-02
    .640803E-02
    .594975E-02
    .573883E-02
    .536719E-02
    .515129E-02
    .477460E-02
    .470649E-02
    .486968E-02
    .514164E-02
    .612677E-02
    .678179E-02
    .765977E-02
    .834967E-02
    .838110E-02
    .864293E-02
    .830091E-02
    .806447E-02
    .789915E-02
    .749194E-02
    .725028E-02
    .687850E-02
    .660149E-02
    .618439E-02
    .568057E-02
    .508034E-02
    .415292E-02
    .328783E-02
    .219970E-02
    .113619E-02
    .758860E-04
   -.949985E-03
   -.180093E-02
   -.259994E-02
   -.296349E-02
   -.358680E-02
   -.412037E-02
   -.476001E-02
   -.595768E-02
   -.689597E-02
   -.817682E-02
   -.930718E-02
   -.102915E-01
   -.113014E-01
   -.114673E-01
   -.124227E-01
   -.134736E-01
   -.147862E-01
   -.176888E-01
   -.196980E-01
   -.222886E-01
   -.244123E-01
   -.251000E-01
   -.262825E-01
   -.261496E-01
   -.262528E-01
   -.265026E-01
   -.262120E-01
   -.263087E-01
   -.260373E-01
   -.257084E-01
   -.252703E-01
   -.244830E-01
   -.237560E-01
   -.227745E-01
   -.218364E-01
   -.208896E-01
   -.199861E-01
   -.192560E-01
   -.186066E-01
   -.183198E-01
   -.180057E-01
   -.179387E-01
   -.178712E-01
   -.177538E-01
   -.177688E-01
   -.177118E-01
   -.176552E-01
   -.177504E-01
   -.174984E-01
   -.170071E-01
   -.163994E-01
   -.150202E-01
   -.139949E-01
   -.127393E-01
   -.116853E-01
   -.113434E-01
   -.107634E-01
   -.108300E-01
   -.107828E-01
   -.106664E-01
   -.108042E-01
   -.107881E-01
   -.108736E-01
   -.109373E-01
   -.110002E-01
   -.110619E-01
   -.111328E-01
   -.111924E-01
   -.112511E-01
   -.113088E-01
   -.113655E-01
   -.114212E-01
   -.114760E-01
   -.115298E-01
   -.115827E-01
   -.116346E-01
   -.116855E-01
   -.117356E-01
   -.117848E-01
   -.118229E-01
   -.118804E-01
   -.119065E-01
   -.119521E-01
   -.119467E-01
   -.122645E-01
   -.115236E-01
   -.129463E-01
   -.164688E-01
   -.196831E-01
   -.277532E-01
   -.324757E-01
   -.349440E-01
   -.387247E-01
   -.375985E-01
   -.382753E-01
   -.389317E-01
   -.381425E-01
   -.383831E-01
   -.378875E-01
   -.375286E-01
   -.371915E-01
   -.368259E-01
   -.364827E-01
   -.361314E-01
   -.358025E-01
   -.354650E-01
   -.351194E-01
   -.347858E-01
   -.344849E-01
   -.341948E-01
   -.335520E-01
   -.339601E-01
   -.328031E-01
   -.275113E-01
   -.257841E-01
   -.263989E-01
   -.243609E-01
   -.235989E-01
   -.227703E-01
   -.209313E-01
   -.198153E-01
   -.183985E-01
   -.169505E-01
   -.155312E-01
   -.141617E-01
   -.129417E-01
   -.118193E-01
   -.109449E-01
   -.102746E-01
   -.977512E-02
   -.974873E-02
   -.102076E-01
   -.109641E-01
   -.126003E-01
   -.141411E-01
   -.161161E-01
   -.179490E-01
   -.194831E-01
   -.210326E-01
   -.210503E-01
   -.223862E-01
   -.241021E-01
   -.256952E-01
   -.300071E-01
   -.321843E-01
   -.333722E-01
   -.351236E-01
   -.343058E-01
   -.344524E-01
   -.345793E-01
   -.339341E-01
   -.338513E-01
   -.333814E-01
   -.329763E-01
   -.325938E-01
   -.321935E-01
   -.318060E-01
   -.314106E-01
   -.310279E-01
   -.306478E-01
   -.302701E-01
   -.298947E-01
   -.295320E-01
   -.291613E-01
   -.287932E-01
   -.284272E-01
   -.280636E-01
   -.277025E-01
   -.273437E-01
   -.269872E-01
   -.266331E-01
   -.262914E-01
   -.259216E-01
   -.256251E-01
   -.251881E-01
   -.246943E-01
   -.241032E-01
   -.232447E-01
   -.223958E-01
   -.213438E-01
   -.202843E-01
   -.191663E-01
   -.180623E-01
   -.170223E-01
   -.160460E-01
   -.152333E-01
   -.145116E-01
   -.140819E-01
   -.136465E-01
   -.133879E-01
   -.131612E-01
   -.128759E-01
   -.127044E-01
   -.124730E-01
   -.122840E-01
   -.120860E-01
   -.118894E-01
   -.116940E-01
   -.115000E-01
   -.113073E-01
   -.111160E-01
   -.109259E-01
   -.107372E-01
   -.105498E-01
   -.103637E-01
   -.101788E-01
   -.999519E-02
   -.981292E-02
   -.963191E-02
   -.945215E-02
   -.927366E-02
   -.909642E-02
   -.891040E-02
   -.877630E-02
   -.853126E-02
   -.825836E-02
   -.789660E-02
   -.735672E-02
   -.680295E-02
   -.610400E-02
   -.537351E-02
   -.458130E-02
   -.377915E-02
   -.298751E-02
   -.221652E-02
   -.152659E-02
   -.896452E-03
   -.386114E-03
    .364246E-04
    .271115E-03
    .482877E-03
    .580344E-03
    .656888E-03
    .762816E-03
    .796831E-03
    .871208E-03
    .924527E-03
    .977459E-03
    .102999E-02
    .107201E-02
    .116425E-02
    .108332E-02
    .137936E-02
    .184277E-02
    .262536E-02
    .414571E-02
    .569561E-02
    .784169E-02
    .100985E-01
    .125869E-01
    .151402E-01
    .176569E-01
    .200859E-01
    .222263E-01
    .241318E-01
    .255328E-01
    .266484E-01
    .269762E-01
    .272676E-01
    .270957E-01
    .267837E-01
    .268068E-01
    .261484E-01
    .254877E-01
    .244377E-01
    .226415E-01
    .208989E-01
    .185708E-01
    .162240E-01
    .137256E-01
    .112419E-01
    .894332E-02
    .681907E-02
    .515890E-02
    .369480E-02
    .317241E-02
    .233189E-02
    .176818E-02
    .114930E-02
   -.320288E-03
   -.115075E-02
   -.236564E-02
   -.329747E-02
   -.357918E-02
   -.408892E-02
   -.400310E-02
   -.401001E-02
   -.409630E-02
   -.391789E-02
   -.398453E-02
   -.373483E-02
   -.337752E-02
   -.290212E-02
   -.196761E-02
   -.116727E-02
   -.938864E-04
    .862652E-03
    .170533E-02
    .248485E-02
    .272715E-02
    .320965E-02
    .344123E-02
    .379264E-02
    .456327E-02
    .511052E-02
    .598426E-02
    .679422E-02
    .760304E-02
    .834866E-02
    .890170E-02
    .972923E-02
    .915551E-02
    .101665E-01
    .151179E-01
    .163749E-01
    .152827E-01
    .166035E-01
    .164624E-01
    .163571E-01
    .170492E-01
    .170115E-01
    .172062E-01
    .174369E-01
    .176831E-01
    .179446E-01
    .182006E-01
    .184718E-01
    .187171E-01
    .189473E-01
    .191419E-01
    .193018E-01
    .193967E-01
    .194381E-01
    .194159E-01
    .193519E-01
    .191248E-01
    .190313E-01
    .189670E-01
    .189836E-01
    .193521E-01
    .196327E-01
    .201606E-01
    .206485E-01
    .211481E-01
    .216078E-01
    .219072E-01
    .221595E-01
    .220009E-01
    .220355E-01
    .219345E-01
    .219355E-01
    .223486E-01
    .225918E-01
    .231434E-01
    .236236E-01
    .241154E-01
    .245771E-01
    .248576E-01
    .250707E-01
    .249136E-01
    .247970E-01
    .244356E-01
    .240675E-01
    .237723E-01
    .233372E-01
    .229763E-01
    .225775E-01
    .221819E-01
    .217996E-01
    .214201E-01
    .210336E-01
    .206601E-01
    .202898E-01
    .199320E-01
    .195268E-01
    .192767E-01
    .187034E-01
    .162512E-01
    .152499E-01
    .135998E-01
    .120295E-01
    .100105E-01
    .803822E-02
    .607024E-02
    .417974E-02
    .262746E-02
    .123861E-02
    .545610E-03
   -.199591E-03
   -.489960E-03
   -.748264E-03
   -.113425E-02
   -.119331E-02
   -.160593E-02
   -.145768E-02
   -.108293E-02
   -.341269E-03
    .138137E-02
    .305388E-02
    .547053E-02
    .793316E-02
    .105622E-01
    .131813E-01
    .155507E-01
    .176923E-01
    .192401E-01
    .204628E-01
    .206575E-01
    .208711E-01
    .204327E-01
    .199056E-01
    .195768E-01
    .188682E-01
    .183619E-01
    .177371E-01
    .171253E-01
    .165262E-01
    .159198E-01
    .153264E-01
    .147358E-01
    .141484E-01
    .135639E-01
    .129826E-01
    .124047E-01
    .118302E-01
    .112590E-01
    .107014E-01
    .101373E-01
    .957720E-02
    .902053E-02
    .846790E-02
    .791929E-02
    .737485E-02
    .683444E-02
    .629834E-02
    .576653E-02
    .524883E-02
    .472551E-02
    .420685E-02
    .369275E-02
    .318345E-02
    .267871E-02
    .218841E-02
    .169317E-02
    .120314E-02
    .717575E-03
    .237167E-03
   -.228598E-03
   -.698785E-03
   -.116382E-02
   -.162354E-02
   -.206860E-02
   -.251775E-02
   -.296166E-02
   -.340003E-02
   -.382361E-02
   -.425102E-02
   -.467295E-02
   -.508915E-02
   -.549051E-02
   -.589541E-02
   -.629475E-02
   -.667920E-02
   -.706705E-02
   -.744897E-02
   -.781601E-02
   -.818640E-02
   -.855075E-02
   -.890012E-02
   -.925276E-02
   -.959045E-02
   -.993118E-02
   -.102658E-01
   -.105855E-01
   -.109081E-01
   -.112158E-01
   -.115262E-01
   -.118306E-01
   -.121203E-01
   -.124125E-01
   -.126898E-01
   -.129698E-01
   -.132351E-01
   -.135028E-01
   -.137557E-01
   -.140113E-01
   -.142607E-01
   -.144952E-01
   -.147322E-01
   -.149545E-01
   -.151709E-01
   -.153895E-01
   -.155936E-01
   -.158001E-01
   -.159921E-01
   -.161781E-01
   -.163663E-01
   -.165402E-01
   -.167327E-01
   -.168287E-01
   -.171161E-01
   -.174744E-01
   -.179989E-01
   -.188834E-01
   -.197961E-01
   -.210143E-01
   -.223123E-01
   -.237578E-01
   -.252656E-01
   -.268168E-01
   -.283617E-01
   -.298521E-01
   -.312573E-01
   -.325249E-01
   -.336427E-01
   -.345456E-01
   -.352552E-01
   -.356861E-01
   -.359304E-01
   -.357831E-01
   -.356029E-01
   -.351885E-01
   -.347275E-01
   -.343390E-01
   -.338074E-01
   -.333503E-01
   -.328483E-01
   -.323468E-01
   -.318747E-01
   -.313230E-01
   -.309388E-01
   -.306508E-01
   -.304494E-01
   -.305844E-01
   -.306213E-01
   -.308365E-01
   -.309642E-01
   -.309876E-01
   -.309504E-01
   -.305606E-01
   -.302271E-01
   -.296350E-01
   -.290522E-01
   -.285242E-01
   -.278960E-01
   -.272645E-01
   -.267494E-01
   -.263257E-01
   -.259907E-01
   -.259672E-01
   -.258546E-01
   -.259008E-01
   -.258807E-01
   -.257592E-01
   -.255835E-01
   -.250797E-01
   -.246364E-01
   -.239584E-01
   -.232918E-01
   -.226781E-01
   -.219573E-01
   -.213098E-01
   -.206184E-01
   -.199451E-01
   -.192776E-01
   -.186158E-01
   -.179600E-01
   -.173042E-01
   -.166604E-01
   -.160225E-01
   -.153908E-01
   -.147651E-01
   -.141456E-01
   -.135264E-01
   -.129194E-01
   -.123132E-01
   -.117520E-01
   -.110533E-01
   -.106654E-01
   -.105558E-01
   -.104072E-01
   -.108963E-01
   -.109170E-01
   -.106358E-01
   -.105181E-01
   -.975432E-02
   -.923568E-02
   -.871871E-02
   -.802306E-02
   -.746364E-02
   -.681963E-02
   -.620433E-02
   -.559700E-02
   -.499277E-02
   -.440177E-02
   -.381404E-02
   -.323952E-02
   -.266832E-02
   -.211040E-02
   -.156066E-02
   -.101929E-02
   -.481580E-03
    .429156E-04
    .559149E-03
    .107129E-02
    .157063E-02
    .206569E-02
    .254783E-02
    .302570E-02
    .349490E-02
    .393877E-02
    .443227E-02
    .478877E-02
    .505352E-02
    .527485E-02
    .522140E-02
    .530639E-02
    .531412E-02
    .538733E-02
    .576706E-02
    .593549E-02
    .623879E-02
    .645785E-02
    .638418E-02
    .653460E-02
    .655895E-02
    .669219E-02
    .706301E-02
    .734383E-02
    .784077E-02
    .828267E-02
    .869593E-02
    .917476E-02
    .959394E-02
    .100356E-01
    .104584E-01
    .108658E-01
    .112641E-01
    .116557E-01
    .120067E-01
    .124074E-01
    .128309E-01
    .132717E-01
    .138231E-01
    .143177E-01
    .148544E-01
    .153406E-01
    .157694E-01
    .161557E-01
    .164035E-01
    .166594E-01
    .168155E-01
    .169641E-01
    .171201E-01
    .172246E-01
    .173441E-01
    .174418E-01
    .175311E-01
    .176138E-01
    .176880E-01
    .177520E-01
    .178096E-01
    .178590E-01
    .178984E-01
    .179317E-01
    .179570E-01
    .179745E-01
    .179842E-01
    .179847E-01
    .179793E-01
    .179665E-01
    .179462E-01
    .179188E-01
    .178827E-01
    .178412E-01
    .177927E-01
    .177373E-01
    .176753E-01
    .176067E-01
    .175315E-01
    .174500E-01
    .173610E-01
    .172671E-01
    .171672E-01
    .170613E-01
    .169497E-01
    .168322E-01
    .167093E-01
    .165808E-01
    .164470E-01
    .163079E-01
    .161637E-01
    .160145E-01
    .158597E-01
    .157017E-01
    .155360E-01
    .153724E-01
    .152053E-01
    .150394E-01
    .148776E-01
    .147119E-01
    .145482E-01
    .143813E-01
    .142119E-01
    .140380E-01
    .138601E-01
    .136767E-01
    .134869E-01
    .132900E-01
    .130864E-01
    .128749E-01
    .126563E-01
    .124297E-01
    .121956E-01
    .119551E-01
    .117071E-01
    .114531E-01
    .111930E-01
    .109283E-01
    .106580E-01
    .103863E-01
    .101120E-01
    .983719E-02
    .956383E-02
    .928943E-02
    .901613E-02
    .874323E-02
    .847105E-02
    .819964E-02
    .792923E-02
    .765948E-02
    .739065E-02
    .712278E-02
    .685609E-02
    .659029E-02
    .632573E-02
    .606193E-02
    .580034E-02
    .553807E-02
    .527638E-02
    .501524E-02
    .475294E-02
    .449358E-02
    .423464E-02
    .397867E-02
    .372525E-02
    .347474E-02
    .322765E-02
    .298324E-02
    .274272E-02
    .250367E-02
    .226741E-02
    .203263E-02
    .179910E-02
    .156763E-02
    .133740E-02
    .110900E-02
    .882190E-03
    .657114E-03
    .433768E-03
    .212255E-03
   -.742149E-05
   -.225191E-03
   -.440989E-03
   -.654793E-03
   -.866554E-03
   -.107628E-02
   -.128372E-02
   -.148931E-02
   -.169280E-02
   -.189400E-02
   -.209323E-02
   -.228967E-02
   -.248371E-02
   -.267511E-02
   -.286376E-02
   -.305003E-02
   -.323366E-02
   -.341487E-02
   -.359360E-02
   -.376981E-02
   -.394350E-02
   -.411463E-02
   -.428318E-02
   -.444910E-02
   -.461237E-02
   -.477295E-02
   -.493081E-02
   -.508591E-02
   -.523823E-02
   -.538775E-02
   -.553444E-02
   -.567828E-02
   -.581926E-02
   -.595736E-02
   -.609256E-02
   -.622485E-02
   -.635423E-02
   -.648067E-02
   -.660418E-02
   -.672474E-02
   -.684234E-02
   -.695697E-02
