    .161078E-04
   -.237754E-03
   -.124837E-02
   -.154182E-02
   -.921619E-03
   -.445967E-03
   -.200394E-03
    .942047E-04
    .413061E-03
    .692515E-03
    .927455E-03
    .160019E-03
   -.232973E-02
   -.336330E-02
   -.263972E-02
   -.160400E-02
    .973305E-03
    .295923E-02
    .281883E-02
    .250528E-02
    .267665E-02
    .274438E-02
    .265813E-02
    .259738E-02
    .255243E-02
    .244830E-02
    .229653E-02
    .105490E-02
   -.190665E-02
   -.286957E-02
   -.315317E-03
    .211515E-02
    .190846E-02
    .120274E-02
    .113887E-02
    .104985E-02
    .766147E-03
    .516057E-03
    .337766E-03
    .129010E-03
   -.847796E-04
   -.261521E-03
   -.425494E-03
   -.599527E-03
   -.772575E-03
   -.938400E-03
   -.724168E-03
    .154586E-02
    .359301E-02
    .198179E-02
   -.157081E-02
   -.285792E-02
   -.454871E-02
   -.676317E-02
   -.576794E-02
   -.237471E-02
   -.132818E-02
   -.205510E-02
   -.220177E-02
   -.197412E-02
   -.195506E-02
   -.200506E-02
   -.200029E-02
   -.195892E-02
   -.191435E-02
   -.187355E-02
   -.183249E-02
   -.178467E-02
   -.124649E-02
    .135000E-02
    .228708E-02
   -.854425E-03
   -.239850E-02
   -.196672E-02
   -.343240E-02
   -.313220E-02
   -.964911E-03
    .906363E-03
    .310273E-02
    .377239E-02
    .243950E-02
   -.420980E-03
   -.174341E-02
   -.127987E-02
   -.104404E-02
   -.119329E-02
   -.115453E-02
   -.113513E-02
   -.281880E-02
   -.588585E-02
   -.874907E-02
   -.903907E-02
   -.568480E-02
   -.213036E-02
    .206568E-02
    .482161E-02
    .461941E-02
    .391905E-02
    .240958E-02
   -.244306E-03
   -.961792E-03
    .514417E-03
    .334628E-02
    .458670E-02
    .408994E-02
    .381287E-02
    .386170E-02
    .371900E-02
    .210896E-02
   -.246140E-02
   -.636175E-02
   -.871979E-02
   -.100863E-01
   -.858987E-02
   -.490511E-02
   -.140378E-02
    .281140E-02
    .604417E-02
    .838565E-02
    .910236E-02
    .664070E-02
    .419881E-02
    .655452E-02
    .913526E-02
    .844331E-02
    .550988E-02
    .696520E-03
   -.285002E-02
   -.613390E-02
   -.100718E-01
   -.106739E-01
   -.751205E-02
   -.419518E-02
   -.256425E-02
   -.514515E-02
   -.949575E-02
   -.977425E-02
   -.578307E-02
    .138343E-04
    .564123E-02
    .111085E-01
    .162214E-01
    .182937E-01
    .139100E-01
    .465257E-02
   -.146919E-02
   -.159801E-02
   -.673205E-03
   -.890253E-03
   -.157188E-03
    .275425E-02
    .420464E-02
    .333505E-02
    .739333E-03
   -.147605E-02
   -.253555E-02
   -.487165E-02
   -.602059E-02
   -.582632E-02
   -.795742E-02
   -.101480E-01
   -.573672E-02
    .696744E-02
    .171441E-01
    .188950E-01
    .165858E-01
    .124126E-01
    .781823E-02
    .459235E-02
   -.762423E-04
   -.527839E-02
   -.599890E-02
   -.249102E-02
   -.708426E-03
    .601792E-03
    .231995E-02
    .199274E-03
   -.351129E-02
   -.752712E-02
   -.104712E-01
   -.800166E-02
   -.968559E-03
    .861435E-02
    .192128E-01
    .245437E-01
    .198699E-01
    .122937E-01
    .673923E-02
    .546380E-03
   -.778884E-02
   -.125297E-01
   -.980066E-02
   -.345960E-02
    .146959E-02
    .395646E-02
    .749191E-02
    .897451E-02
    .163285E-02
   -.100249E-01
   -.157999E-01
   -.121214E-01
   -.538642E-02
   -.327893E-02
   -.353102E-02
    .426532E-03
    .448276E-02
    .667890E-02
    .899710E-02
    .130376E-01
    .132984E-01
    .672665E-02
   -.148583E-02
   -.388572E-02
    .224544E-02
    .126292E-01
    .164669E-01
    .139858E-01
    .936357E-02
    .237728E-02
   -.636208E-02
   -.124379E-01
   -.142511E-01
   -.128682E-01
   -.748168E-02
    .262107E-02
    .118280E-01
    .142358E-01
    .875737E-02
   -.458236E-02
   -.194399E-01
   -.250413E-01
   -.212305E-01
   -.144051E-01
   -.627517E-02
    .112389E-02
    .617491E-02
    .924902E-02
    .112026E-01
    .103212E-01
    .881592E-02
    .960238E-02
    .647919E-02
    .234521E-02
    .426494E-02
    .715361E-02
    .519932E-02
   -.215495E-03
   -.342509E-02
   -.605893E-03
    .368812E-02
   -.421216E-04
   -.125420E-01
   -.228611E-01
   -.228252E-01
   -.172443E-01
   -.113332E-01
   -.597215E-02
   -.218245E-02
    .253785E-03
    .281403E-02
    .659842E-02
    .762276E-02
   -.272904E-02
   -.148305E-01
   -.114793E-01
    .219610E-02
    .126868E-01
    .162054E-01
    .149934E-01
    .812332E-02
   -.784223E-02
   -.272695E-01
   -.350263E-01
   -.262188E-01
   -.109835E-01
   -.749730E-03
    .511341E-02
    .142034E-01
    .215969E-01
    .190501E-01
    .114786E-01
    .675025E-02
    .750796E-02
    .103762E-01
    .814440E-02
    .234246E-02
   -.247966E-02
   -.868179E-02
   -.102236E-01
   -.179752E-02
    .634345E-02
    .397267E-02
   -.868962E-02
   -.206459E-01
   -.227223E-01
   -.181343E-01
   -.683281E-02
    .114382E-01
    .252969E-01
    .259821E-01
    .181696E-01
    .921779E-02
    .502607E-02
    .527389E-02
    .563511E-02
    .393972E-02
    .622679E-03
   -.239858E-02
   -.354071E-02
    .236297E-03
    .655197E-02
    .914428E-02
   -.245573E-03
   -.214432E-01
   -.328757E-01
   -.283298E-01
   -.246436E-01
   -.251483E-01
   -.206724E-01
   -.638234E-02
    .144527E-01
    .279035E-01
    .299050E-01
    .304987E-01
    .318980E-01
    .295449E-01
    .272754E-01
    .264142E-01
    .211577E-01
    .100263E-01
    .232768E-02
    .439669E-02
    .701301E-02
   -.940886E-03
   -.210812E-01
   -.404081E-01
   -.500008E-01
   -.503524E-01
   -.411883E-01
   -.295438E-01
   -.247048E-01
   -.255408E-01
   -.270842E-01
   -.241912E-01
   -.174759E-01
   -.109155E-01
   -.516330E-02
    .129126E-02
    .819260E-02
    .885575E-02
    .455402E-02
    .110857E-02
   -.198032E-03
   -.179848E-03
   -.197756E-02
   -.717699E-02
   -.124426E-01
   -.140763E-01
   -.160055E-01
   -.246817E-01
   -.306611E-01
   -.206270E-01
   -.281677E-02
    .633326E-02
    .102317E-01
    .213106E-01
    .400607E-01
    .538276E-01
    .558123E-01
    .530364E-01
    .534361E-01
    .519935E-01
    .427831E-01
    .311811E-01
    .259753E-01
    .226180E-01
    .981295E-02
   -.666873E-02
   -.123447E-01
   -.660106E-02
   -.782808E-03
   -.892807E-03
   -.802702E-03
    .365373E-02
    .532602E-02
   -.237819E-02
   -.124853E-01
   -.178119E-01
   -.148519E-01
   -.810030E-02
   -.452413E-02
   -.181880E-02
    .377577E-02
    .859226E-02
    .108131E-01
    .152940E-01
    .235783E-01
    .299628E-01
    .271807E-01
    .115633E-01
   -.134740E-01
   -.365828E-01
   -.469411E-01
   -.483737E-01
   -.494477E-01
   -.517126E-01
   -.542418E-01
   -.564580E-01
   -.542052E-01
   -.492669E-01
   -.430685E-01
   -.342527E-01
   -.263343E-01
   -.215736E-01
   -.972423E-02
    .127903E-01
    .304354E-01
    .364185E-01
    .408739E-01
    .471904E-01
    .478676E-01
    .427776E-01
    .368670E-01
    .344813E-01
    .344139E-01
    .338768E-01
    .324344E-01
    .258550E-01
    .794888E-02
   -.130527E-01
   -.251076E-01
   -.313516E-01
   -.364236E-01
   -.400989E-01
   -.388869E-01
   -.303445E-01
   -.159860E-01
   -.499715E-02
   -.123550E-02
   -.681980E-03
    .994762E-03
    .295022E-02
   -.275563E-02
   -.140897E-01
   -.199777E-01
   -.191545E-01
   -.178940E-01
   -.178758E-01
   -.176603E-01
   -.183978E-01
   -.210610E-01
   -.236395E-01
   -.250675E-01
   -.246530E-01
   -.237208E-01
   -.211309E-01
   -.111445E-01
    .236034E-02
    .721668E-02
    .414769E-02
    .505268E-03
   -.167508E-02
   -.403663E-02
   -.693108E-02
   -.842546E-02
   -.779434E-02
   -.552940E-02
   -.196067E-02
    .494424E-02
    .152372E-01
    .226894E-01
    .270160E-01
    .318676E-01
    .357482E-01
    .331434E-01
    .273345E-01
    .261020E-01
    .312667E-01
    .387207E-01
    .439436E-01
    .481524E-01
    .543408E-01
    .591992E-01
    .578094E-01
    .510390E-01
    .382607E-01
    .179158E-01
   -.237841E-02
   -.119002E-01
   -.163256E-01
   -.288935E-01
   -.488714E-01
   -.597977E-01
   -.594338E-01
   -.571117E-01
   -.562245E-01
   -.531456E-01
   -.421895E-01
   -.275463E-01
   -.178380E-01
   -.816170E-02
    .514947E-02
    .151089E-01
    .216117E-01
    .263139E-01
    .275759E-01
    .263588E-01
    .236352E-01
    .187141E-01
    .156956E-01
    .159780E-01
    .148337E-01
    .981289E-02
    .605899E-02
    .625654E-02
    .695116E-02
    .683870E-02
    .868670E-02
    .136021E-01
    .165346E-01
    .170113E-01
    .218965E-01
    .323653E-01
    .391971E-01
    .406313E-01
    .419503E-01
    .441746E-01
    .427609E-01
    .367323E-01
    .321860E-01
    .273872E-01
    .131143E-01
   -.657929E-02
   -.196795E-01
   -.257987E-01
   -.278794E-01
   -.272869E-01
   -.254056E-01
   -.235249E-01
   -.262978E-01
   -.322416E-01
   -.363804E-01
   -.352376E-01
   -.312912E-01
   -.266765E-01
   -.208403E-01
   -.172191E-01
   -.220521E-01
   -.356106E-01
   -.478132E-01
   -.518479E-01
   -.505331E-01
   -.459067E-01
   -.393537E-01
   -.344407E-01
   -.299477E-01
   -.272866E-01
   -.271239E-01
   -.288470E-01
   -.347398E-01
   -.420018E-01
   -.424259E-01
   -.329792E-01
   -.190538E-01
   -.519031E-02
    .454614E-02
    .968071E-02
    .149854E-01
    .231104E-01
    .302218E-01
    .333054E-01
    .345636E-01
    .366322E-01
    .390691E-01
    .401362E-01
    .392419E-01
    .382186E-01
    .376394E-01
    .366875E-01
    .337496E-01
    .302940E-01
    .270548E-01
    .239680E-01
    .197915E-01
    .153413E-01
    .141699E-01
    .144120E-01
    .119299E-01
    .629496E-02
    .163569E-02
    .418883E-02
    .119450E-01
    .148180E-01
    .120118E-01
    .105399E-01
    .166058E-01
    .247659E-01
    .269178E-01
    .259345E-01
    .285970E-01
    .319039E-01
    .271613E-01
    .128224E-01
   -.594581E-02
   -.203581E-01
   -.297299E-01
   -.385022E-01
   -.440876E-01
   -.412391E-01
   -.349504E-01
   -.327715E-01
   -.302595E-01
   -.221638E-01
   -.147112E-01
   -.990345E-02
   -.521948E-02
   -.330764E-02
   -.619153E-02
   -.629196E-02
    .248566E-02
    .154757E-01
    .249317E-01
    .276586E-01
    .309607E-01
    .385486E-01
    .449281E-01
    .454035E-01
    .424595E-01
    .375327E-01
    .314476E-01
    .269549E-01
    .239923E-01
    .215182E-01
    .207229E-01
    .206460E-01
    .213498E-01
    .250423E-01
    .285359E-01
    .279796E-01
    .241122E-01
    .183318E-01
    .121852E-01
    .653951E-02
    .245514E-02
    .319294E-02
    .119635E-01
    .271195E-01
    .380910E-01
    .404539E-01
    .367645E-01
    .300808E-01
    .208021E-01
    .916356E-02
    .312841E-03
   -.441135E-02
   -.750336E-02
   -.126219E-01
   -.184337E-01
   -.233488E-01
   -.294026E-01
   -.368980E-01
   -.406312E-01
   -.418389E-01
   -.434675E-01
   -.455654E-01
   -.472877E-01
   -.489773E-01
   -.493662E-01
   -.497240E-01
   -.491008E-01
   -.454679E-01
   -.375556E-01
   -.255872E-01
   -.151216E-01
   -.107171E-01
   -.125729E-01
   -.174923E-01
   -.198095E-01
   -.167277E-01
   -.128461E-01
   -.100866E-01
   -.731656E-02
   -.273818E-02
   -.285763E-03
   -.649597E-02
   -.174042E-01
   -.245192E-01
   -.303412E-01
   -.415824E-01
   -.515958E-01
   -.506617E-01
   -.448283E-01
   -.399176E-01
   -.355534E-01
   -.317423E-01
   -.263190E-01
   -.205173E-01
   -.182357E-01
   -.197105E-01
   -.239567E-01
   -.292283E-01
   -.341274E-01
   -.379384E-01
   -.366159E-01
   -.246616E-01
   -.327417E-02
    .179544E-01
    .337502E-01
    .448324E-01
    .500243E-01
    .496273E-01
    .464146E-01
    .429330E-01
    .420458E-01
    .441693E-01
    .444322E-01
    .403644E-01
    .362385E-01
    .334746E-01
    .324091E-01
    .306124E-01
    .215565E-01
    .767704E-02
   -.561153E-03
   -.466722E-02
   -.124151E-01
   -.237107E-01
   -.324569E-01
   -.352106E-01
   -.344457E-01
   -.288461E-01
   -.156353E-01
    .733923E-02
    .326669E-01
    .460170E-01
    .492722E-01
    .527922E-01
    .570708E-01
    .549375E-01
    .471147E-01
    .399413E-01
    .345265E-01
    .306090E-01
    .269185E-01
    .220241E-01
    .195143E-01
    .196807E-01
    .193675E-01
    .159878E-01
    .802264E-02
   -.104319E-02
   -.101403E-01
   -.193384E-01
   -.255803E-01
   -.318039E-01
   -.383199E-01
   -.388483E-01
   -.304494E-01
   -.178621E-01
   -.101257E-01
   -.597844E-02
   -.340930E-02
   -.314189E-02
   -.465167E-02
   -.885318E-02
   -.144715E-01
   -.186691E-01
   -.179214E-01
   -.149960E-01
   -.143615E-01
   -.127222E-01
   -.502540E-02
    .634052E-02
    .144193E-01
    .179101E-01
    .185036E-01
    .162947E-01
    .103497E-01
    .174433E-02
   -.574375E-02
   -.117933E-01
   -.193190E-01
   -.241075E-01
   -.235939E-01
   -.222550E-01
   -.221162E-01
   -.231645E-01
   -.269227E-01
   -.305703E-01
   -.325749E-01
   -.336395E-01
   -.331222E-01
   -.321601E-01
   -.313304E-01
   -.284297E-01
   -.229640E-01
   -.191217E-01
   -.154161E-01
   -.811757E-02
    .556099E-03
    .465110E-02
    .633121E-02
    .888158E-02
    .117680E-01
    .140789E-01
    .164240E-01
    .189814E-01
    .204456E-01
    .198794E-01
    .176071E-01
    .122042E-01
    .379497E-02
   -.425188E-02
   -.964217E-02
   -.132030E-01
   -.138040E-01
   -.109942E-01
   -.851546E-02
   -.107856E-01
   -.131756E-01
   -.123944E-01
   -.980413E-02
   -.707857E-02
   -.580145E-02
   -.253748E-02
    .353920E-02
    .779111E-02
    .792276E-02
    .720041E-02
    .732179E-02
    .737465E-02
    .580551E-02
    .293515E-02
    .220706E-02
    .286665E-02
    .298467E-02
    .285978E-02
    .295165E-02
    .305787E-02
    .309519E-02
    .314271E-02
    .320926E-02
    .326182E-02
    .329061E-02
    .253026E-02
   -.761894E-04
   -.138534E-02
    .977219E-03
    .437830E-02
    .719625E-02
    .987238E-02
    .141986E-01
    .199253E-01
    .252800E-01
    .295583E-01
    .318473E-01
    .336206E-01
    .342453E-01
    .355683E-01
    .371574E-01
    .377324E-01
    .393986E-01
    .401655E-01
    .411960E-01
    .424412E-01
    .405594E-01
    .349582E-01
    .302804E-01
    .294430E-01
    .286524E-01
    .251206E-01
    .209246E-01
    .139930E-01
    .564228E-02
    .172735E-02
   -.115422E-02
   -.544899E-02
   -.666409E-02
   -.530080E-02
   -.257606E-02
   -.621685E-03
    .858537E-03
    .353102E-02
    .565632E-02
    .299712E-02
   -.176463E-02
   -.308592E-02
   -.479553E-02
   -.824218E-02
   -.110403E-01
   -.113673E-01
   -.107746E-01
   -.105359E-01
   -.884429E-02
   -.652695E-02
   -.931258E-02
   -.146423E-01
   -.174198E-01
   -.212071E-01
   -.247785E-01
   -.268998E-01
   -.290355E-01
   -.312575E-01
   -.313021E-01
   -.301635E-01
   -.281220E-01
   -.245018E-01
   -.200515E-01
   -.152797E-01
   -.117460E-01
   -.684117E-02
   -.116877E-02
    .931688E-03
    .197460E-03
   -.937142E-04
   -.498862E-03
   -.310335E-02
   -.489387E-02
   -.410969E-02
   -.133101E-02
    .728210E-03
    .194971E-02
    .413384E-02
    .274767E-02
   -.312519E-03
   -.173895E-02
   -.412896E-02
   -.745919E-02
   -.932700E-02
   -.895866E-02
   -.845026E-02
   -.843862E-02
   -.834049E-02
   -.811751E-02
   -.797445E-02
   -.876470E-02
   -.115442E-01
   -.145017E-01
   -.163986E-01
   -.163990E-01
   -.171878E-01
   -.197671E-01
   -.202837E-01
   -.192237E-01
   -.187233E-01
   -.185258E-01
   -.180915E-01
   -.176305E-01
   -.172566E-01
   -.168761E-01
   -.164765E-01
   -.160901E-01
   -.157126E-01
   -.152971E-01
   -.136050E-01
   -.103349E-01
   -.901910E-02
   -.823624E-02
   -.528811E-02
   -.338860E-02
   -.133620E-02
    .845850E-03
    .102094E-02
    .619815E-03
    .814432E-03
    .244058E-02
    .563529E-02
    .879370E-02
    .115399E-01
    .157202E-01
    .192388E-01
    .191670E-01
    .181426E-01
    .176359E-01
    .151980E-01
    .137246E-01
    .178418E-01
    .224371E-01
    .245780E-01
    .255515E-01
    .266297E-01
    .287254E-01
    .290218E-01
    .279389E-01
    .270541E-01
    .244923E-01
    .215323E-01
    .221766E-01
    .251484E-01
    .255966E-01
    .234581E-01
    .202581E-01
    .203092E-01
    .229531E-01
    .222777E-01
    .182997E-01
    .164049E-01
    .166892E-01
    .164922E-01
    .157278E-01
    .136322E-01
    .102284E-01
    .680877E-02
    .375517E-02
    .964527E-03
   -.314746E-03
   -.256956E-02
   -.605350E-02
   -.104682E-01
   -.135636E-01
   -.143965E-01
   -.165599E-01
   -.196051E-01
   -.215863E-01
   -.214135E-01
   -.206559E-01
   -.203343E-01
   -.200563E-01
   -.196434E-01
   -.191296E-01
   -.170956E-01
   -.141355E-01
   -.133291E-01
   -.136221E-01
   -.136562E-01
   -.154736E-01
   -.175441E-01
   -.172353E-01
   -.166830E-01
   -.188053E-01
   -.209771E-01
   -.204753E-01
   -.195167E-01
   -.192632E-01
   -.189433E-01
   -.172940E-01
   -.139538E-01
   -.124841E-01
   -.127459E-01
   -.117121E-01
   -.851706E-02
   -.686798E-02
   -.715907E-02
   -.626024E-02
   -.305288E-02
   -.120839E-02
    .360140E-03
    .270921E-02
    .323941E-02
    .412981E-02
    .688350E-02
    .775027E-02
    .703283E-02
    .683568E-02
    .725621E-02
    .947387E-02
    .117005E-01
    .115273E-01
    .106173E-01
    .850850E-02
    .589587E-02
    .546378E-02
    .590550E-02
    .612677E-02
    .832129E-02
    .114924E-01
    .140323E-01
    .147365E-01
    .141589E-01
    .137684E-01
    .135788E-01
    .118772E-01
    .875682E-02
    .777801E-02
    .822373E-02
    .812416E-02
    .777352E-02
    .765162E-02
    .758861E-02
    .870477E-02
    .111698E-01
    .992955E-02
    .661323E-02
    .604759E-02
    .532306E-02
    .190278E-02
   -.161573E-02
   -.408099E-02
   -.652766E-02
   -.777256E-02
   -.737928E-02
   -.699526E-02
   -.698967E-02
   -.688976E-02
   -.670162E-02
   -.656731E-02
   -.642169E-02
   -.514926E-02
   -.202720E-02
    .867219E-03
    .293490E-02
    .325972E-02
    .285662E-02
    .301550E-02
    .510947E-02
    .757627E-02
    .767703E-02
    .686106E-02
    .502352E-02
    .229325E-02
    .962470E-03
   -.112499E-02
   -.302068E-02
   -.437650E-02
   -.422534E-02
   -.232219E-02
   -.187292E-02
   -.374903E-02
   -.654281E-02
   -.708887E-02
   -.639336E-02
   -.623451E-02
   -.627699E-02
   -.570347E-02
   -.306300E-02
   -.794537E-03
    .681445E-03
    .493786E-02
    .888931E-02
    .112418E-01
    .135303E-01
    .146860E-01
    .124262E-01
    .104095E-01
    .810704E-02
    .490799E-02
    .166881E-02
   -.986496E-03
   -.303558E-02
   -.334019E-02
   -.292253E-02
   -.287775E-02
   -.293435E-02
   -.285625E-02
   -.278246E-02
   -.275034E-02
   -.270720E-02
   -.265376E-02
   -.301406E-02
   -.546210E-02
   -.857385E-02
   -.110885E-01
   -.117997E-01
   -.112473E-01
   -.108725E-01
   -.972879E-02
   -.656435E-02
   -.328410E-02
   -.982912E-03
    .978065E-05
    .126604E-02
    .297270E-03
   -.123146E-02
   -.109917E-02
   -.711293E-03
   -.841680E-03
   -.218434E-02
   -.516018E-02
   -.844214E-02
   -.126690E-01
   -.147207E-01
   -.126915E-01
   -.898920E-02
   -.598732E-02
   -.323618E-02
    .577105E-03
    .485187E-02
    .598879E-02
    .557652E-02
    .787481E-02
    .111649E-01
    .136412E-01
    .155554E-01
    .158359E-01
    .136816E-01
    .126639E-01
    .128863E-01
    .127192E-01
    .122992E-01
    .120638E-01
    .118917E-01
    .127652E-01
    .153697E-01
    .162143E-01
    .153150E-01
    .148284E-01
    .146638E-01
    .128909E-01
    .968635E-02
    .825075E-02
    .617594E-02
    .389587E-02
    .373902E-02
    .409984E-02
    .345936E-02
    .680849E-03
   -.264527E-02
   -.527867E-02
   -.592135E-02
   -.546274E-02
   -.600049E-02
   -.870020E-02
   -.104483E-01
   -.115543E-01
   -.141816E-01
   -.171642E-01
   -.185185E-01
   -.179606E-01
   -.173457E-01
   -.175221E-01
   -.196949E-01
   -.215390E-01
   -.210000E-01
   -.201238E-01
   -.198593E-01
   -.195273E-01
   -.181220E-01
   -.148966E-01
   -.130960E-01
   -.136031E-01
   -.159380E-01
   -.169133E-01
   -.137245E-01
   -.113350E-01
   -.115647E-01
   -.116707E-01
   -.111425E-01
   -.108170E-01
   -.105113E-01
   -.827767E-02
   -.285830E-02
    .272019E-02
    .559692E-02
    .777727E-02
    .105443E-01
    .129232E-01
    .130671E-01
    .123945E-01
    .123390E-01
    .138709E-01
    .163105E-01
    .166616E-01
    .158289E-01
    .155123E-01
    .153918E-01
    .154128E-01
    .174439E-01
    .194358E-01
    .190093E-01
    .181520E-01
    .189885E-01
    .186995E-01
    .175366E-01
    .144504E-01
    .121939E-01
    .104522E-01
    .777480E-02
    .678936E-02
    .703064E-02
    .682063E-02
    .637105E-02
    .610496E-02
    .583868E-02
    .462172E-02
    .160003E-02
   -.274741E-04
    .267144E-03
    .331570E-03
   -.856049E-03
   -.356046E-02
   -.467581E-02
   -.242086E-02
    .305172E-04
   -.438308E-04
   -.691197E-03
   -.712593E-03
   -.733444E-03
   -.938306E-03
   -.109306E-02
   -.119968E-02
   -.132957E-02
   -.146435E-02
   -.158647E-02
   -.173661E-02
   -.292016E-02
   -.532464E-02
   -.606971E-02
   -.605829E-02
   -.800486E-02
   -.935633E-02
   -.876649E-02
   -.786459E-02
   -.587154E-02
   -.403051E-02
   -.396128E-02
   -.420975E-02
   -.400572E-02
   -.381978E-02
   -.375996E-02
   -.366077E-02
   -.353087E-02
   -.341866E-02
   -.330993E-02
   -.319374E-02
   -.307727E-02
   -.296191E-02
   -.310162E-02
   -.449548E-02
   -.556936E-02
   -.513754E-02
   -.454850E-02
   -.456865E-02
   -.571198E-02
   -.643167E-02
   -.506612E-02
   -.285062E-02
   -.215082E-02
   -.183224E-02
   -.261017E-03
    .141794E-02
    .251177E-02
    .258984E-02
    .225789E-02
    .159469E-02
    .361161E-03
    .105466E-03
    .133944E-02
    .219992E-02
    .193595E-02
    .163559E-02
    .159448E-02
    .150393E-02
    .135708E-02
    .124479E-02
    .114715E-02
    .907254E-03
    .823463E-04
   -.506388E-03
   -.762274E-03
   -.128607E-02
   -.132979E-02
   -.972255E-03
   -.703851E-03
   -.166542E-03
    .627590E-03
    .126720E-02
    .152329E-02
    .164173E-02
    .196602E-02
    .191815E-02
    .158449E-02
    .134667E-02
    .117609E-02
    .983628E-03
    .797836E-03
    .636495E-03
    .487237E-03
    .347942E-03
    .182771E-03
   -.160242E-03
   -.405830E-03
   -.381454E-03
   -.328671E-03
   -.329018E-03
   -.318643E-03
   -.291897E-03
   -.266965E-03
   -.241196E-03
   -.210576E-03
   -.176923E-03
   -.141052E-03
   -.102495E-03
   -.613505E-04
   -.179112E-04
    .277120E-04
    .754147E-04
    .125041E-03
    .176446E-03
    .229489E-03
    .284029E-03
    .339694E-03
    .391254E-03
    .446159E-03
    .516512E-03
    .586246E-03
    .647108E-03
    .701526E-03
    .750020E-03
    .792308E-03
