    .0087111
    .0084078
    .0087360
    .0087044
    .0087814
    .0087007
    .0087800
    .0088782
    .0087793
    .0086963
    .0087782
    .0086888
    .0087649
    .0086698
    .0087404
    .0086484
    .0087229
    .0086406
    .0087348
    .0086750
    .0087960
    .0087364
    .0088152
    .0087147
    .0087236
    .0086266
    .0086840
    .0085937
    .0086711
    .0085804
    .0086435
    .0085683
    .0086286
    .0085571
    .0086195
    .0085536
    .0086153
    .0085507
    .0086098
    .0085455
    .0086036
    .0085397
    .0085945
    .0085276
    .0085788
    .0085159
    .0085650
    .0084994
    .0085587
    .0085049
    .0085558
    .0084994
    .0085569
    .0085282
    .0085856
    .0084774
    .0083855
    .0080964
    .0078248
    .0075167
    .0073401
    .0074676
    .0079287
    .0083260
    .0096273
    .0104882
    .0110784
    .0112962
    .0106293
    .0106362
    .0105219
    .0100520
    .0103481
    .0104008
    .0102840
    .0103090
    .0104641
    .0101165
    .0094857
    .0090953
    .0085786
    .0082386
    .0085216
    .0084622
    .0089068
    .0094058
    .0098005
    .0101512
    .0104322
    .0103961
    .0102115
    .0099199
    .0095624
    .0091654
    .0088472
    .0083849
    .0080895
    .0078527
    .0078800
    .0078710
    .0078109
    .0078297
    .0079141
    .0079636
    .0078109
    .0073727
    .0097985
    .0106159
    .0107334
    .0113073
    .0108538
    .0111309
    .0114708
    .0126159
    .0166839
    .0193613
    .0245688
    .0267695
    .0222358
    .0216444
    .0187881
    .0149975
    .0146810
    .0119566
    .0077368
    .0056271
    .0041333
    .0027302
    .0021802
    .0019308
    .0017515
    .0016836
    .0016562
    .0016280
    .0016648
    .0016364
    .0018632
    .0018625
    .0008634
    .0035117
    .0110270
    .0150866
    .0222126
    .0270510
    .0250636
    .0254877
    .0264873
    .0242779
    .0215914
    .0199126
    .0196791
    .0163643
    .0083184
    .0065041
    .0068275
    .0049065
    .0054420
    .0055378
    .0042634
    .0052198
    .0078282
    .0105396
    .0148709
    .0198184
    .0255247
    .0305396
    .0326706
    .0334276
    .0333103
    .0353405
    .0371590
    .0372380
    .0395310
    .0391497
    .0353493
    .0323828
    .0244408
    .0203447
    .0179068
    .0144042
    .0249508
    .0254030
    .0231212
    .0255816
    .0238815
    .0230290
    .0256580
    .0226301
    .0147088
    .0103363
    .0029054
   -.0011512
    .0017946
    .0006652
    .0040825
    .0084653
    .0111158
    .0136463
    .0154682
    .0162056
    .0156575
    .0142179
    .0123629
    .0101839
    .0076993
    .0142916
    .0271484
    .0342634
    .0467725
    .0549442
    .0503440
    .0533154
    .0565842
    .0553241
    .0546110
    .0529504
    .0513549
    .0486789
    .0440602
    .0409591
    .0391330
    .0374418
    .0367629
    .0366978
    .0376042
    .0383923
    .0383258
    .0380834
    .0376504
    .0376171
    .0371433
    .0364363
    .0361557
    .0352267
    .0352074
    .0330612
    .0268821
    .0230493
    .0176138
    .0119110
    .0091997
    .0038752
   -.0019796
   -.0062634
   -.0124725
   -.0158623
   -.0147381
   -.0170436
   -.0157922
   -.0190040
   -.0321104
   -.0372077
   -.0483073
   -.0546810
   -.0480104
   -.0473433
   -.0374991
   -.0300145
   -.0273809
   -.0215530
   -.0218845
   -.0207123
   -.0185156
   -.0180926
   -.0172602
   -.0162172
   -.0132486
   -.0122055
   -.0182741
   -.0163245
   -.0095558
   -.0027977
    .0071530
    .0182207
    .0304518
    .0410682
    .0492247
    .0442916
    .0249085
    .0151402
   -.0036875
   -.0169556
   -.0092115
   -.0134655
   -.0069351
   -.0029420
   -.0027433
   -.0001776
   -.0033126
   -.0085245
   -.0140043
   -.0246555
   -.0416812
   -.0506488
   -.0573901
   -.0631095
   -.0532425
   -.0477869
   -.0465185
   -.0352344
   -.0210851
   -.0075233
    .0053885
    .0153424
    .0225716
    .0212853
   -.0000347
   -.0090529
   -.0252244
   -.0380703
   -.0319124
   -.0375977
   -.0395970
   -.0355291
   -.0349005
   -.0282733
   -.0159181
   -.0050567
    .0049127
    .0143030
    .0220242
    .0192144
    .0029269
   -.0069532
   -.0162473
   -.0305194
   -.0349772
   -.0350250
   -.0286355
   -.0196059
   -.0075434
    .0014350
    .0073436
    .0105734
    .0097123
    .0064657
    .0020606
   -.0031870
   -.0090831
   -.0138345
   -.0166418
   -.0183087
   -.0156999
   -.0126170
   -.0071019
   -.0006879
    .0057381
    .0107854
    .0146364
    .0100320
   -.0007459
   -.0053419
   -.0148045
   -.0279157
   -.0392891
   -.0492586
   -.0648183
   -.0669602
   -.0563923
   -.0533741
   -.0505595
   -.0435396
   -.0417644
   -.0391606
   -.0391859
   -.0387384
   -.0366303
   -.0358961
   -.0376852
   -.0333741
   -.0223080
   -.0165062
   -.0058155
   -.0003195
   -.0062952
   -.0071851
   -.0146838
   -.0239161
   -.0261233
   -.0267654
   -.0258220
   -.0306475
   -.0358572
   -.0372291
   -.0443589
   -.0445473
   -.0351609
   -.0288329
   -.0112157
    .0003173
    .0073677
    .0154892
    .0110464
    .0091758
    .0059886
   -.0008000
   -.0047915
   -.0055038
    .0033703
    .0151014
    .0272212
    .0196088
   -.0002860
   -.0059909
   -.0260874
   -.0365412
   -.0185578
   -.0188102
   -.0061820
    .0012832
   -.0080564
   -.0075626
   -.0171372
   -.0226726
   -.0254797
   -.0258115
   -.0137969
   -.0046341
    .0170126
    .0306529
    .0396953
    .0437308
    .0232231
    .0160377
    .0019334
   -.0110182
   -.0021106
   -.0105201
   -.0179059
   -.0223510
   -.0388279
   -.0462744
   -.0520124
   -.0556922
   -.0482697
   -.0436041
   -.0321094
   -.0234478
   -.0179531
   -.0138467
   -.0240475
   -.0273894
   -.0357153
   -.0411315
   -.0349836
   -.0344126
   -.0282081
   -.0207110
   -.0154185
   -.0099625
   -.0054897
   -.0040396
   -.0069318
   -.0108663
   -.0201318
   -.0292610
   -.0409128
   -.0518215
   -.0607229
   -.0691581
   -.0709804
   -.0756254
   -.0784055
   -.0795204
   -.0866543
   -.0908164
   -.0892638
   -.0987105
   -.1125154
   -.1204203
   -.1333216
   -.1411485
   -.1343585
   -.1371056
   -.1407484
   -.1397840
   -.1380497
   -.1348565
   -.1317658
   -.1286274
   -.1252125
   -.1217139
   -.1180527
   -.1142184
   -.1102775
   -.1098678
   -.1115891
   -.1108650
   -.1124237
   -.1123266
   -.1071291
   -.1041361
   -.0979232
   -.0924522
   -.0892739
   -.0859648
   -.0835138
   -.0815347
   -.0804213
   -.0794682
   -.0782368
   -.0766664
   -.0746982
   -.0739427
   -.0737267
   -.0730552
   -.0732081
   -.0719262
   -.0688145
   -.0659393
   -.0620644
   -.0573247
   -.0527702
   -.0488596
   -.0462591
   -.0416335
   -.0349162
   -.0324341
   -.0308962
   -.0276540
   -.0264978
   -.0248231
   -.0219041
   -.0209262
   -.0216514
   -.0226723
   -.0249740
   -.0275689
   -.0312260
   -.0340684
   -.0335256
   -.0346716
   -.0382205
   -.0371701
   -.0347743
   -.0328592
   -.0286521
   -.0240173
   -.0204849
   -.0171097
   -.0086218
   -.0055478
   -.0119254
   -.0143191
   -.0218632
   -.0286925
   -.0231843
   -.0165438
    .0038636
    .0205869
    .0467533
    .0903420
    .1196933
    .1520427
    .1943461
    .2187240
    .2399422
    .2622614
    .2684934
    .2960893
    .3137561
    .3299518
    .3430862
    .3734081
    .3882420
    .4114828
    .4183579
    .4288435
    .4376744
    .4451870
    .4538980
    .4642705
    .4776269
    .4923299
    .5149658
    .5286497
    .5419928
    .5469418
    .5505220
    .5490000
    .5407788
    .5366735
    .5358130
    .5379366
    .5266397
    .5153103
    .5110449
    .4968482
    .4741976
    .4719378
    .4524450
    .4227740
    .3984404
    .3663075
    .3232682
    .3014735
    .2918473
    .2778802
    .2777152
    .2623697
    .2577799
    .2586022
    .2586863
    .2601472
    .2609720
    .2629683
    .2597413
    .2610182
    .2647616
    .2703940
    .2849228
    .2893519
    .2896403
    .2950377
    .3023373
    .2967820
    .2942068
    .2892602
    .2873833
    .2834929
    .2805934
    .2820814
    .2826773
    .2818071
    .2734716
    .2810531
    .2755022
    .2650977
    .2606082
    .2562735
    .2505946
    .2400603
    .2297236
    .2224159
    .2112848
    .1976487
    .1806487
    .1638368
    .1413162
    .1262288
    .1116180
    .0961774
    .0840464
    .0784148
    .0628094
    .0419107
    .0423628
    .0327383
    .0274587
    .0252972
    .0143561
   -.0017154
   -.0087800
   -.0265718
   -.0415716
   -.0594029
   -.0640497
   -.0591345
   -.0604687
   -.0650502
   -.0700818
   -.0768066
   -.0854586
   -.0950540
   -.0918438
   -.0828092
   -.0793122
   -.0599420
   -.0565756
   -.0356161
   -.0205059
   -.0179623
   -.0087282
    .0060010
    .0144995
    .0136699
    .0063495
    .0009878
   -.0025021
   -.0084281
   -.0208349
   -.0265891
   -.0373194
   -.0499338
   -.0976160
   -.1067396
   -.1507517
   -.1852330
   -.2028550
   -.2339241
   -.2296709
   -.2250740
   -.2209473
   -.2092172
   -.1898016
   -.1754148
   -.1201684
   -.0883824
   -.0719147
   -.0461881
   -.0505224
   -.0489384
   -.0509923
   -.0537232
   -.0580392
   -.0681190
   -.0816157
   -.1037471
   -.1425501
   -.1508027
   -.1700929
   -.1806851
   -.2299685
   -.2364259
   -.2459438
   -.2484841
   -.2327834
   -.2102414
   -.1819522
   -.1778040
   -.1768643
   -.1571002
   -.1293755
   -.1253580
   -.1053233
   -.0875107
   -.0758181
   -.0667493
   -.0526856
   -.0579358
   -.0627060
   -.0687647
   -.0794998
   -.1046206
   -.1104679
   -.1244344
   -.1313749
   -.1583897
   -.1943226
   -.1966661
   -.1965123
   -.1978678
   -.2034814
   -.1992755
   -.1902097
   -.1849937
   -.1779335
   -.1699489
   -.1517485
   -.1352259
   -.1388556
   -.1307298
   -.1116401
   -.1075609
   -.1019163
   -.0944675
   -.0926146
   -.0963905
   -.0968330
   -.0964583
   -.1010105
   -.1115030
   -.1080260
   -.1167245
   -.1213479
   -.1189637
   -.1230025
   -.1244567
   -.1246154
   -.1233198
   -.1239498
   -.1257689
   -.1207748
   -.1154306
   -.1142911
   -.1076483
   -.1019440
   -.1011422
   -.0980282
   -.0955586
   -.0880494
   -.0851508
   -.0832260
   -.0823916
   -.0802559
   -.0836233
   -.0838811
   -.0897225
   -.0934445
   -.0943880
   -.0977535
   -.1041922
   -.1054491
   -.1081746
   -.1146130
   -.1213628
   -.1290327
   -.1364108
   -.1424676
   -.1467845
   -.1531563
   -.1568308
   -.1576655
   -.1597024
   -.1628485
   -.1612502
   -.1682131
   -.1750440
   -.1798596
   -.1861810
   -.1863557
   -.1954959
   -.1896148
   -.1874096
   -.1891236
   -.1891453
   -.1923797
   -.1890170
   -.1952196
   -.1989172
   -.1936617
   -.1921357
   -.2064191
   -.1975917
   -.1949122
   -.1961169
   -.1908194
   -.1898274
   -.1872322
   -.1862019
   -.1926201
   -.1921284
   -.1951747
   -.1928743
   -.1890576
   -.1808998
   -.1718519
   -.1632192
   -.1582718
   -.1528227
   -.1460916
   -.1403539
   -.1372366
   -.1364461
   -.1329362
   -.1299773
   -.1244312
   -.1185556
   -.1079843
   -.0965548
   -.0910758
   -.0854932
   -.0812303
   -.0804038
   -.0751594
   -.0759326
   -.0783283
   -.0772921
   -.0762845
   -.0872143
   -.0959001
   -.0894100
   -.0825751
   -.0802609
   -.0711352
   -.0587902
   -.0511884
   -.0472158
   -.0377000
   -.0350714
   -.0327869
   -.0294386
   -.0267982
   -.0199338
   -.0112070
   -.0045156
    .0011686
    .0055393
    .0152744
    .0221183
    .0283635
    .0336886
    .0404093
    .0440645
    .0483065
    .0542264
    .0520857
    .0597934
    .0619482
    .0612647
    .0676434
    .0658657
    .0637953
    .0658588
    .0635820
    .0612976
    .0607231
    .0626905
    .0618518
    .0669898
    .0742933
    .0904529
    .0964726
    .1119010
    .1170777
    .1147233
    .1174521
    .1124969
    .1163360
    .1167443
    .1145924
    .1095344
    .1142428
    .1101085
    .1130295
    .1106983
    .1023169
    .1040669
    .0795569
    .0731167
    .0537057
    .0455834
    .0382479
    .0284693
    .0231613
    .0240021
    .0282922
    .0350363
    .0443594
    .0607883
    .0712935
    .0831016
    .0982298
    .1073727
    .1161591
    .1355446
    .1412876
    .1448457
    .1465184
    .1395443
    .1424353
    .1360786
    .1359543
    .1395569
    .1434589
    .1405380
    .1304081
    .1194027
    .0875701
    .0616651
    .0463972
    .0312004
    .0144249
   -.0075849
   -.0290160
   -.0361858
   -.0488805
   -.0611067
   -.0658253
   -.0751420
   -.0848713
   -.0848046
   -.0876619
   -.0936728
   -.0973888
   -.0884961
   -.0804495
   -.0697589
   -.0569731
   -.0544388
   -.0318024
   -.0267472
   -.0236037
   -.0152027
   -.0149113
   -.0113732
   -.0104772
   -.0092839
   -.0017914
    .0027764
    .0090709
    .0156635
    .0165367
    .0207694
    .0247603
    .0279753
    .0333171
    .0351964
    .0450335
    .0499108
    .0558157
    .0612431
    .0624582
    .0672675
    .0705921
    .0743780
    .0795063
    .0838067
    .0872493
    .0922574
    .0977765
    .0975965
    .0970157
    .0989054
    .1008297
    .1061729
    .1112133
    .1115366
    .1057767
    .1062856
    .0990576
    .0916624
    .0972758
    .0914834
    .0873064
    .0923886
    .0924258
    .0916202
    .0872970
    .0882571
    .0881585
    .0811843
    .0791076
    .0784653
    .0836099
    .0864280
    .0913628
    .0986065
    .1036082
    .1048732
    .1102890
    .1095281
    .1165840
    .1173280
    .1219046
    .1250531
    .1305972
    .1388337
    .1480957
    .1500630
    .1528518
    .1546880
    .1501333
    .1389898
    .1365281
    .1365606
    .1386975
    .1400408
    .1371777
    .1318729
    .1282626
    .1225483
    .1141270
    .1062794
    .0961065
    .0890744
    .0815308
    .0840734
    .0803932
    .0760743
    .0769058
    .0720055
    .0624594
    .0581075
    .0510974
    .0415905
    .0385261
    .0308736
    .0261166
    .0210571
    .0199382
    .0181356
    .0166422
    .0164475
    .0145903
    .0120300
    .0082447
    .0060676
   -.0016082
   -.0077901
    .0063574
    .0070301
    .0093784
    .0161566
    .0290215
    .0342291
    .0389862
    .0387167
    .0408730
    .0418924
    .0409462
    .0494054
    .0532966
    .0598851
    .0759928
    .0806022
    .0860461
    .0917191
    .0872604
    .0866244
    .0801994
    .0792428
    .0721207
    .0696357
    .0629627
    .0545600
    .0379241
    .0313351
    .0196209
   -.0034368
   -.0209084
   -.0375466
   -.0584125
   -.0766676
   -.0824106
   -.0922243
   -.0968766
   -.0997206
   -.0943576
   -.0786536
   -.0651085
   -.0550833
   -.0635319
   -.0673437
   -.0651332
   -.0566953
   -.0447019
   -.0361735
   -.0217633
   -.0018045
    .0110792
    .0291007
    .0297473
    .0225902
    .0189549
   -.0015829
   -.0032787
   -.0052224
   -.0016286
    .0012246
   -.0087900
   -.0003105
    .0143274
    .0161403
    .0292653
    .0390396
    .0472776
    .0565868
    .0592189
    .0626281
    .0644309
    .0682611
    .0701438
    .0633245
    .0580379
    .0528157
    .0500846
    .0464029
    .0354022
    .0269004
    .0298017
    .0305278
    .0224066
    .0093733
   -.0037696
   -.0090764
   -.0244313
   -.0301074
   -.0290355
   -.0330206
   -.0594928
   -.0663641
   -.0812859
   -.0992587
   -.1096824
   -.1166184
   -.1252298
   -.1231723
   -.1178725
   -.1081212
   -.0943906
   -.0806086
   -.0666565
   -.0533159
   -.0376425
   -.0064256
    .0079940
    .0287878
    .0376253
    .0532706
    .0638382
    .0727518
    .0776574
    .0756258
    .0850010
    .0910204
    .0973701
    .0947193
    .0883520
    .0851874
    .0765090
    .0728011
    .0696509
    .0696000
    .0645032
    .0634965
    .0613648
    .0649382
    .0576470
    .0542018
    .0513574
    .0580657
    .0602510
    .0539368
    .0459983
    .0420721
    .0341793
    .0250833
    .0080221
   -.0055807
   -.0292251
   -.0435182
   -.0479847
   -.0507194
   -.0518328
   -.0505604
   -.0596070
   -.0688038
   -.0691903
   -.0706449
   -.0679594
   -.0606247
   -.0545697
   -.0389461
   -.0272107
   -.0036551
    .0108290
    .0175091
    .0387669
    .0522300
    .0671632
    .0857531
    .1019166
    .1212929
    .1244994
    .1365326
    .1470893
    .1585681
    .1502247
    .1649439
    .1645755
    .1447414
    .1428689
    .1355016
    .1190571
    .1087601
    .1049854
    .0984165
    .0824207
    .0635292
    .0647581
    .0442245
    .0438713
    .0560002
    .0436322
    .0429493
    .0345145
    .0322835
    .0144504
    .0002056
   -.0126293
   -.0269988
   -.0225003
   -.0282342
   -.0362018
   -.0319265
   -.0297929
   -.0314481
   -.0328357
   -.0329829
   -.0356902
   -.0383472
   -.0389361
   -.0393522
   -.0427822
   -.0384287
   -.0352422
   -.0345267
   -.0302406
   -.0233635
   -.0169983
   -.0154573
   -.0054264
    .0012002
    .0082829
    .0157377
    .0263003
    .0375102
    .0437030
    .0527242
    .0575895
    .0684825
    .0720179
    .0762103
    .0858992
    .0947665
    .1050609
    .1114097
    .1090091
    .1071604
    .1071501
    .1058021
    .0967969
    .0913418
    .0837583
    .0793028
    .0778466
    .0662288
    .0581984
    .0473988
    .0329083
    .0172044
    .0061681
   -.0076930
   -.0199861
   -.0341291
   -.0493037
   -.0624043
   -.0658301
   -.0755544
   -.0927655
   -.1154928
   -.1171239
   -.1196945
   -.1258402
   -.1268877
   -.1237344
   -.1181351
   -.1123319
   -.0991370
   -.0913226
   -.0831485
   -.0664759
   -.0532979
   -.0450372
   -.0347580
   -.0261489
   -.0304303
   -.0267232
   -.0202283
   -.0191006
   -.0166564
   -.0065342
    .0034156
    .0085484
    .0090607
    .0063306
    .0061652
    .0040593
    .0004856
   -.0005801
   -.0031891
   -.0016114
   -.0064576
    .0019953
    .0131790
    .0174961
    .0187780
    .0223839
    .0282758
    .0329657
    .0354699
    .0338186
    .0309872
    .0321107
    .0361174
    .0391548
    .0430024
    .0440103
    .0478356
    .0529248
    .0481077
    .0522930
    .0527799
    .0547789
    .0531287
    .0519778
    .0500547
    .0504349
    .0450248
    .0422432
    .0421534
    .0425838
    .0426704
    .0449332
    .0488391
    .0526793
    .0519924
    .0512258
    .0500092
    .0496608
    .0526287
    .0500656
    .0548863
    .0587223
    .0731552
    .0790909
    .0866489
    .0889242
    .0893075
    .0903289
    .0788329
    .0690382
    .0623762
    .0419190
    .0483967
    .0509122
    .0283297
    .0255741
    .0238934
    .0262007
    .0137617
    .0130639
    .0082192
   -.0005349
   -.0083321
   -.0220359
   -.0334724
   -.0496281
   -.0608615
   -.0686757
   -.0619251
   -.0420808
   -.0298157
   -.0222062
   -.0176064
   -.0184877
   -.0262160
   -.0336661
   -.0362612
   -.0383111
   -.0380788
   -.0321473
   -.0291707
   -.0128989
   -.0036612
   -.0048518
    .0030687
    .0157631
   -.0004739
   -.0275797
   -.0422383
   -.0188306
   -.0109215
   -.0476999
   -.0393658
   -.0354512
   -.0390032
   -.0444640
   -.0522641
   -.0572096
   -.0778645
   -.0936745
   -.0773320
   -.0547982
   -.0213568
   -.0017044
    .0007812
   -.0036420
   -.0189177
   -.0166743
   -.0087056
   -.0154142
   -.0061658
   -.0056086
   -.0018636
    .0007473
    .0000693
   -.0061157
   -.0172774
   -.0335824
   -.0456149
   -.0647108
   -.0776741
   -.0826123
   -.0863017
   -.0840035
   -.0759445
   -.0779219
   -.0765165
   -.0612893
   -.0676673
   -.0634631
   -.0603771
   -.0728562
   -.0709622
   -.0658722
   -.0573540
   -.0448163
   -.0383831
   -.0301250
   -.0234250
   -.0186324
   -.0131502
   -.0085617
   -.0148575
   -.0143593
   -.0154822
   -.0136018
   -.0097894
   -.0017538
    .0020711
    .0030077
    .0050613
    .0075149
    .0044403
    .0004936
   -.0023843
   -.0126467
   -.0144692
   -.0164359
   -.0154932
   -.0096638
   -.0084367
   -.0054106
    .0030436
    .0090734
    .0146257
    .0211230
    .0226745
    .0223948
    .0201695
    .0160189
    .0118532
   -.0023923
   -.0074470
   -.0145879
   -.0135574
   -.0112753
   -.0099449
   -.0057426
   -.0032558
   -.0073001
   -.0196977
   -.0229046
   -.0232863
   -.0211982
   -.0160150
   -.0124635
   -.0061952
   -.0046420
   -.0048842
   -.0041116
   -.0040758
   -.0057662
   -.0062107
   -.0065551
   -.0024280
    .0044253
    .0081920
    .0120343
    .0160905
    .0168663
    .0155740
    .0144963
    .0127762
    .0118216
    .0126872
    .0147476
    .0158799
    .0179372
    .0214399
    .0243175
    .0301295
    .0317249
    .0338252
    .0358444
    .0392365
    .0411706
    .0418676
    .0434501
    .0437195
    .0428963
    .0449698
    .0448937
    .0449273
    .0472860
    .0497522
    .0465866
    .0444980
    .0451325
    .0485943
    .0479792
    .0529999
    .0640250
    .0697052
    .0765598
    .0859026
    .0913497
    .0962093
    .0941202
    .0954955
    .0919580
    .0930151
    .0928390
    .0958868
    .0823746
    .0779704
    .0745069
    .0726719
    .0688220
    .0655977
    .0592407
    .0531712
    .0479014
    .0460022
    .0444074
    .0452922
    .0513881
    .0494048
    .0453753
    .0442107
    .0456143
    .0446143
    .0401982
    .0332297
    .0376966
    .0372925
    .0441361
    .0482849
    .0492539
    .0466406
    .0426291
    .0220204
    .0108735
   -.0017391
   -.0128514
   -.0215363
   -.0242204
   -.0187213
   -.0349251
   -.0421739
   -.0414494
   -.0475787
   -.0551651
   -.0719969
   -.0719508
   -.0650960
   -.0567273
   -.0438320
   -.0312884
   -.0172159
   -.0002910
    .0346835
    .0504646
    .0724696
    .0782257
    .0878143
    .0971106
    .1043752
    .1093150
    .1115838
    .1089832
    .0881230
    .0748965
    .0569645
    .0315713
    .0240187
    .0122527
    .0116375
    .0085640
   -.0022869
   -.0149957
   -.0201834
   -.0319273
   -.0448238
   -.0475079
   -.0460127
   -.0450505
   -.0405281
   -.0380299
   -.0335576
   -.0325839
   -.0269028
   -.0336961
   -.0359826
   -.0291425
   -.0263692
   -.0262724
   -.0238073
   -.0123444
    .0071656
    .0176068
    .0344385
    .0534567
    .0822312
    .0913698
    .0909469
    .0886261
    .0880944
    .0833189
    .0810570
    .0827347
    .0766866
    .0726195
    .0835250
    .0769405
    .0708210
    .0562620
    .0336300
    .0123117
    .0019805
    .0018540
    .0037686
    .0072387
    .0137541
    .0148175
    .0165427
    .0170395
    .0203051
    .0232330
    .0245218
    .0215299
    .0156131
    .0188608
    .0195759
    .0267522
    .0426922
    .0521743
    .0537610
    .0525497
    .0519950
    .0506383
    .0461505
    .0388962
    .0290604
    .0251063
    .0228023
    .0227827
    .0178083
    .0177014
    .0112770
    .0063513
    .0025301
   -.0077515
   -.0085040
   -.0083568
   -.0022378
    .0002924
    .0052702
    .0104574
    .0133191
    .0157001
    .0202681
    .0214286
    .0215750
    .0211283
    .0203365
    .0215594
    .0240045
    .0268819
    .0281229
    .0283756
    .0291972
    .0292518
    .0271317
    .0246810
    .0189160
    .0187841
    .0174986
    .0173303
    .0157666
    .0144126
    .0131108
    .0133444
    .0127109
    .0112644
    .0116417
    .0130556
    .0150688
    .0164657
    .0152637
    .0127554
    .0113599
    .0091740
    .0070667
    .0062513
    .0075429
    .0052736
    .0049799
    .0052052
    .0064072
    .0073078
    .0079003
    .0076938
    .0088366
    .0084143
    .0046457
    .0053175
    .0060564
    .0060309
    .0046865
    .0080986
    .0104374
    .0132999
    .0153033
    .0181339
    .0196759
    .0244252
    .0235256
    .0210960
    .0197869
    .0201118
    .0196222
    .0197486
    .0197304
    .0187818
    .0179145
    .0177826
    .0175581
    .0166318
    .0155890
    .0176254
    .0169476
    .0147830
    .0134614
    .0128391
    .0109172
    .0090509
    .0086584
    .0100912
    .0109376
    .0089783
    .0082985
    .0042318
   -.0001329
   -.0045920
   -.0169908
   -.0221247
   -.0281487
   -.0337803
   -.0351159
   -.0335996
   -.0344220
   -.0297287
   -.0287987
   -.0270726
   -.0192294
   -.0162104
   -.0156971
   -.0121962
   -.0041892
   -.0024185
    .0054979
    .0102832
    .0154570
    .0218060
    .0273879
    .0369972
    .0396018
    .0430765
    .0448903
    .0449188
    .0458410
    .0433770
    .0422824
    .0413961
    .0413306
    .0430644
    .0423741
    .0369088
    .0313938
    .0263338
    .0155040
   -.0113554
   -.0142543
   -.0196686
   -.0224163
   -.0221134
   -.0232866
   -.0231822
   -.0241201
   -.0238438
   -.0202580
   -.0151514
   -.0089424
   -.0028533
    .0042624
    .0116155
    .0184592
    .0245177
    .0285649
    .0341295
    .0338149
    .0330662
    .0344980
    .0346709
    .0339016
    .0375150
    .0414227
    .0429223
    .0430180
    .0404321
    .0347406
    .0319084
    .0260940
   -.0040946
   -.0141649
   -.0127696
   -.0240515
   -.0260489
   -.0276817
   -.0265702
   -.0253706
   -.0268954
   -.0262013
   -.0102580
   -.0112365
   -.0035325
    .0103541
    .0340028
    .0484950
    .0642644
    .0680203
    .0710015
    .0658442
    .0592429
    .0545089
    .0494038
    .0452714
    .0431517
    .0355547
    .0203763
    .0158164
    .0077097
   -.0020508
   -.0108153
   -.0178827
   -.0252697
   -.0338067
   -.0365026
   -.0406669
   -.0393804
   -.0371726
   -.0321529
   -.0225089
   -.0126677
   -.0093832
    .0019359
    .0111364
    .0127440
    .0165407
    .0329072
    .0409948
    .0439104
    .0456869
    .0454057
    .0439281
    .0366821
    .0347520
    .0267020
    .0248785
    .0220403
    .0205498
    .0164949
    .0125660
    .0136752
    .0148838
    .0145734
    .0137619
    .0190733
    .0233454
    .0222032
    .0288911
    .0275961
    .0295292
    .0325035
    .0340122
    .0331727
    .0327654
    .0320618
    .0306168
    .0261117
    .0213263
    .0156356
    .0126115
    .0108108
    .0064849
    .0020219
    .0000524
   -.0038764
   -.0088186
   -.0108031
   -.0133219
   -.0158427
   -.0178218
   -.0197706
   -.0218329
   -.0237620
   -.0252951
   -.0273048
   -.0277599
   -.0278187
   -.0274959
   -.0275196
   -.0279121
   -.0270276
   -.0275187
   -.0292012
   -.0285336
   -.0264762
   -.0270721
   -.0246006
   -.0232125
   -.0220570
   -.0216030
   -.0213994
   -.0221798
   -.0224367
   -.0220560
   -.0218151
   -.0241304
   -.0246795
   -.0288588
   -.0307548
   -.0322146
   -.0352818
   -.0383178
   -.0414575
   -.0434365
   -.0440606
   -.0452538
   -.0440388
   -.0442803
   -.0442047
   -.0457960
   -.0449470
   -.0457319
   -.0448343
   -.0413270
   -.0399483
   -.0367604
   -.0348593
   -.0345281
   -.0335332
   -.0334467
   -.0339364
   -.0343370
   -.0343826
   -.0342668
   -.0336390
   -.0323749
   -.0310986
   -.0282792
   -.0261844
   -.0230135
   -.0198564
   -.0200108
   -.0179084
   -.0178642
   -.0157832
   -.0079517
   -.0049262
   -.0004724
    .0054222
    .0068130
    .0130738
    .0199699
    .0248081
    .0306410
    .0344702
    .0368197
    .0379465
    .0375102
    .0362220
    .0341289
    .0313520
    .0283296
    .0251567
    .0220914
    .0192740
    .0167654
    .0144460
    .0129649
    .0110216
    .0090647
    .0067939
    .0026760
   -.0010667
   -.0061306
   -.0107206
   -.0148007
   -.0189895
   -.0203427
   -.0226120
   -.0228770
   -.0246260
   -.0301808
   -.0305930
   -.0319396
   -.0339866
   -.0335695
   -.0356253
   -.0386707
   -.0396121
   -.0390166
   -.0372446
   -.0354298
   -.0332222
   -.0303383
   -.0272890
   -.0243980
   -.0217998
   -.0195457
   -.0176766
   -.0165595
   -.0161830
   -.0164372
   -.0167467
   -.0173725
   -.0181744
   -.0182717
   -.0180649
   -.0173184
   -.0162534
   -.0149125
   -.0133606
   -.0116990
   -.0101134
   -.0085164
   -.0073754
   -.0071751
   -.0048708
   -.0028827
   -.0035362
    .0019461
    .0040500
    .0031598
    .0038795
    .0012095
    .0001017
   -.0015072
   -.0028489
   -.0013611
    .0012239
    .0044958
    .0082054
    .0132451
    .0181983
    .0222426
    .0256281
    .0278141
    .0289943
    .0289756
    .0275535
    .0248940
    .0213797
    .0174785
    .0133501
    .0091412
    .0050051
    .0011536
   -.0023412
   -.0067552
   -.0109487
   -.0135371
   -.0157658
   -.0189137
   -.0210881
   -.0219625
   -.0243260
   -.0264264
   -.0276339
   -.0307239
   -.0320205
   -.0322118
   -.0332783
   -.0338223
   -.0338849
   -.0341077
   -.0342257
   -.0343845
   -.0343882
   -.0341194
   -.0336541
   -.0330250
   -.0322892
   -.0315076
   -.0306860
   -.0298628
   -.0288798
   -.0275609
   -.0258492
   -.0239649
   -.0222094
   -.0200974
   -.0177507
   -.0163209
   -.0134515
   -.0084169
   -.0038173
    .0004671
    .0053678
    .0075887
    .0114714
    .0176117
    .0219891
    .0268711
    .0322359
    .0356580
    .0377286
    .0370462
    .0367427
    .0372695
    .0365510
    .0380829
    .0357349
    .0333834
    .0332330
    .0305405
    .0290138
    .0290223
    .0277330
    .0258251
    .0233645
    .0206799
    .0179059
    .0150998
    .0122942
    .0095698
    .0069545
    .0045227
    .0023135
    .0003781
   -.0012126
   -.0024305
   -.0031876
   -.0034232
   -.0029790
   -.0017929
   -.0002226
    .0018195
    .0040081
    .0059850
    .0081968
    .0095449
    .0120104
    .0151997
    .0181333
    .0234924
    .0272274
    .0297948
    .0345595
    .0363159
    .0396689
    .0455150
    .0486864
    .0520355
    .0551584
    .0546408
    .0553857
    .0570481
    .0572119
    .0585677
    .0590791
    .0591150
    .0592729
    .0583796
    .0572914
    .0550211
    .0525373
    .0499328
    .0471498
    .0455140
    .0435088
    .0421755
    .0414099
    .0406449
    .0396375
    .0386753
    .0375618
    .0349608
    .0330791
    .0307133
    .0282178
    .0265933
    .0245336
    .0231214
    .0216432
    .0197941
    .0186553
    .0170485
    .0166988
    .0175384
    .0187016
    .0217554
    .0233679
    .0252658
    .0267805
    .0264939
    .0271639
    .0266341
    .0248067
    .0234143
    .0230507
    .0219722
    .0219962
    .0236085
    .0228594
    .0229420
    .0233948
    .0216583
    .0219683
    .0239646
    .0256733
    .0276545
    .0295337
    .0316589
    .0365132
    .0405428
    .0423021
    .0450090
    .0515844
    .0532694
    .0561617
    .0632087
    .0679788
    .0692629
    .0704178
    .0711659
    .0718540
    .0720246
    .0717404
    .0710789
    .0704316
    .0699178
    .0694628
    .0688940
    .0681179
    .0672222
    .0660789
    .0648103
    .0633317
    .0614360
    .0595522
    .0574402
    .0552954
    .0530604
    .0507800
    .0484450
    .0459850
    .0427679
    .0389225
    .0346844
    .0295250
    .0243379
    .0188870
    .0143209
    .0102926
    .0059561
    .0027798
   -.0002634
   -.0032039
   -.0055829
   -.0075945
   -.0090183
   -.0098581
   -.0101401
   -.0099102
   -.0092371
   -.0081829
   -.0068195
   -.0054527
   -.0041069
   -.0030019
   -.0020480
   -.0011828
   -.0004609
    .0001540
    .0006754
    .0012485
    .0024452
    .0037568
    .0059068
    .0087813
    .0109874
    .0134973
    .0158202
    .0178710
    .0196459
    .0210626
    .0218916
    .0222570
    .0220219
    .0211445
    .0199670
    .0185805
    .0173402
    .0159386
    .0158233
    .0156987
    .0168805
    .0175267
    .0172683
    .0159999
    .0155243
    .0148828
    .0141867
    .0124038
    .0100361
    .0077050
    .0052548
    .0021135
   -.0001958
   -.0018583
   -.0027972
   -.0032070
   -.0028042
   -.0018758
   -.0002023
    .0018301
    .0042159
    .0072223
    .0103473
    .0134187
    .0157256
    .0175801
    .0182522
    .0186287
    .0190142
    .0190937
    .0196871
    .0197729
    .0206309
    .0204115
    .0179363
    .0167320
    .0157238
    .0139329
    .0127916
    .0121207
    .0126916
    .0126785
    .0123976
    .0125985
    .0127498
    .0126000
    .0122933
    .0118138
    .0112083
    .0104955
    .0096842
    .0087177
    .0077936
    .0071457
    .0058550
    .0055060
    .0068203
    .0072659
    .0097281
    .0106970
    .0099033
    .0088323
    .0049012
    .0028308
   -.0001963
   -.0032013
   -.0036343
   -.0060388
   -.0075669
   -.0087929
   -.0121870
   -.0123982
   -.0116066
   -.0113497
   -.0077753
   -.0054519
   -.0040082
   -.0011223
    .0009605
    .0020858
    .0044665
    .0068884
    .0086854
    .0101324
    .0116742
    .0129950
    .0144480
    .0157697
    .0168742
    .0175116
    .0177275
    .0179177
    .0185328
    .0190506
    .0207612
    .0233246
    .0282995
    .0328332
    .0356046
    .0382134
    .0392479
    .0409920
    .0421234
    .0421815
    .0456894
    .0449273
    .0453965
    .0486959
    .0492217
    .0524138
    .0572410
    .0578754
    .0557269
    .0526238
    .0497227
    .0470318
    .0458867
    .0427711
    .0371432
    .0345322
    .0327559
    .0300508
    .0301227
    .0295897
    .0282507
    .0278762
    .0263021
    .0254809
    .0245116
    .0235824
    .0234551
    .0232024
    .0239849
    .0238079
    .0235951
    .0232602
    .0221654
    .0214714
    .0210031
    .0200710
    .0190752
    .0179530
    .0159961
    .0149725
    .0141371
    .0135068
    .0140147
    .0146362
    .0148583
    .0144866
    .0137600
    .0124458
    .0088689
    .0066232
    .0058834
    .0026660
    .0015315
   -.0008604
   -.0054060
   -.0071354
   -.0085742
   -.0104517
   -.0105020
   -.0103768
   -.0112216
   -.0120583
   -.0121997
   -.0117691
   -.0110751
   -.0099630
   -.0087297
   -.0076623
   -.0055818
   -.0033570
   -.0002300
    .0010169
    .0000188
    .0002611
   -.0000966
   -.0004892
    .0007997
    .0031373
    .0082004
    .0104975
    .0129474
    .0237770
    .0185742
    .0193257
    .0287579
    .0300813
    .0269289
    .0247971
    .0224876
    .0209539
    .0188679
    .0165020
    .0136880
    .0106776
    .0074614
    .0045820
    .0012566
   -.0024237
   -.0047066
   -.0086512
   -.0122073
   -.0155171
   -.0205342
   -.0229981
   -.0249145
   -.0268418
   -.0269201
   -.0278160
   -.0291977
   -.0298864
   -.0308799
   -.0320716
   -.0327952
   -.0334849
   -.0342654
   -.0355504
   -.0365740
   -.0372355
   -.0371642
   -.0377213
   -.0388522
   -.0393720
   -.0403670
   -.0405087
   -.0395709
   -.0389126
   -.0375076
   -.0364194
   -.0356271
   -.0337972
   -.0313439
   -.0301410
   -.0295478
   -.0284420
   -.0285456
   -.0283796
   -.0266374
   -.0254216
   -.0250484
   -.0247111
   -.0247001
   -.0249668
   -.0256231
   -.0265095
   -.0274418
   -.0271601
   -.0255147
   -.0237761
   -.0197107
   -.0165752
   -.0164521
   -.0137382
   -.0138466
   -.0125239
   -.0089388
   -.0086946
   -.0069308
   -.0080237
   -.0105162
   -.0130417
   -.0177159
   -.0219088
   -.0272288
   -.0321478
   -.0347525
   -.0388989
   -.0403357
   -.0428885
   -.0474399
   -.0498502
   -.0539724
   -.0561976
   -.0570818
   -.0575203
   -.0564251
   -.0549196
   -.0534762
   -.0518992
   -.0504473
   -.0493035
   -.0484545
   -.0477473
   -.0470985
   -.0457717
   -.0432726
   -.0403501
   -.0347537
   -.0292150
   -.0259092
   -.0211213
   -.0191414
   -.0160550
   -.0110233
   -.0081644
   -.0034236
    .0005205
    .0027888
    .0042523
    .0045105
    .0036819
    .0006539
   -.0021626
   -.0042278
   -.0073670
   -.0080123
   -.0112639
   -.0151523
   -.0177823
   -.0236837
   -.0259938
   -.0255390
   -.0263077
   -.0252530
   -.0227052
   -.0228015
   -.0238087
   -.0231253
   -.0217328
   -.0240448
   -.0238963
   -.0208800
   -.0196398
   -.0160897
   -.0124648
   -.0098352
   -.0069651
   -.0057138
   -.0035791
   -.0028137
   -.0016476
    .0006452
    .0025130
    .0060065
    .0075494
    .0088018
    .0094948
    .0075074
    .0065004
    .0045881
    .0019197
   -.0003730
   -.0032915
   -.0056291
   -.0081899
   -.0102530
   -.0121083
   -.0136232
   -.0146570
   -.0159076
   -.0164969
   -.0176700
   -.0171677
   -.0161495
   -.0150961
   -.0118977
   -.0097271
   -.0071327
   -.0043345
   -.0034828
   -.0003473
    .0026052
    .0052617
    .0116209
    .0155000
    .0175315
    .0208081
    .0186694
    .0185037
    .0207189
    .0204059
    .0228442
    .0246780
    .0260310
    .0277201
    .0282589
    .0290461
    .0292801
    .0289888
    .0287445
    .0284144
    .0280195
    .0275438
    .0268264
    .0259150
    .0248557
    .0242442
    .0240031
    .0240598
    .0243238
    .0248110
    .0259874
    .0269559
    .0271020
    .0267904
    .0264794
    .0265168
    .0263642
    .0258295
    .0255271
    .0249912
    .0240154
    .0234249
    .0231285
    .0228327
    .0227674
    .0227202
    .0230893
    .0237345
    .0244272
    .0245459
    .0252630
    .0257369
    .0248706
    .0252977
    .0252117
    .0243727
    .0244825
    .0238071
    .0222715
    .0210185
    .0197659
    .0185542
    .0172756
    .0159727
    .0146346
    .0133043
    .0119886
    .0107105
    .0094519
    .0082299
    .0070568
    .0059698
    .0049547
    .0040587
    .0033088
    .0028162
    .0026341
    .0028268
    .0032082
    .0035773
    .0043873
    .0051175
    .0052915
    .0060251
    .0067683
    .0073812
    .0085447
    .0102393
    .0121711
    .0141333
    .0165405
    .0186655
    .0202943
    .0214474
    .0218705
    .0215905
    .0206880
    .0194143
    .0173432
    .0157528
    .0146624
    .0135137
    .0137395
    .0130878
    .0128292
    .0126288
    .0113923
    .0106834
    .0095197
    .0077775
    .0061737
    .0045438
    .0028550
    .0011676
   -.0005501
   -.0022561
   -.0039355
   -.0056004
   -.0072589
   -.0089209
   -.0105601
   -.0119826
   -.0130394
   -.0141114
   -.0142438
   -.0148251
   -.0172833
   -.0188449
   -.0216313
   -.0235985
   -.0228940
   -.0232485
   -.0215531
   -.0196514
   -.0190962
   -.0175497
   -.0178080
   -.0175953
   -.0177340
   -.0182870
   -.0180194
   -.0185231
   -.0178842
   -.0193416
   -.0213305
   -.0234934
   -.0275902
   -.0299117
   -.0320334
   -.0340713
   -.0350286
   -.0357365
   -.0362792
   -.0365765
   -.0361183
   -.0353476
   -.0349899
   -.0339178
   -.0329587
   -.0310223
   -.0280996
   -.0255975
   -.0229201
   -.0200212
   -.0179781
   -.0149733
   -.0116877
   -.0089398
   -.0059766
   -.0033570
   -.0019265
    .0000866
    .0021629
    .0029875
    .0045624
    .0057145
    .0049983
    .0056897
    .0073489
    .0079300
    .0100811
    .0123193
    .0130932
    .0141521
    .0157800
    .0170766
    .0182171
    .0190857
    .0198640
    .0205829
    .0211891
    .0215203
    .0215471
    .0211654
    .0204073
    .0194592
    .0184070
    .0174867
    .0165358
    .0158618
    .0158559
    .0154818
    .0152766
    .0151153
    .0144197
    .0142230
    .0138054
    .0133346
    .0133256
    .0128634
    .0121765
    .0115596
    .0107314
    .0098420
    .0087936
    .0079254
    .0070226
    .0063448
    .0058971
    .0056794
    .0059679
    .0062885
    .0067396
    .0072523
    .0079418
    .0087101
    .0095314
    .0105648
    .0115232
    .0125658
    .0136228
    .0145953
    .0153600
    .0159011
    .0161729
    .0160598
    .0154152
    .0143075
    .0130495
    .0124759
    .0117385
    .0116886
    .0132433
    .0133711
    .0134070
    .0147442
    .0149603
    .0154423
    .0172733
    .0183569
    .0188892
    .0197892
    .0203954
    .0208168
    .0213809
    .0219884
    .0226120
    .0232440
    .0238153
    .0243374
    .0248098
    .0252083
    .0256065
    .0263358
    .0270831
    .0278209
    .0290929
    .0298808
    .0307071
    .0314370
    .0315352
    .0318295
    .0319252
    .0317386
    .0316113
    .0314957
    .0314003
    .0313008
    .0311645
    .0310160
    .0308589
    .0306967
    .0305582
    .0304287
    .0303381
    .0302633
    .0302273
    .0302076
    .0302089
    .0302184
    .0302450
    .0302764
    .0303220
    .0303628
    .0303612
    .0302811
    .0301190
    .0298725
    .0295478
    .0291522
    .0286905
    .0281777
    .0276302
    .0270340
    .0264035
    .0256990
    .0249251
    .0240575
    .0232956
    .0226348
    .0222232
    .0218095
    .0213485
    .0208693
    .0204232
    .0199557
    .0195021
    .0190516
    .0186116
    .0182860
    .0180868
    .0182847
    .0188835
    .0193204
    .0199578
    .0205596
    .0204705
    .0203848
    .0201348
    .0194965
    .0185020
    .0172035
    .0158202
    .0145007
    .0135216
    .0132643
    .0138150
    .0137254
    .0139405
    .0142819
    .0135325
    .0134685
    .0133528
    .0130136
    .0132844
    .0141280
    .0157114
    .0178565
    .0203617
    .0229503
    .0254902
    .0279046
    .0301018
    .0319766
    .0334165
    .0344838
    .0352063
    .0356852
    .0358475
    .0356983
    .0354941
    .0354156
    .0347457
    .0339804
    .0341169
    .0333966
    .0328093
    .0321381
    .0300086
    .0289510
    .0281089
    .0268965
    .0255091
    .0240334
    .0223990
    .0206606
    .0188692
    .0170990
    .0154260
    .0139070
    .0125060
    .0113107
    .0103462
    .0097200
    .0094612
    .0091265
    .0082392
    .0072651
    .0065644
    .0064747
    .0057727
    .0057219
    .0074781
    .0081811
    .0103369
    .0113348
    .0094638
    .0099785
    .0104025
    .0097041
    .0114041
    .0113401
    .0101354
    .0100405
    .0097701
    .0091794
    .0089324
    .0086057
    .0089001
    .0090230
    .0080479
    .0075151
    .0067420
    .0053419
    .0054320
    .0045487
    .0020032
    .0006779
   -.0003568
   -.0021169
   -.0013346
   -.0013767
   -.0025389
   -.0023097
   -.0015946
   -.0012243
   -.0003710
    .0007887
    .0026650
    .0042449
    .0054213
    .0064599
    .0075881
    .0089543
    .0108946
    .0130858
    .0156897
    .0184871
    .0209351
    .0228847
    .0244782
    .0261522
    .0276038
    .0284683
    .0291844
    .0298070
    .0307144
    .0315127
    .0320690
    .0326239
    .0331273
    .0335482
    .0338721
    .0340727
    .0341528
    .0340533
    .0337328
    .0331107
    .0320005
    .0302202
    .0280186
    .0265673
    .0254831
    .0244896
    .0248565
    .0245999
    .0249280
    .0255226
    .0252040
    .0255450
    .0257827
    .0254985
    .0254942
    .0255622
    .0256932
    .0258415
    .0260614
    .0263537
    .0267404
    .0271938
    .0277338
    .0283322
    .0290002
    .0297172
    .0304799
    .0312783
    .0320854
    .0328996
    .0337032
    .0344914
    .0352635
    .0360009
    .0367075
    .0373493
    .0379312
    .0384104
    .0387923
    .0390503
    .0391792
    .0390022
    .0382967
    .0370947
    .0357002
    .0345431
    .0336237
    .0328080
    .0328532
    .0323202
    .0309655
    .0300537
    .0288583
    .0272841
    .0260140
    .0249112
    .0241642
    .0238072
    .0238294
    .0244701
    .0257219
    .0270035
    .0273961
    .0273398
    .0269389
    .0270641
    .0271496
    .0267700
    .0266047
    .0266039
    .0273217
    .0277647
    .0278214
    .0276529
    .0271524
    .0265460
    .0256115
    .0244475
    .0229459
    .0208736
    .0185835
    .0167187
    .0154093
    .0135700
    .0117536
    .0099687
    .0089316
    .0073582
    .0049026
    .0041595
    .0038152
    .0033315
    .0031778
    .0033759
    .0041772
    .0047249
    .0044007
    .0043798
    .0041150
    .0033615
    .0029606
    .0028009
    .0031219
    .0034160
    .0034202
    .0036563
    .0039296
    .0043006
    .0046868
    .0051328
    .0056144
    .0061458
    .0067215
    .0073226
    .0079704
    .0086453
    .0093655
    .0100930
    .0108389
    .0116266
    .0124352
    .0132732
    .0141156
    .0149756
    .0158521
    .0167480
    .0176320
    .0185394
    .0194353
    .0202544
    .0209520
    .0214217
    .0217374
    .0215450
    .0211375
    .0210305
    .0208686
    .0203562
    .0208770
    .0231912
    .0270492
    .0313754
    .0354535
    .0384713
    .0394520
    .0385813
    .0363902
    .0335487
    .0314375
    .0312204
    .0332189
    .0366653
    .0280914
    .0162171
    .0228217
    .0221155
    .0134813
    .0144442
    .0198733
    .0245633
    .0294912
    .0332497
    .0364641
    .0417920
    .0444166
    .0478678
    .0536875
    .0567826
    .0582255
    .0599347
    .0597886
    .0589989
    .0580330
    .0558462
    .0535082
    .0513490
    .0488406
    .0461955
    .0433479
    .0403934
    .0372701
    .0340723
    .0308640
    .0277865
    .0248070
    .0220262
    .0194076
    .0170971
    .0151104
    .0135693
    .0124590
    .0118085
    .0117096
    .0121614
    .0130734
    .0140752
    .0154151
    .0166429
    .0176964
    .0186410
    .0189651
    .0197373
    .0204640
    .0210770
    .0219461
    .0223635
    .0229680
    .0236193
    .0240174
    .0242442
    .0241651
    .0237143
    .0228643
    .0221392
    .0215441
    .0205459
    .0201609
    .0194935
    .0189560
    .0184444
    .0174669
    .0168095
    .0160787
    .0152303
    .0146237
    .0141531
    .0137272
    .0132978
    .0129838
    .0126572
    .0122847
    .0119698
    .0115700
    .0111897
    .0107221
    .0103100
    .0098143
    .0091692
    .0084142
    .0073868
    .0063131
    .0050424
    .0039260
    .0030896
    .0022374
    .0017687
    .0009609
    .0002650
   -.0002358
   -.0009378
   -.0011629
   -.0015979
   -.0014698
   -.0021990
   -.0044339
   -.0058321
   -.0069756
   -.0084931
   -.0095982
   -.0103447
   -.0101368
   -.0100022
   -.0101467
   -.0103451
   -.0106316
   -.0107841
   -.0109247
   -.0109410
   -.0109037
   -.0108101
   -.0106976
   -.0106046
   -.0105902
   -.0106864
   -.0109195
   -.0113283
   -.0118200
   -.0123574
   -.0128792
   -.0133727
   -.0138193
   -.0142337
   -.0146948
   -.0151952
   -.0156436
   -.0157616
   -.0156266
   -.0151469
   -.0145882
   -.0140060
   -.0133486
   -.0128964
   -.0125972
   -.0123476
   -.0120835
   -.0117292
   -.0113292
   -.0108606
   -.0103317
   -.0097396
   -.0090855
   -.0083531
   -.0075510
   -.0066665
   -.0057072
   -.0046656
   -.0035482
   -.0023399
   -.0010977
    .0001213
    .0013125
    .0025608
    .0037995
    .0050028
    .0061828
    .0071381
    .0068207
    .0045806
    .0007613
   -.0034788
   -.0066697
   -.0094718
   -.0098926
   -.0105155
   -.0142345
   -.0156791
   -.0197996
   -.0218710
   -.0226092
   -.0267461
   -.0283053
   -.0302045
   -.0319440
   -.0320897
   -.0315694
   -.0307718
   -.0298439
   -.0288031
   -.0276461
   -.0264370
   -.0251890
   -.0239934
   -.0228178
   -.0216561
   -.0203174
   -.0186531
   -.0166701
   -.0145022
   -.0147493
   -.0160476
   -.0129261
   -.0120716
   -.0141224
   -.0149678
   -.0147017
   -.0148152
   -.0148562
   -.0151288
   -.0151456
   -.0151004
   -.0149305
   -.0146414
   -.0143156
   -.0138587
   -.0132064
   -.0124037
   -.0111962
   -.0097025
   -.0080270
   -.0059701
   -.0040230
   -.0021541
   -.0009833
   -.0003631
   -.0001812
   -.0007084
   -.0004975
   -.0008070
   -.0007559
   -.0009575
   -.0040942
   -.0057575
   -.0061532
   -.0075078
   -.0073925
   -.0072293
   -.0074579
   -.0073477
   -.0072620
   -.0071293
   -.0070305
   -.0069328
   -.0068499
   -.0067796
   -.0067238
   -.0066952
   -.0066946
   -.0067253
   -.0067746
   -.0068629
   -.0069668
   -.0070860
   -.0072013
   -.0073099
   -.0074047
   -.0074859
   -.0075465
   -.0075968
   -.0076145
   -.0076378
   -.0077608
   -.0078952
   -.0080793
   -.0083577
   -.0084878
   -.0085677
   -.0085357
   -.0084642
   -.0082502
   -.0080053
   -.0076926
   -.0073731
   -.0071624
   -.0071108
   -.0073496
   -.0076931
   -.0081935
   -.0087688
   -.0092718
   -.0097654
   -.0102437
   -.0107238
   -.0111841
   -.0116399
   -.0120640
   -.0124792
   -.0128522
   -.0132132
   -.0135215
   -.0138139
   -.0140428
   -.0142475
   -.0143771
   -.0144780
   -.0145000
   -.0144753
   -.0143502
   -.0141466
   -.0138346
   -.0134121
   -.0128741
   -.0122253
   -.0114116
   -.0103870
   -.0090829
   -.0075503
   -.0058897
   -.0041067
   -.0021083
    .0000334
    .0023351
    .0047737
    .0073166
    .0099789
    .0127187
    .0154437
    .0180168
    .0203586
    .0223540
    .0240276
    .0253922
    .0263488
    .0269417
    .0272185
    .0271844
    .0268959
    .0263857
    .0256602
    .0245304
    .0234128
    .0226486
    .0220537
    .0216635
    .0215069
    .0216439
    .0219048
    .0223738
    .0228754
    .0234963
    .0240134
    .0244905
    .0247568
    .0247856
    .0244983
    .0239994
    .0238045
    .0234385
    .0230007
    .0232365
    .0230971
    .0232150
    .0234991
    .0234043
    .0235212
    .0232767
    .0230052
    .0228112
    .0225914
    .0223262
    .0221703
    .0223464
    .0227221
    .0228008
    .0226036
    .0219314
    .0210737
    .0193098
    .0180715
    .0168461
    .0153669
    .0139733
    .0126741
    .0116616
    .0106561
    .0094828
    .0083841
    .0072918
    .0065511
    .0059537
    .0054476
    .0052170
    .0052322
    .0055771
    .0061083
    .0068514
    .0080370
    .0093048
    .0109278
    .0124600
    .0137005
    .0147639
    .0155428
    .0162314
    .0168379
    .0176523
    .0189624
    .0209542
    .0235845
    .0233725
    .0219341
    .0247453
    .0261495
    .0252128
    .0253841
    .0264985
    .0272031
    .0276698
    .0277371
    .0276926
    .0276114
    .0275498
    .0275625
    .0276270
    .0277904
    .0280023
    .0283112
    .0286573
    .0290673
    .0294593
    .0298511
    .0301593
    .0303796
    .0304780
    .0306140
    .0307140
    .0308649
    .0309912
    .0310804
    .0312508
    .0314353
    .0316109
    .0316386
    .0315322
    .0311686
    .0305857
    .0300110
    .0294543
    .0290660
    .0287937
    .0285236
    .0281999
    .0280146
    .0279845
    .0279010
    .0277980
    .0275134
    .0270730
    .0265898
    .0259486
    .0252974
    .0246506
    .0239089
    .0231471
    .0223348
    .0215406
    .0207699
    .0200998
    .0196476
    .0193772
    .0191354
    .0189666
    .0186746
    .0186760
    .0192365
    .0197531
    .0205574
    .0209460
    .0214280
    .0223165
    .0231372
    .0238954
    .0245878
    .0249045
    .0251472
    .0251555
    .0247721
    .0239409
    .0229376
    .0212858
    .0190439
    .0163609
    .0135303
    .0108649
    .0086617
    .0068562
    .0055566
    .0048831
    .0045767
    .0047250
    .0050861
    .0057033
    .0063396
    .0069556
    .0074543
    .0077197
    .0078353
    .0076538
    .0073967
    .0069686
    .0064704
    .0059688
    .0054009
    .0047288
    .0040648
    .0033167
    .0025841
    .0017817
    .0009982
    .0001443
   -.0006826
   -.0015635
   -.0024078
   -.0032897
   -.0041107
   -.0049442
   -.0057171
   -.0064771
   -.0071683
   -.0078240
   -.0083992
   -.0089174
   -.0093420
   -.0097000
   -.0099553
   -.0101247
   -.0101814
   -.0101359
   -.0099609
   -.0096860
   -.0092982
   -.0088516
   -.0083401
   -.0078195
   -.0072484
   -.0066772
   -.0060599
   -.0054613
   -.0048271
   -.0042178
   -.0035774
   -.0029738
   -.0023365
   -.0017289
   -.0010899
   -.0004926
    .0001329
    .0007263
    .0013451
    .0019125
    .0025139
    .0030616
    .0036242
    .0041480
    .0046901
    .0051811
    .0057011
    .0061726
    .0066656
    .0071215
    .0075775
    .0080055
    .0084313
    .0088279
    .0092274
    .0095893
    .0099509
    .0102805
    .0106039
    .0108996
    .0111845
    .0114437
    .0116890
    .0119090
    .0121137
    .0122893
    .0124509
    .0125842
    .0127059
    .0127939
    .0128775
    .0129215
    .0129785
    .0129978
    .0130342
    .0130385
    .0130335
    .0132255
    .0134881
    .0138981
    .0146068
    .0152683
    .0160851
    .0169093
    .0177495
    .0185306
    .0192681
    .0198538
    .0203333
    .0205940
    .0206803
    .0205227
    .0201341
    .0195568
    .0188083
    .0180934
    .0173354
    .0167248
    .0162320
    .0158806
    .0155590
    .0152626
    .0149518
    .0146117
    .0143589
    .0141231
    .0138468
    .0136954
    .0135092
    .0132348
    .0129965
    .0125070
    .0119170
    .0111338
    .0102466
    .0094137
    .0086005
    .0079908
    .0074749
    .0070862
    .0066873
    .0063723
    .0061438
    .0059712
    .0057427
    .0054490
    .0049571
    .0043158
    .0035816
    .0027588
    .0019403
    .0011643
    .0004588
   -.0001383
   -.0007356
   -.0012139
   -.0017528
   -.0022397
   -.0027477
   -.0032383
   -.0037322
   -.0042115
   -.0046994
   -.0051802
   -.0056678
   -.0061418
   -.0066200
   -.0070814
   -.0075412
   -.0079787
   -.0084045
   -.0088048
   -.0091857
   -.0095386
   -.0098568
   -.0101690
   -.0107338
   -.0114446
   -.0123856
   -.0133841
   -.0141906
   -.0148234
   -.0153320
   -.0156162
   -.0159945
   -.0162329
   -.0165214
   -.0167781
   -.0170522
   -.0172970
   -.0175536
   -.0177721
   -.0179897
   -.0181702
   -.0183480
   -.0184996
   -.0186547
   -.0187913
   -.0189234
   -.0190405
   -.0191554
   -.0192681
   -.0193893
   -.0195222
   -.0196868
   -.0198808
   -.0201158
   -.0203840
   -.0206695
   -.0208593
   -.0210704
   -.0212368
   -.0214149
   -.0217553
   -.0221026
   -.0224586
   -.0228084
   -.0230597
   -.0233494
   -.0235494
   -.0238787
   -.0241963
   -.0244965
   -.0247629
   -.0249391
   -.0249936
   -.0250235
   -.0249213
   -.0248735
   -.0247350
   -.0246082
   -.0244266
   -.0242635
   -.0240805
   -.0238666
   -.0236148
   -.0233065
   -.0230257
   -.0227375
   -.0224344
   -.0221605
   -.0218640
   -.0215485
   -.0212307
   -.0208967
   -.0205638
   -.0202507
   -.0199982
   -.0197359
   -.0194618
   -.0191935
   -.0189221
   -.0186657
   -.0184301
   -.0181777
   -.0179603
   -.0177201
   -.0175115
   -.0172758
   -.0170744
   -.0168390
   -.0166381
   -.0164016
   -.0161984
   -.0159564
   -.0157475
   -.0155028
   -.0152938
   -.0150452
   -.0148311
   -.0145757
   -.0143554
   -.0140983
   -.0138804
   -.0136272
   -.0134133
   -.0131637
   -.0129531
   -.0127068
   -.0124987
   -.0122558
   -.0120502
   -.0118099
   -.0116058
   -.0113676
   -.0111645
   -.0109276
   -.0107247
   -.0104888
   -.0102858
   -.0100505
   -.0098477
   -.0096147
   -.0094151
   -.0091876
   -.0089935
   -.0087726
   -.0085817
   -.0083639
   -.0081715
   -.0079517
   -.0077537
   -.0075288
   -.0073226
   -.0070898
   -.0068745
   -.0066347
   -.0064115
   -.0061652
   -.0059356
   -.0056845
   -.0054504
   -.0051957
   -.0049600
   -.0047047
   -.0044709
   -.0042185
   -.0039914
   -.0037456
   -.0035283
   -.0032923
   -.0030856
   -.0028598
   -.0026640
   -.0024482
   -.0022623
   -.0020561
   -.0018794
   -.0016817
   -.0015128
   -.0013228
   -.0011610
   -.0009778
   -.0008220
   -.0006448
   -.0004932
   -.0003209
   -.0001733
   -.0000054
    .0001359
    .0002973
    .0004305
    .0005836
    .0007085
    .0008530
    .0009693
    .0011063
    .0012163
    .0013476
    .0014523
    .0015797
    .0016782
    .0018006
    .0018924
    .0020095
    .0020942
    .0022061
    .0022829
    .0023900
    .0024584
    .0025606
    .0026203
    .0027182
    .0027681
    .0028619
    .0025825
    .0029924
    .0030208
    .0031086
    .0031241
    .0032091
    .0032107
    .0032937
    .0032797
    .0033622
    .0033307
    .0034145
    .0033630
    .0034494
    .0033733
    .0034617
    .0033542
    .0034459
    .0033003
    .0033986
    .0032068
    .0033167
    .0030660
    .0031955
    .0028669
    .0030290
    .0025924
    .0028107
    .0022133
    .0025415
    .0016993
    .0023945
    .0011805
    .0026119
   -.0020343