    .723768E-03
    .125023E-02
    .187568E-02
    .178827E-02
    .176226E-02
    .173872E-02
    .170568E-02
    .165174E-02
    .159926E-02
    .159067E-02
    .155918E-02
    .136892E-02
    .106487E-02
    .904868E-03
    .109635E-02
    .157368E-02
    .204699E-02
    .230766E-02
    .239271E-02
    .239604E-02
    .226671E-02
    .193932E-02
    .159997E-02
    .146815E-02
    .139036E-02
    .101210E-02
    .431914E-03
    .283059E-03
    .745847E-03
    .127457E-02
    .133975E-02
    .769473E-03
    .607711E-04
    .476734E-04
    .712410E-03
    .128535E-02
    .131391E-02
    .991214E-03
    .865810E-03
    .106282E-02
    .146828E-02
    .212123E-02
    .240959E-02
    .163319E-02
   -.238852E-03
   -.193460E-02
   -.147079E-02
    .524849E-03
    .117960E-02
   -.291487E-03
   -.913322E-03
    .250378E-02
    .882553E-02
    .133921E-01
    .124751E-01
    .635355E-02
   -.891208E-03
   -.507526E-02
   -.498443E-02
   -.247090E-02
   -.102362E-02
   -.173279E-02
   -.242171E-02
   -.180635E-02
   -.393807E-03
    .835832E-03
    .116084E-02
    .871758E-03
    .510331E-03
    .847608E-03
    .236529E-02
    .314159E-02
    .198860E-02
    .382908E-03
   -.188066E-02
   -.491546E-02
   -.533736E-02
   -.210170E-02
    .967863E-03
    .140851E-02
    .506376E-03
    .787549E-04
   -.110754E-03
    .695427E-03
    .671104E-02
    .170322E-01
    .223175E-01
    .167513E-01
    .528156E-02
   -.299822E-02
   -.362004E-02
    .198932E-02
    .932344E-02
    .135940E-01
    .132369E-01
    .963137E-02
    .292473E-02
   -.670783E-02
   -.145871E-01
   -.168187E-01
   -.149106E-01
   -.860289E-02
    .252554E-02
    .104065E-01
    .810809E-02
    .866364E-03
   -.464016E-02
   -.863731E-02
   -.111514E-01
   -.954137E-02
   -.416885E-02
    .561049E-03
    .136553E-02
   -.796562E-03
   -.173506E-02
    .259657E-02
    .943372E-02
    .939598E-02
    .112169E-02
   -.528685E-02
   -.438637E-02
   -.540629E-03
    .131899E-02
    .614674E-03
   -.207822E-03
    .294205E-02
    .123727E-01
    .227131E-01
    .237622E-01
    .123516E-01
   -.441422E-02
   -.169993E-01
   -.197481E-01
   -.138875E-01
   -.553435E-02
    .734497E-04
    .145071E-02
   -.275102E-03
   -.303082E-02
   -.400050E-02
   -.192352E-02
    .299655E-02
    .986709E-02
    .159826E-01
    .223147E-01
    .317403E-01
    .397941E-01
    .401289E-01
    .311870E-01
    .142362E-01
   -.302703E-02
   -.954822E-02
   -.541711E-02
   -.882734E-03
   -.213171E-02
   -.759002E-02
   -.122361E-01
   -.111019E-01
   -.463655E-02
    .102089E-03
   -.201294E-02
   -.861066E-02
   -.128646E-01
   -.971353E-02
   -.239050E-02
    .211562E-02
    .386867E-02
    .647604E-02
    .896007E-02
    .806773E-02
    .444059E-02
    .209799E-02
    .218444E-02
    .446299E-02
    .869241E-02
    .119107E-01
    .128106E-01
    .117026E-01
    .615060E-02
   -.399526E-02
   -.109025E-01
   -.883334E-02
   -.486305E-02
   -.711419E-02
   -.135196E-01
   -.202441E-01
   -.241762E-01
   -.206341E-01
   -.139555E-01
   -.148464E-01
   -.224507E-01
   -.275856E-01
   -.262171E-01
   -.181446E-01
   -.662720E-02
    .603452E-03
    .819986E-03
   -.198525E-02
   -.570356E-02
   -.106949E-01
   -.177390E-01
   -.280677E-01
   -.370591E-01
   -.350193E-01
   -.224331E-01
   -.125619E-01
   -.159001E-01
   -.292545E-01
   -.406700E-01
   -.430530E-01
   -.390004E-01
   -.344519E-01
   -.332796E-01
   -.363041E-01
   -.387277E-01
   -.326406E-01
   -.191671E-01
   -.873920E-02
   -.672967E-02
   -.966597E-02
   -.132313E-01
   -.156130E-01
   -.148290E-01
   -.939116E-02
   -.371362E-02
   -.317100E-02
   -.417740E-02
   -.333780E-02
   -.603940E-02
   -.123494E-01
   -.132649E-01
   -.595573E-02
    .386090E-02
    .933092E-02
    .680414E-02
    .183233E-03
   -.308720E-02
   -.171713E-02
    .196217E-03
    .505011E-03
   -.630781E-03
   -.369044E-02
   -.706741E-02
   -.516577E-02
    .617134E-02
    .218790E-01
    .303978E-01
    .268637E-01
    .183523E-01
    .133868E-01
    .128209E-01
    .141542E-01
    .164987E-01
    .190900E-01
    .186909E-01
    .134743E-01
    .719789E-02
    .221360E-02
   -.352135E-03
    .484666E-02
    .164782E-01
    .238752E-01
    .235890E-01
    .193460E-01
    .105029E-01
    .100200E-02
    .111162E-02
    .101136E-01
    .191362E-01
    .247317E-01
    .276350E-01
    .282134E-01
    .252945E-01
    .195208E-01
    .183840E-01
    .262895E-01
    .326214E-01
    .269873E-01
    .146521E-01
    .438161E-02
   -.233984E-02
   -.881740E-02
   -.168940E-01
   -.220004E-01
   -.183917E-01
   -.800412E-02
    .147247E-03
   -.186291E-02
   -.144957E-01
   -.290492E-01
   -.349595E-01
   -.318612E-01
   -.273115E-01
   -.255808E-01
   -.263011E-01
   -.283292E-01
   -.307096E-01
   -.302385E-01
   -.209180E-01
   -.273098E-02
    .133522E-01
    .166075E-01
    .796678E-02
   -.181137E-02
   -.481720E-02
   -.231695E-02
    .277258E-02
    .867609E-02
    .138073E-01
    .186355E-01
    .250409E-01
    .341797E-01
    .431530E-01
    .476285E-01
    .486819E-01
    .489738E-01
    .478533E-01
    .454248E-01
    .441601E-01
    .440640E-01
    .392127E-01
    .237626E-01
    .131670E-02
   -.155620E-01
   -.177863E-01
   -.939677E-02
   -.124757E-02
    .774830E-03
   -.257375E-02
   -.825498E-02
   -.120819E-01
   -.149254E-01
   -.244488E-01
   -.398189E-01
   -.516373E-01
   -.573905E-01
   -.605676E-01
   -.648880E-01
   -.688980E-01
   -.613017E-01
   -.344845E-01
    .340932E-02
    .365896E-01
    .544363E-01
    .602828E-01
    .663025E-01
    .755154E-01
    .806037E-01
    .787838E-01
    .717174E-01
    .605513E-01
    .489352E-01
    .382899E-01
    .248129E-01
    .871891E-02
   -.275151E-02
   -.402860E-02
    .329547E-02
    .114326E-01
    .153064E-01
    .196259E-01
    .285851E-01
    .366579E-01
    .390424E-01
    .401039E-01
    .430849E-01
    .454842E-01
    .470544E-01
    .494097E-01
    .509447E-01
    .485343E-01
    .411180E-01
    .324218E-01
    .278795E-01
    .277610E-01
    .282620E-01
    .259322E-01
    .197469E-01
    .113823E-01
    .323541E-02
   -.352164E-02
   -.992622E-02
   -.186895E-01
   -.306700E-01
   -.423626E-01
   -.474821E-01
   -.432438E-01
   -.369614E-01
   -.391839E-01
   -.502130E-01
   -.611527E-01
   -.663680E-01
   -.662332E-01
   -.614841E-01
   -.527703E-01
   -.426774E-01
   -.365592E-01
   -.374389E-01
   -.415777E-01
   -.446466E-01
   -.450285E-01
   -.428589E-01
   -.423518E-01
   -.485999E-01
   -.616720E-01
   -.772520E-01
   -.878507E-01
   -.843723E-01
   -.623360E-01
   -.285038E-01
   -.226860E-02
    .149191E-02
   -.101426E-01
   -.213710E-01
   -.250466E-01
   -.215474E-01
   -.162677E-01
   -.182204E-01
   -.301059E-01
   -.431212E-01
   -.480806E-01
   -.445824E-01
   -.373706E-01
   -.314738E-01
   -.308033E-01
   -.367387E-01
   -.465758E-01
   -.531964E-01
   -.502859E-01
   -.399250E-01
   -.304036E-01
   -.279944E-01
   -.339178E-01
   -.428238E-01
   -.445846E-01
   -.346743E-01
   -.187547E-01
   -.528715E-02
    .306139E-02
    .939670E-02
    .146157E-01
    .167081E-01
    .156604E-01
    .119097E-01
    .517812E-02
   -.291073E-02
   -.108382E-01
   -.194643E-01
   -.277787E-01
   -.324003E-01
   -.323759E-01
   -.292535E-01
   -.260898E-01
   -.265242E-01
   -.299591E-01
   -.320405E-01
   -.317511E-01
   -.323013E-01
   -.358368E-01
   -.426147E-01
   -.518284E-01
   -.602211E-01
   -.642022E-01
   -.622246E-01
   -.548308E-01
   -.468033E-01
   -.452507E-01
   -.527505E-01
   -.654957E-01
   -.764719E-01
   -.807271E-01
   -.778601E-01
   -.696646E-01
   -.600213E-01
   -.539285E-01
   -.494606E-01
   -.361054E-01
   -.760343E-02
    .295332E-01
    .621155E-01
    .815850E-01
    .891975E-01
    .913978E-01
    .933806E-01
    .977159E-01
    .103935E+00
    .108025E+00
    .106626E+00
    .100170E+00
    .926164E-01
    .876925E-01
    .839439E-01
    .794682E-01
    .764858E-01
    .767376E-01
    .792144E-01
    .843842E-01
    .934307E-01
    .101924E+00
    .105158E+00
    .104906E+00
    .104110E+00
    .103973E+00
    .105113E+00
    .106177E+00
    .106414E+00
    .108678E+00
    .112792E+00
    .114021E+00
    .111884E+00
    .108971E+00
    .105830E+00
    .103207E+00
    .101381E+00
    .982424E-01
    .914937E-01
    .792094E-01
    .606955E-01
    .413601E-01
    .306006E-01
    .307239E-01
    .341737E-01
    .333383E-01
    .265560E-01
    .151741E-01
    .258798E-02
   -.548374E-02
   -.642386E-02
   -.479486E-02
   -.713439E-02
   -.139792E-01
   -.216580E-01
   -.288165E-01
   -.357969E-01
   -.422969E-01
   -.473252E-01
   -.484106E-01
   -.430822E-01
   -.324265E-01
   -.213120E-01
   -.165247E-01
   -.216839E-01
   -.289026E-01
   -.240047E-01
   -.519686E-02
    .138164E-01
    .190268E-01
    .890764E-02
   -.411214E-02
   -.857317E-02
   -.458929E-02
    .464239E-02
    .143832E-01
    .161906E-01
    .721928E-02
   -.519349E-02
   -.127701E-01
   -.134918E-01
   -.895586E-02
   -.315776E-02
   -.171710E-02
   -.864999E-02
   -.226685E-01
   -.339129E-01
   -.308369E-01
   -.153150E-01
   -.203632E-02
   -.416248E-04
   -.447729E-02
   -.620451E-02
   -.145038E-03
    .134087E-01
    .274826E-01
    .321440E-01
    .236551E-01
    .733459E-02
   -.893634E-02
   -.207766E-01
   -.284579E-01
   -.359030E-01
   -.453274E-01
   -.526683E-01
   -.526127E-01
   -.460988E-01
   -.385269E-01
   -.350588E-01
   -.382996E-01
   -.456490E-01
   -.519571E-01
   -.560026E-01
   -.616783E-01
   -.720681E-01
   -.859987E-01
   -.990773E-01
   -.104926E+00
   -.101540E+00
   -.951167E-01
   -.920868E-01
   -.931814E-01
   -.965159E-01
   -.993438E-01
   -.996866E-01
   -.998515E-01
   -.102764E+00
   -.107276E+00
   -.111880E+00
   -.115545E+00
   -.112908E+00
   -.913914E-01
   -.389072E-01
    .328733E-01
    .879184E-01
    .106635E+00
    .105973E+00
    .108179E+00
    .115829E+00
    .124367E+00
    .133579E+00
    .141701E+00
    .145820E+00
    .147651E+00
    .149524E+00
    .148203E+00
    .139063E+00
    .124751E+00
    .112819E+00
    .106831E+00
    .106017E+00
    .108661E+00
    .110656E+00
    .105489E+00
    .885836E-01
    .620820E-01
    .360745E-01
    .207787E-01
    .168982E-01
    .163123E-01
    .129011E-01
    .100516E-01
    .140608E-01
    .267985E-01
    .453408E-01
    .621303E-01
    .683673E-01
    .605497E-01
    .418698E-01
    .161113E-01
   -.126121E-01
   -.359978E-01
   -.502378E-01
   -.641803E-01
   -.871914E-01
   -.112642E+00
   -.126253E+00
   -.126078E+00
   -.121020E+00
   -.116175E+00
   -.109856E+00
   -.103325E+00
   -.102199E+00
   -.106279E+00
   -.109435E+00
   -.105660E+00
   -.917699E-01
   -.699732E-01
   -.454460E-01
   -.222994E-01
   -.186903E-02
    .168398E-01
    .317351E-01
    .366940E-01
    .302118E-01
    .181868E-01
    .523224E-02
   -.733256E-02
   -.165862E-01
   -.214700E-01
   -.232351E-01
   -.210457E-01
   -.144069E-01
   -.611277E-02
   -.663956E-03
   -.370425E-03
   -.375082E-02
   -.584875E-02
   -.193178E-02
    .637914E-02
    .135809E-01
    .173905E-01
    .184754E-01
    .181692E-01
    .175775E-01
    .164929E-01
    .160265E-01
    .174899E-01
    .177257E-01
    .126763E-01
    .384613E-02
   -.388943E-02
   -.868445E-02
   -.115375E-01
   -.144284E-01
   -.199155E-01
   -.266091E-01
   -.285284E-01
   -.199856E-01
   -.482974E-03
    .212329E-01
    .321265E-01
    .280095E-01
    .174411E-01
    .892868E-02
    .311549E-02
   -.182176E-02
   -.784399E-02
   -.160410E-01
   -.231311E-01
   -.230866E-01
   -.154159E-01
   -.492967E-02
    .627719E-02
    .164883E-01
    .223937E-01
    .229560E-01
    .193194E-01
    .131750E-01
    .545113E-02
   -.321143E-02
   -.103422E-01
   -.107757E-01
   -.150785E-02
    .122052E-01
    .192364E-01
    .125325E-01
   -.462596E-02
   -.250488E-01
   -.431532E-01
   -.546079E-01
   -.588058E-01
   -.589440E-01
   -.574556E-01
   -.535278E-01
   -.471305E-01
   -.408218E-01
   -.343197E-01
   -.245718E-01
   -.122023E-01
   -.253180E-02
    .698078E-03
   -.442651E-03
   -.174828E-02
   -.181366E-02
   -.875968E-03
    .101241E-02
    .176199E-02
    .853141E-04
   -.178419E-02
   -.228313E-02
   -.212266E-02
   -.150713E-02
    .235706E-02
    .114031E-01
    .216797E-01
    .283766E-01
    .325553E-01
    .382381E-01
    .456924E-01
    .508171E-01
    .511337E-01
    .474040E-01
    .396095E-01
    .293421E-01
    .191374E-01
    .839018E-02
   -.662344E-03
   -.373023E-02
   -.229121E-02
   -.784671E-03
   -.867196E-03
   -.129503E-02
   -.155858E-02
   -.435129E-02
   -.109128E-01
   -.165300E-01
   -.154342E-01
   -.833351E-02
   -.110207E-02
    .490159E-02
    .133318E-01
    .236775E-01
    .303765E-01
    .301231E-01
    .241118E-01
    .149313E-01
    .662541E-02
    .315146E-02
    .345040E-02
    .268339E-02
   -.275897E-03
   -.222751E-02
   -.203921E-02
   -.122476E-02
   -.106882E-02
   -.209927E-02
   -.400455E-02
   -.538126E-02
   -.428261E-02
    .551519E-03
    .929351E-02
    .199569E-01
    .278081E-01
    .296852E-01
    .262253E-01
    .198784E-01
    .130560E-01
    .573673E-02
   -.210055E-02
   -.911140E-02
   -.145835E-01
   -.173303E-01
   -.170054E-01
   -.145079E-01
   -.782841E-02
    .612390E-02
    .227178E-01
    .310694E-01
    .269510E-01
    .165979E-01
    .792796E-02
    .400252E-02
    .447232E-02
    .832418E-02
    .113139E-01
    .802992E-02
   -.327285E-03
   -.100191E-01
   -.196988E-01
   -.267951E-01
   -.275454E-01
   -.218688E-01
   -.153513E-01
   -.138972E-01
   -.175229E-01
   -.195778E-01
   -.144556E-01
   -.312709E-02
    .892546E-02
    .134523E-01
    .659145E-02
   -.583239E-02
   -.154860E-01
   -.206779E-01
   -.247674E-01
   -.299420E-01
   -.367276E-01
   -.434387E-01
   -.461892E-01
   -.438114E-01
   -.394340E-01
   -.371157E-01
   -.373957E-01
   -.357898E-01
   -.292752E-01
   -.204640E-01
   -.136093E-01
   -.103069E-01
   -.997140E-02
   -.120897E-01
   -.151080E-01
   -.163233E-01
   -.142176E-01
   -.848996E-02
    .450300E-03
    .106285E-01
    .178851E-01
    .185525E-01
    .136482E-01
    .786242E-02
    .509801E-02
    .541993E-02
    .642874E-02
    .809783E-02
    .128905E-01
    .208542E-01
    .275382E-01
    .276507E-01
    .211865E-01
    .122630E-01
    .391984E-02
   -.158830E-02
   -.359009E-02
   -.263285E-02
    .280861E-02
    .135753E-01
    .263485E-01
    .363885E-01
    .425094E-01
    .469007E-01
    .508120E-01
    .541332E-01
    .567477E-01
    .579454E-01
    .565920E-01
    .529527E-01
    .489526E-01
    .454729E-01
    .408995E-01
    .335046E-01
    .244666E-01
    .166085E-01
    .109798E-01
    .646826E-02
    .200768E-02
   -.114929E-02
   -.235130E-02
   -.426974E-02
   -.778566E-02
   -.103734E-01
   -.105061E-01
   -.904714E-02
   -.780313E-02
   -.739740E-02
   -.646778E-02
   -.615263E-02
   -.962691E-02
   -.154940E-01
   -.196819E-01
   -.194671E-01
   -.166595E-01
   -.169807E-01
   -.213340E-01
   -.255722E-01
   -.282829E-01
   -.308865E-01
   -.332279E-01
   -.349992E-01
   -.366951E-01
   -.367733E-01
   -.338153E-01
   -.290843E-01
   -.248203E-01
   -.225934E-01
   -.227170E-01
   -.239785E-01
   -.237303E-01
   -.203311E-01
   -.148629E-01
   -.731730E-02
    .448301E-02
    .192267E-01
    .311505E-01
    .357513E-01
    .336896E-01
    .292224E-01
    .248595E-01
    .192944E-01
    .112378E-01
    .189209E-02
   -.686504E-02
   -.135376E-01
   -.167572E-01
   -.160967E-01
   -.120943E-01
   -.631359E-02
   -.174460E-02
    .165717E-03
    .868756E-03
    .884679E-03
   -.128494E-03
   -.109305E-02
   -.143400E-02
   -.103158E-02
    .179983E-02
    .873672E-02
    .189682E-01
    .300889E-01
    .399256E-01
    .459499E-01
    .468638E-01
    .431828E-01
    .335314E-01
    .170782E-01
   -.104912E-02
   -.132766E-01
   -.170603E-01
   -.160226E-01
   -.143212E-01
   -.116853E-01
   -.627469E-02
    .138895E-02
    .989527E-02
    .175245E-01
    .220699E-01
    .226063E-01
    .184478E-01
    .938768E-02
   -.111422E-02
   -.934730E-02
   -.141213E-01
   -.155769E-01
   -.151628E-01
   -.132962E-01
   -.102080E-01
   -.835327E-02
   -.965487E-02
   -.129630E-01
   -.150523E-01
   -.153956E-01
   -.176295E-01
   -.225002E-01
   -.266954E-01
   -.289463E-01
   -.294167E-01
   -.264323E-01
   -.185832E-01
   -.739249E-02
    .320403E-02
    .927673E-02
    .913141E-02
    .439064E-02
   -.127094E-02
   -.627785E-02
   -.116817E-01
   -.177646E-01
   -.216691E-01
   -.201859E-01
   -.157676E-01
   -.132956E-01
   -.142942E-01
   -.185414E-01
   -.239007E-01
   -.255829E-01
   -.213123E-01
   -.149345E-01
   -.112484E-01
   -.110186E-01
   -.123133E-01
   -.129511E-01
   -.121108E-01
   -.991971E-02
   -.640418E-02
   -.272185E-02
   -.378531E-03
    .186853E-02
    .562323E-02
    .961188E-02
    .120759E-01
    .128863E-01
    .126009E-01
    .117246E-01
    .112692E-01
    .127232E-01
    .171462E-01
    .236840E-01
    .310953E-01
    .392158E-01
    .461070E-01
    .498236E-01
    .513390E-01
    .512713E-01
    .481128E-01
    .409570E-01
    .310006E-01
    .204280E-01
    .106683E-01
    .285530E-02
   -.156699E-02
   -.420128E-02
   -.892843E-02
   -.169158E-01
   -.261725E-01
   -.336308E-01
   -.373205E-01
   -.371585E-01
   -.339311E-01
   -.284058E-01
   -.212997E-01
   -.145689E-01
   -.105965E-01
   -.966458E-02
   -.101644E-01
   -.106028E-01
   -.100706E-01
   -.781981E-02
   -.363210E-02
    .309741E-02
    .127187E-01
    .243369E-01
    .369626E-01
    .480430E-01
    .550036E-01
    .589313E-01
    .621412E-01
    .650783E-01
    .664197E-01
    .646537E-01
    .606160E-01
    .565651E-01
    .531179E-01
    .494641E-01
    .459814E-01
    .443862E-01
    .435700E-01
    .409557E-01
    .377794E-01
    .376716E-01
    .414908E-01
    .458787E-01
    .483237E-01
    .491129E-01
    .479679E-01
    .437835E-01
    .362663E-01
    .269390E-01
    .186538E-01
    .122561E-01
    .598245E-02
   -.404212E-03
   -.589661E-02
   -.112392E-01
   -.183940E-01
   -.271495E-01
   -.336471E-01
   -.351707E-01
   -.335315E-01
   -.299883E-01
   -.227775E-01
   -.136649E-01
   -.757855E-02
   -.584310E-02
   -.639319E-02
   -.755919E-02
   -.913336E-02
   -.109852E-01
   -.122446E-01
   -.124964E-01
   -.128437E-01
   -.145181E-01
   -.177482E-01
   -.220744E-01
   -.267531E-01
   -.319052E-01
   -.378969E-01
   -.430421E-01
   -.457101E-01
   -.476461E-01
   -.500196E-01
   -.506647E-01
   -.487871E-01
   -.467733E-01
   -.459166E-01
   -.452945E-01
   -.440651E-01
   -.406002E-01
   -.330300E-01
   -.218003E-01
   -.104110E-01
   -.265088E-02
    .806209E-03
    .152280E-02
    .130169E-02
    .267828E-03
   -.271347E-02
   -.672169E-02
   -.988518E-02
   -.121072E-01
   -.139243E-01
   -.150974E-01
   -.148421E-01
   -.135149E-01
   -.126065E-01
   -.126747E-01
   -.130008E-01
   -.128901E-01
   -.112055E-01
   -.654594E-02
   -.320075E-03
    .544371E-02
    .111098E-01
    .161739E-01
    .189410E-01
    .187629E-01
    .155619E-01
    .111031E-01
    .863195E-02
    .953988E-02
    .128032E-01
    .161997E-01
    .193931E-01
    .247684E-01
    .325514E-01
    .400659E-01
    .457128E-01
    .492828E-01
    .496368E-01
    .446526E-01
    .350523E-01
    .241555E-01
    .140184E-01
    .481234E-02
   -.445360E-02
   -.137922E-01
   -.213702E-01
   -.255426E-01
   -.265508E-01
   -.262359E-01
   -.261976E-01
   -.265765E-01
   -.249882E-01
   -.192242E-01
   -.122084E-01
   -.787559E-02
   -.596885E-02
   -.550256E-02
   -.642540E-02
   -.795348E-02
   -.908702E-02
   -.919255E-02
   -.834215E-02
   -.621844E-02
   -.258081E-02
    .344202E-03
   -.613042E-05
   -.386758E-02
   -.998099E-02
   -.168074E-01
   -.229868E-01
   -.278930E-01
   -.327303E-01
   -.382412E-01
   -.429411E-01
   -.469636E-01
   -.509007E-01
   -.536014E-01
   -.550968E-01
   -.568674E-01
   -.607552E-01
   -.664248E-01
   -.710129E-01
   -.735230E-01
   -.746710E-01
   -.748276E-01
   -.736546E-01
   -.698480E-01
   -.622733E-01
   -.515388E-01
   -.404296E-01
   -.315458E-01
   -.246557E-01
   -.182296E-01
   -.129908E-01
   -.957731E-02
   -.625186E-02
   -.226723E-02
    .112349E-02
    .257499E-02
    .237780E-02
    .195754E-02
    .188644E-02
    .128160E-02
   -.683113E-03
   -.310066E-02
   -.512799E-02
   -.744797E-02
   -.102128E-01
   -.127590E-01
   -.144412E-01
   -.143871E-01
   -.132867E-01
   -.127681E-01
   -.111444E-01
   -.621770E-02
   -.237653E-04
    .479917E-02
    .786016E-02
    .855187E-02
    .549293E-02
    .121747E-02
    .119783E-02
    .538948E-02
    .952290E-02
    .117857E-01
    .124659E-01
    .133466E-01
    .164695E-01
    .208649E-01
    .243089E-01
    .264701E-01
    .279726E-01
    .287551E-01
    .288783E-01
    .286233E-01
    .278458E-01
    .262147E-01
    .230616E-01
    .186128E-01
    .153213E-01
    .147223E-01
    .154728E-01
    .160320E-01
    .160144E-01
    .154627E-01
    .135768E-01
    .100051E-01
    .600964E-02
    .227202E-02
   -.512466E-03
   -.137169E-02
   -.962764E-03
   -.655750E-03
   -.754415E-03
    .709210E-03
    .566148E-02
    .124855E-01
    .181351E-01
    .209431E-01
    .203006E-01
    .175323E-01
    .161153E-01
    .174838E-01
    .194903E-01
    .196122E-01
    .177748E-01
    .158228E-01
    .138650E-01
    .112119E-01
    .807576E-02
    .404911E-02
    .170866E-03
   -.128486E-02
   -.656599E-03
    .469450E-04
    .801365E-04
   -.173813E-03
   -.326318E-03
   -.296293E-03
   -.280005E-03
   -.349011E-03
   -.375389E-03
   -.364915E-03
   -.383233E-03
   -.503107E-03
   -.703699E-03
   -.107176E-02
   -.176802E-02
   -.295244E-02
   -.527205E-02
   -.862605E-02
   -.122611E-01
   -.151375E-01
   -.166545E-01
   -.192988E-01
   -.244362E-01
   -.288673E-01
   -.297213E-01
   -.267203E-01
   -.207662E-01
   -.150597E-01
   -.127367E-01
   -.128741E-01
   -.134319E-01
   -.130990E-01
   -.111346E-01
   -.870850E-02
   -.699133E-02
   -.578796E-02
   -.555343E-02
   -.699028E-02
   -.861504E-02
   -.788979E-02
   -.487318E-02
   -.196663E-02
   -.719969E-03
   -.788756E-03
   -.119066E-02
   -.192388E-02
   -.342039E-02
   -.550006E-02
   -.797646E-02
   -.107651E-01
   -.134065E-01
   -.156842E-01
   -.173336E-01
   -.174151E-01
   -.161680E-01
   -.152111E-01
   -.153031E-01
   -.160221E-01
   -.165152E-01
   -.158994E-01
   -.139653E-01
   -.117982E-01
   -.108564E-01
   -.108975E-01
   -.103506E-01
   -.841181E-02
   -.556359E-02
   -.236288E-02
    .206170E-02
    .732561E-02
    .100364E-01
    .857179E-02
    .554167E-02
    .435418E-02
    .636222E-02
    .109431E-01
    .157183E-01
    .186233E-01
    .205247E-01
    .230704E-01
    .254649E-01
    .261233E-01
    .256993E-01
    .258008E-01
    .268486E-01
    .289039E-01
    .314769E-01
    .331528E-01
    .328296E-01
    .301090E-01
    .257485E-01
    .206285E-01
    .152067E-01
    .107407E-01
    .842105E-02
    .827765E-02
    .948438E-02
    .111190E-01
    .120694E-01
    .124399E-01
    .142755E-01
    .165905E-01
    .160930E-01
    .133959E-01
    .110337E-01
    .933318E-02
    .774376E-02
    .625036E-02
    .397138E-02
    .388428E-04
   -.504572E-02
   -.114004E-01
   -.193222E-01
   -.285519E-01
   -.383527E-01
   -.465271E-01
   -.519026E-01
   -.553569E-01
   -.574404E-01
   -.576226E-01
   -.552644E-01
   -.508402E-01
   -.447965E-01
   -.380019E-01
   -.317813E-01
   -.251916E-01
   -.181269E-01
   -.120439E-01
   -.718001E-02
   -.393527E-02
   -.288558E-02
   -.323426E-02
   -.219620E-02
    .274210E-02
    .932549E-02
    .129528E-01
    .143302E-01
    .171764E-01
    .214763E-01
    .251638E-01
    .274101E-01
    .284637E-01
    .293948E-01
    .320845E-01
    .371435E-01
    .418992E-01
    .445280E-01
    .466323E-01
    .495432E-01
    .527784E-01
    .549752E-01
    .553942E-01
    .549362E-01
    .544841E-01
    .539804E-01
    .537483E-01
    .543652E-01
    .554852E-01
    .559561E-01
    .551449E-01
    .531657E-01
    .504027E-01
    .476726E-01
    .455534E-01
    .443238E-01
    .447220E-01
    .466561E-01
    .485528E-01
    .494628E-01
    .495124E-01
    .488488E-01
    .474876E-01
    .450643E-01
    .426437E-01
    .415388E-01
    .396063E-01
    .360924E-01
    .340935E-01
    .341809E-01
    .339024E-01
    .320822E-01
    .288737E-01
    .245045E-01
    .197582E-01
    .150499E-01
    .887019E-02
    .129097E-02
   -.437762E-02
   -.712384E-02
   -.877198E-02
   -.102990E-01
   -.114817E-01
   -.117247E-01
   -.114130E-01
   -.110722E-01
   -.104052E-01
   -.101041E-01
   -.106995E-01
   -.112708E-01
   -.120870E-01
   -.143190E-01
   -.166869E-01
   -.182406E-01
   -.210929E-01
   -.239892E-01
   -.226463E-01
   -.182752E-01
   -.158374E-01
   -.162656E-01
   -.174910E-01
   -.186389E-01
   -.189983E-01
   -.177126E-01
   -.150014E-01
   -.124148E-01
   -.110208E-01
   -.964098E-02
   -.739413E-02
   -.543837E-02
   -.422631E-02
   -.317832E-02
   -.269473E-02
   -.235303E-02
   -.103943E-03
    .353553E-02
    .550056E-02
    .518799E-02
    .428194E-02
    .413655E-02
    .550719E-02
    .817994E-02
    .106139E-01
    .113606E-01
    .108862E-01
    .991798E-02
    .787806E-02
    .542890E-02
    .349998E-02
    .959020E-03
   -.193933E-02
   -.315192E-02
   -.261310E-02
   -.285494E-02
   -.577627E-02
   -.103856E-01
   -.144985E-01
   -.173003E-01
   -.208248E-01
   -.260673E-01
   -.302699E-01
   -.316168E-01
   -.310661E-01
   -.298737E-01
   -.272583E-01
   -.221253E-01
   -.172395E-01
   -.152364E-01
   -.143620E-01
   -.128687E-01
   -.115245E-01
   -.112132E-01
   -.114292E-01
   -.112314E-01
   -.106192E-01
   -.102024E-01
   -.102322E-01
   -.107317E-01
   -.112613E-01
   -.110270E-01
   -.101487E-01
   -.929641E-02
   -.831754E-02
   -.655155E-02
   -.431132E-02
   -.254652E-02
   -.186216E-02
   -.171071E-02
    .667855E-03
    .638994E-02
    .124982E-01
    .168380E-01
    .200394E-01
    .232899E-01
    .263327E-01
    .278401E-01
    .272861E-01
    .241239E-01
    .184359E-01
    .132545E-01
    .108668E-01
    .931052E-02
    .707715E-02
    .469957E-02
    .179638E-02
   -.105672E-02
   -.215833E-02
   -.170252E-02
   -.112429E-02
   -.117748E-02
   -.208063E-02
   -.385812E-02
   -.577839E-02
   -.711761E-02
   -.781360E-02
   -.735248E-02
   -.591709E-02
   -.536578E-02
   -.615334E-02
   -.623127E-02
   -.462153E-02
   -.270954E-02
   -.245246E-02
   -.503349E-02
   -.909316E-02
   -.114484E-01
   -.105939E-01
   -.803915E-02
   -.625140E-02
   -.615562E-02
   -.741943E-02
   -.916537E-02
   -.994119E-02
   -.888807E-02
   -.598017E-02
   -.232600E-02
   -.374883E-03
   -.398390E-04
    .201786E-02
    .583825E-02
    .798597E-02
    .670765E-02
    .282040E-02
   -.780890E-03
   -.161720E-02
   -.873177E-03
   -.265339E-02
   -.840428E-02
   -.141660E-01
   -.164503E-01
   -.162338E-01
   -.157992E-01
   -.159831E-01
   -.162365E-01
   -.155132E-01
   -.132577E-01
   -.102562E-01
   -.803794E-02
   -.709060E-02
   -.726694E-02
   -.886734E-02
   -.117646E-01
   -.149405E-01
   -.180204E-01
   -.213121E-01
   -.246042E-01
   -.273239E-01
   -.287086E-01
   -.288424E-01
   -.284265E-01
   -.274479E-01
   -.247151E-01
   -.199939E-01
   -.156811E-01
   -.120332E-01
   -.733417E-02
   -.236687E-02
    .272776E-02
    .957018E-02
    .168299E-01
    .209334E-01
    .209676E-01
    .192855E-01
    .181062E-01
    .167857E-01
    .142840E-01
    .118593E-01
    .105535E-01
    .976044E-02
    .905534E-02
    .764851E-02
    .409866E-02
   -.182245E-03
   -.272913E-02
   -.363770E-02
   -.363578E-02
   -.293156E-02
   -.192841E-02
   -.776804E-03
    .169630E-02
    .582597E-02
    .994230E-02
    .133425E-01
    .158307E-01
    .162012E-01
    .154500E-01
    .165395E-01
    .184582E-01
    .178370E-01
    .146662E-01
    .100187E-01
    .431893E-02
   -.465463E-03
   -.310994E-02
   -.479683E-02
   -.694335E-02
   -.963571E-02
   -.112088E-01
   -.110674E-01
   -.107975E-01
   -.999913E-02
   -.665555E-02
   -.208736E-02
    .234188E-03
    .166062E-03
    .104254E-02
    .437384E-02
    .799916E-02
    .961375E-02
    .826151E-02
    .403370E-02
   -.333992E-03
   -.180208E-02
   -.176929E-02
   -.417468E-02
   -.947124E-02
   -.147177E-01
   -.192216E-01
   -.233956E-01
   -.257934E-01
   -.263531E-01
   -.265914E-01
   -.253853E-01
   -.209157E-01
   -.156616E-01
   -.123601E-01
   -.995543E-02
   -.670796E-02
   -.279538E-02
   -.305397E-03
    .289719E-03
    .200159E-02
    .603723E-02
    .102056E-01
    .131282E-01
    .149815E-01
    .167359E-01
    .191634E-01
    .220782E-01
    .250157E-01
    .273250E-01
    .281328E-01
    .265491E-01
    .223968E-01
    .173797E-01
    .135757E-01
    .994940E-02
    .459653E-02
   -.397513E-03
   -.275533E-02
   -.522307E-02
   -.102962E-01
   -.155214E-01
   -.191546E-01
   -.223181E-01
   -.252448E-01
   -.278630E-01
   -.307308E-01
   -.337286E-01
   -.360501E-01
   -.371166E-01
   -.371379E-01
   -.368642E-01
   -.368282E-01
   -.368772E-01
   -.362454E-01
   -.344547E-01
   -.318968E-01
   -.297505E-01
   -.288064E-01
   -.283237E-01
   -.277663E-01
   -.274304E-01
   -.258213E-01
   -.211069E-01
   -.158496E-01
   -.134837E-01
   -.128872E-01
   -.117583E-01
   -.979727E-02
   -.728027E-02
   -.463642E-02
   -.269885E-02
   -.173188E-02
   -.142572E-02
   -.177245E-02
   -.304722E-02
   -.536677E-02
   -.837322E-02
   -.110059E-01
   -.125031E-01
   -.131561E-01
   -.131848E-01
   -.130601E-01
   -.133933E-01
   -.131272E-01
   -.107927E-01
   -.680846E-02
   -.334398E-02
   -.181461E-02
   -.155913E-02
   -.162287E-02
   -.167943E-02
   -.170314E-02
   -.172398E-02
   -.193825E-02
   -.167174E-02
    .539391E-03
    .384103E-02
    .637938E-02
    .748082E-02
    .696717E-02
    .659809E-02
    .807368E-02
    .101431E-01
    .119361E-01
    .138332E-01
    .150884E-01
    .147588E-01
    .136998E-01
    .142583E-01
    .168540E-01
    .190974E-01
    .195242E-01
    .187747E-01
    .178588E-01
    .177058E-01
    .184295E-01
    .190621E-01
    .191046E-01
    .188992E-01
    .188050E-01
    .188263E-01
    .188248E-01
    .187512E-01
    .186785E-01
    .185691E-01
    .182629E-01
    .181303E-01
    .187031E-01
    .198495E-01
    .214707E-01
    .229753E-01
    .229518E-01
    .217883E-01
    .208455E-01
    .194802E-01
    .161956E-01
    .112342E-01
    .663476E-02
    .332517E-02
    .201332E-03
   -.265258E-02
   -.378811E-02
   -.338898E-02
   -.285513E-02
   -.298556E-02
   -.296200E-02
   -.921998E-03
    .278258E-02
    .607982E-02
    .859236E-02
    .102067E-01
    .102281E-01
    .920708E-02
    .791406E-02
    .677449E-02
    .630841E-02
    .639034E-02
    .665421E-02
    .739864E-02
    .920361E-02
    .115453E-01
    .133828E-01
    .153006E-01
    .176955E-01
    .197292E-01
    .212736E-01
    .223858E-01
    .226806E-01
    .219369E-01
    .199295E-01
    .165201E-01
    .123109E-01
    .818825E-02
    .529117E-02
    .357179E-02
    .883002E-03
   -.186098E-02
   -.649403E-03
    .470601E-02
    .104457E-01
    .138482E-01
    .159205E-01
    .186093E-01
    .214892E-01
    .232973E-01
    .233737E-01
    .220885E-01
    .207083E-01
    .195712E-01
    .184269E-01
    .177548E-01
    .169310E-01
    .151194E-01
    .135609E-01
    .132402E-01
    .133251E-01
    .135772E-01
    .150806E-01
    .172415E-01
    .182143E-01
    .179526E-01
    .178555E-01
    .176561E-01
    .160252E-01
    .143248E-01
    .142397E-01
    .148323E-01
    .146201E-01
    .131559E-01
    .113059E-01
    .101601E-01
    .908654E-02
    .740588E-02
    .654513E-02
    .729540E-02
    .697228E-02
    .382775E-02
    .963683E-03
    .249263E-04
   -.743409E-03
   -.161854E-02
   -.188837E-02
   -.185607E-02
   -.148002E-02
    .635505E-03
    .414104E-02
    .655170E-02
    .742229E-02
    .890011E-02
    .121013E-01
    .149027E-01
    .146362E-01
    .117867E-01
    .900401E-02
    .778117E-02
    .717850E-02
    .605197E-02
    .437041E-02
    .192227E-02
   -.810650E-03
   -.345414E-02
   -.719972E-02
   -.117516E-01
   -.154071E-01
   -.185589E-01
   -.220656E-01
   -.253521E-01
   -.280239E-01
   -.293126E-01
   -.282539E-01
   -.259271E-01
   -.231432E-01
   -.190243E-01
   -.152674E-01
   -.147796E-01
   -.161707E-01
   -.167367E-01
   -.165927E-01
   -.160840E-01
   -.152628E-01
   -.149317E-01
   -.147022E-01
   -.134306E-01
   -.111866E-01
   -.896075E-02
   -.779158E-02
   -.763743E-02
   -.721708E-02
   -.642530E-02
   -.634756E-02
   -.689731E-02
   -.702149E-02
   -.532632E-02
   -.195824E-02
    .509228E-03
    .617136E-03
    .262489E-03
    .193330E-02
    .459020E-02
    .593740E-02
    .608115E-02
    .599399E-02
    .606686E-02
    .620305E-02
    .625643E-02
    .627057E-02
    .629457E-02
    .626063E-02
    .629324E-02
    .704293E-02
    .864252E-02
    .100819E-01
    .103194E-01
    .928566E-02
    .805815E-02
    .769038E-02
    .702186E-02
    .422053E-02
    .743561E-03
   -.681370E-03
   -.148137E-03
    .397688E-03
    .682086E-03
    .246527E-02
    .540423E-02
    .695356E-02
    .669971E-02
    .635004E-02
    .727988E-02
    .962815E-02
    .119058E-01
    .128214E-01
    .130017E-01
    .131003E-01
    .128270E-01
    .119178E-01
    .106213E-01
    .936122E-02
    .758757E-02
    .437373E-02
    .104312E-02
   -.150309E-03
    .458699E-03
    .110792E-02
    .113829E-02
    .837571E-03
   -.188543E-04
   -.153913E-02
   -.216510E-02
   -.866362E-03
    .994773E-03
    .144838E-02
   -.227084E-03
   -.333067E-02
   -.657092E-02
   -.869859E-02
   -.936492E-02
   -.895710E-02
   -.857391E-02
   -.973105E-02
   -.117923E-01
   -.127820E-01
   -.124278E-01
   -.120137E-01
   -.127276E-01
   -.136525E-01
   -.124230E-01
   -.942175E-02
   -.741957E-02
   -.759347E-02
   -.882124E-02
   -.927451E-02
   -.847061E-02
   -.728231E-02
   -.642836E-02
   -.638390E-02
   -.615947E-02
   -.407755E-02
   -.145144E-02
   -.724548E-03
   -.178601E-02
   -.276009E-02
   -.258171E-02
   -.203493E-02
   -.171921E-02
   -.133967E-02
   -.108814E-02
   -.889738E-03
   -.448880E-03
    .567185E-04
    .784415E-03
    .170413E-02
    .219259E-02
    .220355E-02
    .200264E-02
    .134501E-02
    .454230E-04
   -.190564E-02
   -.422474E-02
   -.637279E-02
   -.826304E-02
   -.101153E-01
   -.119756E-01
   -.130985E-01
   -.126911E-01
   -.113964E-01
   -.100152E-01
   -.849582E-02
   -.725845E-02
   -.691752E-02
   -.705305E-02
   -.735425E-02
   -.784713E-02
   -.801452E-02
   -.831877E-02
   -.100353E-01
   -.123583E-01
   -.133225E-01
   -.123596E-01
   -.117387E-01
   -.153068E-01
   -.216292E-01
   -.247334E-01
   -.235129E-01
   -.220587E-01
   -.227769E-01
   -.248957E-01
   -.266514E-01
   -.268779E-01
   -.266668E-01
   -.277399E-01
   -.296342E-01
   -.308960E-01
   -.306190E-01
   -.288805E-01
   -.271869E-01
   -.269026E-01
   -.270684E-01
   -.259772E-01
   -.237123E-01
   -.204786E-01
   -.159975E-01
   -.120091E-01
   -.107495E-01
   -.114707E-01
   -.120059E-01
   -.121110E-01
   -.127257E-01
   -.134508E-01
   -.133082E-01
   -.127140E-01
   -.125316E-01
   -.126829E-01
   -.128289E-01
   -.128293E-01
   -.128184E-01
   -.125522E-01
   -.125885E-01
   -.152509E-01
   -.202652E-01
   -.245522E-01
   -.266611E-01
   -.274918E-01
   -.285528E-01
   -.300129E-01
   -.308776E-01
   -.306228E-01
   -.293568E-01
   -.281718E-01
   -.280583E-01
   -.279063E-01
   -.264613E-01
   -.241537E-01
   -.220158E-01
   -.209397E-01
   -.218394E-01
   -.243653E-01
   -.263223E-01
   -.268461E-01
   -.267575E-01
   -.264722E-01
   -.263161E-01
   -.258592E-01
   -.239475E-01
   -.202453E-01
   -.160082E-01
   -.131918E-01
   -.117332E-01
   -.999184E-02
   -.770824E-02
   -.540195E-02
   -.294895E-02
   -.101314E-02
   -.347829E-03
   -.548629E-04
    .588440E-03
    .102314E-02
    .102479E-02
    .765765E-03
   -.311540E-04
   -.103695E-02
   -.145291E-02
   -.135355E-02
   -.123022E-02
   -.165386E-02
   -.328469E-02
   -.573873E-02
   -.735563E-02
   -.666243E-02
   -.481705E-02
   -.431517E-02
   -.400593E-02
   -.176445E-02
    .705078E-03
    .114990E-02
    .759033E-03
    .260956E-02
    .650903E-02
    .951875E-02
    .110583E-01
    .121763E-01
    .125440E-01
    .120555E-01
    .113357E-01
    .101482E-01
    .938822E-02
    .101699E-01
    .113264E-01
    .117194E-01
    .113407E-01
    .110755E-01
    .124990E-01
    .149431E-01
    .158323E-01
    .150006E-01
    .140831E-01
    .141027E-01
    .157891E-01
    .185067E-01
    .203599E-01
    .203379E-01
    .191335E-01
    .182360E-01
    .175628E-01
    .160589E-01
    .146074E-01
    .141086E-01
    .129391E-01
    .989480E-02
    .622844E-02
    .397179E-02
    .365443E-02
    .315000E-02
    .141092E-02
    .567675E-03
    .488466E-03
   -.616260E-03
   -.206889E-02
   -.217872E-02
    .304638E-03
    .422630E-02
    .658415E-02
    .559882E-02
    .180783E-02
   -.186470E-02
   -.314543E-02
   -.222702E-02
    .450925E-03
    .409029E-02
    .678258E-02
    .715514E-02
    .599783E-02
    .512640E-02
    .494976E-02
    .473778E-02
    .424835E-02
    .401268E-02
    .429058E-02
    .459982E-02
    .470365E-02
    .495180E-02
    .530795E-02
    .530248E-02
    .516086E-02
    .526329E-02
    .518420E-02
    .509212E-02
    .603906E-02
    .820439E-02
    .107235E-01
    .131092E-01
    .149059E-01
    .155793E-01
    .150541E-01
    .134806E-01
    .125654E-01
    .135342E-01
    .146347E-01
    .142220E-01
    .131506E-01
    .131008E-01
    .140375E-01
    .148264E-01
    .145854E-01
    .125093E-01
    .980062E-02
    .827187E-02
    .701370E-02
    .453186E-02
    .820332E-03
   -.236875E-02
   -.333713E-02
   -.278372E-02
   -.232569E-02
   -.242104E-02
   -.265638E-02
   -.273909E-02
   -.280358E-02
   -.250699E-02
   -.548564E-03
    .272258E-02
    .496638E-02
    .612501E-02
    .794174E-02
    .103835E-01
    .126916E-01
    .139624E-01
    .135629E-01
    .125996E-01
    .120873E-01
    .125171E-01
    .139374E-01
    .144518E-01
    .134541E-01
    .136474E-01
    .162235E-01
    .189004E-01
    .198742E-01
    .197804E-01
    .199378E-01
    .208981E-01
    .220727E-01
    .224687E-01
    .223799E-01
    .228375E-01
    .240036E-01
    .251212E-01
    .254162E-01
    .253326E-01
    .256881E-01
    .260346E-01
    .255409E-01
    .244359E-01
    .231182E-01
    .215725E-01
    .199967E-01
    .189650E-01
    .181905E-01
    .162816E-01
    .137938E-01
    .116938E-01
    .870163E-02
    .523687E-02
    .371290E-02
    .418994E-02
    .487800E-02
    .516611E-02
    .595213E-02
    .784534E-02
    .102819E-01
    .124722E-01
    .138530E-01
    .141345E-01
    .135461E-01
    .129065E-01
    .131100E-01
    .141487E-01
    .148572E-01
    .136692E-01
    .107497E-01
    .792208E-02
    .615940E-02
    .444086E-02
    .137564E-02
   -.184535E-02
   -.308438E-02
   -.254244E-02
   -.184894E-02
   -.182418E-02
   -.206613E-02
   -.208818E-02
   -.197728E-02
    .204161E-02
    .198743E-02
    .188202E-02
    .182567E-02
    .179504E-02
    .175113E-02
    .171026E-02
    .164355E-02
    .156665E-02
    .150750E-02
    .147047E-02
    .140080E-02
    .133662E-02
    .127147E-02
    .121459E-02
    .105409E-02
    .115059E-02
    .283007E-02
    .564220E-02
    .717808E-02
    .703290E-02
    .695176E-02
    .861968E-02
    .124167E-01
    .158777E-01
    .165548E-01
    .154219E-01
    .147422E-01
    .154468E-01
    .160049E-01
    .150017E-01
    .137736E-01
    .132547E-01
    .124929E-01
    .105356E-01
    .778042E-02
    .504109E-02
    .194307E-02
   -.969171E-03
   -.212219E-02
   -.177245E-02
   -.132729E-02
   -.138324E-02
   -.169032E-02
   -.184826E-02
   -.183788E-02
   -.187313E-02
   -.200123E-02
   -.207030E-02
   -.221811E-02
   -.293479E-02
   -.393209E-02
   -.442873E-02
   -.434610E-02
   -.424206E-02
   -.421424E-02
   -.370001E-02
   -.288178E-02
   -.262925E-02
   -.258523E-02
   -.102026E-02
    .211643E-02
    .470090E-02
    .555628E-02
    .507879E-02
    .317797E-02
   -.383533E-03
   -.374676E-02
   -.484543E-02
   -.431491E-02
   -.388636E-02
   -.407440E-02
   -.443844E-02
   -.470496E-02
   -.448717E-02
   -.276791E-02
   -.316087E-04
    .186180E-02
    .281608E-02
    .373161E-02
    .464026E-02
    .479566E-02
    .346720E-02
    .129024E-02
   -.329822E-03
   -.111562E-02
   -.157297E-02
   -.186854E-02
   -.247464E-02
   -.420351E-02
   -.631537E-02
   -.724784E-02
   -.699093E-02
   -.671901E-02
   -.723454E-02
   -.859159E-02
   -.104714E-01
   -.117431E-01
   -.116073E-01
   -.109300E-01
   -.107490E-01
   -.107834E-01
   -.102456E-01
   -.934376E-02
   -.863613E-02
   -.829280E-02
   -.815013E-02
   -.774577E-02
   -.714339E-02
   -.686882E-02
   -.698981E-02
   -.712688E-02
   -.721402E-02
   -.757379E-02
   -.830049E-02
   -.943077E-02
   -.109181E-01
   -.123514E-01
   -.135326E-01
   -.145169E-01
   -.152108E-01
   -.152486E-01
   -.150408E-01
   -.158321E-01
   -.170334E-01
   -.172050E-01
   -.167599E-01
   -.166569E-01
   -.169463E-01
   -.172188E-01
   -.172954E-01
   -.172628E-01
   -.173525E-01
   -.177019E-01
   -.181472E-01
   -.185471E-01
   -.187746E-01
   -.187933E-01
   -.184672E-01
   -.178375E-01
   -.176983E-01
   -.178835E-01
   -.172167E-01
   -.155318E-01
   -.135524E-01
   -.120832E-01
   -.114551E-01
   -.111777E-01
   -.104784E-01
   -.936286E-02
   -.847584E-02
   -.779616E-02
   -.700874E-02
   -.631032E-02
   -.563211E-02
   -.445611E-02
   -.295095E-02
   -.197160E-02
   -.152072E-02
   -.821204E-03
    .810289E-04
    .622745E-03
    .839245E-03
    .896184E-03
    .824441E-03
    .819899E-03
    .109233E-02
    .163679E-02
    .201050E-02
    .198705E-02
    .200838E-02
    .229296E-02
    .249479E-02
    .229991E-02
    .191774E-02
    .172571E-02
    .174240E-02
    .179002E-02
    .169250E-02
    .148484E-02
    .150036E-02
    .186220E-02
    .227888E-02
    .258470E-02
    .282364E-02
    .291408E-02
    .298019E-02
    .334054E-02
    .381245E-02
    .396259E-02
    .381182E-02
    .364157E-02
    .356488E-02
    .352884E-02
    .346824E-02
    .338915E-02
    .330052E-02
    .316441E-02
    .301136E-02
    .290442E-02
    .281826E-02
    .273550E-02
    .267805E-02
    .262014E-02
    .252569E-02
    .241570E-02
    .231517E-02
    .224439E-02
    .220729E-02
    .216750E-02
    .214213E-02
    .215274E-02
    .216323E-02
    .214227E-02
    .208276E-02
    .199975E-02
    .191411E-02
    .184917E-02
    .181198E-02
    .179152E-02
    .178604E-02
    .179289E-02
    .179905E-02
    .179188E-02
    .177457E-02
    .175514E-02
    .173428E-02
    .171223E-02
    .168926E-02
    .165894E-02
    .161801E-02
    .158107E-02
    .155576E-02
    .153276E-02
    .150623E-02
    .147332E-02
    .143680E-02
    .140198E-02
    .136596E-02
    .132805E-02
    .128829E-02
    .124090E-02
    .118625E-02
    .113389E-02
    .108966E-02
    .105013E-02
    .100867E-02
    .962605E-03
    .914821E-03
    .867881E-03
    .822223E-03
    .778842E-03
    .738370E-03
    .699419E-03
    .660861E-03
    .623603E-03
    .588450E-03
    .555138E-03
    .523457E-03
    .493510E-03
    .465429E-03
    .439224E-03
    .414848E-03
    .392382E-03
    .371962E-03
    .353645E-03
    .337449E-03
    .323411E-03
    .311574E-03
