   -.217963E-04
   -.217151E-04
   -.216405E-04
   -.215103E-04
   -.214405E-04
   -.213091E-04
   -.211231E-04
   -.210415E-04
   -.210107E-04
   -.210074E-04
   -.206709E-04
   -.203435E-04
   -.204121E-04
   -.203758E-04
   -.200140E-04
   -.197914E-04
   -.196635E-04
   -.196684E-04
   -.195704E-04
   -.192850E-04
   -.191067E-04
   -.190122E-04
   -.180568E-04
   -.179238E-04
   -.179828E-04
   -.169038E-04
   -.179601E-04
   -.181272E-04
   -.187490E-04
   -.190347E-04
   -.152910E-04
   -.151781E-04
   -.169585E-04
   -.165181E-04
   -.168828E-04
   -.179111E-04
   -.172346E-04
   -.154031E-04
   -.158910E-04
   -.149032E-04
   -.146580E-04
   -.160765E-04
   -.125612E-04
   -.120679E-04
   -.117487E-04
   -.136231E-04
   -.187516E-04
   -.147628E-04
   -.102902E-04
   -.111360E-04
   -.987533E-05
   -.125564E-04
   -.130871E-04
   -.104275E-04
   -.874679E-05
   -.611910E-05
   -.872889E-05
   -.105611E-04
   -.118883E-04
   -.103245E-04
   -.100663E-04
   -.492132E-05
   -.423371E-05
   -.153159E-04
   -.105847E-04
   -.103601E-04
   -.113043E-04
   -.614459E-05
   -.669983E-05
   -.142151E-04
   -.126926E-04
   -.112357E-05
   -.828709E-05
   -.419455E-05
   -.637195E-05
   -.111049E-04
   -.272725E-05
   -.134327E-04
   -.682880E-05
   -.168428E-05
   -.125773E-04
   -.164001E-04
   -.750515E-05
   -.168752E-06
   -.413606E-05
    .227000E-05
    .315756E-05
   -.360399E-05
   -.402650E-05
   -.782315E-05
    .540904E-06
    .768068E-05
    .209562E-06
    .259099E-05
    .136440E-05
   -.135096E-05
   -.188905E-05
    .595105E-05
    .131594E-04
    .146009E-07
    .422106E-05
   -.536058E-05
   -.125407E-04
    .851907E-05
    .700153E-05
   -.228556E-05
   -.307448E-06
    .122678E-04
    .106015E-04
    .898738E-05
    .100653E-04
   -.283466E-05
    .210518E-05
    .605405E-05
    .138565E-05
    .446093E-05
   -.122737E-04
   -.306646E-05
    .204017E-04
   -.826047E-05
   -.600177E-05
    .147479E-05
   -.585189E-05
   -.572799E-05
    .310102E-05
    .140823E-04
    .108625E-04
    .198765E-04
   -.266435E-05
    .661776E-05
    .157900E-04
    .112429E-04
    .147478E-04
   -.111140E-04
   -.504975E-05
   -.856082E-05
    .970596E-05
    .133055E-04
   -.875775E-05
    .620233E-05
   -.505564E-05
   -.870270E-05
    .404179E-05
   -.618050E-05
   -.224910E-05
    .941423E-05
   -.179928E-04
   -.230368E-04
   -.708943E-05
   -.968072E-05
    .117417E-04
    .304163E-04
    .139943E-04
    .580755E-05
    .846967E-05
    .566605E-05
    .152188E-04
    .539765E-05
    .397217E-05
    .122399E-04
   -.196867E-05
    .231146E-05
    .813158E-06
    .759486E-06
    .211196E-05
    .177762E-04
    .189363E-04
   -.297003E-05
    .283636E-05
   -.133338E-04
   -.103522E-04
    .130534E-04
    .157293E-04
   -.686852E-06
   -.753019E-06
    .109009E-04
   -.145552E-04
   -.108549E-05
    .766847E-05
    .194632E-04
    .552595E-05
   -.306458E-04
    .861399E-05
    .783863E-06
   -.542008E-05
    .155574E-04
    .243127E-04
    .192815E-04
   -.227730E-05
    .368533E-04
    .103735E-04
   -.496563E-05
    .356842E-04
    .168545E-04
    .103031E-04
   -.981715E-05
   -.838858E-05
    .206787E-05
   -.194345E-04
   -.149103E-04
   -.332173E-04
   -.178069E-04
    .784603E-05
   -.364868E-04
   -.149660E-04
    .228214E-04
   -.111317E-04
   -.111815E-04
    .688409E-05
    .126779E-04
    .609271E-05
   -.412216E-04
   -.749042E-05
    .149773E-04
   -.279017E-04
   -.111419E-04
   -.217017E-05
   -.251256E-04
    .226158E-05
    .276567E-04
   -.244839E-04
   -.915428E-05
    .268285E-05
   -.415440E-04
   -.785289E-05
   -.217859E-04
   -.368561E-04
    .179350E-04
   -.250873E-04
   -.279223E-04
    .206072E-04
   -.569702E-05
   -.134866E-04
   -.119880E-04
    .136926E-04
    .116937E-04
   -.175412E-04
   -.145546E-04
   -.206645E-04
    .142742E-04
    .122370E-04
   -.275644E-04
   -.107693E-04
   -.215894E-04
   -.185103E-04
   -.339756E-05
   -.218217E-04
   -.202847E-04
   -.202936E-04
   -.812377E-05
   -.159522E-04
   -.310830E-04
   -.127403E-04
   -.159737E-04
   -.402799E-04
   -.247880E-04
    .116364E-04
   -.327857E-04
   -.401612E-04
   -.504705E-05
   -.174040E-04
   -.676082E-05
   -.282106E-04
   -.340621E-04
    .130733E-04
   -.238175E-04
   -.327361E-04
   -.232206E-05
   -.222744E-04
   -.252261E-04
   -.845446E-05
   -.408111E-05
   -.133281E-04
   -.885954E-05
   -.150413E-04
   -.105382E-04
   -.136974E-04
   -.183416E-04
   -.183989E-04
   -.486694E-04
   -.428438E-05
   -.167533E-04
   -.499971E-04
   -.101808E-04
   -.194575E-04
    .322513E-06
   -.451793E-05
   -.395508E-04
   -.149212E-04
   -.292948E-05
   -.273656E-04
   -.150221E-04
    .182185E-04
   -.110602E-04
   -.308055E-04
   -.139628E-04
   -.186393E-04
   -.341131E-05
    .701749E-05
   -.191224E-04
   -.388163E-05
   -.410839E-05
   -.254752E-04
   -.132076E-04
   -.194022E-04
   -.238968E-04
   -.207955E-04
   -.161316E-04
   -.254635E-05
   -.730018E-05
   -.408067E-04
   -.207321E-04
   -.255355E-05
   -.269627E-04
   -.407207E-05
   -.148729E-04
   -.376651E-04
   -.398747E-05
   -.572265E-05
   -.330885E-04
   -.146672E-04
   -.253808E-04
   -.160594E-04
    .662521E-05
   -.163917E-04
   -.225081E-04
   -.421472E-04
   -.144126E-04
    .975045E-05
   -.163321E-04
   -.254405E-04
   -.860491E-05
   -.419490E-05
   -.148890E-04
   -.118811E-04
   -.134147E-04
   -.137387E-05
   -.348818E-04
   -.148388E-04
   -.119185E-04
   -.331164E-04
   -.717381E-05
   -.345263E-04
    .361380E-05
   -.148431E-04
   -.329575E-04
   -.160784E-04
   -.236522E-04
    .682190E-05
   -.116797E-04
   -.193116E-04
   -.268148E-04
   -.689644E-05
   -.402406E-05
   -.253362E-04
   -.130366E-04
   -.252151E-04
   -.835034E-05
   -.191131E-04
   -.174750E-04
   -.113643E-04
   -.325747E-04
   -.523125E-06
   -.325591E-04
   -.337220E-04
   -.213307E-06
   -.230950E-04
   -.198758E-06
   -.794835E-05
    .262240E-05
   -.367641E-05
   -.188906E-04
    .190815E-04
   -.238142E-04
   -.190492E-04
   -.190480E-04
   -.309523E-04
    .147170E-04
   -.250999E-04
   -.126664E-04
    .130329E-04
    .584898E-06
   -.101762E-04
   -.390234E-04
   -.677056E-05
   -.144642E-04
   -.325665E-04
   -.654898E-05
   -.111598E-04
   -.126420E-04
   -.657843E-05
   -.111715E-04
   -.510165E-05
    .545815E-05
   -.144867E-04
   -.143856E-04
    .686205E-05
   -.130951E-04
   -.282245E-04
   -.416998E-04
   -.382401E-04
    .152202E-05
   -.244438E-04
   -.317261E-04
    .483732E-05
   -.181131E-04
   -.209979E-04
   -.375899E-04
   -.432336E-04
   -.276531E-04
   -.365559E-04
   -.240234E-04
   -.116737E-04
   -.861454E-05
   -.207818E-04
   -.190888E-04
   -.144349E-04
   -.203766E-04
   -.803911E-05
    .116942E-04
    .204900E-04
   -.147869E-04
   -.236863E-04
    .729959E-06
   -.236516E-04
   -.218786E-04
    .253796E-05
    .693355E-05
   -.220621E-04
   -.263051E-04
    .300313E-04
   -.311899E-04
   -.383445E-04
    .105305E-04
   -.412944E-04
   -.225758E-04
   -.133726E-04
   -.162669E-04
   -.237328E-04
   -.204035E-04
    .343662E-04
   -.193204E-04
   -.220209E-04
    .235911E-04
   -.222818E-04
   -.341635E-04
   -.109991E-04
   -.155753E-04
   -.366537E-04
   -.165056E-04
    .183227E-05
   -.278037E-05
   -.164754E-04
   -.238739E-04
   -.342860E-04
   -.111117E-04
    .101296E-04
   -.415608E-04
   -.122118E-04
    .449338E-05
   -.228262E-04
   -.588540E-05
   -.270978E-04
   -.701221E-05
   -.994830E-06
   -.282388E-04
    .239186E-05
   -.529612E-05
   -.341022E-04
   -.291430E-04
   -.749495E-05
   -.150966E-04
   -.224259E-04
   -.246757E-05
   -.221941E-04
   -.143374E-04
   -.658614E-05
   -.171416E-04
    .581357E-05
    .115085E-05
   -.261163E-04
   -.451663E-05
    .151922E-04
   -.168948E-04
   -.105908E-04
   -.589463E-05
   -.736168E-05
    .215703E-04
    .911217E-05
    .449719E-05
   -.312706E-05
   -.137277E-04
   -.195998E-04
   -.193232E-04
    .215274E-05
    .209781E-05
   -.251869E-04
   -.127258E-04
    .711498E-05
   -.111604E-04
   -.340050E-06
   -.215964E-04
   -.762515E-05
    .197569E-04
   -.123236E-04
    .197649E-04
   -.941458E-05
   -.440202E-04
   -.222323E-04
   -.982895E-05
    .130434E-04
   -.704598E-06
   -.641454E-06
   -.675129E-05
   -.111319E-04
    .269895E-05
   -.124922E-04
   -.924985E-05
    .153855E-05
    .307213E-05
   -.298054E-05
   -.446136E-05
    .168540E-04
   -.759340E-05
   -.125987E-05
    .168659E-04
   -.601713E-05
    .138419E-04
    .310752E-05
   -.138490E-05
   -.195761E-04
   -.404655E-04
   -.356241E-05
    .193190E-04
    .694441E-05
   -.188252E-04
    .425351E-05
    .193880E-04
   -.814054E-05
    .120359E-05
    .163258E-04
   -.355321E-05
   -.139882E-04
    .120246E-04
    .733370E-05
   -.336119E-04
   -.276884E-05
    .215903E-04
   -.444664E-05
   -.119409E-05
    .189321E-05
   -.720433E-05
    .611628E-06
    .187712E-04
   -.162543E-04
   -.983511E-05
    .373090E-04
    .248083E-04
    .109090E-04
   -.118900E-04
   -.256386E-05
    .513478E-05
   -.115358E-04
   -.828325E-05
    .407499E-05
    .146497E-04
   -.112088E-04
    .575315E-05
   -.110089E-04
   -.258771E-04
    .139147E-04
   -.347202E-04
   -.188910E-04
    .283463E-04
   -.802510E-06
   -.157844E-04
   -.246385E-04
   -.296581E-05
    .244907E-04
    .756334E-05
   -.151400E-04
    .490161E-05
    .109363E-04
    .187110E-05
    .261990E-04
    .471670E-05
    .206214E-06
    .184996E-04
    .145074E-06
   -.270039E-04
   -.235038E-04
    .725580E-05
    .148120E-04
    .132330E-04
    .411908E-05
    .420674E-05
    .113959E-05
   -.199903E-04
   -.211146E-04
   -.253818E-05
   -.899952E-06
   -.128407E-04
   -.800892E-05
    .278987E-05
    .597301E-05
   -.161233E-05
   -.446569E-05
    .245259E-04
    .258844E-04
   -.616015E-05
    .107882E-04
    .152706E-04
    .307122E-05
    .153310E-04
    .619102E-05
    .183936E-04
    .486150E-04
   -.140941E-04
   -.212756E-04
    .261182E-04
   -.150422E-04
   -.708387E-05
    .644603E-06
    .544479E-05
    .267029E-04
   -.840975E-05
    .861710E-05
    .388952E-04
    .520222E-05
   -.235242E-04
    .133623E-04
    .147734E-04
   -.794561E-05
    .898479E-05
   -.768406E-05
    .778254E-05
   -.137132E-05
   -.566492E-05
    .142152E-04
   -.176679E-04
    .191725E-04
    .778128E-06
   -.141312E-04
    .332273E-04
   -.951750E-05
    .296249E-05
    .318880E-04
    .893450E-05
    .287361E-04
    .132666E-04
   -.201014E-04
    .457262E-05
    .313064E-05
   -.728506E-05
   -.853830E-05
    .130175E-04
    .326790E-04
   -.547929E-05
    .130159E-04
   -.678629E-05
   -.322110E-04
    .928961E-05
    .169160E-06
    .953290E-05
    .186175E-04
    .125513E-04
    .170961E-04
   -.567957E-05
    .519337E-05
    .189531E-04
    .522923E-05
   -.682255E-06
   -.474787E-06
    .164281E-04
    .118415E-04
   -.249330E-06
    .196581E-04
    .892448E-05
    .121457E-04
    .106283E-04
    .763021E-05
    .228773E-04
   -.448987E-05
    .140061E-04
    .124500E-04
    .945046E-05
    .216433E-04
   -.163486E-04
    .837528E-05
    .235802E-04
    .768918E-06
    .222161E-04
    .115025E-04
   -.809828E-05
    .209994E-04
    .239272E-04
    .253563E-04
    .131337E-04
    .132234E-04
    .207708E-04
    .101731E-05
    .164061E-04
    .418391E-05
   -.153572E-04
    .253496E-06
    .246856E-04
   -.574898E-05
   -.175644E-04
    .708971E-05
    .209052E-04
    .465805E-04
    .143958E-04
    .250643E-04
    .819097E-05
    .851929E-06
    .525444E-04
    .354552E-04
    .170267E-04
   -.103102E-04
    .159274E-04
    .249284E-04
    .364511E-05
    .220207E-04
    .823640E-05
   -.219998E-05
    .861566E-05
    .117376E-04
    .424229E-05
   -.161156E-05
    .153486E-04
    .183610E-04
    .923376E-05
    .214889E-04
   -.282432E-05
    .156945E-04
    .186445E-04
   -.403354E-05
    .280270E-04
    .816991E-05
    .325983E-04
    .126043E-04
   -.845734E-05
    .282588E-04
    .250975E-04
    .386825E-04
    .277451E-04
    .352814E-04
    .198519E-04
    .229202E-04
    .288566E-04
    .120678E-04
    .197369E-04
   -.151815E-04
    .292760E-04
    .426832E-04
   -.154196E-05
    .260032E-04
    .303866E-04
    .348753E-04
    .421783E-04
    .130890E-04
    .192368E-04
    .343757E-04
    .310807E-04
    .355126E-04
    .337812E-05
   -.544832E-05
    .251164E-04
    .280330E-04
    .279027E-04
    .156878E-04
    .187597E-04
    .277959E-04
    .140585E-04
    .800119E-05
    .248193E-04
    .216899E-04
    .201432E-04
    .170624E-04
    .793521E-05
    .198806E-05
   -.129816E-04
    .177913E-04
    .147041E-04
    .263274E-05
    .255506E-04
    .209172E-04
    .329860E-04
    .206626E-04
   -.358566E-05
    .102851E-04
    .240515E-04
    .346150E-04
    .247648E-05
   -.109371E-04
    .303591E-04
    .195799E-04
    .119812E-04
    .287416E-04
    .301255E-04
    .299500E-04
   -.496393E-06
    .118930E-04
    .407898E-04
    .328676E-04
    .296613E-04
    .144046E-04
    .129459E-04
    .685558E-05
    .131499E-04
    .359092E-04
    .129225E-04
    .251209E-04
    .310039E-04
    .576121E-06
    .220416E-04
    .158956E-04
    .530938E-05
    .266942E-04
    .159692E-04
   -.218166E-05
    .238543E-04
    .252346E-04
    .544677E-05
    .147407E-04
    .101487E-04
    .102565E-04
    .164719E-04
    .240378E-04
    .239571E-04
    .132972E-04
   -.795233E-05
   -.299413E-05
    .630202E-05
    .647026E-05
    .217940E-04
    .172145E-04
    .172267E-04
    .808920E-05
    .519803E-05
    .831115E-06
    .360024E-04
    .432353E-04
    .204015E-05
    .386763E-04
    .796373E-05
   -.388740E-05
    .296584E-04
    .204517E-04
    .173915E-04
    .725439E-06
    .252284E-04
    .265941E-04
    .159457E-04
    .174787E-04
    .144818E-04
    .114029E-04
   -.821528E-05
    .180003E-04
    .254899E-04
   -.336096E-05
    .181810E-04
    .196411E-04
    .749397E-05
    .197794E-04
   -.449623E-05
    .641498E-05
    .110457E-04
    .514219E-05
    .310495E-04
    .510235E-05
    .988185E-05
    .463705E-04
    .187073E-04
    .208684E-05
    .310659E-04
    .659700E-05
   -.159291E-04
    .102744E-04
    .194950E-04
    .729363E-05
   -.923085E-05
    .185091E-04
    .260128E-04
   -.898665E-05
   -.298405E-04
   -.342185E-05
    .226434E-04
   -.624586E-05
    .108059E-04
   -.123589E-05
   -.145882E-04
   -.521459E-06
   -.636274E-05
    .243496E-04
    .212352E-04
    .197456E-04
    .755350E-05
   -.137532E-05
    .277459E-04
    .139477E-04
    .500334E-05
    .650709E-06
    .395679E-05
    .253664E-04
    .708630E-05
    .163519E-04
    .163655E-04
   -.177005E-05
    .466280E-05
    .336593E-04
    .289074E-04
    .158646E-05
    .215438E-04
    .178508E-05
    .510336E-05
    .112837E-04
   -.374333E-05
    .314853E-04
    .237355E-04
    .404451E-05
    .330533E-04
    .206886E-04
   -.501313E-05
    .211058E-04
    .332362E-04
    .148842E-04
    .210408E-04
    .301678E-04
    .118437E-04
    .132142E-05
   -.144954E-05
    .950343E-05
    .156714E-04
    .971065E-05
    .113593E-04
    .114964E-04
    .313376E-04
    .129656E-04
    .246962E-05
    .300473E-04
    .284161E-04
    .176744E-04
   -.501838E-05
   -.918166E-05
    .638347E-05
    .171372E-04
    .508511E-05
   -.230975E-05
    .561810E-05
    .133973E-04
    .347283E-04
    .254916E-04
    .208688E-04
    .315382E-04
    .177187E-04
   -.191935E-05
    .120706E-04
    .913553E-05
    .169091E-04
    .488175E-04
    .598393E-05
    .108338E-04
    .336430E-04
    .138170E-04
    .473191E-04
    .195852E-04
    .300357E-05
    .199049E-04
    .784934E-05
    .155831E-04
    .247418E-04
    .428914E-04
    .142889E-06
    .664293E-05
    .310035E-04
   -.398114E-05
    .297769E-04
    .326399E-04
    .280098E-04
    .324261E-04
    .156216E-04
    .354448E-04
    .291920E-04
    .169823E-04
    .337502E-04
    .335790E-04
    .379824E-04
    .347143E-04
   -.348507E-06
    .298613E-05
    .214087E-04
    .290463E-04
    .259091E-04
    .764156E-05
    .473310E-05
    .246617E-04
    .261834E-04
    .245609E-04
    .396962E-04
    .227294E-04
    .137038E-04
    .350059E-04
    .904234E-05
    .122784E-04
    .244258E-04
    .138341E-04
    .321419E-04
    .380430E-04
    .363021E-04
    .164056E-04
    .407559E-04
    .389182E-04
    .844459E-05
    .419320E-04
    .370727E-04
    .278551E-04
    .489830E-04
    .516500E-04
    .451968E-04
    .129887E-04
   -.583928E-06
   -.671626E-04
   -.210231E-03
   -.451775E-03
   -.759820E-03
   -.919994E-03
   -.927811E-03
   -.573199E-03
   -.275837E-03
    .102934E-02
    .217828E-02
    .101228E-02
    .946054E-03
    .293140E-03
   -.257053E-02
   -.297215E-02
   -.153139E-02
   -.162663E-02
   -.306636E-02
   -.235764E-02
   -.969855E-03
   -.144853E-02
    .320551E-02
    .593372E-02
   -.226344E-02
   -.794564E-02
   -.785826E-02
   -.818017E-02
   -.965104E-02
   -.420765E-03
    .908998E-02
   -.435280E-03
    .135710E-02
    .112347E-01
    .574371E-02
   -.232958E-02
   -.817896E-02
   -.149272E-01
   -.101042E-01
    .755044E-02
    .589761E-02
   -.105939E-01
   -.188022E-01
   -.182396E-01
   -.916842E-02
   -.326723E-02
   -.473067E-02
   -.127072E-01
   -.923976E-02
    .127188E-01
    .956017E-02
   -.127389E-02
    .441463E-03
   -.248816E-02
    .515671E-02
    .921296E-02
   -.157846E-02
   -.150223E-01
   -.163117E-01
   -.131947E-01
   -.321925E-02
    .154863E-01
    .100766E-01
   -.372195E-02
   -.225751E-01
   -.198195E-01
    .204065E-01
    .348676E-01
    .277504E-01
    .432401E-02
   -.225438E-01
   -.332739E-01
   -.358973E-01
   -.892361E-02
    .109805E-01
    .305415E-02
   -.229141E-01
   -.341340E-01
   -.480709E-02
    .483378E-02
   -.166568E-03
    .196302E-02
   -.152068E-02
   -.744480E-02
   -.170643E-01
   -.150682E-01
    .424264E-02
    .123864E-01
    .142843E-01
    .143336E-01
    .276679E-02
    .172102E-01
    .174031E-01
    .999996E-02
    .151152E-01
   -.497188E-02
   -.193116E-01
   -.164330E-01
    .164295E-02
    .899567E-02
    .742090E-02
   -.225916E-02
   -.121943E-01
   -.213455E-02
    .593440E-02
    .151590E-01
    .136824E-01
   -.948551E-02
   -.220381E-01
   -.772884E-02
    .570901E-02
    .108361E-01
   -.687886E-02
   -.329809E-01
   -.209538E-01
    .202730E-02
   -.491170E-02
   -.146833E-03
    .169695E-01
    .736883E-02
    .719637E-02
    .164786E-01
    .481308E-02
   -.277808E-01
   -.276156E-01
    .271794E-02
    .153310E-01
    .144242E-01
    .473716E-02
   -.701228E-02
   -.135225E-01
   -.433017E-03
   -.138490E-02
   -.147470E-01
   -.170259E-01
   -.276711E-01
   -.236897E-01
   -.683131E-02
    .568674E-02
    .164097E-01
    .966466E-02
   -.176737E-01
   -.221400E-01
    .881057E-02
    .511996E-02
   -.857128E-02
    .307566E-02
   -.735126E-02
   -.121834E-01
   -.441876E-02
    .971747E-02
    .697747E-02
   -.132413E-01
   -.148462E-01
   -.205777E-01
   -.136623E-01
   -.144457E-01
   -.211147E-01
   -.506972E-02
   -.504673E-02
    .727470E-03
    .148901E-01
   -.415926E-02
   -.344632E-01
   -.348726E-01
   -.176202E-02
    .153144E-01
    .151250E-01
    .166069E-01
   -.171133E-02
   -.280324E-01
   -.402599E-01
   -.199609E-01
    .375289E-02
    .869518E-02
    .315494E-02
   -.315559E-02
    .700513E-03
   -.119987E-02
    .437164E-02
    .125249E-01
   -.690332E-02
   -.268192E-01
   -.272143E-01
   -.271592E-01
   -.172499E-01
   -.505413E-02
   -.763662E-02
   -.156783E-01
   -.135407E-01
   -.333407E-02
   -.309740E-02
    .194263E-02
    .101815E-01
    .917949E-02
    .675271E-02
    .117288E-01
    .268109E-01
    .276086E-01
    .178170E-01
    .128224E-01
    .372300E-02
    .559292E-05
   -.196619E-02
    .659233E-02
    .224560E-01
    .256940E-01
    .216031E-01
    .119164E-01
   -.409196E-03
   -.283877E-02
    .685745E-02
    .173155E-01
    .309395E-01
    .248571E-01
    .103021E-01
    .562383E-02
    .118294E-01
    .181482E-01
    .210888E-01
    .427380E-01
    .361005E-01
    .332272E-01
    .417529E-01
    .364747E-01
    .517496E-01
    .493720E-01
    .420160E-01
    .477274E-01
    .475664E-01
    .442849E-01
    .384337E-01
    .376176E-01
    .366420E-01
    .391166E-01
    .414321E-01
    .444712E-01
    .508784E-01
    .472976E-01
    .457033E-01
    .455275E-01
    .501655E-01
    .567497E-01
    .587019E-01
    .520927E-01
    .353315E-01
    .409467E-01
    .438284E-01
    .394154E-01
    .350887E-01
    .292518E-01
    .380763E-01
    .424148E-01
    .513645E-01
    .467317E-01
    .390837E-01
    .433685E-01
    .353613E-01
    .274979E-01
    .219651E-01
    .183140E-01
    .977757E-02
    .229594E-02
    .638962E-02
    .163358E-01
    .105550E-01
   -.641860E-02
   -.255133E-02
    .239135E-02
   -.264948E-02
   -.127774E-01
   -.129781E-01
   -.486122E-02
   -.167163E-01
   -.254636E-01
   -.317651E-01
   -.378056E-01
   -.380825E-01
   -.453742E-01
   -.450640E-01
   -.488374E-01
   -.538019E-01
   -.537478E-01
   -.538441E-01
   -.512745E-01
   -.579398E-01
   -.588876E-01
   -.599909E-01
   -.589939E-01
   -.500527E-01
   -.442604E-01
   -.304121E-01
   -.276848E-01
   -.238042E-01
   -.110526E-01
   -.860142E-02
    .332742E-02
    .182978E-01
    .158100E-01
    .856719E-02
    .919768E-02
    .133959E-02
   -.755000E-02
   -.115006E-01
   -.214264E-01
   -.285508E-01
   -.420649E-01
   -.462614E-01
   -.436773E-01
   -.483784E-01
   -.372424E-01
   -.252782E-01
   -.162362E-01
   -.128625E-02
    .106502E-01
    .187374E-01
    .188576E-01
    .179233E-01
    .186162E-01
    .167272E-01
    .188205E-01
    .187098E-01
    .240678E-01
    .208873E-01
    .107006E-01
    .218377E-01
    .191965E-01
    .130164E-01
    .196841E-01
    .295399E-01
    .393793E-01
    .411162E-01
    .436789E-01
    .354833E-01
    .228889E-01
    .955521E-02
    .105753E-01
    .728736E-02
    .236706E-02
    .945148E-02
   -.732729E-02
   -.289784E-02
    .655994E-02
    .721869E-02
    .612662E-02
   -.548487E-02
    .136899E-01
    .282939E-01
    .161540E-01
    .523430E-02
    .956755E-02
    .540320E-02
   -.264797E-01
   -.481780E-02
    .317794E-01
    .809818E-02
    .548661E-02
    .231431E-01
    .258800E-01
    .191489E-02
   -.688842E-02
    .179321E-01
    .294830E-01
    .320230E-01
    .240570E-01
    .336635E-01
    .427611E-01
    .407659E-01
    .412318E-01
    .398250E-01
    .430293E-01
    .332474E-01
    .297207E-01
    .212767E-01
    .151159E-01
    .169349E-01
   -.322801E-02
   -.205834E-01
   -.407179E-01
   -.165941E-01
    .392201E-02
   -.199393E-01
    .152904E-02
    .355230E-02
   -.104826E-01
   -.146426E-01
   -.705875E-02
   -.788909E-02
   -.296312E-01
   -.122281E-01
   -.233039E-01
   -.352363E-01
   -.347154E-01
   -.222845E-01
   -.625042E-02
   -.292403E-01
   -.196882E-01
   -.262458E-01
   -.286951E-01
   -.307299E-01
   -.350921E-01
   -.150830E-01
   -.295946E-01
   -.229968E-01
   -.200737E-01
   -.220640E-01
   -.177023E-01
   -.677585E-02
   -.855038E-02
   -.493033E-01
   -.606184E-01
   -.600519E-01
   -.733373E-01
   -.888930E-01
   -.767329E-01
   -.589786E-01
   -.486053E-01
   -.443588E-01
   -.511078E-01
   -.377836E-01
   -.303145E-01
   -.322217E-01
   -.291955E-01
   -.205520E-01
   -.185232E-01
   -.162804E-01
   -.125332E-01
   -.168014E-01
   -.264520E-01
   -.341489E-01
   -.296360E-01
   -.407812E-01
   -.520485E-01
   -.540123E-01
   -.578524E-01
   -.604223E-01
   -.562298E-01
   -.537240E-01
   -.579091E-01
   -.438929E-01
   -.296302E-01
   -.240327E-01
   -.327686E-01
   -.372653E-01
   -.322239E-01
   -.422716E-01
   -.375792E-01
   -.227786E-01
   -.102078E-01
   -.877098E-02
   -.120543E-01
   -.148595E-01
   -.372662E-01
   -.627536E-01
   -.663101E-01
   -.480852E-01
   -.355589E-01
   -.270593E-01
   -.307810E-01
   -.227538E-01
   -.987575E-02
   -.144804E-01
   -.121409E-01
   -.224648E-01
   -.101378E-01
    .571410E-02
    .145556E-01
    .349857E-01
    .434159E-01
    .476780E-01
    .463698E-01
    .281592E-01
   -.496763E-02
   -.152388E-01
   -.266937E-01
   -.255893E-01
   -.944403E-02
   -.288622E-02
    .117331E-01
    .123979E-02
    .171514E-03
    .147231E-01
    .175112E-01
    .215588E-01
    .311347E-01
    .333133E-01
    .194131E-01
    .160630E-01
    .157139E-01
    .233022E-01
    .271365E-01
    .175901E-01
    .826265E-02
    .150667E-01
    .237270E-01
    .140109E-01
    .219344E-01
    .942967E-02
    .846904E-02
    .170927E-01
    .266355E-01
    .461738E-01
    .362199E-01
    .491233E-01
    .305741E-01
    .159718E-01
    .296477E-01
    .255120E-01
    .264537E-01
    .210783E-01
    .241970E-01
    .415440E-02
   -.612395E-02
    .849761E-02
   -.112430E-02
   -.132501E-01
   -.870376E-02
   -.125965E-01
   -.318539E-01
   -.263353E-01
   -.285157E-02
    .725272E-02
   -.348675E-02
   -.813676E-02
   -.329794E-02
   -.962878E-02
   -.920396E-02
    .403101E-02
    .151836E-01
    .537737E-02
   -.547588E-02
    .151582E-02
    .517495E-02
    .133723E-01
    .244046E-01
    .149694E-01
   -.768623E-02
   -.128768E-01
   -.105052E-01
   -.150152E-01
   -.101182E-01
   -.282975E-02
   -.574763E-02
   -.101419E-01
    .145512E-02
    .600360E-02
    .118337E-01
    .169629E-01
    .889511E-02
    .411484E-02
   -.224369E-02
    .110830E-01
    .211584E-01
    .243902E-01
    .415680E-01
    .496362E-01
    .415581E-01
    .224476E-01
    .164236E-01
    .244047E-01
    .225987E-01
    .207239E-01
    .229331E-01
    .184346E-01
    .109614E-01
    .118161E-01
    .866822E-02
   -.206233E-02
   -.750988E-02
   -.133073E-01
   -.150098E-01
   -.888182E-02
    .113738E-01
    .171216E-01
    .152612E-01
    .251880E-01
    .286770E-01
    .286564E-01
    .243952E-01
    .185625E-01
    .508632E-02
    .299320E-02
   -.193699E-02
   -.532696E-02
   -.439363E-02
    .134171E-01
    .162259E-01
   -.161400E-01
   -.794244E-02
   -.198046E-01
   -.314050E-01
   -.332437E-01
   -.172711E-01
    .201791E-01
    .169363E-02
   -.193472E-02
   -.273421E-02
   -.194963E-01
    .114896E-02
    .282425E-01
    .468351E-01
    .641101E-01
    .413351E-01
    .149553E-01
    .135069E-01
    .838420E-02
    .118573E-01
    .213278E-01
    .346672E-01
    .286487E-01
    .218988E-01
    .308619E-01
    .338250E-01
    .342999E-01
    .440563E-01
    .543414E-01
    .433059E-01
    .382118E-01
    .416336E-01
    .402437E-01
    .257984E-01
    .893880E-02
   -.256548E-02
   -.220186E-01
   -.236186E-01
   -.153671E-01
   -.105881E-01
    .287766E-03
   -.585387E-04
   -.105939E-01
   -.122544E-01
   -.752183E-02
   -.390928E-02
   -.127242E-01
   -.198686E-01
   -.175227E-01
   -.152958E-01
   -.110489E-01
   -.115783E-01
   -.935668E-02
   -.198380E-01
   -.420078E-01
   -.631037E-01
   -.707086E-01
   -.753165E-01
   -.950892E-01
   -.881408E-01
   -.889293E-01
   -.919967E-01
   -.541533E-01
    .252098E-03
    .657299E-01
    .110663E+00
    .106114E+00
    .454484E-01
   -.855746E-02
   -.120679E-01
   -.842851E-02
    .987149E-02
    .385293E-01
    .586656E-01
    .624380E-01
    .702081E-01
    .795172E-01
    .504647E-01
    .330759E-01
    .303071E-01
    .839380E-02
   -.115921E-01
    .324599E-03
   -.243675E-02
   -.225349E-01
   -.225691E-01
   -.395341E-01
   -.232247E-01
   -.109511E-01
   -.123235E-01
    .761216E-02
    .453634E-02
    .101794E-02
   -.186517E-02
    .193073E-01
    .315364E-01
    .171303E-01
    .250396E-01
    .276820E-01
    .175265E-01
    .669170E-02
   -.604432E-02
   -.133572E-01
   -.304147E-01
   -.354051E-01
   -.206575E-01
   -.265789E-01
   -.201569E-01
   -.153458E-01
   -.192534E-01
    .168262E-02
    .154971E-01
    .731578E-02
   -.327456E-02
    .187652E-02
    .689855E-02
    .215935E-01
    .435886E-01
    .280897E-01
   -.363548E-04
   -.182629E-01
   -.232535E-01
    .215276E-03
    .125651E-01
    .321526E-01
    .335305E-01
   -.609308E-02
   -.142196E-01
   -.226807E-01
   -.250171E-01
   -.319197E-01
   -.410811E-01
   -.244706E-01
   -.307974E-01
   -.252257E-01
   -.164376E-01
   -.212989E-01
   -.840718E-02
    .797373E-02
    .749126E-02
   -.194916E-02
   -.486265E-02
   -.836949E-02
   -.323686E-01
   -.537395E-01
   -.399080E-01
   -.277517E-01
   -.214242E-01
   -.521372E-03
    .300297E-01
    .372459E-01
    .115831E-01
   -.139962E-01
   -.307039E-01
   -.353417E-01
   -.299483E-01
   -.184235E-01
    .230542E-02
    .245152E-01
    .365762E-01
    .489687E-01
    .245925E-01
   -.291293E-01
   -.554096E-01
   -.697582E-01
   -.539489E-01
   -.249679E-01
   -.166445E-01
   -.721047E-02
    .241196E-02
    .123847E-01
    .130397E-01
    .137513E-01
    .268747E-01
    .290999E-01
    .167433E-01
   -.135737E-02
   -.225213E-01
   -.376034E-01
   -.392127E-01
   -.390758E-01
   -.388342E-01
   -.393282E-01
   -.465070E-01
   -.470594E-01
   -.522601E-01
   -.585122E-01
   -.493992E-01
   -.424730E-01
   -.310336E-01
   -.233692E-01
   -.241671E-01
   -.180732E-01
   -.925991E-02
   -.678294E-02
   -.170403E-01
   -.141524E-01
   -.150375E-01
   -.244862E-01
   -.221111E-01
   -.245303E-01
   -.285473E-01
   -.282211E-01
   -.181805E-01
   -.115272E-01
    .110966E-02
    .179076E-01
    .209864E-01
    .233243E-01
    .221571E-01
    .183130E-01
    .280700E-02
   -.545037E-02
   -.232529E-02
   -.108738E-01
   -.310805E-02
    .655456E-02
   -.756957E-02
   -.125421E-01
    .550313E-02
    .139551E-01
    .566908E-02
    .179186E-01
    .360257E-01
    .418267E-01
    .425359E-01
    .335613E-01
    .363949E-01
    .350671E-01
    .286764E-01
    .327141E-01
    .252168E-01
    .171052E-01
    .112327E-01
    .994405E-02
    .129327E-01
    .213398E-01
    .276842E-01
    .353609E-01
    .546061E-01
    .534172E-01
    .427186E-01
    .297163E-01
    .273703E-01
    .221923E-01
    .105810E-01
    .105470E-01
    .711905E-02
    .761665E-02
    .913854E-03
    .461286E-03
    .823322E-03
    .783110E-02
    .158133E-01
    .480852E-02
    .401764E-02
    .906194E-02
    .921968E-02
    .619635E-02
    .630018E-02
    .107566E-01
    .112525E-01
    .602993E-02
    .531405E-02
    .112738E-01
    .107417E-01
    .171906E-02
    .539336E-02
    .589022E-02
   -.501670E-02
   -.259804E-02
    .887349E-03
    .332816E-03
   -.199366E-03
    .567933E-03
    .200657E-02
    .304145E-02
    .753067E-02
    .145729E-01
    .783838E-02
   -.247109E-02
    .685350E-02
    .850576E-02
    .922512E-02
    .233328E-01
    .216818E-01
    .768795E-02
    .454032E-03
    .467226E-02
    .614031E-03
   -.294409E-03
    .128800E-01
    .142282E-01
    .139490E-01
    .151287E-01
    .264310E-01
    .280711E-01
    .849559E-02
    .819853E-02
    .116929E-01
    .710110E-02
    .971328E-02
    .135919E-01
    .124799E-01
    .121411E-01
    .147884E-01
    .133498E-01
    .633272E-02
    .521961E-03
    .331280E-02
    .987661E-02
    .148451E-01
    .187393E-01
    .233676E-01
    .235404E-01
    .189039E-01
    .147109E-01
    .952228E-02
    .792982E-02
    .373275E-02
    .478316E-02
    .116514E-01
    .942685E-02
    .425971E-02
    .236715E-02
    .409024E-02
    .108950E-02
    .356763E-02
    .209461E-02
   -.863476E-02
   -.473042E-02
   -.405320E-02
   -.108567E-01
   -.765795E-02
   -.213386E-02
   -.375258E-02
   -.717418E-02
   -.850037E-02
   -.869945E-02
   -.104206E-01
   -.137867E-01
   -.130714E-01
   -.890331E-02
   -.457846E-02
   -.146244E-02
    .530832E-02
    .815194E-02
    .954089E-02
    .122344E-01
    .871460E-02
    .139768E-01
    .135949E-01
    .118383E-01
    .143470E-01
    .836207E-02
    .107510E-01
    .730674E-02
    .684711E-02
    .673816E-02
    .246730E-02
    .138253E-01
    .153082E-01
    .160957E-01
    .150918E-01
    .788512E-02
    .105956E-01
    .238949E-02
   -.661375E-02
   -.752112E-02
   -.134402E-01
   -.137982E-01
   -.102779E-01
   -.134589E-01
   -.104819E-01
   -.745895E-02
   -.138576E-01
   -.116067E-01
   -.144913E-01
   -.154423E-01
    .378303E-03
    .528186E-02
   -.222615E-02
   -.809177E-02
   -.525448E-02
   -.421290E-02
   -.647190E-02
   -.364964E-02
   -.462000E-02
   -.123347E-01
   -.160738E-01
   -.147515E-01
   -.149362E-01
   -.133262E-01
   -.127425E-01
   -.486462E-02
   -.302026E-03
   -.199855E-02
   -.322348E-02
   -.729621E-02
   -.314477E-02
   -.427585E-02
   -.479284E-02
   -.258673E-02
   -.232702E-02
    .318485E-02
   -.114656E-02
   -.140749E-01
   -.122702E-01
    .108865E-02
    .701076E-02
    .100474E-01
    .838344E-02
    .306563E-02
   -.609030E-02
   -.951782E-02
   -.642460E-02
   -.122424E-01
   -.109637E-01
   -.102865E-01
   -.118163E-01
   -.820085E-02
   -.432029E-02
   -.125322E-02
   -.536138E-02
   -.279551E-02
   -.522791E-02
   -.141285E-01
   -.882542E-02
   -.329472E-02
   -.251533E-02
   -.293036E-02
   -.550174E-03
   -.308503E-02
   -.996118E-02
   -.358519E-02
    .502782E-03
    .849471E-03
    .446067E-02
    .578750E-02
    .105251E-01
    .103793E-01
    .164761E-02
   -.124755E-02
   -.168625E-02
   -.980867E-02
   -.152372E-01
   -.157083E-01
   -.139433E-01
   -.934508E-02
   -.411931E-02
    .440883E-02
    .654834E-02
    .450500E-02
    .267263E-02
   -.525986E-02
   -.105668E-01
   -.113973E-01
   -.727114E-02
   -.323528E-02
    .684579E-03
   -.407906E-04
   -.645194E-02
   -.334633E-02
   -.236954E-02
   -.719448E-02
   -.117829E-01
   -.662732E-02
    .820993E-03
   -.227395E-02
   -.636219E-02
   -.108296E-01
   -.170649E-01
   -.223439E-01
   -.179536E-01
   -.112563E-01
   -.771431E-02
   -.746206E-02
   -.716392E-02
   -.315984E-02
   -.339735E-02
    .579302E-02
    .130560E-01
    .112966E-01
    .116244E-01
    .451879E-02
    .228281E-03
   -.527445E-03
   -.988283E-03
    .204601E-02
    .713828E-02
    .155210E-01
    .184201E-01
    .109729E-01
   -.342687E-02
   -.867590E-02
   -.254437E-02
   -.210629E-02
    .735526E-02
    .164523E-01
    .127909E-01
    .144100E-01
    .124681E-01
    .193539E-01
    .131447E-01
    .164653E-02
    .115584E-01
    .919222E-02
    .695397E-02
    .233408E-02
    .412543E-02
    .534376E-02
   -.178837E-02
    .624980E-02
    .817281E-02
    .107153E-01
    .147876E-01
    .131773E-01
    .110856E-01
    .600063E-02
    .918721E-03
   -.379868E-03
    .148867E-02
    .439248E-02
    .835327E-02
    .489753E-02
    .707994E-02
    .132523E-01
    .126213E-01
    .130897E-01
    .703275E-02
    .109547E-01
    .161468E-01
    .790742E-02
    .725920E-02
    .112371E-02
   -.653089E-02
   -.865764E-02
   -.145091E-01
   -.161795E-01
   -.672876E-02
   -.466139E-03
   -.812814E-02
   -.477165E-02
    .352081E-02
    .382782E-02
    .128114E-02
    .383937E-04
    .347612E-02
   -.284537E-02
   -.475176E-02
    .118100E-02
   -.331802E-02
   -.744450E-02
   -.923408E-02
   -.159204E-01
   -.191896E-01
   -.164589E-01
   -.813956E-02
    .382725E-02
    .678920E-02
    .406761E-02
    .251809E-03
   -.889560E-02
   -.138036E-01
   -.688230E-02
    .512670E-02
    .122648E-01
    .131355E-01
    .692549E-02
   -.872420E-02
   -.185058E-01
   -.157751E-01
   -.134482E-01
   -.161571E-01
   -.149383E-01
   -.146552E-01
   -.209703E-01
   -.150295E-01
   -.948471E-02
   -.140396E-01
   -.122628E-01
   -.538479E-02
    .474421E-02
    .113450E-01
    .147065E-01
    .146306E-01
    .385452E-02
   -.442226E-03
    .529220E-02
    .640427E-02
    .794087E-02
    .119382E-01
    .139188E-01
    .940213E-02
    .315481E-02
   -.233216E-02
   -.144687E-01
   -.157620E-01
   -.639379E-02
   -.187467E-02
    .402814E-03
   -.826162E-03
   -.393843E-02
   -.453630E-02
   -.290432E-02
   -.358213E-02
   -.103294E-02
    .378183E-02
   -.153437E-02
   -.607824E-02
   -.189424E-02
    .291850E-02
    .841727E-02
    .900096E-02
    .471395E-02
    .163142E-02
    .285819E-02
    .826032E-02
    .633878E-02
    .540507E-02
    .191906E-02
   -.494816E-02
   -.812702E-02
   -.853805E-02
    .229902E-02
    .937038E-03
   -.370602E-02
    .307758E-02
    .608066E-02
    .281826E-02
   -.948579E-03
    .386882E-02
   -.804416E-03
   -.957013E-02
   -.153511E-01
   -.195491E-01
   -.188329E-01
   -.208323E-01
   -.130046E-01
   -.732215E-02
   -.271324E-02
    .736330E-02
    .863913E-02
    .964188E-02
    .954703E-02
    .491958E-02
   -.103421E-02
   -.997548E-04
    .296169E-02
    .234493E-02
    .311349E-02
    .289261E-02
    .548518E-02
    .191451E-03
   -.888150E-02
   -.765617E-02
   -.641621E-02
   -.310775E-02
    .602499E-02
    .599521E-02
   -.364425E-02
   -.704947E-02
   -.610975E-02
   -.855775E-02
   -.129876E-01
   -.107188E-01
   -.665393E-02
   -.889955E-02
   -.966676E-02
   -.101750E-01
   -.116032E-01
   -.137681E-01
   -.130627E-01
   -.118928E-01
   -.131273E-01
   -.122539E-01
   -.109723E-01
   -.363146E-02
    .631755E-02
    .844836E-02
    .301266E-02
   -.219401E-02
   -.638345E-02
   -.649788E-02
   -.344059E-02
   -.193264E-02
    .302432E-02
    .372169E-02
    .728760E-02
    .122134E-01
    .101106E-01
    .130333E-01
    .122064E-01
    .957967E-02
    .129767E-01
    .130211E-01
    .946969E-02
    .797603E-02
    .607586E-02
   -.177466E-02
   -.904784E-02
   -.108665E-01
   -.109391E-01
   -.104860E-01
   -.905437E-02
   -.665168E-02
   -.297276E-02
   -.365568E-02
   -.589192E-02
   -.298216E-02
   -.840213E-03
    .138416E-02
   -.963380E-03
   -.548338E-02
   -.238341E-02
   -.321330E-02
   -.199490E-02
    .407419E-02
    .159731E-02
   -.352787E-02
   -.643630E-02
   -.905215E-02
   -.120953E-01
   -.818676E-02
    .469575E-03
    .291552E-03
    .662061E-03
    .274760E-02
   -.376811E-02
   -.100446E-01
   -.139137E-01
   -.116154E-01
   -.408701E-02
    .106511E-02
    .473587E-02
    .434460E-02
    .257881E-02
    .145433E-02
    .403594E-02
    .641724E-02
    .293080E-02
   -.183138E-02
   -.332710E-02
   -.349150E-02
   -.653688E-02
   -.623288E-02
   -.301761E-02
   -.458332E-02
   -.988413E-02
   -.133622E-01
   -.132854E-01
   -.150607E-01
   -.165575E-01
   -.133124E-01
   -.125992E-01
   -.152568E-01
   -.169893E-01
   -.154636E-01
   -.119761E-01
   -.709738E-02
   -.763753E-02
   -.837812E-02
   -.742154E-03
   -.598670E-02
   -.125629E-01
   -.108893E-01
   -.123221E-01
   -.108951E-01
   -.104999E-01
   -.124978E-01
   -.152115E-01
   -.135651E-01
   -.139564E-01
   -.167595E-01
   -.139481E-01
   -.144379E-01
   -.188186E-01
   -.233270E-01
   -.195355E-01
   -.140200E-01
   -.143424E-01
   -.145266E-01
   -.133076E-01
   -.949696E-02
   -.897306E-02
   -.648901E-02
    .426071E-02
    .114768E-01
    .899655E-02
    .596582E-02
    .506261E-02
    .953356E-04
   -.643699E-02
   -.930104E-02
   -.112682E-01
   -.815414E-02
   -.306516E-02
   -.637138E-02
   -.108561E-01
   -.116470E-01
   -.111326E-01
   -.105039E-01
   -.573801E-02
   -.508770E-03
   -.223365E-02
   -.447686E-02
   -.527336E-02
   -.106182E-01
   -.129010E-01
   -.779817E-02
   -.896411E-02
   -.129908E-01
   -.893881E-02
   -.353425E-02
   -.469125E-02
   -.904391E-02
   -.727088E-02
   -.634817E-02
   -.797462E-02
   -.308853E-02
   -.273672E-02
   -.715185E-02
   -.885569E-02
   -.107898E-01
   -.120316E-01
   -.103886E-01
   -.119712E-01
   -.182063E-01
   -.179755E-01
   -.135499E-01
   -.688798E-02
   -.855368E-03
    .184211E-02
    .486726E-02
    .142905E-02
   -.973025E-04
    .451718E-02
    .394262E-02
    .429907E-02
    .109338E-01
    .149315E-01
    .139284E-01
    .151329E-01
    .171901E-01
    .143647E-01
    .150372E-01
    .204455E-01
    .184897E-01
    .706771E-02
   -.462388E-02
   -.108127E-01
   -.136520E-01
   -.100231E-01
   -.952560E-02
   -.163683E-01
   -.209907E-01
   -.266850E-01
   -.300130E-01
   -.306763E-01
   -.291961E-01
   -.215965E-01
   -.130625E-01
   -.672290E-03
    .131049E-01
    .196001E-01
    .230661E-01
    .246348E-01
    .245501E-01
    .216353E-01
    .187599E-01
    .197919E-01
    .168747E-01
    .122498E-01
    .108218E-01
    .127253E-01
    .167043E-01
    .138481E-01
    .609827E-02
    .493693E-02
    .754292E-02
    .124635E-01
    .201153E-01
    .237258E-01
    .212130E-01
    .161706E-01
    .147484E-01
    .113356E-01
    .101346E-01
    .150870E-01
    .155286E-01
    .171911E-01
    .238437E-01
    .281721E-01
    .257161E-01
    .238910E-01
    .242943E-01
    .219479E-01
    .200357E-01
    .175436E-01
    .152476E-01
    .138519E-01
    .130974E-01
    .145363E-01
    .155727E-01
    .151443E-01
    .167745E-01
    .201223E-01
    .169755E-01
    .118539E-01
    .130771E-01
    .113709E-01
    .109908E-01
    .162538E-01
    .211215E-01
    .229253E-01
    .181491E-01
    .138422E-01
    .841831E-02
    .111937E-02
    .176162E-02
    .738226E-02
    .110151E-01
    .142037E-01
    .152436E-01
    .121423E-01
    .883775E-02
    .349429E-02
   -.114450E-03
   -.225791E-04
   -.228426E-02
   -.254044E-02
   -.166095E-03
    .944597E-03
    .403873E-03
   -.915865E-03
   -.389469E-02
   -.909497E-02
   -.998607E-02
   -.877808E-02
   -.888167E-02
   -.103148E-01
   -.103622E-01
   -.114848E-01
   -.121031E-01
   -.819229E-02
   -.103485E-01
   -.125351E-01
   -.125285E-01
   -.124206E-01
   -.815056E-02
   -.470047E-02
   -.385685E-02
   -.369156E-02
   -.889963E-03
    .911566E-03
    .640727E-03
    .218277E-02
   -.378205E-02
   -.125525E-01
   -.981629E-02
   -.653894E-02
   -.805719E-02
   -.568188E-02
    .550225E-03
    .353251E-03
   -.552170E-02
   -.610821E-02
   -.636439E-02
   -.546823E-02
   -.125492E-02
   -.187059E-02
   -.430816E-03
    .215882E-02
   -.143209E-02
   -.152974E-02
    .366371E-03
    .204656E-02
    .511006E-02
    .582519E-02
    .830672E-02
    .103865E-01
    .723462E-02
    .230429E-02
    .967577E-03
    .399357E-03
    .294557E-03
    .265022E-02
    .407915E-02
    .323777E-02
    .521774E-03
   -.434244E-03
    .124430E-02
    .192206E-02
    .124378E-02
    .267941E-02
    .222276E-02
   -.145692E-02
   -.625782E-02
   -.141075E-01
   -.168172E-01
   -.105446E-01
   -.571524E-02
   -.324877E-02
   -.440841E-02
   -.944217E-02
   -.980942E-02
   -.721479E-02
   -.521149E-02
   -.571715E-02
   -.546701E-02
   -.168739E-02
    .301477E-02
    .640317E-02
    .125288E-01
    .170141E-01
    .103320E-01
    .205226E-02
   -.685354E-03
    .159821E-02
    .471632E-02
    .791221E-02
    .958948E-02
    .708024E-02
    .444188E-02
    .246468E-02
    .235722E-02
    .414964E-02
    .503533E-02
    .397515E-02
    .740434E-02
    .116257E-01
    .958365E-02
    .853574E-02
    .778019E-02
    .403643E-02
    .185748E-02
    .473964E-02
    .777444E-02
    .688750E-02
    .598347E-02
    .690760E-02
    .681507E-02
    .404832E-02
    .230542E-02
    .194862E-02
    .255320E-02
    .206804E-02
   -.777581E-03
   -.177888E-02
   -.522890E-03
   -.950374E-03
   -.169276E-02
    .533277E-03
    .115836E-02
    .132933E-02
    .776659E-03
   -.137139E-02
   -.330990E-02
   -.539824E-02
   -.530664E-02
   -.413144E-02
   -.545976E-02
   -.683153E-02
   -.293743E-02
   -.107562E-02
   -.339342E-02
   -.589939E-02
   -.675224E-02
   -.748128E-02
   -.892945E-02
   -.638835E-02
   -.600194E-02
   -.567032E-02
   -.462884E-02
   -.524386E-02
   -.170727E-02
    .213099E-02
    .542824E-02
    .785446E-02
    .967427E-02
    .101207E-01
    .686793E-02
    .787980E-02
    .108132E-01
    .124426E-01
    .145763E-01
    .124734E-01
    .860912E-02
    .548171E-02
    .518698E-02
    .651562E-02
    .608033E-02
    .697576E-02
    .745184E-02
    .762405E-02
    .845050E-02
    .827174E-02
    .712554E-02
    .768940E-02
    .859580E-02
    .916923E-02
    .156849E-01
    .179914E-01
    .137239E-01
    .115105E-01
    .808441E-02
    .550415E-02
    .492713E-02
    .614383E-02
    .466714E-02
    .146763E-02
    .268266E-02
    .522933E-02
    .755623E-02
    .709108E-02
    .935613E-02
    .122266E-01
    .104922E-01
    .118439E-01
    .114073E-01
    .926373E-02
    .105729E-01
    .103643E-01
    .922378E-02
    .890251E-02
    .713912E-02
    .355012E-02
    .511161E-02
    .952827E-02
    .759042E-02
    .510164E-02
    .321629E-02
   -.131875E-02
   -.349944E-02
   -.179935E-02
    .445532E-03
    .172763E-02
    .272932E-02
    .305145E-02
    .163421E-02
    .307492E-04
    .303109E-03
    .659199E-03
    .104653E-02
    .302246E-02
    .429201E-02
    .383865E-02
    .264426E-02
    .387398E-02
    .799626E-02
    .762275E-02
    .671050E-02
    .734914E-02
    .432661E-02
    .290459E-02
    .246754E-02
    .214863E-02
    .250904E-02
    .199835E-02
    .331598E-02
    .533070E-02
    .567517E-02
    .578438E-02
    .532455E-02
    .423455E-02
    .401466E-02
    .417108E-02
    .446764E-02
    .529075E-02
    .780652E-02
    .954089E-02
    .727944E-02
    .203653E-02
    .224620E-02
    .646847E-02
    .648654E-02
    .884681E-02
    .121499E-01
    .998932E-02
    .648248E-02
    .637647E-02
    .690449E-02
    .675738E-02
    .975307E-02
    .121513E-01
    .131856E-01
    .125362E-01
    .866038E-02
    .734572E-02
    .544430E-02
    .337741E-02
    .371666E-02
    .516009E-02
    .106052E-01
    .115211E-01
    .797632E-02
    .576826E-02
    .515262E-02
    .560840E-02
    .614814E-02
    .945326E-02
    .767392E-02
    .502522E-02
    .517176E-02
    .157278E-02
   -.464926E-03
   -.231160E-03
    .176076E-02
    .392130E-02
    .678751E-02
    .839580E-02
    .354745E-02
    .424874E-03
   -.480568E-04
   -.209639E-02
    .199742E-03
    .369879E-02
    .240532E-02
    .155136E-02
    .353774E-02
    .360825E-02
    .159057E-02
    .240865E-02
    .406477E-02
    .331984E-02
    .351094E-02
    .400525E-02
    .158996E-02
    .697146E-03
   -.357767E-03
   -.256733E-02
   -.239609E-02
   -.249716E-02
   -.636550E-03
   -.401636E-03
    .859987E-03
    .249484E-02
   -.220366E-02
   -.541017E-02
   -.597708E-02
   -.635914E-02
   -.615104E-02
   -.208179E-02
   -.290292E-03
   -.666815E-03
    .361301E-02
    .443659E-02
    .525366E-02
    .966889E-02
    .129303E-01
    .130303E-01
    .969492E-02
    .892289E-02
    .828325E-02
    .433634E-02
    .291078E-02
    .159582E-02
   -.205348E-02
   -.415819E-02
   -.412676E-02
   -.464197E-02
   -.457421E-02
   -.352483E-02
   -.458251E-02
   -.405010E-02
   -.224055E-02
   -.102635E-02
    .804570E-03
    .669063E-03
   -.189331E-02
   -.439052E-02
   -.383592E-02
   -.353421E-02
   -.441425E-02
   -.475103E-02
   -.554736E-02
   -.347802E-02
   -.163135E-02
    .305463E-03
    .305347E-02
    .205527E-02
    .184545E-02
    .128411E-02
   -.103579E-03
    .435393E-03
    .234340E-03
   -.554388E-03
   -.107894E-02
   -.203851E-02
   -.386453E-02
   -.355923E-02
   -.226352E-02
   -.186556E-02
   -.190700E-02
   -.262470E-02
   -.327421E-02
   -.566326E-02
   -.683598E-02
   -.655534E-02
   -.658903E-02
   -.520325E-02
   -.272763E-02
   -.117032E-02
   -.322648E-02
   -.313997E-02
   -.116805E-02
   -.106214E-02
   -.122865E-02
   -.125631E-02
    .182474E-03
   -.122670E-02
   -.233209E-02
   -.484371E-03
   -.729391E-03
   -.233974E-02
   -.324830E-02
   -.336944E-02
   -.492511E-02
   -.590520E-02
   -.446096E-02
   -.512249E-02
   -.768337E-02
   -.790032E-02
   -.834147E-02
   -.964577E-02
   -.920455E-02
   -.920205E-02
   -.100667E-01
   -.742350E-02
   -.234527E-02
   -.173602E-02
   -.197112E-02
    .793611E-04
    .573573E-03
   -.509768E-03
   -.188069E-02
   -.303251E-02
   -.495934E-02
   -.640404E-02
   -.653755E-02
   -.528247E-02
   -.357322E-02
   -.289433E-02
   -.221390E-02
   -.205377E-02
   -.226925E-02
   -.145662E-02
    .670885E-03
   -.647508E-04
   -.245066E-02
   -.241521E-02
   -.390061E-02
   -.621346E-02
   -.770702E-02
   -.842233E-02
   -.730766E-02
   -.602258E-02
   -.415343E-02
   -.974737E-03
    .659936E-03
   -.762493E-03
   -.376397E-03
    .630671E-03
   -.178578E-02
   -.276039E-02
   -.185813E-02
   -.141316E-02
   -.135728E-02
   -.912129E-03
    .604241E-03
   -.263000E-03
   -.326330E-02
   -.438547E-02
   -.488302E-02
   -.631679E-02
   -.667830E-02
   -.568828E-02
   -.554492E-02
   -.679850E-02
   -.709370E-02
   -.568601E-02
   -.415074E-02
   -.289032E-02
   -.271568E-02
   -.377006E-02
   -.436021E-02
   -.493374E-02
   -.590888E-02
   -.627051E-02
   -.665520E-02
   -.802744E-02
   -.803167E-02
   -.660001E-02
   -.635257E-02
   -.876451E-02
   -.943012E-02
   -.608825E-02
   -.552048E-02
   -.516417E-02
   -.412113E-02
   -.410642E-02
   -.348852E-02
   -.350500E-02
   -.438789E-02
   -.600966E-02
   -.496011E-02
   -.360455E-02
   -.247581E-02
   -.593155E-03
   -.884275E-03
   -.112584E-02
   -.261136E-02
   -.516696E-02
   -.617663E-02
   -.742185E-02
   -.712751E-02
   -.585432E-02
   -.589537E-02
   -.536577E-02
   -.537667E-02
   -.622329E-02
   -.757978E-02
   -.865218E-02
   -.902230E-02
   -.933337E-02
   -.835188E-02
   -.631153E-02
   -.381946E-02
   -.391582E-02
   -.568851E-02
   -.671682E-02
   -.877307E-02
   -.959046E-02
   -.956526E-02
   -.110942E-01
   -.122994E-01
   -.116973E-01
   -.115638E-01
   -.128296E-01
   -.136190E-01
   -.146833E-01
   -.143569E-01
   -.115042E-01
   -.101544E-01
   -.102467E-01
   -.100558E-01
   -.113849E-01
   -.133723E-01
   -.143420E-01
   -.136523E-01
   -.125823E-01
   -.109146E-01
   -.799783E-02
   -.670863E-02
   -.657983E-02
   -.789080E-02
   -.916696E-02
   -.101727E-01
   -.132726E-01
   -.145681E-01
   -.134559E-01
   -.131634E-01
   -.128986E-01
   -.105922E-01
   -.828464E-02
   -.778707E-02
   -.707323E-02
   -.665533E-02
   -.621198E-02
   -.523670E-02
   -.542969E-02
   -.427212E-02
   -.340163E-02
   -.493239E-02
   -.456418E-02
   -.251161E-02
   -.282160E-02
   -.397385E-02
   -.355704E-02
   -.427360E-02
   -.452432E-02
   -.370567E-02
   -.222064E-02
   -.127645E-02
   -.367135E-02
   -.564271E-02
   -.791503E-02
   -.927528E-02
   -.813756E-02
   -.707462E-02
   -.501308E-02
   -.387383E-02
   -.318014E-02
   -.122748E-02
    .764887E-04
    .758705E-04
   -.752388E-03
   -.262687E-02
   -.572417E-02
   -.763333E-02
   -.768281E-02
   -.799665E-02
   -.890274E-02
   -.984558E-02
   -.984690E-02
   -.974731E-02
   -.987449E-02
   -.963473E-02
   -.907414E-02
   -.801644E-02
   -.896701E-02
   -.875849E-02
   -.602161E-02
   -.491548E-02
   -.367255E-02
   -.267487E-02
   -.358948E-02
   -.527425E-02
   -.559904E-02
   -.582966E-02
   -.843493E-02
   -.937227E-02
   -.818473E-02
   -.881311E-02
   -.979962E-02
   -.844639E-02
   -.668584E-02
   -.597654E-02
   -.457307E-02
   -.242242E-02
   -.638830E-03
   -.433186E-04
   -.886396E-04
    .199977E-03
   -.163037E-03
   -.385006E-03
   -.178945E-03
   -.575062E-03
   -.206718E-02
   -.323800E-02
   -.300776E-02
   -.276141E-02
   -.235184E-02
   -.277663E-02
   -.221119E-02
   -.820596E-03
    .898192E-03
    .274990E-02
    .826543E-03
   -.732460E-03
   -.392416E-03
    .618810E-03
    .160812E-02
    .138661E-02
    .106176E-02
    .573611E-03
    .136867E-02
    .126398E-02
    .608809E-03
    .149633E-02
    .276930E-02
    .347382E-02
    .351851E-02
    .356350E-02
    .261552E-02
    .125374E-02
   -.668152E-04
   -.797674E-03
   -.215715E-02
   -.365141E-02
   -.365973E-02
   -.333765E-02
   -.322349E-02
   -.386183E-02
   -.359379E-02
   -.323441E-02
   -.326367E-02
   -.338578E-02
   -.353133E-02
   -.350716E-02
   -.402398E-02
   -.437094E-02
   -.505068E-02
   -.549104E-02
   -.538290E-02
   -.412473E-02
   -.339152E-02
   -.373585E-02
   -.365264E-02
   -.328100E-02
   -.113709E-02
    .277535E-04
   -.595499E-03
   -.140544E-02
   -.165407E-02
   -.115594E-03
    .113962E-02
    .145969E-02
    .113374E-02
   -.497369E-03
   -.275232E-02
   -.354499E-02
   -.297064E-02
   -.298130E-02
   -.331687E-02
   -.287223E-02
   -.208223E-02
   -.167135E-02
   -.150919E-02
   -.186738E-02
   -.227629E-02
   -.194261E-02
   -.122922E-02
   -.369731E-03
    .799873E-03
    .176464E-02
    .203378E-02
    .180577E-02
    .197575E-02
    .248009E-02
    .311311E-02
    .415840E-02
    .442374E-02
    .362757E-02
    .255272E-02
    .225370E-02
    .154368E-02
    .189436E-03
   -.111015E-02
   -.318675E-02
   -.429234E-02
   -.471657E-02
   -.424082E-02
   -.326524E-02
   -.256101E-02
   -.390004E-03
    .989593E-03
    .121461E-02
    .102281E-02
    .158141E-02
    .291942E-02
    .276383E-02
    .347805E-02
    .485497E-02
    .512202E-02
    .558730E-02
    .619512E-02
    .489663E-02
    .261759E-02
    .165487E-02
    .125148E-02
    .151797E-02
    .275073E-02
    .352131E-02
    .261438E-02
    .181177E-02
    .203395E-02
    .177168E-02
    .160856E-02
    .218524E-02
    .304065E-02
    .410506E-02
    .556560E-02
    .603780E-02
    .618630E-02
    .706283E-02
    .757053E-02
    .905254E-02
    .996992E-02
    .960245E-02
    .101418E-01
    .105163E-01
    .102383E-01
    .939905E-02
    .842703E-02
    .648236E-02
    .449435E-02
    .471279E-02
    .558785E-02
    .672668E-02
    .715813E-02
    .638215E-02
    .537338E-02
    .517861E-02
    .583214E-02
    .559118E-02
    .580717E-02
    .686305E-02
    .652580E-02
    .572656E-02
    .632872E-02
    .608621E-02
    .477200E-02
    .461944E-02
    .493115E-02
    .501591E-02
    .500248E-02
    .468813E-02
    .385000E-02
    .321033E-02
    .196116E-02
    .956008E-03
    .198281E-02
    .254264E-02
    .250281E-02
    .306405E-02
    .374049E-02
    .379211E-02
    .310669E-02
    .263028E-02
    .265274E-02
    .328249E-02
    .324031E-02
    .258127E-02
    .248715E-02
    .297777E-02
    .346598E-02
    .359844E-02
    .398219E-02
    .366419E-02
    .347000E-02
    .361786E-02
    .321059E-02
    .306775E-02
    .260301E-02
    .247238E-02
    .214000E-02
    .203386E-02
    .286309E-02
    .241226E-02
    .270497E-02
    .442090E-02
    .544769E-02
    .642358E-02
    .756231E-02
    .812246E-02
    .858061E-02
    .910024E-02
    .917333E-02
    .923912E-02
    .882502E-02
    .823630E-02
    .863587E-02
    .942153E-02
    .938640E-02
    .893703E-02
    .904592E-02
    .873951E-02
    .848304E-02
    .815916E-02
    .662580E-02
    .541852E-02
    .448377E-02
    .386600E-02
    .380996E-02
    .446243E-02
    .633089E-02
    .715976E-02
    .732355E-02
    .809908E-02
    .879550E-02
    .892481E-02
    .913632E-02
    .903641E-02
    .751373E-02
    .663884E-02
    .607854E-02
    .530289E-02
    .541315E-02
    .595938E-02
    .628233E-02
    .602232E-02
    .633756E-02
    .636891E-02
    .529625E-02
    .442837E-02
    .409403E-02
    .474517E-02
    .599192E-02
    .631795E-02
    .568867E-02
    .584554E-02
    .596653E-02
    .590505E-02
    .597746E-02
    .523027E-02
    .517974E-02
    .486672E-02
    .439079E-02
    .486491E-02
    .592142E-02
    .743696E-02
    .786612E-02
    .725903E-02
    .606606E-02
    .534834E-02
    .568441E-02
    .566936E-02
    .579629E-02
    .611881E-02
    .573004E-02
    .517949E-02
    .496338E-02
    .567934E-02
    .629035E-02
    .629386E-02
    .623265E-02
    .568553E-02
    .604020E-02
    .600851E-02
    .550755E-02
    .604121E-02
    .546192E-02
    .423017E-02
    .396623E-02
    .451244E-02
    .467186E-02
    .555150E-02
    .678849E-02
    .625730E-02
    .650334E-02
    .676446E-02
    .694570E-02
    .855923E-02
    .915121E-02
    .915303E-02
    .879964E-02
    .781403E-02
    .758658E-02
    .769860E-02
    .810657E-02
    .894174E-02
    .839933E-02
    .685368E-02
    .652982E-02
    .643308E-02
    .531028E-02
    .410185E-02
    .379696E-02
    .415423E-02
    .443708E-02
    .587181E-02
    .787554E-02
    .755853E-02
    .667801E-02
    .633649E-02
    .434773E-02
    .253128E-02
    .164810E-02
    .123929E-02
    .252461E-02
    .349727E-02
    .389384E-02
    .443732E-02
    .370700E-02
    .316042E-02
    .357290E-02
    .337995E-02
    .301159E-02
    .338424E-02
    .348533E-02
    .311693E-02
    .252313E-02
    .139695E-02
    .115585E-02
    .103529E-02
    .773758E-03
    .169630E-02
    .208380E-02
    .166501E-02
    .125616E-02
    .887892E-03
   -.244014E-03
   -.115865E-02
   -.149477E-02
   -.180609E-02
   -.104632E-02
   -.814170E-03
   -.325551E-03
   -.794248E-03
   -.271148E-02
   -.295311E-02
   -.346420E-02
   -.409114E-02
   -.386303E-02
   -.318397E-02
   -.260706E-02
   -.321071E-02
   -.346387E-02
   -.291515E-02
   -.207599E-02
   -.142507E-02
   -.989327E-03
   -.867600E-03
   -.130009E-02
   -.952768E-03
   -.206375E-03
   -.198998E-03
   -.609543E-03
   -.941000E-03
   -.195352E-02
   -.342836E-02
   -.398836E-02
   -.412068E-02
   -.423910E-02
   -.459139E-02
   -.501258E-02
   -.478693E-02
   -.466160E-02
   -.431798E-02
   -.347441E-02
   -.334796E-02
   -.291791E-02
   -.185416E-02
   -.121435E-02
   -.164241E-03
    .959520E-03
    .108204E-02
    .961284E-03
    .786620E-03
    .221364E-03
   -.163756E-03
   -.104272E-03
    .483385E-03
    .656064E-03
   -.162171E-03
   -.161922E-02
   -.284805E-02
   -.311416E-02
   -.303487E-02
   -.311891E-02
   -.272725E-02
   -.129308E-02
   -.493455E-03
   -.602822E-04
    .242673E-03
    .817609E-03
    .162939E-02
    .194110E-02
    .330420E-02
    .299213E-02
    .929323E-03
   -.387205E-04
   -.759916E-03
   -.171485E-02
   -.283422E-02
   -.380880E-02
   -.402788E-02
   -.379454E-02
   -.380685E-02
   -.384866E-02
   -.420017E-02
   -.531080E-02
   -.535342E-02
   -.505082E-02
   -.563108E-02
   -.446436E-02
   -.331097E-02
   -.369860E-02
   -.360865E-02
   -.342023E-02
   -.288767E-02
   -.265849E-02
   -.232820E-02
   -.110866E-02
   -.151772E-02
   -.213667E-02
   -.143580E-02
   -.132113E-02
   -.162980E-02
   -.155538E-02
   -.167386E-02
   -.216623E-02
   -.221414E-02
   -.279496E-02
   -.320251E-02
   -.264937E-02
   -.281933E-02
   -.297234E-02
   -.314383E-02
   -.311638E-02
   -.262587E-02
   -.247353E-02
   -.249875E-02
   -.286342E-02
   -.359987E-02
   -.476190E-02
   -.487210E-02
   -.446757E-02
   -.498903E-02
   -.433573E-02
   -.335781E-02
   -.338105E-02
   -.322761E-02
   -.351328E-02
   -.369088E-02
   -.358343E-02
   -.365883E-02
   -.352822E-02
   -.344948E-02
   -.377357E-02
   -.385252E-02
   -.336595E-02
   -.383788E-02
   -.370873E-02
   -.353519E-02
   -.395870E-02
   -.293781E-02
   -.292232E-02
   -.361682E-02
   -.345548E-02
   -.395990E-02
   -.465195E-02
   -.471235E-02
   -.510799E-02
   -.609081E-02
   -.642603E-02
   -.576561E-02
   -.501933E-02
   -.401432E-02
   -.280816E-02
   -.230276E-02
   -.285274E-02
   -.366432E-02
   -.376377E-02
   -.405385E-02
   -.434528E-02
   -.446206E-02
   -.473786E-02
   -.514820E-02
   -.557677E-02
   -.566512E-02
   -.616455E-02
   -.609087E-02
   -.566716E-02
   -.608943E-02
   -.594390E-02
   -.522185E-02
   -.458030E-02
   -.338177E-02
   -.238403E-02
   -.221373E-02
   -.230278E-02
   -.254843E-02
   -.299121E-02
   -.363134E-02
   -.390640E-02
   -.354109E-02
   -.269774E-02
   -.172698E-02
   -.999841E-03
   -.257240E-03
   -.234376E-03
   -.446188E-03
    .467502E-03
    .128969E-03
    .230073E-04
    .100256E-02
    .221254E-03
   -.165931E-03
   -.189070E-03
   -.173365E-03
   -.387888E-03
   -.520767E-03
    .232850E-04
    .298407E-04
    .148699E-03
   -.303209E-03
   -.383944E-03
   -.113455E-03
   -.788443E-03
   -.172534E-02
   -.208342E-02
   -.229951E-02
   -.168030E-02
   -.795223E-03
   -.129549E-02
   -.970593E-03
   -.102086E-02
   -.160317E-02
   -.894071E-03
   -.705224E-03
   -.172058E-02
   -.269161E-02
   -.274868E-02
   -.338879E-02
   -.393634E-02
   -.324096E-02
   -.392526E-02
   -.511357E-02
   -.530685E-02
   -.573589E-02
   -.587893E-02
   -.510397E-02
   -.423767E-02
   -.385582E-02
   -.290267E-02
   -.207946E-02
   -.482970E-02
   -.439374E-02
   -.379540E-02
   -.358041E-02
   -.335208E-02
   -.231443E-02
   -.200434E-02
   -.244424E-02
   -.243443E-02
   -.258855E-02
   -.253355E-02
   -.247772E-02
   -.282738E-02
   -.289520E-02
   -.246627E-02
   -.255037E-02
   -.259001E-02
   -.230294E-02
   -.259042E-02
   -.274391E-02
   -.265883E-02
   -.305830E-02
   -.330517E-02
   -.297995E-02
   -.342443E-02
   -.376619E-02
   -.335863E-02
   -.337293E-02
   -.364174E-02
   -.360325E-02
   -.284075E-02
   -.176076E-02
   -.116372E-02
   -.117478E-02
   -.131921E-02
   -.124833E-02
   -.133886E-02
   -.211180E-02
   -.287449E-02
   -.288976E-02
   -.270410E-02
   -.307652E-02
   -.325668E-02
   -.283213E-02
   -.280729E-02
   -.260399E-02
   -.220371E-02
   -.221583E-02
   -.210019E-02
   -.195269E-02
   -.152199E-02
   -.126945E-02
   -.136211E-02
   -.124615E-02
   -.134229E-02
   -.134396E-02
   -.109867E-02
   -.716939E-03
   -.722755E-03
   -.917890E-03
   -.710867E-03
   -.102394E-02
   -.141035E-02
   -.114498E-02
   -.124603E-02
   -.142290E-02
   -.102572E-02
   -.489301E-03
   -.145404E-03
   -.102477E-03
    .281016E-04
    .102441E-03
    .512858E-04
    .325189E-04
    .381698E-03
    .969486E-03
    .136229E-02
    .159871E-02
    .128923E-02
    .606273E-03
    .240429E-03
    .412539E-03
    .501838E-03
    .652936E-03
    .981203E-03
    .135198E-02
    .165086E-02
    .160053E-02
    .196198E-02
    .231125E-02
    .230131E-02
    .205719E-02
    .199688E-02
    .233158E-02
    .235073E-02
    .258765E-02
    .283344E-02
    .290785E-02
    .310607E-02
    .323212E-02
    .330232E-02
    .324594E-02
    .327504E-02
    .331136E-02
    .334528E-02
    .341321E-02
    .345171E-02
    .360888E-02
    .378312E-02
    .382296E-02
    .395517E-02
    .418204E-02
    .421879E-02
    .420964E-02
    .419174E-02
    .413030E-02
    .403746E-02
    .395603E-02
    .397647E-02
    .399444E-02
    .407243E-02
    .416711E-02
    .417583E-02
    .413690E-02
    .410173E-02
    .409139E-02
    .403566E-02
    .399508E-02
    .393312E-02
    .382175E-02
    .370325E-02
    .358950E-02
    .350685E-02
    .342291E-02
    .337815E-02
    .335623E-02
    .330311E-02
    .321693E-02
    .312519E-02
    .302738E-02
    .292194E-02
    .283095E-02
    .272719E-02
    .263575E-02
    .254822E-02
    .243790E-02
    .233378E-02
    .223538E-02
    .214112E-02
    .204603E-02
    .195010E-02
    .185460E-02
    .176315E-02
    .168075E-02
    .158835E-02
    .149060E-02
    .140233E-02
    .131330E-02
    .121992E-02
    .112950E-02
    .104194E-02
    .955370E-03
    .869885E-03
    .784085E-03
    .697842E-03
    .611773E-03
    .526308E-03
    .442059E-03
    .357456E-03
    .273905E-03
    .192316E-03
    .110851E-03
    .303844E-04
   -.493519E-04
   -.128145E-03
   -.204959E-03
   -.280464E-03
   -.354744E-03
   -.427576E-03
   -.499159E-03
   -.569540E-03
   -.638637E-03
   -.706357E-03
   -.772655E-03
   -.837504E-03
   -.900843E-03
   -.962645E-03
   -.102288E-02
   -.108152E-02
   -.113855E-02
   -.119396E-02
   -.124773E-02
   -.129985E-02
   -.135031E-02
   -.139911E-02
