   -.0033913
   -.0039698
   -.0059207
   -.0059553
   -.0058348
   -.0056493
   -.0054755
   -.0052971
   -.0050379
   -.0047737
   -.0044641
   -.0044390
   -.0046881
   -.0052504
   -.0059978
   -.0067907
   -.0071875
   -.0071962
   -.0068322
   -.0062158
   -.0056819
   -.0052790
   -.0050216
   -.0047119
   -.0050159
   -.0050585
   -.0056743
   -.0064573
   -.0069841
   -.0069775
   -.0064172
   -.0058517
   -.0046380
   -.0028087
   -.0017933
   -.0008500
    .0002214
   -.0010783
   -.0025040
   -.0044574
   -.0032515
   -.0015515
   -.0022325
   -.0029777
   -.0037075
   -.0019098
    .0037264
    .0044656
    .0034010
    .0010317
    .0005289
   -.0029495
   -.0049223
   -.0055858
   -.0084591
   -.0097649
   -.0073711
   -.0001823
    .0051708
    .0088327
    .0106829
    .0104674
    .0083886
    .0041102
   -.0015015
   -.0072666
   -.0143548
   -.0199872
   -.0196744
   -.0143590
   -.0077525
   -.0012933
    .0035675
    .0055752
    .0053017
    .0036181
    .0004714
   -.0053855
   -.0142266
   -.0212278
   -.0213342
   -.0197372
   -.0159268
   -.0147425
   -.0085364
   -.0015777
    .0043052
    .0078851
    .0091772
    .0076634
    .0065444
    .0070648
    .0083633
    .0085010
    .0058065
    .0093970
    .0217877
    .0313817
    .0259460
    .0107671
    .0089162
    .0158658
    .0091240
   -.0102800
   -.0230718
   -.0243361
   -.0191344
   -.0108130
   -.0003452
    .0090654
    .0117879
    .0111360
    .0135171
    .0103352
   -.0076076
   -.0204893
   -.0095221
    .0036991
    .0008880
   -.0131710
   -.0197568
   -.0118094
   -.0013118
    .0052774
    .0092824
    .0120267
    .0138630
    .0142059
    .0111325
   -.0015852
   -.0249093
   -.0419234
   -.0391364
   -.0335177
   -.0347901
   -.0236828
    .0102322
    .0107291
   -.0162789
    .0037406
    .0272030
    .0110067
   -.0030791
    .0111493
    .0320114
    .0332762
    .0240020
    .0294383
    .0428727
    .0418242
    .0322894
    .0198319
    .0078572
   -.0022946
   -.0140641
   -.0270551
   -.0392183
   -.0484137
   -.0488576
   -.0410876
   -.0344377
   -.0304977
   -.0217432
   -.0083923
   -.0009772
    .0060788
    .0138754
    .0205356
    .0262725
    .0315161
    .0355119
    .0403266
    .0404451
    .0340651
    .0234187
    .0222993
    .0230646
    .0156621
    .0065627
    .0052369
    .0110921
    .0106759
    .0005508
   -.0160781
   -.0347885
   -.0557848
   -.0804274
   -.1007411
   -.1000141
   -.0765050
   -.0488281
   -.0324863
   -.0306947
   -.0433400
   -.0398960
    .0019876
    .0353165
    .0266835
    .0370182
    .0611994
    .0613912
    .0600500
    .0674930
    .0496144
    .0318469
    .0423111
    .0470613
    .0288612
    .0180153
    .0243932
    .0254047
    .0115845
   -.0050418
   -.0216511
   -.0403199
   -.0579556
   -.0667950
   -.0616158
   -.0545147
   -.0578559
   -.0421664
   -.0216483
   -.0176804
   -.0117928
    .0072319
    .0152971
    .0111715
    .0123798
    .0268961
    .0429492
    .0501507
    .0495001
    .0458761
    .0408551
    .0361816
    .0295751
    .0198499
    .0049228
   -.0188217
   -.0434410
   -.0558916
   -.0528724
   -.0405149
   -.0360675
   -.0306402
   -.0110941
    .0057133
   -.0026025
   -.0055145
    .0167588
    .0356020
    .0307160
    .0151533
    .0130537
    .0324711
    .0422941
    .0305527
    .0365362
    .0486695
    .0329848
    .0128467
    .0184838
    .0164417
   -.0054079
   -.0328267
   -.0499970
   -.0392914
   -.0134012
   -.0008753
   -.0103637
   -.0282341
   -.0374315
   -.0337962
   -.0266302
   -.0263448
   -.0335584
   -.0317256
   -.0172451
   -.0176856
   -.0332480
   -.0329994
   -.0085773
    .0203607
    .0357626
    .0340578
    .0223473
    .0143889
    .0194861
    .0310529
    .0359080
    .0281822
    .0121188
   -.0024306
   -.0052398
    .0019803
    .0098765
    .0190294
    .0254111
    .0188261
    .0002793
   -.0158300
   -.0118792
   -.0059274
   -.0164741
   -.0153969
    .0121198
    .0139344
   -.0111476
   -.0141317
    .0076554
    .0220259
    .0125223
    .0209728
    .0351805
    .0210108
    .0071781
    .0243753
    .0413465
    .0389044
    .0247301
    .0145744
    .0059196
    .0062406
    .0130022
    .0098115
   -.0033572
   -.0151362
   -.0211508
   -.0246860
   -.0257029
   -.0211087
   -.0088578
    .0006393
   -.0071788
   -.0297628
   -.0461801
   -.0325306
   -.0140946
   -.0208111
   -.0304588
   -.0205805
    .0037110
    .0221475
    .0274569
    .0253817
    .0250240
    .0330609
    .0308404
    .0302607
    .0554563
    .0599927
    .0599576
    .0907992
    .1000834
    .0708636
    .0603893
    .0690140
    .0509064
    .0268870
    .0316899
    .0283300
    .0023347
    .0050355
    .0084429
   -.0240465
   -.0182284
    .0043155
   -.0068349
   -.0256790
   -.0174903
    .0011190
    .0008234
   -.0145821
   -.0268881
   -.0209992
   -.0035251
    .0127731
    .0206033
    .0213977
    .0221768
    .0307543
    .0418109
    .0340476
    .0279619
    .0496406
    .0901141
    .1097600
    .1107927
    .1104435
    .1035110
    .0976343
    .0996065
    .1036108
    .1024333
    .0909827
    .0692616
    .0480014
    .0345845
    .0213915
    .0011682
   -.0294085
   -.0606192
   -.0864691
   -.1091622
   -.1345184
   -.1739200
   -.1943654
   -.1665892
   -.1419326
   -.1630203
   -.1927941
   -.1598165
   -.1018462
   -.1349949
   -.2080045
   -.1593255
   -.0587512
   -.0541285
   -.0953192
   -.1155863
   -.1168163
   -.0606549
    .0070901
    .0241619
   -.0091383
   -.0486051
   -.0584532
   -.0277908
    .0213510
    .0606583
    .0752962
    .0490607
    .0295271
    .0156709
    .0067172
    .0273844
    .0729207
    .1123484
    .1403371
    .1644979
    .1701702
    .1491756
    .1113264
    .0628551
    .0155132
   -.0117554
   -.0112118
    .0188170
    .0268221
    .0518157
    .0339558
   -.0146158
   -.0407225
   -.0507884
   -.0470034
   -.0613078
   -.0791843
   -.0829975
   -.0703206
   -.0152785
    .0002827
    .0068940
    .0101872
    .0014345
    .0025983
    .0158035
    .0269365
    .0208502
    .0100738
    .0031725
    .0025728
    .0301862
    .0732259
    .0835666
    .0691552
    .0701266
    .1030727
    .1019886
    .0600334
    .0356285
    .0111382
   -.0113424
   -.0368700
   -.0376670
   -.0502693
   -.0699498
   -.0263898
    .0476554
    .0658861
    .0999851
    .1339385
    .1554196
    .1092148
   -.0559539
   -.1349374
   -.1238593
   -.1488351
   -.1555303
   -.0476544
    .0504076
    .1174876
    .1731537
    .1759899
    .0369526
   -.1764198
   -.3079762
   -.3632003
   -.3592262
   -.3502994
   -.3483263
   -.2908036
   -.2484733
   -.2008787
   -.1202078
   -.0438737
    .0316063
    .0742041
    .0634448
    .0004620
    .0598234
   -.0517721
   -.3020816
   -.3548104
   -.2015471
   -.1030216
   -.0597440
    .0160700
    .0771880
    .1511795
    .1744052
    .1777451
    .1175065
   -.0471565
   -.1515741
   -.1567300
   -.1180412
   -.1091353
   -.0810890
   -.0174963
    .0877994
    .1321944
    .1524464
    .1578866
    .1569424
    .1517956
    .0930984
    .0554726
    .0471500
    .0479209
    .0557687
    .0527017
    .0546689
    .0523733
    .0805977
    .1090477
    .0791029
    .0298227
   -.0523658
   -.1697327
   -.2435928
   -.2387466
   -.1812621
   -.1193778
   -.1377012
   -.2414194
   -.2200381
   -.0127762
    .0956939
    .0513724
   -.0132196
   -.0229364
    .0577711
    .1827788
    .2262006
    .2041333
    .2023768
    .2495924
    .2764179
    .2732813
    .2378503
    .2287013
    .2412244
    .2224386
    .1794546
    .0635994
   -.0233760
   -.0669345
   -.0631413
   -.0608250
   -.0624019
   -.0890802
   -.1166903
   -.1112496
   -.0538140
   -.0302856
   -.0227150
   -.0049914
   -.0233620
   -.0554969
   -.0846349
   -.1337464
   -.1724458
   -.1862563
   -.1361673
   -.1193618
   -.1627031
   -.2514958
   -.2606945
   -.2101258
   -.1856781
   -.2073166
   -.3041742
   -.4444817
   -.4645612
   -.3927857
   -.3005006
   -.2186367
   -.1534877
   -.1156820
   -.0842322
   -.0748012
   -.0777720
   -.0991438
   -.1410123
   -.1642149
   -.1379282
   -.0525809
    .0293451
    .1145201
    .1684430
    .1888072
    .1794517
    .1521398
    .1182096
    .0765484
    .0338021
    .0039612
    .0115006
    .0327033
    .0589270
    .0670947
    .0500218
    .0261701
    .0189984
    .0248173
    .0288600
    .0298764
    .0268202
    .0158909
   -.0036802
   -.0163697
   -.0251566
   -.0276117
   -.0188955
   -.0163648
   -.0066082
    .0110216
    .0276903
    .0281580
    .0168440
    .0031326
   -.0056225
   -.0097962
   -.0034137
    .0083425
    .0135296
   -.0030492
   -.0135679
   -.0079627
   -.0057598
   -.0106157
   -.0296000
   -.0527437
   -.0671811
   -.0676539
   -.0564113
   -.0487158
   -.0385105
   -.0385205
   -.0408110
   -.0370753
   -.0203394
    .0106794
    .0300595
    .0378920
    .0598757
    .0855739
    .0967739
    .1006297
    .1135490
    .1263563
    .1313509
    .1381659
    .1471549
    .1553220
    .1609989
    .1791625
    .2045138
    .2209723
    .2224948
    .2158583
    .2421290
    .2689994
    .2460255
    .2199693
    .2446741
    .2825605
    .2423345
    .1321569
    .0048562
   -.1700063
   -.3105860
   -.3603357
   -.2967834
   -.1333370
   -.0480647
   -.0878800
   -.2410378
   -.0482934
    .1832480
    .0398620
   -.1266796
   -.2147942
   -.2261360
   -.2349724
   -.2655381
   -.3356143
   -.3020006
   -.2311002
   -.2378734
   -.2772274
   -.1442253
   -.0581229
   -.0363127
   -.0391815
   -.0172809
   -.0432458
   -.1185267
   -.2262355
   -.3355381
   -.3924335
   -.3788325
   -.2966947
   -.1917973
   -.1070499
   -.1069482
   -.0627048
   -.0169502
    .0120090
    .0531764
    .0539133
    .0687917
    .0567091
    .0406716
    .0199514
    .0162631
    .0090041
    .0081673
    .0042035
   -.0058373
    .0042944
   -.0055323
   -.0525278
   -.0681504
   -.0498958
   -.0404160
   -.0406752
   -.0353414
   -.0158708
    .0047686
    .0487349
    .0961328
    .1286893
    .1275259
    .1188619
    .1177278
    .1159481
    .1212501
    .1342794
    .1459329
    .1471532
    .1260483
    .0948232
    .0886269
    .1102103
    .1345324
    .1253363
    .1100012
    .0766383
    .0406317
    .0074226
    .0002681
    .0075373
    .0231699
    .0378114
    .0572167
    .0790415
    .0987583
    .1166858
    .1079109
    .0962119
    .1034286
    .1040380
    .1052422
    .1021078
    .1060168
    .1217255
    .1219733
    .1137505
    .1181555
    .1533218
    .1842348
    .2079044
    .1961394
    .1575725
    .1197273
    .0884566
    .0533193
   -.0035737
   -.0378979
   -.0447698
   -.0622302
   -.0601335
   -.0188066
    .0133461
    .0284634
    .0098338
   -.0290377
   -.0575305
   -.1080091
   -.1326812
   -.0889292
   -.0636183
   -.0441355
   -.0345663
   -.0372542
   -.0364210
   -.0023228
    .0471041
    .0881826
    .1025086
    .0421717
   -.0339559
   -.0703205
   -.1069949
   -.1533313
   -.2033625
   -.2045266
   -.1740725
   -.1789382
   -.1807938
   -.1385959
   -.1103537
   -.1334023
   -.1467283
   -.1324610
   -.1254732
   -.1531088
   -.1640266
   -.1343860
   -.1256379
   -.1110588
   -.0795645
   -.0519822
   -.0264640
    .0145456
    .0517326
    .0757966
    .0689829
    .0579828
    .0546433
    .0607712
    .0711738
    .0695398
    .0500084
    .0359551
    .0440489
    .0406506
    .0225537
    .0145211
    .0035960
   -.0160719
   -.0200851
   -.0355955
   -.0256115
   -.0336794
   -.0355069
   -.0101216
    .0310088
    .0774348
    .1534322
    .2007140
    .2163409
    .2133131
    .2034970
    .1957196
    .1896127
    .1882889
    .1370894
    .1005960
    .1142276
    .1726395
    .1126117
    .1326017
    .2529000
    .2363804
    .1126494
    .0534857
    .0748824
    .0420565
   -.1343977
   -.2408362
   -.3069168
   -.3036279
   -.2829332
   -.2541651
   -.1839308
   -.1231810
   -.0884476
   -.0822663
   -.0978894
   -.0917877
   -.1110690
   -.1678800
   -.1726426
   -.1335027
   -.1265048
   -.1339944
   -.1314293
   -.0841613
   -.0455105
    .0240221
    .0360206
    .0332444
   -.0044932
   -.0786970
   -.1328783
   -.1668751
   -.1744570
   -.1841919
   -.1645719
   -.1195026
   -.0755602
   -.0452904
   -.0387983
   -.0201650
   -.0077440
    .0099759
    .0191808
    .0254598
    .0115696
   -.0033663
   -.0153183
   -.0054309
    .0091966
    .0146056
    .0132648
    .0152238
    .0187552
    .0251759
    .0306367
    .0309131
    .0288194
    .0269399
    .0300101
    .0361082
    .0385643
    .0360182
    .0365683
    .0402445
    .0487189
    .0468292
    .0410642
    .0283467
    .0216348
    .0249429
    .0354207
    .0388106
    .0301493
    .0184509
    .0130944
    .0134785
    .0406565
    .0756751
    .0992712
    .0946284
    .0853606
    .0832378
    .0964004
    .1264071
    .1545958
    .1598767
    .1313584
    .0925518
    .0602715
    .0302076
    .0307212
    .0374149
    .0586763
    .0620719
    .0132472
   -.0317899
   -.0553123
   -.0860118
   -.0891344
   -.0600612
   -.0506382
   -.0685832
   -.1023410
   -.0955220
   -.0967117
   -.0459278
    .0168653
    .0618545
    .1089531
    .1630158
    .1535065
    .1329033
    .1083998
    .0388576
   -.0142708
   -.0988082
   -.1228310
   -.1431744
   -.1686866
   -.2007828
   -.2011671
   -.1724772
   -.1426288
   -.0966520
   -.0462620
   -.0676836
   -.1300184
   -.1252250
   -.0332005
   -.0328843
   -.1512935
   -.1950426
   -.1477334
   -.0845387
   -.0340811
   -.0266074
   -.0109082
    .0684516
    .0997346
    .1237291
    .1333302
    .1311916
    .1164519
    .0940136
    .0384353
    .0244561
   -.0017159
   -.0137237
    .0047302
    .0111759
    .0232277
    .0369578
    .0357466
    .0399619
    .0514988
    .0555994
    .0458259
    .0368289
    .0397594
    .0556553
    .0725397
    .0832558
    .0813436
    .0852493
    .0982266
    .1256138
    .1500921
    .1711228
    .1764320
    .1700056
    .1653016
    .1501744
    .1279912
    .1096233
    .0763324
    .0631773
    .0583941
    .0325789
    .0141299
   -.0009296
   -.0129634
   -.0195747
   -.0509445
   -.0940462
   -.1181341
   -.1179174
   -.1036891
   -.0754402
   -.0686390
   -.0733968
   -.0357973
   -.0114316
   -.0161214
   -.0165064
   -.0090581
   -.0043995
   -.0232778
   -.0448526
   -.0611250
   -.0686959
   -.0775578
   -.0816804
   -.0828966
   -.0784091
   -.0663750
   -.0516960
   -.0423689
   -.0407449
   -.0440551
   -.0465969
   -.0528060
   -.0640211
   -.0763662
   -.0773499
   -.0670235
   -.0495855
   -.0332690
   -.0207058
   -.0166434
   -.0173299
   -.0212153
   -.0294759
   -.0378308
   -.0454340
   -.0422563
   -.0341585
   -.0299137
   -.0363853
   -.0500949
   -.0540037
   -.0528610
   -.0447927
   -.0365997
   -.0401700
   -.0423826
   -.0413746
   -.0332124
   -.0272211
   -.0241493
   -.0250296
   -.0291704
   -.0329517
   -.0369712
   -.0355022
   -.0296819
   -.0212901
   -.0090358
    .0042244
    .0149400
    .0229326
    .0332797
    .0369134
    .0431708
    .0505246
    .0534954
    .0538071
    .0551460
    .0622908
    .0740437
    .0635255
    .0581167
    .0527865
    .0502399
    .0466199
    .0394013
    .0356834
    .0296585
    .0191551
    .0164709
    .0168560
    .0142929
    .0067957
    .0055033
    .0079781
    .0128561
    .0186375
    .0197849
    .0327727
    .0292123
    .0308066
    .0589627
    .0722637
    .0846166
    .0863632
    .0805913
    .0761544
    .0710609
    .0681335
    .0692645
    .0608718
    .0489265
    .0315992
    .0057953
   -.0127829
   -.0159438
   -.0155889
   -.0326573
   -.0507415
   -.0544609
   -.0452039
   -.0316810
   -.0267638
   -.0323866
   -.0422757
   -.0437335
   -.0381735
   -.0269784
   -.0167370
    .0012350
    .0146216
    .0265638
    .0344059
    .0299346
    .0255532
    .0175340
    .0175131
    .0220663
    .0245890
    .0180820
    .0184111
    .0134276
    .0111567
    .0126660
    .0050629
   -.0144322
   -.0187762
   -.0241159
   -.0283365
   -.0320600
   -.0375631
   -.0448938
   -.0514925
   -.0517474
   -.0419239
   -.0278665
   -.0129449
   -.0029010
   -.0068590
    .0015218
    .0109192
    .0250255
    .0410944
    .0600727
    .0612177
    .0565311
    .0581040
    .0607225
    .0618581
    .0557076
    .0448272
    .0341202
    .0282875
    .0228045
    .0167254
    .0085347
    .0000096
   -.0141414
   -.0328181
   -.0516022
   -.0581080
   -.0524430
   -.0415621
   -.0313732
   -.0226619
   -.0194692
   -.0224527
   -.0280957
   -.0317807
   -.0295966
   -.0228921
   -.0157471
   -.0094518
   -.0043887
   -.0007168
    .0020025
    .0042972
    .0055218
    .0050551
    .0059626
    .0116973
    .0199385
    .0280628
    .0331790
    .0364654
    .0367656
    .0349981
    .0360759
    .0406789
    .0471933
    .0536461
    .0562178
    .0543109
    .0510168
    .0474586
    .0433695
    .0389816
    .0341418
    .0287087
    .0227019
    .0165008
    .0100435
    .0034785
   -.0019284
   -.0048799
   -.0067650
   -.0086896
   -.0182595
   -.0412658
   -.0599407
   -.0542858
   -.0683763
   -.0892479
   -.0847226
   -.0723238
   -.0667873
   -.0591735
   -.0476281
   -.0305374
   -.0144021
   -.0048744
    .0023938
    .0112427
    .0185773
    .0232975
    .0285845
    .0355835
    .0393891
    .0400340
    .0385605
    .0371579
    .0375919
    .0392189
    .0405271
    .0414326
    .0415512
    .0412379
    .0405755
    .0382709
    .0324815
    .0231908
    .0114301
   -.0033077
   -.0182923
   -.0333823
   -.0501868
   -.0620782
   -.0599346
   -.0537374
   -.0573128
   -.0693487
   -.0756358
   -.0565284
   -.0343228
   -.0328495
   -.0309609
   -.0189325
   -.0124767
   -.0098518
   -.0037408
    .0021387
    .0079140
    .0129611
    .0170678
    .0207543
    .0250269
    .0306831
    .0373376
    .0437819
    .0496425
    .0538367
    .0550600
    .0551513
    .0556474
    .0555360
    .0554251
    .0552126
    .0539546
    .0513622
    .0463511
    .0394106
    .0334338
    .0295699
    .0277168
    .0278990
    .0285255
    .0285399
    .0290211
    .0292512
    .0262900
    .0187729
    .0068966
   -.0070152
   -.0178481
   -.0182744
   -.0063232
    .0023662
   -.0054111
   -.0220734
   -.0271965
   -.0171115
   -.0044343
   -.0030972
   -.0138828
   -.0225823
   -.0189906
   -.0090521
    .0005831
    .0057521
    .0052395
    .0064240
    .0161061
    .0315714
    .0426788
    .0418945
    .0358548
    .0394588
    .0497927
    .0594932
    .0598683
    .0500548
    .0452299
    .0500956
    .0571652
    .0636212
    .0687759
    .0690844
    .0600853
    .0503203
    .0515667
    .0601170
    .0685508
    .0731711
    .0699060
    .0612382
    .0533676
    .0483172
    .0467913
    .0503731
    .0558990
    .0593416
    .0574527
    .0487948
    .0394875
    .0339611
    .0303850
    .0277298
    .0263576
    .0261634
    .0264501
    .0271941
    .0285818
    .0300414
    .0310738
    .0315315
    .0308874
    .0289381
    .0260229
    .0216001
    .0159335
    .0112352
    .0078775
    .0045855
    .0021324
    .0008530
   -.0000030
    .0018337
    .0060128
    .0052693
   -.0015898
   -.0100707
   -.0187582
   -.0233350
   -.0227716
   -.0197216
   -.0171551
   -.0163944
   -.0162874
   -.0166380
   -.0174761
   -.0187389
   -.0212172
   -.0251034
   -.0300053
   -.0347846
   -.0386034
   -.0408684
   -.0405754
   -.0383754
   -.0355148
   -.0321400
   -.0288940
   -.0261490
   -.0234790
   -.0199070
   -.0146664
   -.0091412
   -.0053030
   -.0026475
   -.0003620
    .0005677
    .0002064
   -.0015401
   -.0050399
   -.0063188
   -.0019868
    .0063394
    .0159268
    .0249587
    .0321161
    .0353719
    .0340639
    .0299906
    .0258585
    .0246897
    .0266421
    .0301117
    .0352679
    .0410314
    .0447798
    .0456077
    .0447893
    .0439323
    .0432120
    .0426267
    .0430442
    .0417871
    .0397180
    .0364553
    .0346078
    .0328295
    .0308985
    .0292563
    .0276338
    .0252912
    .0227091
    .0218766
    .0219267
    .0211232
    .0197572
    .0181479
    .0165427
    .0151763
    .0142498
    .0136915
    .0135748
    .0137822
    .0141051
    .0149623
    .0161245
    .0168692
    .0180429
    .0204284
    .0237571
    .0274874
    .0308958
    .0311332
    .0285793
    .0278606
    .0303029
    .0353639
    .0406368
    .0424902
    .0410884
    .0385019
    .0363450
    .0366918
    .0391752
    .0421558
    .0443268
    .0447366
    .0437694
    .0414208
    .0374914
    .0336866
    .0317836
    .0309004
    .0296596
    .0289061
    .0289004
    .0285475
    .0267321
    .0242699
    .0220660
    .0214977
    .0220389
    .0219933
    .0208467
    .0181715
    .0143376
    .0110561
    .0088159
    .0077230
    .0075316
    .0078628
    .0084316
    .0087071
    .0079766
    .0063009
    .0042851
    .0022270
   -.0008686
   -.0061245
   -.0121190
   -.0164103
   -.0178628
   -.0171598
   -.0159881
   -.0146603
   -.0132652
   -.0124583
   -.0130507
   -.0161620
   -.0216293
   -.0276394
   -.0312646
   -.0310474
   -.0286322
   -.0260163
   -.0237535
   -.0218034
   -.0194515
   -.0163230
   -.0132676
   -.0105150
   -.0078723
   -.0058930
   -.0048339
   -.0042243
   -.0031481
   -.0009240
    .0026830
    .0076155
    .0135891
    .0204530
    .0277035
    .0342474
    .0392319
    .0427278
    .0449824
    .0463330
    .0461825
    .0435687
    .0394623
    .0355071
    .0329611
    .0321736
    .0317740
    .0315405
    .0317786
    .0317769
    .0306935
    .0267470
    .0195592
    .0127730
    .0084646
    .0052137
    .0039168
    .0056844
    .0097162
    .0136391
    .0141473
    .0115627
    .0089022
    .0066216
    .0056842
    .0075390
    .0119826
    .0159791
    .0179851
    .0196235
    .0208560
    .0226475
    .0244562
    .0256846
    .0269195
    .0272865
    .0252879
    .0243648
    .0245509
    .0233556
    .0201154
    .0149499
    .0092888
    .0038003
   -.0005792
   -.0034448
   -.0062594
   -.0093968
   -.0133300
   -.0186320
   -.0235778
   -.0266611
   -.0276007
   -.0282138
   -.0296892
   -.0312396
   -.0320791
   -.0317474
   -.0315315
   -.0307007
   -.0294137
   -.0282803
   -.0267085
   -.0249749
   -.0229909
   -.0199688
   -.0160458
   -.0122001
   -.0080081
   -.0033514
    .0010159
    .0049555
    .0085528
    .0118747
    .0147150
    .0171879
    .0197758
    .0220066
    .0229825
    .0235513
    .0227947
    .0201046
    .0171633
    .0152327
    .0137241
    .0132991
    .0118397
    .0075702
    .0036029
    .0027932
    .0036310
    .0043443
    .0050229
    .0037853
   -.0006596
   -.0060790
   -.0099232
   -.0109986
   -.0101270
   -.0089311
   -.0072820
   -.0060276
   -.0078654
   -.0126567
   -.0155727
   -.0130264
   -.0079919
   -.0049587
   -.0074626
   -.0120696
   -.0105672
   -.0056040
   -.0019288
    .0011521
    .0032756
    .0034742
    .0034222
    .0036743
    .0031245
    .0022160
    .0015036
    .0005558
   -.0006917
   -.0015725
   -.0019891
   -.0023085
   -.0017971
    .0002884
    .0032090
    .0059925
    .0089205
    .0116463
    .0121757
    .0102063
    .0072104
    .0037136
    .0003641
   -.0025513
   -.0058508
   -.0094945
   -.0128155
   -.0145740
   -.0145106
   -.0147022
   -.0156401
   -.0155226
   -.0148891
   -.0143926
   -.0128801
   -.0104532
   -.0078394
   -.0060659
   -.0060050
   -.0066860
   -.0085063
   -.0116461
   -.0153421
   -.0195954
   -.0223824
   -.0221693
   -.0194001
   -.0150314
   -.0105620
   -.0060529
   -.0012276
    .0033113
    .0064444
    .0071208
    .0055740
    .0034006
    .0022069
    .0021548
    .0022999
    .0027876
    .0021941
   -.0009671
   -.0052186
   -.0086275
   -.0082486
   -.0050740
   -.0026145
   -.0025538
   -.0045251
   -.0042713
   -.0014754
    .0006991
    .0013475
    .0011990
    .0012954
    .0029754
    .0058372
    .0095060
    .0134612
    .0156760
    .0180609
    .0199498
    .0222221
    .0234362
    .0245030
    .0255063
    .0262989
    .0270150
    .0277539
    .0285083
    .0292775
    .0299853
    .0301994
    .0288371
    .0248355
    .0196569
    .0169800
    .0165808
    .0157432
    .0140489
    .0118454
    .0090160
    .0057646
    .0025080
   -.0004518
   -.0028731
   -.0046815
   -.0061374
   -.0076049
   -.0087423
   -.0093559
   -.0094678
   -.0095407
   -.0094654
   -.0094077
   -.0095356
   -.0098188
   -.0098681
   -.0085171
   -.0054785
   -.0022303
   -.0002496
   -.0001265
   -.0006833
   -.0012823
   -.0021851
   -.0032993
   -.0044345
   -.0047132
   -.0026154
    .0006579
    .0033132
    .0061609
    .0094916
    .0117194
    .0110495
    .0075677
    .0030601
   -.0003219
   -.0018003
   -.0026352
   -.0034642
   -.0044386
   -.0056547
   -.0068808
   -.0080739
   -.0075436
   -.0046415
   -.0009244
    .0024890
    .0046322
    .0053975
    .0052464
    .0028025
   -.0016935
   -.0061296
   -.0101124
   -.0127942
   -.0121415
   -.0092828
   -.0073883
   -.0052801
   -.0010921
    .0029664
    .0055314
    .0076816
    .0086884
    .0092080
    .0105848
    .0126331
    .0158025
    .0202620
    .0244313
    .0266052
    .0276235
    .0274044
    .0278068
    .0290188
    .0295156
    .0295459
    .0291035
    .0278018
    .0259089
    .0240803
    .0224108
    .0206685
    .0190514
    .0175934
    .0161303
    .0149781
    .0139485
    .0127034
    .0113864
    .0099146
    .0085882
    .0077178
    .0073420
    .0069687
    .0069136
    .0073889
    .0076488
    .0087497
    .0096233
    .0099416
    .0097259
    .0101903
    .0114436
    .0121038
    .0131040
    .0144918
    .0156240
    .0166113
    .0178784
    .0195439
    .0207781
    .0220197
    .0233824
    .0237660
    .0230854
    .0239510
    .0251160
    .0247426
    .0230483
    .0227612
    .0225121
    .0212089
    .0191934
    .0162641
    .0143988
    .0131370
    .0107671
    .0080573
    .0048691
    .0029107
    .0019677
    .0007342
   -.0007175
   -.0027053
   -.0051380
   -.0066043
   -.0059051
   -.0041542
   -.0034249
   -.0047472
   -.0078017
   -.0106723
   -.0117085
   -.0098082
   -.0056342
   -.0022623
   -.0013505
   -.0021515
   -.0030289
   -.0016589
    .0010589
    .0080777
    .0126055
    .0163693
    .0197723
    .0222553
    .0242794
    .0263300
    .0281619
    .0297430
    .0310918
    .0328373
    .0350281
    .0367210
    .0375931
    .0374648
    .0359282
    .0334247
    .0303295
    .0279756
    .0269267
    .0252604
    .0224185
    .0193440
    .0159002
    .0124390
    .0094688
    .0065792
    .0034754
    .0006642
   -.0012492
   -.0024621
   -.0040292
   -.0057196
   -.0077455
   -.0093236
   -.0103833
   -.0113701
   -.0121423
   -.0128866
   -.0135305
   -.0138827
   -.0134947
   -.0121588
   -.0102824
   -.0081862
   -.0059301
   -.0036157
   -.0017092
   -.0008770
   -.0008192
   -.0010351
   -.0014909
   -.0019013
   -.0021992
   -.0024596
   -.0022026
   -.0016909
   -.0013149
   -.0009367
   -.0007512
   -.0001910
    .0019990
    .0060746
    .0104161
    .0135804
    .0161579
    .0186800
    .0205012
    .0208744
    .0197768
    .0181002
    .0161535
    .0140216
    .0118438
    .0097671
    .0082443
    .0072871
    .0062792
    .0051765
    .0037380
    .0018638
    .0007536
    .0006202
    .0002895
    .0002836
    .0013452
    .0029172
    .0047191
    .0067244
    .0082688
    .0085715
    .0078508
    .0064998
    .0042009
    .0014969
   -.0009636
   -.0034713
   -.0061991
   -.0086875
   -.0107731
   -.0125238
   -.0139147
   -.0148581
   -.0151087
   -.0145418
   -.0136666
   -.0127982
   -.0116488
   -.0101149
   -.0084358
   -.0064109
   -.0041778
   -.0026210
   -.0018571
   -.0014889
   -.0019724
   -.0034743
   -.0056982
   -.0079259
   -.0088127
   -.0080295
   -.0061901
   -.0041707
   -.0025791
   -.0017167
   -.0017877
   -.0023752
   -.0033114
   -.0046614
   -.0063743
   -.0074631
   -.0068899
   -.0053436
   -.0031940
   -.0011140
   -.0008774
   -.0022864
   -.0043969
   -.0066592
   -.0073447
   -.0062614
   -.0046384
   -.0027164
   -.0005556
    .0014888
    .0032689
    .0043789
    .0042983
    .0035331
    .0028724
    .0024984
    .0021427
    .0025230
    .0047008
    .0076679
    .0101520
    .0118995
    .0122337
    .0117020
    .0111340
    .0102258
    .0088077
    .0082505
    .0096228
    .0116975
    .0131937
    .0142024
    .0149029
    .0150689
    .0146227
    .0142318
    .0137218
    .0131117
    .0136760
    .0143389
    .0147962
    .0149441
    .0160449
    .0171398
    .0170210
    .0169172
    .0171776
    .0173061
    .0163774
    .0138972
    .0126799
    .0114237
    .0109677
    .0105277
    .0099238
    .0098437
    .0101226
    .0099103
    .0096004
    .0093454
    .0088226
    .0080236
    .0073069
    .0069408
    .0062633
    .0047311
    .0027600
    .0009286
   -.0007653
   -.0023335
   -.0037632
   -.0050471
   -.0062443
   -.0073277
   -.0075686
   -.0067616
   -.0055871
   -.0043858
   -.0029934
   -.0006724
    .0021718
    .0040864
    .0052552
    .0062555
    .0059922
    .0045676
    .0030675
    .0018264
    .0005718
   -.0003683
   -.0005211
   -.0000312
    .0002921
    .0002125
   -.0000985
   -.0005049
   -.0010940
   -.0017696
   -.0026222
   -.0036552
   -.0050680
   -.0062384
   -.0066705
   -.0068532
   -.0074729
   -.0084239
   -.0089938
   -.0094893
   -.0107147
   -.0125719
   -.0139906
   -.0134644
   -.0123137
   -.0119133
   -.0126522
   -.0114632
   -.0106428
   -.0107884
   -.0120159
   -.0127762
   -.0129997
   -.0129791
   -.0128542
   -.0127753
   -.0124876
   -.0120839
   -.0120540
   -.0125827
   -.0132902
   -.0137665
   -.0137361
   -.0139877
   -.0140923
   -.0133370
   -.0122730
   -.0115653
   -.0111511
   -.0116600
   -.0129900
   -.0140772
   -.0140159
   -.0129515
   -.0109532
   -.0088915
   -.0075343
   -.0066255
   -.0055727
   -.0045894
   -.0035608
   -.0021630
   -.0004071
    .0012982
    .0024720
    .0038807
    .0054846
    .0066541
    .0075995
    .0087613
    .0097820
    .0103587
    .0109125
    .0114638
    .0118981
    .0122537
    .0125542
    .0123828
    .0116989
    .0111492
    .0106649
    .0100191
    .0087400
    .0076478
    .0067803
    .0059288
    .0047722
    .0037999
    .0031127
    .0023842
    .0015678
    .0009794
    .0004739
   -.0000340
   -.0006081
   -.0007131
   -.0003364
    .0003430
    .0010600
    .0019757
    .0029914
    .0039856
    .0050032
    .0060602
    .0069519
    .0082051
    .0098917
    .0114042
    .0124012
    .0131105
    .0135849
    .0139330
    .0140340
    .0142739
    .0149102
    .0159836
    .0172231
    .0185258
    .0195573
    .0201435
    .0202874
    .0204683
    .0202787
    .0201116
    .0199143
    .0197164
    .0195680
    .0196408
    .0196485
    .0195922
    .0192618
    .0189302
    .0186373
    .0183734
    .0179439
    .0176639
    .0174362
    .0173943
    .0173446
    .0173720
    .0173826
    .0174673
    .0174664
    .0174900
    .0174309
    .0173943
    .0172719
    .0171354
    .0169132
    .0167234
    .0164451
    .0161496
    .0157959
    .0155032
    .0152156
    .0149611
    .0146957
    .0144678
    .0142307
    .0140337
    .0138250
    .0136317
    .0134284
    .0132532
    .0130664
    .0128769
    .0126719
    .0124662
    .0122251
    .0119623
    .0116972
    .0114618
    .0112536
    .0110506
    .0108492
    .0106415
    .0104211
    .0101818
    .0099557
    .0097188
    .0094977
    .0092606
    .0090480
    .0088175
    .0086098
    .0083802
    .0081781
    .0079543
    .0077598
    .0075424
    .0073555
    .0071445
    .0069620
    .0067537
    .0065707
    .0063600
    .0061690
    .0059481
    .0057372
    .0054920
    .0052382
    .0049402
    .0045852
    .0041213
    .0033898
    .0024320
    .0005034