    .0037991
    .0037070
    .0038007
    .0037432
    .0037075
    .0036219
    .0035925
    .0035864
    .0036007
    .0036774
    .0038011
    .0038714
    .0038363
    .0037484
    .0036868
    .0036072
    .0034856
    .0034835
    .0035802
    .0036249
    .0037688
    .0036183
    .0035075
    .0030197
    .0023859
    .0019754
    .0019738
    .0022995
    .0029093
    .0032582
    .0032279
    .0031870
    .0035472
    .0022513
    .0015107
    .0012732
    .0019340
    .0035467
    .0056170
    .0071224
    .0082034
    .0083978
    .0075977
    .0066599
    .0056698
    .0045301
    .0033854
    .0021833
    .0015362
    .0024407
    .0044757
    .0059931
    .0061073
    .0052294
    .0039564
    .0026794
    .0028064
    .0032741
    .0018521
   -.0001880
   -.0013329
   -.0017500
   -.0035300
   -.0038257
   -.0006917
    .0050694
    .0114479
    .0154620
    .0143511
    .0107255
    .0085242
    .0084030
    .0104520
    .0121777
    .0110830
    .0060008
   -.0005571
   -.0051639
   -.0053290
   -.0022644
    .0042851
    .0116753
    .0177485
    .0205346
    .0206443
    .0177583
    .0114003
    .0036436
   -.0043608
   -.0110048
   -.0144265
   -.0146724
   -.0112331
   -.0032812
    .0060986
    .0118267
    .0121120
    .0092619
    .0052827
    .0024023
   -.0006111
   -.0036057
   -.0053730
   -.0056874
   -.0036391
   -.0000126
    .0037275
    .0061866
    .0046817
   -.0011383
   -.0094155
   -.0173771
   -.0234904
   -.0242174
   -.0182105
   -.0059408
    .0072163
    .0168667
    .0226239
    .0215125
    .0132629
    .0035977
   -.0048710
   -.0113423
   -.0167787
   -.0188456
   -.0154504
   -.0081794
   -.0001872
    .0057650
    .0084981
    .0062000
   -.0001108
   -.0079201
   -.0145419
   -.0164725
   -.0129045
   -.0048237
    .0045782
    .0132645
    .0200130
    .0235940
    .0228152
    .0187024
    .0152302
    .0132531
    .0110856
    .0100563
    .0124834
    .0171613
    .0207711
    .0188623
    .0121115
    .0031544
   -.0054333
   -.0110637
   -.0115406
   -.0076831
   -.0031309
    .0019536
    .0063545
    .0089614
    .0083243
    .0063172
    .0046509
    .0029832
    .0013723
    .0008791
    .0032782
    .0103648
    .0199093
    .0293120
    .0353293
    .0370043
    .0346325
    .0309872
    .0250501
    .0186195
    .0100590
    .0001769
   -.0107701
   -.0215841
   -.0293830
   -.0323036
   -.0298335
   -.0220293
   -.0129086
   -.0053841
    .0006481
    .0052315
    .0088857
    .0121879
    .0147948
    .0173901
    .0185735
    .0175756
    .0147946
    .0123382
    .0137778
    .0171927
    .0171985
    .0113859
    .0016809
   -.0090962
   -.0166988
   -.0162785
   -.0053923
    .0150749
    .0379613
    .0577456
    .0680295
    .0681692
    .0580814
    .0346680
    .0044550
   -.0250729
   -.0480976
   -.0570279
   -.0533678
   -.0363551
   -.0119506
    .0112766
    .0270573
    .0309865
    .0205092
   -.0007583
   -.0243691
   -.0411287
   -.0477333
   -.0429019
   -.0285058
   -.0033137
    .0206220
    .0338342
    .0396601
    .0364908
    .0252355
    .0116346
    .0002097
   -.0057768
   -.0073827
   -.0085559
   -.0120293
   -.0192797
   -.0314385
   -.0451593
   -.0567722
   -.0614075
   -.0559901
   -.0377724
   -.0146894
    .0053809
    .0190150
    .0302828
    .0396485
    .0445925
    .0449773
    .0377413
    .0211963
    .0024823
   -.0100424
   -.0127627
   -.0071035
    .0024869
    .0091938
    .0069128
    .0004888
   -.0012819
    .0056810
    .0175058
    .0279899
    .0296254
    .0208886
    .0045506
   -.0171957
   -.0381401
   -.0565798
   -.0678914
   -.0719277
   -.0667316
   -.0538964
   -.0241447
    .0144632
    .0494536
    .0708854
    .0794851
    .0772704
    .0663079
    .0489453
    .0270371
    .0049839
   -.0118204
   -.0192238
   -.0190291
   -.0109493
    .0019532
    .0136930
    .0216238
    .0240372
    .0229476
    .0208622
    .0163233
    .0100811
    .0019789
   -.0058888
   -.0122419
   -.0180379
   -.0244606
   -.0322109
   -.0400694
   -.0452722
   -.0457318
   -.0419843
   -.0309609
   -.0135364
    .0054954
    .0205156
    .0288171
    .0295348
    .0231552
    .0131277
    .0012798
   -.0110089
   -.0188380
   -.0183697
   -.0090468
    .0052130
    .0200140
    .0300164
    .0319241
    .0278187
    .0237117
    .0241465
    .0291070
    .0361601
    .0416068
    .0437000
    .0404332
    .0278292
    .0083154
   -.0095367
   -.0195500
   -.0195161
   -.0076296
    .0125842
    .0304015
    .0424595
    .0465909
    .0403299
    .0284066
    .0172803
    .0093837
    .0068650
    .0078380
    .0083150
    .0079227
    .0068761
    .0032492
   -.0056928
   -.0193008
   -.0354462
   -.0484784
   -.0561626
   -.0640477
   -.0707301
   -.0740036
   -.0810335
   -.0887440
   -.0916619
   -.0900719
   -.0882256
   -.0855134
   -.0808818
   -.0787254
   -.0831364
   -.0934960
   -.1071861
   -.1181602
   -.1208444
   -.1086975
   -.0812956
   -.0426173
   -.0071027
    .0164001
    .0278709
    .0290141
    .0218682
    .0109817
    .0019889
    .0017954
    .0112719
    .0260156
    .0372940
    .0463312
    .0538204
    .0613173
    .0665723
    .0763190
    .0924580
    .1185554
    .1499878
    .1707209
    .1649562
    .1229832
    .0307645
   -.0465301
   -.0917488
   -.1207938
   -.1310780
   -.1311348
   -.1140977
   -.0888505
   -.0694226
   -.0641680
   -.0730384
   -.0922167
   -.1104190
   -.1107984
   -.1514905
   -.1750013
   -.1496699
   -.0898767
    .0056495
    .0416228
    .1426388
    .1979818
    .2327500
    .1740971
    .1396137
    .1077094
    .1257018
    .1457240
    .1729816
    .1443076
    .1513897
    .1450684
    .1046471
    .0021451
   -.0699010
   -.1126258
   -.1796773
   -.2045321
   -.1989482
   -.1533512
   -.1043832
    .0041077
    .0621832
    .1281004
    .1618983
    .1687587
    .1955767
    .2054037
    .2319967
    .2376743
    .2290736
    .2076027
    .1905550
    .1618163
    .1559324
    .0738938
    .0386385
    .0212293
    .0099023
   -.0471421
   -.0773512
   -.1103480
   -.1292550
   -.1306367
   -.1105687
   -.1015797
   -.0642820
    .0530244
    .1544101
    .2611858
    .3046397
    .3353250
    .3483020
    .3582445
    .3607054
    .3578997
    .3176997
    .2943085
    .2594474
    .2273404
    .1955917
    .1700600
    .1239660
    .0883507
    .0519302
    .0076043
   -.0336075
   -.0723161
   -.0775231
   -.1031352
   -.1024149
   -.0606010
   -.0394211
   -.0337151
   -.0014161
   -.0123626
   -.0672552
   -.1175324
   -.1653779
   -.1735282
   -.1846820
   -.1881987
   -.1791849
   -.1884396
   -.1914483
   -.1894646
   -.1911506
   -.2147797
   -.2272049
   -.2174243
   -.1991808
   -.1764381
   -.1529027
   -.1211023
   -.0971744
   -.0690613
   -.0353114
    .0181608
    .0577547
    .0819865
    .1115537
    .1373102
    .1579962
    .1675552
    .1831779
    .1973480
    .2282240
    .2328151
    .2334411
    .2379734
    .2541638
    .2604851
    .2659146
    .2697302
    .2670223
    .2614516
    .2476608
    .2317892
    .2248394
    .2114696
    .2020282
    .1854963
    .1679355
    .1574012
    .1525815
    .1491296
    .1415730
    .1260169
    .0988213
    .0856861
    .0735247
    .0241200
   -.0031889
   -.0474934
   -.0917037
   -.1417194
   -.2024208
   -.2606236
   -.3172021
   -.3630186
   -.3796332
   -.3274308
   -.2995528
   -.2453219
   -.2150625
   -.1687791
   -.1350429
   -.1458725
   -.1731576
   -.2088957
   -.2300029
   -.2730392
   -.2811804
   -.2804112
   -.2381528
   -.1343655
   -.1067493
    .0055170
    .0230679
    .0745716
    .1152452
    .0948023
    .0713451
   -.0028304
   -.0427639
   -.0572528
   -.1377879
   -.2021350
   -.1954026
   -.1866826
   -.1159944
   -.0031388
    .0426626
    .1045009
    .1224980
    .1100937
    .0492624
    .0002751
   -.0821054
   -.1113291
   -.1251132
   -.1446187
   -.1606664
   -.1696424
   -.1776874
   -.1534787
   -.1034006
   -.1258656
   -.1120933
   -.0992748
   -.0866623
   -.1000848
   -.1784100
   -.3299824
   -.3992252
   -.4007532
   -.3782542
   -.3333121
   -.2621369
   -.1909828
   -.1417129
   -.1041568
   -.0811244
   -.0632117
   -.0437198
   -.0380392
   -.0104517
    .0292586
    .0500650
    .1066741
    .1604898
    .1977019
    .2288921
    .2583555
    .2779771
    .2870169
    .2939940
    .3088434
    .3144758
    .2832589
    .2815233
    .2618064
    .2554252
    .2388187
    .2451437
    .2511504
    .2554338
    .2595200
    .2576328
    .2553021
    .2591541
    .2517402
    .2415718
    .2522479
    .2445273
    .2422509
    .2411809
    .2308826
    .2089440
    .1641745
    .1088139
    .0646191
    .0199834
   -.0028963
   -.0408907
   -.0674442
   -.0897157
   -.1009352
   -.1173997
   -.1240587
   -.1311592
   -.1477867
   -.1559180
   -.1624892
   -.1694161
   -.1710552
   -.1637819
   -.1591647
   -.1556332
   -.1480885
   -.1377785
   -.1215621
   -.0994128
   -.0737589
   -.0545400
   -.0355246
   -.0214751
    .0274757
    .0273678
    .0336760
    .0288854
    .0336965
   -.0078586
   -.0139034
   -.0033633
    .0328657
    .1083489
    .1550718
    .1437758
    .1349621
    .0840364
    .0929520
    .0704754
    .0758221
    .0749965
    .0880932
    .0968818
    .1778440
    .2254057
    .2428129
    .2808918
    .2813893
    .2446199
    .1753275
    .1267319
    .0673027
    .0257388
   -.0113494
   -.0753532
   -.0997205
   -.1068254
   -.1174954
   -.1334930
   -.1575854
   -.1730905
   -.1872055
   -.1993085
   -.2021651
   -.1938004
   -.1766727
   -.1568842
   -.1448483
   -.1192330
   -.0787944
   -.0429036
   -.0072686
    .0183041
    .0444625
    .0622928
    .0815176
    .1079036
    .1027584
    .1112069
    .0934182
    .0575739
    .0397918
    .0239522
    .0237497
   -.0004162
   -.0073325
   -.1020119
   -.1222760
   -.1303983
   -.1328705
   -.0972756
   -.0388876
    .0058731
    .0630663
    .1591213
    .1926005
    .2179904
    .2180978
    .2224216
    .1953371
    .1182051
    .1068833
    .0790079
    .0770524
    .1035428
    .1345632
    .1627366
    .1638174
    .1748001
    .1150502
    .0433422
   -.1011698
   -.1529160
   -.2320288
   -.2725969
   -.3206175
   -.3257218
   -.3035231
   -.2481065
   -.1758111
   -.0925445
   -.0404220
    .0204426
    .0283867
    .0129436
   -.0015803
   -.0224059
   -.0482659
   -.0457008
   -.0428381
   -.0218103
   -.0107383
   -.0115991
   -.0048731
   -.0062681
   -.0139943
   -.0353307
   -.0648200
   -.0956531
   -.0877253
   -.0855419
   -.0802000
   -.0710830
   -.0539548
   -.0401187
   -.0315233
   -.0193292
   -.0093123
   -.0131165
   -.0021210
    .0002537
    .0380854
    .0519415
    .0570467
    .0716022
    .0922651
    .0873444
    .0805652
    .0612430
    .0360192
    .0199376
    .0040555
   -.0205230
   -.0335464
   -.0514732
   -.0635639
   -.0906738
   -.1047063
   -.1076665
   -.0886167
   -.0801457
   -.0737870
   -.0633525
   -.0543936
   -.0791370
   -.0709187
   -.0902847
   -.0734996
   -.0483342
   -.0024602
    .0188432
    .0338538
    .0517610
    .0533265
    .0263861
    .0087096
   -.0139889
   -.0738709
   -.1217186
   -.1427792
   -.1607213
   -.1775166
   -.1974422
   -.2068081
   -.1855485
   -.1469963
   -.0213864
    .0651304
    .0886122
    .1008647
    .1245413
    .1543411
    .1371311
    .0848174
    .0582164
    .0303450
    .0063426
   -.0004949
    .0156735
    .0713951
    .0859367
    .1022895
    .1488942
    .1669921
    .1562438
    .1158872
    .0792485
    .0467560
   -.0113251
   -.0649963
   -.0975722
   -.0952970
   -.0237874
    .0084055
    .0480105
    .0674153
    .0614865
    .0323903
   -.0041641
   -.0262359
   -.0276196
   -.0235687
   -.0074987
    .0732629
    .0856432
    .0988002
    .0929272
    .0889499
    .0716887
    .0451316
    .0156443
   -.0053964
   -.0144623
   -.0254172
    .0008814
    .0266571
    .0402891
    .0402858
    .0353321
    .0152124
   -.0087330
   -.0006546
    .0035549
    .0063150
    .0145226
    .0303227
    .0432153
    .0713600
    .1020119
    .1135516
    .1244920
    .1141538
    .1012820
    .0873873
    .0708543
    .0608047
    .0502258
    .0452745
    .0339743
    .0294704
    .0099397
   -.0021231
   -.0134098
   -.0229365
   -.0372096
   -.0465958
   -.0568423
   -.0683142
   -.0748393
   -.0858759
   -.0913447
   -.0894183
   -.0851118
   -.0835559
   -.0663620
   -.0629587
   -.0556301
   -.0534892
   -.0545445
   -.0558320
   -.0589197
   -.0579298
   -.0570072
   -.0477348
   -.0427313
   -.0366889
   -.0334632
   -.0283248
   -.0217765
   -.0195054
   -.0190744
   -.0132222
   -.0118557
   -.0099276
   -.0111149
   -.0097511
   -.0092955
   -.0023660
    .0037436
    .0091174
    .0178302
    .0254682
    .0298605
    .0312763
    .0333860
    .0309246
    .0286663
    .0266931
    .0332651
    .0394635
    .0523366
    .0556676
    .0525186
    .0466601
    .0379608
    .0247642
    .0170456
   -.0028001
   -.0210228
   -.0365204
   -.0462607
   -.0472217
   -.0469539
   -.0473542
   -.0426138
   -.0343844
   -.0372879
   -.0424394
   -.0426659
   -.0475930
   -.0548619
   -.0663911
   -.0589081
   -.0564605
   -.0498622
   -.0308769
   -.0164042
   -.0062914
    .0122376
    .0268973
    .0114281
   -.0055674
   -.0172766
   -.0646280
   -.0674530
   -.0688756
   -.0732628
   -.0571710
   -.0498065
   -.0356004
   -.0238194
   -.0235274
   -.0178900
   -.0162155
   -.0164932
   -.0178268
   -.0515091
   -.0506010
   -.0431294
   -.0326764
   -.0020563
    .0487699
    .0663711
    .0888523
    .1061033
    .1177103
    .1189248
    .1152180
    .1078707
    .0980054
    .0859040
    .0709073
    .0514460
    .0298494
    .0135474
    .0027536
   -.0011197
    .0042805
    .0126722
    .0180802
    .0209000
    .0215232
    .0209529
    .0206048
    .0219523
    .0248516
    .0278865
    .0282779
    .0236996
    .0145333
   -.0002292
   -.0176087
   -.0353994
   -.0513960
   -.0628166
   -.0687855
   -.0678870
   -.0581800
   -.0401686
   -.0167730
    .0071661
    .0230613
    .0303946
    .0296609
    .0194586
    .0070519
   -.0032817
   -.0086441
   -.0054603
    .0068347
    .0241625
    .0428382
    .0604026
    .0737465
    .0817363
    .0877274
    .0904560
    .0904838
    .0911105
    .0895524
    .0874033
    .0850164
    .0810411
    .0732082
    .0616880
    .0458576
    .0279388
    .0129237
    .0067489
    .0086782
    .0144597
    .0191186
    .0226839
    .0236162
    .0200413
    .0105207
   -.0031689
   -.0172513
   -.0279240
   -.0333009
   -.0354580
   -.0346408
   -.0318699
   -.0282799
   -.0254799
   -.0241122
   -.0244366
   -.0257226
   -.0277547
   -.0283564
   -.0275069
   -.0267944
   -.0275079
   -.0288570
   -.0288859
   -.0313602
   -.0359420
   -.0435878
   -.0539583
   -.0638755
   -.0698186
   -.0687327
   -.0586754
   -.0382631
   -.0128716
    .0068792
    .0170773
    .0155892
    .0056639
   -.0062428
   -.0153115
   -.0160321
   -.0057755
    .0113787
    .0294640
    .0427604
    .0482968
    .0451224
    .0338418
    .0187879
    .0027414
   -.0115330
   -.0225757
   -.0293431
   -.0360424
   -.0410438
   -.0457516
   -.0492541
   -.0508580
   -.0497581
   -.0455475
   -.0399899
   -.0343931
   -.0281682
   -.0246230
   -.0237120
   -.0242966
   -.0261200
   -.0270113
   -.0272383
   -.0250454
   -.0210488
   -.0179831
   -.0166325
   -.0177833
   -.0219076
   -.0268017
   -.0305302
   -.0310005
   -.0271451
   -.0193977
   -.0079835
    .0053213
    .0175127
    .0271035
    .0332811
    .0361709
    .0339184
    .0272898
    .0198220
    .0138632
    .0100761
    .0098941
    .0129964
    .0176711
    .0223232
    .0255427
    .0271989
    .0274368
    .0262729
    .0238407
    .0212884
    .0186373
    .0160040
    .0137028
    .0118115
    .0076371
    .0043519
    .0015150
    .0019121
    .0033890
    .0030642
    .0024138
    .0027762
    .0043388
    .0065123
    .0104115
    .0138107
    .0157973
    .0180731
    .0176019
    .0144179
    .0053585
   -.0060222
   -.0150141
   -.0219832
   -.0280721
   -.0331327
   -.0381527
   -.0432674
   -.0486776
   -.0535207
   -.0553299
   -.0533607
   -.0470673
   -.0374797
   -.0260182
   -.0144314
   -.0033511
    .0084542
    .0205810
    .0324828
    .0436457
    .0553416
    .0653476
    .0712826
    .0740375
    .0730424
    .0668918
    .0572517
    .0468382
    .0366979
    .0280943
    .0213788
    .0170375
    .0166561
    .0190463
    .0226667
    .0262550
    .0293672
    .0307525
    .0297086
    .0266256
    .0225013
    .0167890
    .0101343
    .0034912
   -.0030083
   -.0083725
   -.0123818
   -.0163713
   -.0200702
   -.0236771
   -.0265101
   -.0295355
   -.0333313
   -.0370880
   -.0393982
   -.0385922
   -.0358975
   -.0307133
   -.0243582
   -.0199388
   -.0197799
   -.0231578
   -.0283494
   -.0332623
   -.0374911
   -.0405203
   -.0410156
   -.0382474
   -.0313568
   -.0215430
   -.0096803
    .0005714
    .0064652
    .0098683
    .0126837
    .0162035
    .0190366
    .0221934
    .0262218
    .0302014
    .0343362
    .0371960
    .0386560
    .0395779
    .0404605
    .0407447
    .0404880
    .0377813
    .0332855
    .0273730
    .0220764
    .0177241
    .0150659
    .0119293
    .0065977
   -.0012385
   -.0096917
   -.0170089
   -.0238717
   -.0298774
   -.0348824
   -.0373719
   -.0374226
   -.0360650
   -.0324670
   -.0267135
   -.0199012
   -.0142285
   -.0090873
   -.0047971
   -.0013892
    .0029761
    .0062485
    .0088097
    .0100081
    .0115083
    .0138786
    .0163116
    .0194863
    .0223381
    .0241665
    .0244429
    .0229107
    .0199117
    .0178310
    .0184094
    .0219006
    .0268314
    .0327757
    .0391768
    .0429958
    .0445417
    .0403234
    .0297266
    .0167727
    .0068140
    .0018459
    .0030616
    .0092378
    .0159032
    .0212730
    .0241855
    .0246858
    .0239679
    .0209636
    .0178625
    .0154984
    .0144108
    .0126163
    .0121851
    .0132404
    .0163148
    .0202927
    .0236824
    .0248044
    .0231309
    .0179067
    .0109266
    .0036463
   -.0035328
   -.0096475
   -.0137772
   -.0167288
   -.0164328
   -.0131108
   -.0088583
   -.0057952
   -.0058823
   -.0097897
   -.0175500
   -.0258668
   -.0319030
   -.0359909
   -.0377511
   -.0368093
   -.0343037
   -.0285528
   -.0198163
   -.0096763
   -.0024115
    .0002658
   -.0013330
   -.0045253
   -.0073186
   -.0091716
   -.0092810
   -.0059789
    .0013534
    .0113551
    .0213466
    .0290302
    .0329006
    .0323674
    .0277165
    .0210879
    .0129361
    .0046350
   -.0023618
   -.0085433
   -.0132745
   -.0151716
   -.0151304
   -.0129057
   -.0094543
   -.0055100
   -.0019178
    .0019843
    .0045680
    .0068537
    .0092692
    .0116738
    .0145968
    .0170831
    .0190990
    .0210151
    .0233632
    .0267558
    .0319234
    .0366879
    .0391633
    .0382247
    .0336930
    .0265631
    .0184369
    .0116675
    .0078458
    .0065438
    .0079082
    .0103654
    .0123845
    .0134297
    .0143977
    .0149423
    .0165837
    .0185760
    .0213780
    .0230454
    .0235359
    .0227477
    .0214929
    .0209979
    .0207124
    .0203463
    .0194723
    .0178312
    .0169822
    .0166795
    .0163135
    .0146789
    .0131661
    .0128318
    .0114840
    .0078051
    .0013652
   -.0041223
   -.0078686
   -.0086847
   -.0062783
   -.0040131
   -.0026991
   -.0022280
   -.0005358
    .0021689
    .0053441
    .0093998
    .0121263
    .0119481
    .0079902
    .0026285
   -.0034713
   -.0083446
   -.0103305
   -.0098033
   -.0087290
   -.0067012
   -.0045804
   -.0015491
   -.0005187
   -.0015793
   -.0031437
   -.0068453
   -.0124766
   -.0179641
   -.0221151
   -.0246130
   -.0245583
   -.0220663
   -.0183859
   -.0151688
   -.0137359
   -.0132595
   -.0139285
   -.0140633
   -.0146914
   -.0160480
   -.0178734
   -.0182984
   -.0174054
   -.0165196
   -.0152946
   -.0128216
   -.0093559
   -.0057757
   -.0045401
   -.0057160
   -.0076659
   -.0116050
   -.0178370
   -.0239952
   -.0290086
   -.0325091
   -.0320513
   -.0276477
   -.0208687
   -.0127397
   -.0051718
   -.0009657
   -.0000697
   -.0006414
   -.0032163
   -.0071759
   -.0115749
   -.0144670
   -.0158358
   -.0145891
   -.0110176
   -.0055654
    .0016319
    .0088482
    .0147353
    .0187871
    .0195245
    .0185790
    .0166184
    .0143526
    .0129404
    .0122996
    .0122582
    .0124396
    .0109536
    .0089149
    .0048068
    .0013668
   -.0014790
   -.0038180
   -.0051090
   -.0060363
   -.0074515
   -.0094526
   -.0109312
   -.0115859
   -.0104885
   -.0091108
   -.0088303
   -.0053394
    .0000272
    .0049438
    .0072154
    .0057533
    .0030179
    .0010917
   -.0001778
   -.0010369
   -.0000704
    .0012080
    .0017193
    .0002564
   -.0013746
   -.0030363
   -.0037152
   -.0035805
   -.0018180
   -.0000569
    .0019257
    .0036223
    .0048921
    .0065215
    .0082954
    .0109856
    .0129255
    .0157027
    .0192602
    .0223440
    .0243469
    .0239558
    .0228364
    .0211103
    .0207354
    .0207566
    .0211094
    .0234499
    .0261515
    .0280691
    .0293494
    .0299166
    .0285810
    .0263224
    .0228703
    .0181007
    .0143988
    .0135163
    .0155309
    .0193568
    .0251212
    .0311520
    .0346143
    .0343477
    .0300356
    .0214026
    .0099247
   -.0008626
   -.0074478
   -.0106168
   -.0116018
   -.0115163
   -.0105535
   -.0084371
   -.0055939
   -.0028029
   -.0020252
   -.0032705
   -.0050293
   -.0086695
   -.0129694
   -.0165538
   -.0192224
   -.0204216
   -.0199140
   -.0187904
   -.0165639
   -.0139654
   -.0109337
   -.0077916
   -.0047192
   -.0017881
    .0023077
    .0059204
    .0095836
    .0127240
    .0136152
    .0146689
    .0153783
    .0159112
    .0160022
    .0169538
    .0181543
    .0185746
    .0184301
    .0178186
    .0178154
    .0176020
    .0154016
    .0112368
    .0069737
    .0032843
    .0005171
   -.0007878
   -.0003311
    .0009347
    .0024411
    .0034333
    .0039463
    .0022525
   -.0015213
   -.0067854
   -.0124894
   -.0173551
   -.0200196
   -.0190329
   -.0157684
   -.0109250
   -.0047858
    .0006452
    .0038248
    .0049394
    .0055670
    .0072233
    .0084835
    .0094838
    .0097686
    .0100990
    .0089930
    .0061403
    .0020047
   -.0018636
   -.0037933
   -.0040872
   -.0035585
   -.0031395
   -.0038244
   -.0053177
   -.0071605
   -.0100274
   -.0139604
   -.0181552
   -.0219200
   -.0245750
   -.0248145
   -.0237442
   -.0229088
   -.0218068
   -.0210284
   -.0201250
   -.0177045
   -.0133253
   -.0061042
    .0025540
    .0114415
    .0188640
    .0252992
    .0277784
    .0275039
    .0242459
    .0195510
    .0148935
    .0119855
    .0104958
    .0115051
    .0150857
    .0204985
    .0258457
    .0302600
    .0325596
    .0332015
    .0325269
    .0317083
    .0308810
    .0301283
    .0291158
    .0282072
    .0272453
    .0266999
    .0258064
    .0254525
    .0262386
    .0267112
    .0268739
    .0263619
    .0251825
    .0223016
    .0182689
    .0149214
    .0144567
    .0151485
    .0158340
    .0169049
    .0182725
    .0195988
    .0194601
    .0172668
    .0144369
    .0116400
    .0084661
    .0049503
    .0016654
   -.0020332
   -.0047610
   -.0065220
   -.0074566
   -.0088736
   -.0091357
   -.0094204
   -.0111720
   -.0138127
   -.0146471
   -.0152993
   -.0163498
   -.0180071
   -.0210329
   -.0251993
   -.0287410
   -.0317125
   -.0345043
   -.0371190
   -.0368906
   -.0365237
   -.0365165
   -.0359852
   -.0347610
   -.0333724
   -.0312421
   -.0293305
   -.0278118
   -.0260179
   -.0236047
   -.0202265
   -.0169399
   -.0141094
   -.0109458
   -.0074875
   -.0035669
   -.0000667
    .0017596
    .0008487
   -.0018006
   -.0041974
   -.0064335
   -.0077071
   -.0083313
   -.0083974
   -.0076673
   -.0062403
   -.0046406
   -.0028346
   -.0015083
   -.0005807
    .0004318
    .0011439
    .0012495
   -.0002082
   -.0023371
   -.0028152
   -.0008156
    .0018573
    .0027238
    .0024191
    .0006030
   -.0005640
   -.0007410
   -.0003909
    .0001949
    .0015612
    .0034409
    .0061694
    .0101565
    .0149464
    .0184868
    .0202966
    .0220267
    .0233136
    .0226162
    .0222449
    .0222649
    .0211947
    .0185487
    .0171804
    .0153878
    .0137288
    .0136796
    .0143401
    .0144147
    .0149168
    .0165718
    .0175171
    .0176285
    .0181451
    .0185834
    .0172635
    .0151964
    .0132897
    .0114101
    .0102043
    .0092088
    .0082774
    .0072531
    .0054564
    .0038334
    .0026210
    .0025171
    .0025664
    .0034742
    .0055264
    .0072535
    .0076643
    .0078876
    .0078650
    .0072950
    .0063557
    .0062481
    .0070668
    .0076611
    .0083411
    .0087128
    .0084277
    .0080150
    .0078473
    .0076164
    .0073266
    .0064357
    .0054185
    .0045117
    .0033713
    .0021227
    .0001866
   -.0011797
   -.0022056
   -.0030736
   -.0037495
   -.0035120
   -.0031896
   -.0031877
   -.0028798
   -.0026477
   -.0027453
   -.0030394
   -.0031694
   -.0029176
   -.0026182
   -.0018928
   -.0012747
   -.0008032
    .0001510
    .0010056
    .0013858
    .0017284
    .0020394
    .0026606
    .0030524
    .0033017
    .0033242
    .0032322
    .0031724
    .0032330
    .0032755
    .0035444
    .0035545
    .0036777
    .0037264
    .0038457
    .0038744
    .0039511
    .0039063
    .0039169
    .0038605
    .0038886
    .0037717
    .0037394
    .0036325
    .0036485
    .0035667
    .0036031
    .0035293
    .0035594
    .0034521
    .0034511
    .0033424
    .0033777
    .0033031
    .0033443
    .0032335
    .0032512
    .0031349
    .0031512
    .0030121
    .0030158
    .0028730
    .0028799
    .0027372
    .0027451
    .0026189
    .0026654
    .0025337
    .0025638
    .0024817
    .0025331
    .0024545
    .0025049
    .0024423
    .0024982
    .0024572
    .0025158
    .0025038
    .0025620
    .0025975
    .0026530
    .0027820
    .0027537
    .0031706