    .269585E-05
    .249890E-05
    .176181E-05
    .743025E-06
   -.102871E-05
   -.300206E-05
   -.537351E-05
   -.740128E-05
   -.918268E-05
   -.998478E-05
   -.100246E-04
   -.861890E-05
   -.609423E-05
   -.319049E-05
   -.450794E-05
   -.924331E-05
   -.142429E-04
   -.213489E-04
   -.320719E-04
   -.367367E-04
   -.361366E-04
   -.417595E-04
   -.486983E-04
   -.464446E-04
   -.495125E-04
   -.670756E-04
   -.951032E-04
   -.121064E-03
   -.127225E-03
   -.121074E-03
   -.116215E-03
   -.116135E-03
   -.121553E-03
   -.130605E-03
   -.141124E-03
   -.150862E-03
   -.159504E-03
   -.170446E-03
   -.200983E-03
   -.238953E-03
   -.244705E-03
   -.227460E-03
   -.212082E-03
   -.182322E-03
   -.142719E-03
   -.145838E-03
   -.158346E-03
   -.102904E-03
   -.196467E-04
    .393448E-04
    .103694E-03
    .187614E-03
    .286614E-03
    .373495E-03
    .423277E-03
    .439878E-03
    .430472E-03
    .370145E-03
    .259533E-03
    .123439E-03
    .113632E-04
   -.423390E-04
   -.519146E-04
   -.397142E-04
   -.264186E-04
   -.220606E-04
   -.278454E-04
   -.392030E-04
   -.496986E-04
   -.580028E-04
   -.882940E-04
   -.192444E-03
   -.368519E-03
   -.580845E-03
   -.607074E-03
   -.383425E-03
   -.146161E-03
   -.189276E-05
    .396975E-04
   -.498173E-04
   -.264327E-03
   -.451579E-03
   -.510586E-03
   -.392704E-03
   -.187363E-03
   -.315252E-04
    .359961E-04
    .305464E-04
   -.965459E-05
   -.357071E-05
    .133995E-03
    .253542E-03
    .182913E-03
    .488146E-04
   -.522389E-04
   -.107551E-03
   -.120066E-03
   -.108571E-03
   -.193101E-03
   -.440878E-03
   -.806690E-03
   -.123115E-02
   -.166513E-02
   -.208161E-02
   -.247586E-02
   -.273594E-02
   -.282314E-02
   -.281849E-02
   -.277939E-02
   -.275295E-02
   -.274897E-02
   -.276474E-02
   -.278300E-02
   -.279423E-02
   -.279264E-02
   -.278199E-02
   -.276145E-02
   -.260208E-02
   -.226063E-02
   -.196207E-02
   -.173716E-02
   -.143420E-02
   -.113277E-02
   -.965708E-03
   -.910443E-03
   -.923632E-03
   -.947884E-03
   -.864225E-03
   -.539519E-03
   -.165662E-03
    .889659E-04
    .384035E-03
    .605387E-03
    .251919E-03
   -.450965E-03
   -.990325E-03
   -.124589E-02
   -.126443E-02
   -.116077E-02
   -.104356E-02
   -.975072E-03
   -.808415E-03
   -.413525E-03
   -.491745E-04
    .199800E-03
    .566948E-03
    .984526E-03
    .124415E-02
    .133370E-02
    .131440E-02
    .125504E-02
    .119943E-02
    .117346E-02
    .116852E-02
    .117636E-02
    .117527E-02
    .116679E-02
    .114214E-02
    .111874E-02
    .108826E-02
    .107325E-02
    .112478E-02
    .174569E-02
    .284224E-02
    .367775E-02
    .384025E-02
    .328745E-02
    .228209E-02
    .113330E-02
    .514286E-04
   -.887267E-03
   -.170749E-02
   -.223622E-02
   -.240819E-02
   -.239320E-02
   -.231542E-02
   -.226381E-02
   -.225417E-02
   -.227574E-02
   -.229760E-02
   -.230008E-02
   -.227967E-02
   -.224023E-02
   -.217398E-02
   -.152634E-02
   -.176655E-03
    .956302E-03
    .133137E-02
    .863732E-03
    .545625E-04
   -.580578E-03
   -.122027E-02
   -.186731E-02
   -.223921E-02
   -.278600E-02
   -.402928E-02
   -.521568E-02
   -.580509E-02
   -.594389E-02
   -.577025E-02
   -.549687E-02
   -.465603E-02
   -.305289E-02
   -.130854E-02
    .364774E-03
    .222498E-02
    .455952E-02
    .746820E-02
    .103918E-01
    .129680E-01
    .152511E-01
    .173130E-01
    .192638E-01
    .202050E-01
    .198572E-01
    .194648E-01
    .194400E-01
    .194756E-01
    .188367E-01
    .171015E-01
    .145671E-01
    .116369E-01
    .869024E-02
    .590041E-02
    .329072E-02
    .498543E-04
   -.400676E-02
   -.782068E-02
   -.109479E-01
   -.135228E-01
   -.157400E-01
   -.177269E-01
   -.189320E-01
   -.198958E-01
   -.222166E-01
   -.249454E-01
   -.265559E-01
   -.277969E-01
   -.293012E-01
   -.310570E-01
   -.330563E-01
   -.351339E-01
   -.361187E-01
   -.355324E-01
   -.347174E-01
   -.334182E-01
   -.302631E-01
   -.256207E-01
   -.205807E-01
   -.152134E-01
   -.982328E-02
   -.492097E-02
   -.601990E-03
    .340843E-02
    .687065E-02
    .948630E-02
    .104048E-01
    .965951E-02
    .810016E-02
    .632941E-02
    .478501E-02
    .396322E-02
    .420998E-02
    .572278E-02
    .769448E-02
    .894423E-02
    .101154E-01
    .117943E-01
    .139305E-01
    .161927E-01
    .180951E-01
    .195039E-01
    .205597E-01
    .210008E-01
    .208447E-01
    .204572E-01
    .205161E-01
    .216968E-01
    .238089E-01
    .262428E-01
    .277866E-01
    .279937E-01
    .274153E-01
    .270483E-01
    .277723E-01
    .270717E-01
    .235172E-01
    .181068E-01
    .117349E-01
    .535708E-02
   -.947831E-03
   -.721316E-02
   -.131024E-01
   -.185791E-01
   -.242838E-01
   -.297949E-01
   -.344891E-01
   -.379399E-01
   -.401040E-01
   -.402918E-01
   -.388735E-01
   -.371901E-01
   -.358525E-01
   -.349914E-01
   -.340259E-01
   -.323286E-01
   -.292577E-01
   -.246173E-01
   -.188751E-01
   -.122576E-01
   -.514634E-02
    .245444E-02
    .992350E-02
    .160112E-01
    .205340E-01
    .241622E-01
    .262566E-01
    .266426E-01
    .257133E-01
    .235761E-01
    .202455E-01
    .160916E-01
    .116880E-01
    .731808E-02
    .286555E-02
   -.235135E-02
   -.774677E-02
   -.120521E-01
   -.155600E-01
   -.188373E-01
   -.221828E-01
   -.260009E-01
   -.309543E-01
   -.368457E-01
   -.430800E-01
   -.475876E-01
   -.493967E-01
   -.490890E-01
   -.473113E-01
   -.448200E-01
   -.415338E-01
   -.374577E-01
   -.337353E-01
   -.305086E-01
   -.264021E-01
   -.208328E-01
   -.139661E-01
   -.563600E-02
    .383301E-02
    .132306E-01
    .217594E-01
    .291191E-01
    .355378E-01
    .415158E-01
    .465660E-01
    .502101E-01
    .518515E-01
    .511845E-01
    .486923E-01
    .457913E-01
    .436900E-01
    .411599E-01
    .374299E-01
    .324718E-01
    .265865E-01
    .203723E-01
    .142414E-01
    .843033E-02
    .292295E-02
   -.236046E-02
   -.756317E-02
   -.124034E-01
   -.166495E-01
   -.191170E-01
   -.193048E-01
   -.174861E-01
   -.140345E-01
   -.974745E-02
   -.556056E-02
   -.226129E-02
   -.445744E-03
    .799064E-04
    .606819E-03
    .268498E-02
    .742251E-02
    .127834E-01
    .171302E-01
    .197898E-01
    .203642E-01
    .186763E-01
    .162854E-01
    .147192E-01
    .155373E-01
    .189561E-01
    .240292E-01
    .295015E-01
    .342102E-01
    .379394E-01
    .408461E-01
    .425833E-01
    .427646E-01
    .410994E-01
    .377069E-01
    .332378E-01
    .283724E-01
    .238265E-01
    .204575E-01
    .176496E-01
    .139317E-01
    .939238E-02
    .462305E-02
   -.871045E-04
   -.498988E-02
   -.110174E-01
   -.174277E-01
   -.228638E-01
   -.275640E-01
   -.316947E-01
   -.339258E-01
   -.334882E-01
   -.305526E-01
   -.262265E-01
   -.219627E-01
   -.173748E-01
   -.122611E-01
   -.686578E-02
   -.155534E-02
    .328843E-02
    .800161E-02
    .129612E-01
    .181000E-01
    .231737E-01
    .277117E-01
    .319502E-01
    .363257E-01
    .413160E-01
    .469025E-01
    .523545E-01
    .570854E-01
    .608158E-01
    .630806E-01
    .638655E-01
    .638437E-01
    .635920E-01
    .634742E-01
    .632867E-01
    .626639E-01
    .604647E-01
    .564237E-01
    .521199E-01
    .481234E-01
    .438878E-01
    .395932E-01
    .356143E-01
    .319183E-01
    .286255E-01
    .263264E-01
    .246185E-01
    .224212E-01
    .202445E-01
    .186313E-01
    .170685E-01
    .145225E-01
    .981394E-02
    .345283E-02
   -.325871E-02
   -.968525E-02
   -.153651E-01
   -.200825E-01
   -.243113E-01
   -.288181E-01
   -.336999E-01
   -.382818E-01
   -.404570E-01
   -.388811E-01
   -.335972E-01
   -.252558E-01
   -.154295E-01
   -.675268E-02
   -.414201E-03
    .386847E-02
    .596619E-02
    .621486E-02
    .570201E-02
    .458644E-02
    .223948E-02
   -.199012E-02
   -.796991E-02
   -.159042E-01
   -.252617E-01
   -.350624E-01
   -.449362E-01
   -.548689E-01
   -.635303E-01
   -.698218E-01
   -.725657E-01
   -.711587E-01
   -.663048E-01
   -.594153E-01
   -.519709E-01
   -.435320E-01
   -.340834E-01
   -.241701E-01
   -.144280E-01
   -.535779E-02
    .268790E-02
    .957090E-02
    .154506E-01
    .200178E-01
    .232350E-01
    .242826E-01
    .231102E-01
    .204344E-01
    .164485E-01
    .113696E-01
    .607546E-02
    .155315E-02
   -.107677E-02
   -.128212E-02
    .476954E-03
    .410362E-02
    .910337E-02
    .155030E-01
    .233043E-01
    .324231E-01
    .421220E-01
    .514866E-01
    .603081E-01
    .684522E-01
    .757968E-01
    .821839E-01
    .876906E-01
    .909759E-01
    .914593E-01
    .895896E-01
    .858652E-01
    .812009E-01
    .750982E-01
    .674263E-01
    .584836E-01
    .493953E-01
    .417253E-01
    .366668E-01
    .342809E-01
    .334013E-01
    .329494E-01
    .321993E-01
    .310171E-01
    .295469E-01
    .289650E-01
    .300139E-01
    .329054E-01
    .369405E-01
    .408817E-01
    .442655E-01
    .470182E-01
    .493726E-01
    .509039E-01
    .509160E-01
    .486221E-01
    .442588E-01
    .401224E-01
    .375639E-01
    .366240E-01
    .355219E-01
    .324996E-01
    .272980E-01
    .204258E-01
    .130275E-01
    .579003E-02
   -.859171E-03
   -.745176E-02
   -.145580E-01
   -.229285E-01
   -.325069E-01
   -.426591E-01
   -.535597E-01
   -.652570E-01
   -.771575E-01
   -.887734E-01
   -.995783E-01
   -.110688E+00
   -.122840E+00
   -.134964E+00
   -.145707E+00
   -.154211E+00
   -.159306E+00
   -.161028E+00
   -.157201E+00
   -.147805E+00
   -.135184E+00
   -.120855E+00
   -.106296E+00
   -.916744E-01
   -.771934E-01
   -.631502E-01
   -.496641E-01
   -.364873E-01
   -.250461E-01
   -.160309E-01
   -.868882E-02
   -.236426E-02
    .328335E-02
    .861052E-02
    .138969E-01
    .195865E-01
    .255865E-01
    .312357E-01
    .366078E-01
    .420318E-01
    .471384E-01
    .517110E-01
    .559340E-01
    .594106E-01
    .617461E-01
    .631554E-01
    .639483E-01
    .636832E-01
    .624301E-01
    .607642E-01
    .600539E-01
    .611404E-01
    .634256E-01
    .658849E-01
    .671995E-01
    .666003E-01
    .641137E-01
    .619456E-01
    .613172E-01
    .619431E-01
    .630171E-01
    .636523E-01
    .631616E-01
    .613909E-01
    .585380E-01
    .552944E-01
    .525377E-01
    .504478E-01
    .490101E-01
    .486622E-01
    .489448E-01
    .486337E-01
    .488165E-01
    .505154E-01
    .525862E-01
    .543745E-01
    .561765E-01
    .571326E-01
    .564800E-01
    .541880E-01
    .502039E-01
    .439247E-01
    .348802E-01
    .235007E-01
    .921400E-02
   -.753671E-02
   -.252853E-01
   -.434088E-01
   -.618806E-01
   -.801218E-01
   -.976174E-01
   -.114024E+00
   -.129235E+00
   -.143357E+00
   -.157197E+00
   -.171661E+00
   -.186716E+00
   -.202233E+00
   -.218917E+00
   -.236537E+00
   -.253901E+00
   -.270255E+00
   -.285227E+00
   -.298330E+00
   -.309509E+00
   -.319390E+00
   -.328383E+00
   -.337098E+00
   -.344204E+00
   -.348966E+00
   -.351573E+00
   -.351545E+00
   -.347423E+00
   -.337346E+00
   -.321012E+00
   -.300925E+00
   -.279623E+00
   -.258475E+00
   -.237049E+00
   -.214311E+00
   -.188739E+00
   -.160161E+00
   -.128117E+00
   -.930379E-01
   -.555271E-01
   -.167660E-01
    .216894E-01
    .569114E-01
    .871110E-01
    .111093E+00
    .128564E+00
    .140797E+00
    .148128E+00
    .151873E+00
    .150378E+00
    .143538E+00
    .132830E+00
    .118653E+00
    .101507E+00
    .815261E-01
    .594350E-01
    .348275E-01
    .832248E-02
   -.182953E-01
   -.444426E-01
   -.700817E-01
   -.940874E-01
   -.115693E+00
   -.134544E+00
   -.150571E+00
   -.164456E+00
   -.175673E+00
   -.184259E+00
   -.190274E+00
   -.194040E+00
   -.195589E+00
   -.195201E+00
   -.193611E+00
   -.190374E+00
   -.185354E+00
   -.178926E+00
   -.171427E+00
   -.163218E+00
   -.153779E+00
   -.142791E+00
   -.130750E+00
   -.118275E+00
   -.105459E+00
   -.922744E-01
   -.786841E-01
   -.645132E-01
   -.497564E-01
   -.338956E-01
   -.159701E-01
    .565769E-02
    .319445E-01
    .620760E-01
    .946181E-01
    .127730E+00
    .160647E+00
    .192511E+00
    .222630E+00
    .249901E+00
    .274028E+00
    .293474E+00
    .308090E+00
    .319021E+00
    .326635E+00
    .331500E+00
    .333200E+00
    .332029E+00
    .328366E+00
    .322396E+00
    .313926E+00
    .302979E+00
    .290300E+00
    .275993E+00
    .260225E+00
    .242281E+00
    .222163E+00
    .200810E+00
    .178399E+00
    .155243E+00
    .131918E+00
    .108888E+00
    .863374E-01
    .642959E-01
    .426850E-01
    .210938E-01
   -.713663E-03
   -.224499E-01
   -.425337E-01
   -.582123E-01
   -.698198E-01
   -.795407E-01
   -.875991E-01
   -.940328E-01
   -.985727E-01
   -.100899E+00
   -.101328E+00
   -.997641E-01
   -.966038E-01
   -.913558E-01
   -.843179E-01
   -.765629E-01
   -.687563E-01
   -.612936E-01
   -.553210E-01
   -.512811E-01
   -.483495E-01
   -.456484E-01
   -.423053E-01
   -.376345E-01
   -.314352E-01
   -.240070E-01
   -.158490E-01
   -.768837E-02
    .112935E-02
    .116164E-01
    .243383E-01
    .388795E-01
    .546937E-01
    .714553E-01
    .894095E-01
    .107438E+00
    .124039E+00
    .139170E+00
    .153444E+00
    .168115E+00
    .183082E+00
    .197079E+00
    .210718E+00
    .224881E+00
    .237745E+00
    .247860E+00
    .254617E+00
    .256723E+00
    .253901E+00
    .244851E+00
    .230212E+00
    .212020E+00
    .191629E+00
    .169498E+00
    .146284E+00
    .122932E+00
    .994278E-01
    .761895E-01
    .549159E-01
    .362332E-01
    .194921E-01
    .364360E-02
   -.122991E-01
   -.276447E-01
   -.418712E-01
   -.548140E-01
   -.663654E-01
   -.767004E-01
   -.859070E-01
   -.943079E-01
   -.102730E+00
   -.111317E+00
   -.119604E+00
   -.127391E+00
   -.134702E+00
   -.141207E+00
   -.146646E+00
   -.150656E+00
   -.152697E+00
   -.152616E+00
   -.150326E+00
   -.146356E+00
   -.141221E+00
   -.135507E+00
   -.129788E+00
   -.124833E+00
   -.121142E+00
   -.118348E+00
   -.115709E+00
   -.112097E+00
   -.107009E+00
   -.100717E+00
   -.934243E-01
   -.855150E-01
   -.766471E-01
   -.668937E-01
   -.568300E-01
   -.470712E-01
   -.381142E-01
   -.310472E-01
   -.261336E-01
   -.223883E-01
   -.195147E-01
   -.175483E-01
   -.169270E-01
   -.175823E-01
   -.182062E-01
   -.182891E-01
   -.187434E-01
   -.197807E-01
   -.212603E-01
   -.221831E-01
   -.222123E-01
   -.223897E-01
   -.230527E-01
   -.237322E-01
   -.249543E-01
   -.271266E-01
   -.303693E-01
   -.344110E-01
   -.387051E-01
   -.431787E-01
   -.479331E-01
   -.528734E-01
   -.577777E-01
   -.621593E-01
   -.654856E-01
   -.673758E-01
   -.674829E-01
   -.659848E-01
   -.632352E-01
   -.598720E-01
   -.568632E-01
   -.537031E-01
   -.494208E-01
   -.436472E-01
   -.366761E-01
   -.291603E-01
   -.214619E-01
   -.135787E-01
   -.560517E-02
    .232812E-02
    .101671E-01
    .178965E-01
    .255047E-01
    .332397E-01
    .413649E-01
    .501508E-01
    .595436E-01
    .691675E-01
    .790719E-01
    .896813E-01
    .100602E+00
    .111158E+00
    .121215E+00
    .130790E+00
    .140020E+00
    .148536E+00
    .155901E+00
    .162622E+00
    .169166E+00
    .174454E+00
    .178170E+00
    .180947E+00
    .182362E+00
    .182089E+00
    .180285E+00
    .177448E+00
    .174247E+00
    .169882E+00
    .163125E+00
    .153955E+00
    .143210E+00
    .131491E+00
    .119087E+00
    .105931E+00
    .924913E-01
    .794751E-01
    .669780E-01
    .550628E-01
    .439252E-01
    .339830E-01
    .254691E-01
    .187825E-01
    .138324E-01
    .111453E-01
    .106127E-01
    .113953E-01
    .128577E-01
    .143424E-01
    .164257E-01
    .193424E-01
    .224423E-01
    .254917E-01
    .287544E-01
    .309844E-01
    .311670E-01
    .302165E-01
    .291151E-01
    .283033E-01
    .291101E-01
    .327724E-01
    .387031E-01
    .456954E-01
    .539737E-01
    .632011E-01
    .722408E-01
    .813116E-01
    .909379E-01
    .101073E+00
    .111237E+00
    .120433E+00
    .128105E+00
    .134415E+00
    .139450E+00
    .143574E+00
    .146399E+00
    .147731E+00
    .147500E+00
    .145528E+00
    .142051E+00
    .138012E+00
    .134193E+00
    .129930E+00
    .125151E+00
    .120487E+00
    .117579E+00
    .117572E+00
    .119279E+00
    .121251E+00
    .122441E+00
    .122979E+00
    .123845E+00
    .125690E+00
    .128579E+00
    .131251E+00
    .132832E+00
    .133166E+00
    .132750E+00
    .132446E+00
    .132157E+00
    .131633E+00
    .130509E+00
    .128705E+00
    .126482E+00
    .123468E+00
    .119419E+00
    .115124E+00
    .110928E+00
    .106135E+00
    .100135E+00
    .927073E-01
    .842690E-01
    .754501E-01
    .663024E-01
    .566037E-01
    .459596E-01
    .338966E-01
    .204596E-01
    .584268E-02
   -.959103E-02
   -.259519E-01
   -.432115E-01
   -.610367E-01
   -.790663E-01
   -.968517E-01
   -.113824E+00
   -.129892E+00
   -.145741E+00
   -.161110E+00
   -.175425E+00
   -.187626E+00
   -.197333E+00
   -.204650E+00
   -.209810E+00
   -.213306E+00
   -.214552E+00
   -.213349E+00
   -.208871E+00
   -.201255E+00
   -.191389E+00
   -.179787E+00
   -.167064E+00
   -.153128E+00
   -.138198E+00
   -.122790E+00
   -.107555E+00
   -.930707E-01
   -.800018E-01
   -.685531E-01
   -.583051E-01
   -.488157E-01
   -.408574E-01
   -.346741E-01
   -.298527E-01
   -.261936E-01
   -.233491E-01
   -.208852E-01
   -.183726E-01
   -.153376E-01
   -.112912E-01
   -.600567E-02
    .116499E-03
    .650347E-02
    .131564E-01
    .197069E-01
    .252807E-01
    .301010E-01
    .348523E-01
    .397829E-01
    .448189E-01
    .494617E-01
    .530809E-01
    .552326E-01
    .558501E-01
    .553533E-01
    .539457E-01
    .518262E-01
    .491187E-01
    .457150E-01
    .416369E-01
    .363677E-01
    .297805E-01
    .220763E-01
    .133099E-01
    .345731E-02
   -.773426E-02
   -.201120E-01
   -.331246E-01
   -.463673E-01
   -.602499E-01
   -.745235E-01
   -.884570E-01
   -.101821E+00
   -.114618E+00
   -.126559E+00
   -.137498E+00
   -.147451E+00
   -.156349E+00
   -.164336E+00
   -.171691E+00
   -.178515E+00
   -.183803E+00
   -.187173E+00
   -.189108E+00
   -.190452E+00
   -.192067E+00
   -.192414E+00
   -.190774E+00
   -.187923E+00
   -.183730E+00
   -.177960E+00
   -.170728E+00
   -.162568E+00
   -.153668E+00
   -.144186E+00
   -.134186E+00
   -.123867E+00
   -.113528E+00
   -.103737E+00
   -.949201E-01
   -.875829E-01
   -.816279E-01
   -.763321E-01
   -.715628E-01
   -.671883E-01
   -.622135E-01
   -.561993E-01
   -.497164E-01
   -.433295E-01
   -.376606E-01
   -.311998E-01
   -.229957E-01
   -.135375E-01
   -.334485E-02
    .728356E-02
    .173787E-01
    .261556E-01
    .333843E-01
    .390826E-01
    .428651E-01
    .450080E-01
    .464999E-01
    .475042E-01
    .480604E-01
    .474906E-01
    .456637E-01
    .431637E-01
    .403967E-01
    .376923E-01
    .343987E-01
    .301560E-01
    .253391E-01
    .208541E-01
    .178953E-01
    .158894E-01
    .137046E-01
    .118739E-01
    .107083E-01
    .990018E-02
    .930664E-02
    .878143E-02
    .861095E-02
    .885963E-02
    .855950E-02
    .728557E-02
    .542238E-02
    .271259E-02
   -.101660E-02
   -.579742E-02
   -.113179E-01
   -.170633E-01
   -.225098E-01
   -.272075E-01
   -.309105E-01
   -.337301E-01
   -.365200E-01
   -.397749E-01
   -.433990E-01
   -.469679E-01
   -.499674E-01
   -.523633E-01
   -.543331E-01
   -.561258E-01
   -.579026E-01
   -.597434E-01
   -.613285E-01
   -.623712E-01
   -.629495E-01
   -.633761E-01
   -.641744E-01
   -.653051E-01
   -.662482E-01
   -.672111E-01
   -.684643E-01
   -.703641E-01
   -.729208E-01
   -.757796E-01
   -.786800E-01
   -.814292E-01
   -.836084E-01
   -.849860E-01
   -.854923E-01
   -.852821E-01
   -.848283E-01
   -.840365E-01
   -.828254E-01
   -.808529E-01
   -.777912E-01
   -.729382E-01
   -.664646E-01
   -.593387E-01
   -.525136E-01
   -.465459E-01
   -.408465E-01
   -.348511E-01
   -.281426E-01
   -.210588E-01
   -.142260E-01
   -.825506E-02
   -.330160E-02
    .101536E-02
    .525473E-02
    .997312E-02
    .145797E-01
    .184140E-01
    .223550E-01
    .266527E-01
    .303777E-01
    .338013E-01
    .377226E-01
    .422057E-01
    .468822E-01
    .507382E-01
    .537292E-01
    .569301E-01
    .600872E-01
    .626135E-01
    .641425E-01
    .647296E-01
    .648248E-01
    .647632E-01
    .647512E-01
    .641825E-01
    .626664E-01
    .612665E-01
    .597070E-01
    .557829E-01
    .492353E-01
    .412726E-01
    .321064E-01
    .220417E-01
    .113814E-01
    .392865E-03
   -.105535E-01
   -.213354E-01
   -.318669E-01
   -.417747E-01
   -.510194E-01
   -.602418E-01
   -.689373E-01
   -.761983E-01
   -.817433E-01
   -.858961E-01
   -.888829E-01
   -.906343E-01
   -.906941E-01
   -.887572E-01
   -.851334E-01
   -.805342E-01
   -.754365E-01
   -.691181E-01
   -.614964E-01
   -.532569E-01
   -.441906E-01
   -.342206E-01
   -.237790E-01
   -.135771E-01
   -.454436E-02
    .290944E-02
    .905611E-02
    .136811E-01
    .168682E-01
    .184801E-01
    .181038E-01
    .152611E-01
    .107260E-01
    .594711E-02
    .109310E-02
   -.377735E-02
   -.859643E-02
   -.131496E-01
   -.172109E-01
   -.208118E-01
   -.241028E-01
   -.263849E-01
   -.274991E-01
   -.279664E-01
   -.273741E-01
   -.252641E-01
   -.224128E-01
   -.195949E-01
   -.166194E-01
   -.130641E-01
   -.842868E-02
   -.345103E-02
    .874266E-03
    .403813E-02
    .605103E-02
    .748762E-02
    .827553E-02
    .816568E-02
    .663872E-02
    .366576E-02
   -.541154E-03
   -.552341E-02
   -.106520E-01
   -.156171E-01
   -.203001E-01
   -.247765E-01
   -.291403E-01
   -.334965E-01
   -.380523E-01
   -.430643E-01
   -.477859E-01
   -.515100E-01
   -.543757E-01
   -.565695E-01
   -.581154E-01
   -.591796E-01
   -.600671E-01
   -.598197E-01
   -.579924E-01
   -.555738E-01
   -.532438E-01
   -.512007E-01
   -.488844E-01
   -.457036E-01
   -.425834E-01
   -.400796E-01
   -.376534E-01
   -.350857E-01
   -.323625E-01
   -.295433E-01
   -.267355E-01
   -.244190E-01
   -.225752E-01
   -.206288E-01
   -.186461E-01
   -.169465E-01
   -.155095E-01
   -.140524E-01
   -.117515E-01
   -.864508E-02
   -.548354E-02
   -.191848E-02
    .236039E-02
    .667683E-02
    .109279E-01
    .158306E-01
    .217454E-01
    .285335E-01
    .350357E-01
    .408157E-01
    .475633E-01
    .549968E-01
    .613309E-01
    .668775E-01
    .724163E-01
    .768674E-01
    .801287E-01
    .835533E-01
    .873142E-01
    .910303E-01
    .941531E-01
    .965557E-01
    .988501E-01
    .101381E+00
    .104110E+00
    .106654E+00
    .108672E+00
    .110666E+00
    .112927E+00
    .115356E+00
    .117355E+00
    .118294E+00
    .118682E+00
    .118962E+00
    .118527E+00
    .117029E+00
    .114593E+00
    .111182E+00
    .107014E+00
    .101620E+00
    .947946E-01
    .865321E-01
    .769497E-01
    .665918E-01
    .563186E-01
    .466448E-01
    .367122E-01
    .265451E-01
    .169930E-01
    .825116E-02
    .995214E-04
   -.724873E-02
   -.138386E-01
   -.200091E-01
   -.252386E-01
   -.288451E-01
   -.311036E-01
   -.325418E-01
   -.328601E-01
   -.316002E-01
   -.284151E-01
   -.230772E-01
   -.160623E-01
   -.779420E-02
    .120909E-02
    .106731E-01
    .201219E-01
    .290050E-01
    .376608E-01
    .464295E-01
    .549019E-01
    .627075E-01
    .696373E-01
    .754960E-01
    .803768E-01
    .842468E-01
    .871980E-01
    .893456E-01
    .908722E-01
    .921547E-01
    .926450E-01
    .920507E-01
    .907162E-01
    .888832E-01
    .865101E-01
    .834861E-01
    .798420E-01
    .766638E-01
    .743039E-01
    .716970E-01
    .686762E-01
    .656745E-01
    .628304E-01
    .601684E-01
    .576712E-01
    .554933E-01
    .538720E-01
    .527367E-01
    .518564E-01
    .514853E-01
    .518008E-01
    .528615E-01
    .547783E-01
    .574275E-01
    .604623E-01
    .634243E-01
    .657800E-01
    .674330E-01
    .686840E-01
    .694308E-01
    .697390E-01
    .702253E-01
    .705891E-01
    .697028E-01
    .671988E-01
    .634206E-01
    .594602E-01
    .558735E-01
    .523690E-01
    .487720E-01
    .450404E-01
    .403862E-01
    .347262E-01
    .293802E-01
    .251529E-01
    .222027E-01
    .205237E-01
    .197706E-01
    .193358E-01
    .188543E-01
    .181871E-01
    .180182E-01
    .189156E-01
    .206949E-01
    .232105E-01
    .267708E-01
    .311864E-01
    .358915E-01
    .409557E-01
    .463771E-01
    .519194E-01
    .572218E-01
    .618982E-01
    .659852E-01
    .696661E-01
    .727440E-01
    .750439E-01
    .765704E-01
    .774708E-01
    .780870E-01
    .773287E-01
    .748529E-01
    .714621E-01
    .674518E-01
    .630112E-01
    .576091E-01
    .510183E-01
    .433597E-01
    .349646E-01
    .264213E-01
    .176826E-01
    .862299E-02
   -.143849E-02
   -.122678E-01
   -.225974E-01
   -.325678E-01
   -.428017E-01
   -.524863E-01
   -.611399E-01
   -.691254E-01
   -.769243E-01
   -.850852E-01
   -.932122E-01
   -.100769E+00
   -.106944E+00
   -.111830E+00
   -.116362E+00
   -.120349E+00
   -.123480E+00
   -.126021E+00
   -.128227E+00
   -.130314E+00
   -.132346E+00
   -.134327E+00
   -.135000E+00
   -.133727E+00
   -.130932E+00
   -.127618E+00
   -.125155E+00
   -.122624E+00
   -.119015E+00
   -.113660E+00
   -.107057E+00
   -.100692E+00
   -.945295E-01
   -.880873E-01
   -.818399E-01
   -.761567E-01
   -.712310E-01
   -.669625E-01
   -.629981E-01
   -.587317E-01
   -.539663E-01
   -.493015E-01
   -.445906E-01
   -.392498E-01
   -.336717E-01
   -.283909E-01
   -.234670E-01
   -.190460E-01
   -.153335E-01
   -.128168E-01
   -.116302E-01
   -.108543E-01
   -.993357E-02
   -.915109E-02
   -.858940E-02
   -.821333E-02
   -.796167E-02
   -.750267E-02
   -.567520E-02
   -.267137E-02
    .145650E-03
    .303176E-02
    .649798E-02
    .112271E-01
    .170930E-01
    .230762E-01
    .287065E-01
    .338493E-01
    .386210E-01
    .433089E-01
    .484298E-01
    .538122E-01
    .589277E-01
    .636138E-01
    .678242E-01
    .713111E-01
    .743261E-01
    .775135E-01
    .803581E-01
    .822884E-01
    .830741E-01
    .828644E-01
    .821999E-01
    .808430E-01
    .785291E-01
    .751250E-01
    .708602E-01
    .662520E-01
    .613827E-01
    .561760E-01
    .507189E-01
    .451208E-01
    .390925E-01
    .328267E-01
    .268726E-01
    .207527E-01
    .140014E-01
    .807765E-02
    .365888E-02
    .199774E-03
   -.273222E-02
   -.560283E-02
   -.857394E-02
   -.114739E-01
   -.134246E-01
   -.137729E-01
   -.124064E-01
   -.102420E-01
   -.820333E-02
   -.618079E-02
   -.408124E-02
   -.194519E-02
   -.623169E-04
    .133394E-02
    .235324E-02
    .272504E-02
    .154141E-02
   -.196206E-02
   -.774635E-02
   -.141312E-01
   -.199121E-01
   -.257203E-01
   -.320684E-01
   -.392167E-01
   -.476972E-01
   -.574569E-01
   -.669395E-01
   -.751628E-01
   -.819356E-01
   -.879081E-01
   -.939251E-01
   -.998467E-01
   -.105352E+00
   -.110148E+00
   -.113643E+00
   -.115612E+00
   -.116461E+00
   -.116679E+00
   -.115922E+00
   -.114279E+00
   -.112238E+00
   -.110086E+00
   -.107987E+00
   -.105971E+00
   -.103828E+00
   -.101207E+00
   -.983773E-01
   -.958285E-01
   -.931755E-01
   -.900800E-01
   -.862856E-01
   -.813721E-01
   -.751958E-01
   -.693279E-01
   -.646908E-01
   -.598445E-01
   -.543166E-01
   -.486508E-01
   -.433897E-01
   -.387806E-01
   -.338688E-01
   -.285139E-01
   -.236825E-01
   -.196144E-01
   -.161046E-01
   -.129043E-01
   -.980130E-02
   -.667813E-02
   -.376401E-02
   -.137346E-02
    .516262E-03
    .202716E-02
    .295056E-02
    .332473E-02
    .348183E-02
    .390923E-02
    .492287E-02
    .591161E-02
    .636185E-02
    .594729E-02
    .423066E-02
    .111322E-02
   -.241259E-02
   -.545186E-02
   -.748493E-02
   -.833247E-02
   -.821728E-02
   -.797467E-02
   -.820248E-02
   -.851780E-02
   -.880829E-02
   -.937040E-02
   -.984436E-02
   -.981480E-02
   -.850944E-02
   -.597347E-02
   -.329295E-02
   -.957793E-03
    .914510E-03
    .285884E-02
    .512602E-02
    .729551E-02
    .915889E-02
    .107883E-01
    .118831E-01
    .123387E-01
    .124050E-01
    .123310E-01
    .122865E-01
    .123293E-01
    .124430E-01
    .125711E-01
    .126735E-01
    .127263E-01
    .127456E-01
    .127801E-01
    .135984E-01
    .151937E-01
    .156195E-01
    .150642E-01
    .153991E-01
    .166467E-01
    .181567E-01
    .188279E-01
    .187691E-01
    .194186E-01
    .211472E-01
    .236292E-01
    .264803E-01
    .296202E-01
    .335485E-01
    .385282E-01
    .443677E-01
    .502881E-01
    .558894E-01
    .619188E-01
    .683682E-01
    .746690E-01
    .810125E-01
    .876054E-01
    .942821E-01
    .100325E+00
    .104724E+00
    .108205E+00
    .111828E+00
    .114598E+00
    .116401E+00
    .118437E+00
    .120160E+00
    .120687E+00
    .120574E+00
    .120179E+00
    .118923E+00
    .116561E+00
    .113241E+00
    .108981E+00
    .104017E+00
    .988376E-01
    .939275E-01
    .897014E-01
    .853695E-01
    .802888E-01
    .749814E-01
    .696785E-01
    .641197E-01
    .583728E-01
    .526396E-01
    .478721E-01
    .442492E-01
    .408905E-01
    .379312E-01
    .357477E-01
    .337887E-01
    .316754E-01
    .298322E-01
    .283594E-01
    .271678E-01
    .261086E-01
    .249472E-01
    .228104E-01
    .193387E-01
    .147481E-01
    .920698E-02
    .313783E-02
   -.216454E-02
   -.635277E-02
   -.102240E-01
   -.145020E-01
   -.195878E-01
   -.252888E-01
   -.311025E-01
   -.363259E-01
   -.404863E-01
   -.435113E-01
   -.446313E-01
   -.438762E-01
   -.426354E-01
   -.412028E-01
   -.392506E-01
   -.371172E-01
   -.352164E-01
   -.330679E-01
   -.309272E-01
   -.295195E-01
   -.289891E-01
   -.290481E-01
   -.311240E-01
   -.356388E-01
   -.417425E-01
   -.486531E-01
   -.555202E-01
   -.624466E-01
   -.695183E-01
   -.766734E-01
   -.838529E-01
   -.909931E-01
   -.976383E-01
   -.103555E+00
   -.108940E+00
   -.114004E+00
   -.118928E+00
   -.123458E+00
   -.127385E+00
   -.130858E+00
   -.134028E+00
   -.137034E+00
   -.139051E+00
   -.139386E+00
   -.138035E+00
   -.135484E+00
   -.132510E+00
   -.128808E+00
   -.123816E+00
   -.118144E+00
   -.112560E+00
   -.107219E+00
   -.101992E+00
   -.964619E-01
   -.912717E-01
   -.869726E-01
   -.834046E-01
   -.804145E-01
   -.780739E-01
   -.764822E-01
   -.755873E-01
   -.746896E-01
   -.735984E-01
   -.730969E-01
   -.729401E-01
   -.722603E-01
   -.717175E-01
   -.718870E-01
   -.725944E-01
   -.733950E-01
   -.737579E-01
   -.738856E-01
   -.741011E-01
   -.732124E-01
   -.711010E-01
   -.691394E-01
   -.669763E-01
   -.638033E-01
   -.597420E-01
   -.550949E-01
   -.498411E-01
   -.439294E-01
   -.374321E-01
   -.305885E-01
   -.236476E-01
   -.163506E-01
   -.829810E-02
    .874867E-03
    .106243E-01
    .201068E-01
    .290953E-01
    .377037E-01
    .464482E-01
    .552076E-01
    .635864E-01
    .707235E-01
    .762377E-01
    .803297E-01
    .829700E-01
    .842780E-01
    .846955E-01
    .847426E-01
    .838667E-01
    .818158E-01
    .787285E-01
    .749651E-01
    .710227E-01
    .676108E-01
    .649975E-01
    .628818E-01
    .615151E-01
    .611796E-01
    .619621E-01
    .635038E-01
    .649030E-01
    .655497E-01
    .652435E-01
    .642503E-01
    .630237E-01
    .618584E-01
    .605345E-01
    .583897E-01
    .556445E-01
    .529355E-01
    .500230E-01
    .469368E-01
    .441873E-01
    .416702E-01
    .389458E-01
    .367265E-01
    .355493E-01
    .354592E-01
    .358067E-01
    .354379E-01
    .344903E-01
    .335143E-01
    .331389E-01
    .334117E-01
    .336786E-01
    .333772E-01
    .322589E-01
    .313603E-01
    .312453E-01
    .313339E-01
    .315622E-01
    .321485E-01
    .337179E-01
    .364410E-01
    .394001E-01
    .418611E-01
    .433978E-01
    .438315E-01
    .433598E-01
    .433161E-01
    .441559E-01
    .448074E-01
    .443270E-01
    .422410E-01
    .389295E-01
    .351647E-01
    .318794E-01
    .292499E-01
    .267158E-01
    .240024E-01
    .210544E-01
    .183522E-01
    .160102E-01
    .135451E-01
    .108085E-01
    .788648E-02
    .450837E-02
    .782111E-03
   -.226519E-02
   -.446573E-02
   -.649255E-02
   -.795249E-02
   -.841072E-02
   -.693481E-02
   -.363145E-02
    .104283E-03
    .415276E-02
    .873778E-02
    .137417E-01
    .190003E-01
    .247741E-01
    .312188E-01
    .383613E-01
    .462392E-01
    .546108E-01
    .622490E-01
    .688206E-01
    .750133E-01
    .806252E-01
    .852958E-01
    .892747E-01
    .926451E-01
    .949396E-01
    .961500E-01
    .968136E-01
    .965141E-01
    .950028E-01
    .919357E-01
    .875288E-01
    .825766E-01
    .772570E-01
    .716250E-01
    .654277E-01
    .586440E-01
    .516043E-01
    .442605E-01
    .365251E-01
    .281652E-01
    .193248E-01
    .107114E-01
    .251381E-02
   -.565024E-02
   -.125925E-01
   -.173922E-01
   -.206100E-01
   -.226078E-01
   -.230219E-01
   -.221211E-01
   -.207008E-01
   -.187826E-01
   -.163478E-01
   -.132410E-01
   -.932147E-02
   -.462641E-02
    .901810E-03
    .707309E-02
    .134967E-01
    .198490E-01
    .259743E-01
    .312863E-01
    .353435E-01
    .380530E-01
    .395278E-01
    .396401E-01
    .381936E-01
    .353334E-01
    .315346E-01
    .274331E-01
    .229332E-01
    .177487E-01
    .114149E-01
    .351009E-02
   -.589519E-02
   -.160823E-01
   -.263713E-01
   -.363509E-01
   -.466486E-01
   -.581292E-01
   -.703533E-01
   -.826358E-01
   -.954753E-01
   -.108691E+00
   -.121505E+00
   -.133044E+00
   -.142915E+00
   -.151153E+00
   -.158069E+00
   -.164047E+00
   -.169173E+00
   -.173594E+00
   -.177118E+00
   -.179653E+00
   -.180756E+00
   -.180535E+00
   -.179691E+00
   -.178335E+00
   -.176523E+00
   -.174026E+00
   -.170725E+00
   -.166606E+00
   -.161608E+00
   -.155894E+00
   -.149799E+00
   -.143488E+00
   -.136400E+00
   -.128879E+00
   -.121980E+00
   -.115554E+00
   -.109178E+00
   -.102734E+00
   -.963767E-01
   -.904622E-01
   -.848055E-01
   -.789907E-01
   -.738148E-01
   -.695717E-01
   -.655477E-01
   -.618232E-01
   -.589116E-01
   -.560172E-01
   -.524001E-01
   -.482105E-01
   -.438820E-01
   -.400631E-01
   -.371847E-01
   -.352994E-01
   -.335777E-01
   -.313289E-01
   -.282004E-01
   -.245243E-01
   -.210673E-01
   -.180644E-01
   -.152949E-01
   -.114144E-01
   -.616418E-02
   -.506855E-03
    .566878E-02
    .125478E-01
    .198180E-01
    .272847E-01
    .351182E-01
    .435202E-01
    .525161E-01
    .618412E-01
    .710822E-01
    .796376E-01
    .869369E-01
    .926716E-01
    .971873E-01
    .101114E+00
    .104060E+00
    .105971E+00
    .107342E+00
    .107344E+00
    .105174E+00
    .100953E+00
    .953237E-01
    .888281E-01
    .817417E-01
    .742528E-01
    .662008E-01
    .576541E-01
    .492570E-01
    .412365E-01
    .331721E-01
    .255572E-01
    .189458E-01
    .131956E-01
    .803637E-02
    .353511E-02
   -.663368E-03
   -.511729E-02
   -.957180E-02
   -.136356E-01
   -.173269E-01
   -.206902E-01
   -.238689E-01
   -.263683E-01
   -.277496E-01
   -.270582E-01
   -.241380E-01
   -.196754E-01
   -.139565E-01
   -.722514E-02
    .112658E-03
    .753770E-02
    .152782E-01
    .232006E-01
    .307946E-01
    .381495E-01
    .456465E-01
    .524960E-01
    .582624E-01
    .632736E-01
    .676471E-01
    .713865E-01
    .746754E-01
    .777457E-01
    .802870E-01
    .819151E-01
    .822459E-01
    .819298E-01
    .821382E-01
    .822602E-01
    .815291E-01
    .789371E-01
    .750316E-01
    .716729E-01
    .688007E-01
    .658007E-01
    .629971E-01
    .606698E-01
    .589646E-01
    .578193E-01
    .569121E-01
    .560740E-01
    .552542E-01
    .548469E-01
    .551517E-01
    .562576E-01
    .579579E-01
    .598928E-01
    .626545E-01
    .662862E-01
    .698814E-01
    .731124E-01
    .759499E-01
    .789116E-01
    .823069E-01
    .860519E-01
    .897557E-01
    .929398E-01
    .954861E-01
    .975992E-01
    .986262E-01
    .983317E-01
    .969789E-01
    .949209E-01
    .926950E-01
    .901728E-01
    .872705E-01
    .841098E-01
    .806482E-01
    .766646E-01
    .722572E-01
    .676872E-01
    .631517E-01
    .588692E-01
    .552233E-01
    .524481E-01
    .505170E-01
    .491244E-01
    .478912E-01
    .466122E-01
    .452196E-01
    .437604E-01
    .423083E-01
    .409211E-01
    .396178E-01
    .384923E-01
    .378287E-01
    .367481E-01
    .338659E-01
    .300062E-01
    .263749E-01
    .233006E-01
    .208096E-01
    .186749E-01
    .166538E-01
    .145660E-01
    .127552E-01
    .114366E-01
    .104695E-01
    .101334E-01
    .108605E-01
    .124828E-01
    .145017E-01
    .169997E-01
    .199068E-01
    .229329E-01
    .259442E-01
    .288641E-01
    .316959E-01
    .344534E-01
    .371580E-01
    .396345E-01
    .415475E-01
    .423276E-01
    .417353E-01
    .402347E-01
    .382816E-01
    .359092E-01
    .329890E-01
    .294922E-01
    .255347E-01
    .213469E-01
    .162759E-01
    .104971E-01
    .523334E-02
    .113504E-02
   -.176558E-02
   -.387704E-02
   -.572853E-02
   -.763601E-02
   -.954423E-02
   -.110929E-01
   -.128230E-01
   -.153259E-01
   -.188702E-01
   -.234215E-01
   -.287722E-01
   -.346151E-01
   -.404593E-01
   -.461316E-01
   -.515419E-01
   -.567840E-01
   -.617363E-01
   -.661612E-01
   -.697530E-01
   -.725019E-01
   -.738639E-01
   -.736722E-01
   -.718499E-01
   -.685536E-01
   -.643446E-01
   -.596998E-01
   -.550706E-01
   -.497412E-01
   -.434576E-01
   -.366697E-01
   -.299492E-01
   -.238673E-01
   -.184402E-01
   -.134697E-01
   -.869484E-02
   -.414294E-02
   -.536348E-04
    .324647E-02
    .570882E-02
    .716025E-02
    .746554E-02
    .600408E-02
    .292080E-02
   -.837839E-03
   -.472085E-02
   -.837377E-02
   -.122000E-01
   -.163879E-01
   -.208211E-01
   -.248421E-01
   -.278220E-01
   -.302347E-01
   -.325341E-01
   -.340956E-01
   -.349894E-01
   -.359114E-01
   -.367990E-01
   -.374101E-01
   -.386012E-01
   -.405297E-01
   -.420510E-01
   -.432463E-01
   -.448640E-01
   -.470337E-01
   -.496066E-01
   -.528022E-01
   -.570351E-01
   -.628903E-01
   -.698705E-01
   -.768674E-01
   -.842552E-01
   -.923319E-01
   -.101174E+00
   -.111027E+00
   -.122021E+00
   -.133147E+00
   -.143352E+00
   -.153422E+00
   -.163613E+00
   -.173084E+00
   -.181907E+00
   -.190629E+00
   -.199033E+00
   -.206882E+00
   -.214280E+00
   -.220963E+00
   -.226413E+00
   -.230131E+00
   -.232169E+00
   -.232731E+00
   -.231921E+00
   -.228926E+00
   -.223428E+00
   -.215985E+00
   -.206734E+00
   -.196221E+00
   -.185207E+00
   -.173837E+00
   -.161297E+00
   -.147331E+00
   -.132313E+00
   -.117221E+00
   -.102880E+00
   -.897527E-01
   -.779819E-01
   -.673451E-01
   -.577403E-01
   -.489150E-01
   -.409540E-01
   -.338766E-01
   -.277021E-01
   -.227534E-01
   -.192221E-01
   -.174332E-01
   -.171851E-01
   -.177239E-01
   -.187778E-01
   -.206473E-01
   -.232699E-01
   -.262567E-01
   -.301377E-01
   -.347960E-01
   -.386086E-01
   -.413806E-01
   -.441929E-01
   -.470884E-01
   -.498273E-01
   -.519848E-01
   -.534383E-01
   -.544467E-01
   -.547268E-01
   -.539218E-01
   -.519419E-01
   -.490537E-01
   -.458077E-01
   -.427275E-01
   -.403353E-01
   -.385787E-01
   -.371335E-01
   -.348998E-01
   -.315173E-01
   -.278289E-01
   -.243565E-01
   -.212512E-01
   -.181721E-01
   -.148306E-01
   -.120571E-01
   -.991325E-02
   -.736573E-02
   -.465032E-02
   -.250349E-02
   -.604182E-03
    .143343E-02
    .360412E-02
    .569517E-02
    .734235E-02
    .912197E-02
    .116804E-01
    .144658E-01
    .171551E-01
    .200433E-01
    .232026E-01
    .265021E-01
    .309029E-01
    .369175E-01
    .439406E-01
    .515035E-01
    .594041E-01
    .674313E-01
    .753194E-01
    .830398E-01
    .906829E-01
    .986424E-01
    .106316E+00
    .112609E+00
    .117846E+00
    .122744E+00
    .127208E+00
    .131256E+00
    .135087E+00
    .138214E+00
    .140165E+00
    .140795E+00
    .140474E+00
    .140166E+00
    .139894E+00
    .139013E+00
    .137121E+00
    .134278E+00
    .131315E+00
    .128907E+00
    .127363E+00
    .125779E+00
    .122934E+00
    .118884E+00
    .114276E+00
    .110422E+00
    .107805E+00
    .106086E+00
    .105451E+00
    .105856E+00
    .105923E+00
    .105231E+00
    .104754E+00
    .104345E+00
    .103358E+00
    .101087E+00
    .975504E-01
    .941672E-01
    .912051E-01
    .879530E-01
    .842115E-01
    .801158E-01
    .753973E-01
    .702298E-01
    .653293E-01
    .607023E-01
    .559817E-01
    .510910E-01
    .459997E-01
    .404231E-01
    .345453E-01
    .290019E-01
    .236434E-01
    .181594E-01
    .125326E-01
    .697504E-02
    .189892E-02
   -.282186E-02
   -.767380E-02
   -.123529E-01
   -.165417E-01
   -.199092E-01
   -.221102E-01
   -.228856E-01
   -.222627E-01
   -.206613E-01
   -.182268E-01
   -.150928E-01
   -.113459E-01
   -.662512E-02
   -.720363E-03
    .678814E-02
    .157528E-01
    .258258E-01
    .368201E-01
    .487391E-01
    .606698E-01
    .715914E-01
    .815085E-01
    .904864E-01
    .981831E-01
    .104268E+00
    .108827E+00
    .112652E+00
    .116403E+00
    .118603E+00
    .118624E+00
    .116997E+00
    .114348E+00
    .111455E+00
    .107882E+00
    .103458E+00
    .985715E-01
    .932486E-01
    .874008E-01
    .808518E-01
    .737903E-01
    .673787E-01
    .620972E-01
    .575585E-01
    .531030E-01
    .481663E-01
    .432204E-01
    .388991E-01
    .359021E-01
    .344757E-01
    .342749E-01
    .346825E-01
    .352744E-01
    .361210E-01
    .370078E-01
    .375221E-01
    .384776E-01
    .404848E-01
    .436383E-01
    .476576E-01
    .519362E-01
    .561074E-01
    .599233E-01
    .630199E-01
    .653731E-01
    .673995E-01
    .693163E-01
    .712759E-01
    .724029E-01
    .725043E-01
    .723801E-01
    .718719E-01
    .705438E-01
    .685613E-01
    .660432E-01
    .625533E-01
    .590346E-01
    .571547E-01
    .554757E-01
    .525926E-01
    .490202E-01
    .452386E-01
    .415258E-01
    .383824E-01
    .360549E-01
    .342646E-01
    .321953E-01
    .285743E-01
    .227467E-01
    .149984E-01
    .625895E-02
   -.281457E-02
   -.124275E-01
   -.225540E-01
   -.328309E-01
   -.434986E-01
   -.546773E-01
   -.664857E-01
   -.787421E-01
   -.910201E-01
   -.102709E+00
   -.113412E+00
   -.122926E+00
   -.131233E+00
   -.138558E+00
   -.145215E+00
   -.151618E+00
   -.157469E+00
   -.162389E+00
   -.165884E+00
   -.167810E+00
   -.168528E+00
   -.168212E+00
   -.167200E+00
   -.165980E+00
   -.164529E+00
   -.162655E+00
   -.160376E+00
   -.157880E+00
   -.155291E+00
   -.152947E+00
   -.151163E+00
   -.149931E+00
   -.149080E+00
   -.149656E+00
   -.151862E+00
   -.154868E+00
   -.158408E+00
   -.162288E+00
   -.166269E+00
   -.170302E+00
   -.174708E+00
   -.179515E+00
   -.184498E+00
   -.189472E+00
   -.194189E+00
   -.198234E+00
   -.201543E+00
   -.204428E+00
   -.206377E+00
   -.207096E+00
   -.206602E+00
   -.204588E+00
   -.200732E+00
   -.196168E+00
   -.192041E+00
   -.187270E+00
   -.181387E+00
   -.174813E+00
   -.167224E+00
   -.158511E+00
   -.149203E+00
   -.139975E+00
   -.131470E+00
   -.123762E+00
   -.116557E+00
   -.109550E+00
   -.102384E+00
   -.946402E-01
   -.857905E-01
   -.757025E-01
   -.653167E-01
   -.548534E-01
   -.429884E-01
   -.290319E-01
   -.132791E-01
    .302107E-02
    .186532E-01
    .330043E-01
    .460457E-01
    .583096E-01
    .690512E-01
    .780286E-01
    .859703E-01
    .929184E-01
    .986895E-01
    .103150E+00
    .106315E+00
    .107498E+00
    .106614E+00
    .104350E+00
    .100677E+00
    .958501E-01
    .905002E-01
    .848871E-01
    .789055E-01
    .722961E-01
    .650203E-01
    .573846E-01
    .496853E-01
    .421452E-01
    .348403E-01
    .277698E-01
    .208655E-01
    .140816E-01
    .738304E-02
    .784186E-03
   -.570158E-02
   -.120378E-01
   -.180712E-01
   -.234537E-01
   -.281909E-01
   -.325313E-01
   -.362551E-01
   -.390591E-01
   -.405244E-01
   -.399517E-01
   -.371754E-01
   -.317285E-01
   -.240643E-01
   -.155146E-01
   -.642326E-02
    .329763E-02
    .142440E-01
    .265539E-01
    .399763E-01
    .535732E-01
    .660871E-01
    .769755E-01
    .863724E-01
    .949583E-01
    .103040E+00
    .110662E+00
    .117523E+00
    .123380E+00
    .127230E+00
    .129017E+00
    .129727E+00
    .129054E+00
    .126802E+00
    .123181E+00
    .118478E+00
    .113016E+00
    .107120E+00
    .101178E+00
    .949084E-01
    .885584E-01
    .830183E-01
    .784581E-01
    .744872E-01
    .708121E-01
    .675389E-01
    .656691E-01
    .655464E-01
    .667593E-01
    .686818E-01
    .707036E-01
    .725246E-01
    .743033E-01
    .764350E-01
    .789900E-01
    .818117E-01
    .847264E-01
    .875742E-01
    .902822E-01
    .928359E-01
    .952834E-01
    .976527E-01
    .998346E-01
    .101481E+00
    .102585E+00
    .103373E+00
    .104038E+00
    .104698E+00
    .105406E+00
    .106126E+00
    .106783E+00
    .106245E+00
    .104164E+00
    .102345E+00
    .101072E+00
    .992177E-01
    .975511E-01
    .969028E-01
    .961871E-01
    .947704E-01
    .927835E-01
    .895347E-01
    .845857E-01
    .789638E-01
    .734272E-01
    .678521E-01
    .619514E-01
    .554972E-01
    .482139E-01
    .401582E-01
    .317886E-01
    .229741E-01
    .133581E-01
    .239739E-02
   -.986345E-02
   -.227567E-01
   -.358684E-01
   -.491235E-01
   -.620572E-01
   -.742598E-01
   -.858348E-01
   -.966589E-01
   -.106265E+00
   -.114718E+00
   -.122506E+00
   -.128723E+00
   -.133090E+00
   -.136423E+00
   -.138763E+00
   -.140012E+00
   -.139694E+00
   -.137737E+00
   -.134052E+00
   -.129037E+00
   -.123547E+00
   -.117391E+00
   -.110451E+00
   -.103476E+00
   -.967233E-01
   -.898217E-01
   -.827041E-01
   -.754732E-01
   -.682387E-01
   -.609502E-01
   -.533075E-01
   -.447677E-01
   -.350411E-01
   -.241470E-01
   -.127020E-01
   -.207502E-02
    .771829E-02
    .175818E-01
    .270728E-01
    .357134E-01
    .437349E-01
    .509261E-01
    .568856E-01
    .614266E-01
    .648052E-01
    .666883E-01
    .672702E-01
    .672487E-01
    .659137E-01
    .625498E-01
    .585546E-01
    .549400E-01
    .514171E-01
    .468790E-01
    .402086E-01
    .320951E-01
    .235323E-01
    .143162E-01
    .455520E-02
   -.526546E-02
   -.146330E-01
   -.232531E-01
   -.317205E-01
   -.400934E-01
   -.476550E-01
   -.545688E-01
   -.614079E-01
   -.679102E-01
   -.738890E-01
   -.794941E-01
   -.843457E-01
   -.879971E-01
   -.902700E-01
   -.912724E-01
   -.903750E-01
   -.875248E-01
   -.834536E-01
   -.790784E-01
   -.752361E-01
   -.710918E-01
   -.660600E-01
   -.600194E-01
   -.531903E-01
   -.460810E-01
   -.390628E-01
   -.324409E-01
   -.266009E-01
   -.217444E-01
   -.177616E-01
   -.139997E-01
   -.100239E-01
   -.705934E-02
   -.555715E-02
   -.494475E-02
   -.477843E-02
   -.463257E-02
   -.434011E-02
   -.386433E-02
   -.330575E-02
   -.249348E-02
   -.125465E-02
   -.686347E-04
    .769832E-03
    .174937E-02
    .305333E-02
    .458425E-02
    .588755E-02
    .669463E-02
    .751749E-02
    .849091E-02
    .919391E-02
    .927078E-02
    .860043E-02
    .787164E-02
    .754098E-02
    .755520E-02
    .755521E-02
    .710121E-02
    .655900E-02
    .628892E-02
    .629282E-02
    .692645E-02
    .865986E-02
    .109697E-01
    .131439E-01
    .154046E-01
    .178786E-01
    .204643E-01
    .234093E-01
    .268972E-01
    .307638E-01
    .348711E-01
    .393701E-01
    .437216E-01
    .471098E-01
    .495845E-01
    .515928E-01
    .539028E-01
    .570205E-01
    .610523E-01
    .657060E-01
    .705179E-01
    .756106E-01
    .811392E-01
    .872094E-01
    .937307E-01
    .100378E+00
    .106967E+00
    .113251E+00
    .118870E+00
    .124043E+00
    .129347E+00
    .134503E+00
    .139353E+00
    .144313E+00
    .149060E+00
    .152818E+00
    .155271E+00
    .156647E+00
    .157918E+00
    .159347E+00
    .160643E+00
    .161312E+00
    .161053E+00
    .159294E+00
    .156533E+00
    .154173E+00
    .152310E+00
    .150571E+00
    .148775E+00
    .146633E+00
    .143828E+00
    .141069E+00
    .139135E+00
    .137519E+00
    .135635E+00
    .133049E+00
    .129158E+00
    .123797E+00
    .117554E+00
    .111075E+00
    .104789E+00
    .985420E-01
    .920369E-01
    .852319E-01
    .781298E-01
    .704867E-01
    .621531E-01
    .531917E-01
    .443295E-01
    .360839E-01
    .283986E-01
    .211203E-01
    .140383E-01
    .740855E-02
    .146797E-02
   -.360912E-02
   -.811808E-02
   -.127397E-01
   -.169095E-01
   -.202433E-01
   -.233672E-01
   -.266636E-01
   -.300956E-01
   -.332948E-01
   -.360271E-01
   -.392334E-01
   -.430785E-01
   -.469114E-01
   -.504519E-01
   -.536424E-01
   -.561193E-01
   -.578795E-01
   -.592912E-01
   -.606073E-01
   -.619833E-01
   -.634493E-01
   -.651096E-01
   -.672249E-01
   -.694584E-01
   -.712990E-01
   -.727198E-01
   -.739841E-01
   -.756299E-01
   -.780707E-01
   -.813682E-01
   -.851894E-01
   -.891229E-01
   -.929001E-01
   -.964310E-01
   -.997875E-01
   -.103817E+00
   -.108663E+00
   -.112743E+00
   -.115709E+00
   -.118238E+00
   -.120691E+00
   -.123250E+00
   -.125963E+00
   -.128748E+00
   -.131493E+00
   -.133741E+00
   -.135196E+00
   -.135688E+00
   -.135584E+00
   -.135658E+00
   -.135482E+00
   -.134584E+00
   -.133519E+00
   -.132078E+00
   -.129312E+00
   -.125898E+00
   -.122832E+00
   -.119001E+00
   -.113947E+00
   -.108252E+00
   -.102924E+00
   -.987639E-01
   -.951555E-01
   -.919054E-01
   -.894810E-01
   -.878356E-01
   -.865879E-01
   -.863713E-01
   -.874672E-01
   -.896336E-01
   -.928005E-01
   -.966711E-01
   -.101272E+00
   -.106251E+00
   -.110891E+00
   -.115546E+00
   -.120853E+00
   -.125874E+00
   -.130155E+00
   -.134298E+00
   -.138240E+00
   -.141725E+00
   -.144389E+00
   -.145934E+00
   -.146036E+00
   -.144609E+00
   -.142080E+00
   -.137340E+00
   -.130349E+00
   -.122698E+00
   -.115253E+00
   -.108351E+00
   -.101523E+00
   -.945124E-01
   -.876881E-01
   -.812028E-01
   -.749785E-01
   -.693644E-01
   -.644788E-01
   -.600481E-01
   -.560980E-01
   -.527312E-01
   -.502070E-01
   -.486739E-01
   -.485257E-01
   -.496048E-01
   -.511875E-01
   -.528496E-01
   -.543034E-01
   -.555333E-01
   -.561402E-01
   -.556821E-01
   -.543408E-01
   -.524611E-01
   -.495914E-01
   -.457577E-01
   -.414904E-01
   -.363912E-01
   -.302015E-01
   -.229985E-01
   -.155065E-01
   -.889631E-02
   -.299443E-02
    .266345E-02
    .790620E-02
    .125008E-01
    .163654E-01
    .189313E-01
    .200844E-01
    .203550E-01
    .201112E-01
    .193792E-01
    .180101E-01
    .159796E-01
    .135705E-01
    .110090E-01
    .847121E-02
    .535676E-02
    .119042E-02
   -.413357E-02
   -.979293E-02
   -.142010E-01
   -.176606E-01
   -.211432E-01
   -.240796E-01
   -.262222E-01
   -.279713E-01
   -.291948E-01
   -.297696E-01
   -.285943E-01
   -.257793E-01
   -.230189E-01
   -.209543E-01
   -.196112E-01
   -.182594E-01
   -.164575E-01
   -.141823E-01
   -.113449E-01
   -.789278E-02
   -.495066E-02
   -.336274E-02
   -.354316E-02
   -.472296E-02
   -.542864E-02
   -.562010E-02
   -.563312E-02
   -.564387E-02
   -.580253E-02
   -.614618E-02
   -.663359E-02
   -.721510E-02
   -.821717E-02
   -.951257E-02
   -.104979E-01
   -.104015E-01
   -.888008E-02
   -.643250E-02
   -.346688E-02
   -.107208E-03
    .349871E-02
    .712416E-02
    .115662E-01
    .169781E-01
    .225068E-01
    .279926E-01
    .335966E-01
    .388993E-01
    .438336E-01
    .493444E-01
    .556927E-01
    .625186E-01
    .694699E-01
    .761790E-01
    .821301E-01
    .872455E-01
    .918647E-01
    .959280E-01
    .994247E-01
    .102570E+00
    .104976E+00
    .105784E+00
    .104765E+00
    .102351E+00
    .979874E-01
    .920024E-01
    .858521E-01
    .798271E-01
    .738111E-01
    .668858E-01
    .587546E-01
    .499319E-01
    .408840E-01
    .320139E-01
    .234891E-01
    .153202E-01
    .742690E-02
    .410381E-03
   -.495693E-02
   -.928037E-02
   -.132784E-01
   -.164626E-01
   -.183321E-01
   -.186862E-01
   -.171803E-01
   -.140113E-01
   -.957541E-02
   -.424027E-02
    .163744E-02
    .748944E-02
    .128222E-01
    .190233E-01
    .268329E-01
    .359729E-01
    .456521E-01
    .548691E-01
    .633615E-01
    .710450E-01
    .778657E-01
    .840076E-01
    .898801E-01
    .948687E-01
    .987063E-01
    .101778E+00
    .103737E+00
    .104016E+00
    .102971E+00
    .101177E+00
    .983703E-01
    .948391E-01
    .914812E-01
    .884963E-01
    .857159E-01
    .817350E-01
    .762771E-01
    .703690E-01
    .646042E-01
    .592666E-01
    .547761E-01
    .511616E-01
    .479542E-01
    .446182E-01
    .406830E-01
    .369531E-01
    .341127E-01
    .320423E-01
    .306657E-01
    .299612E-01
    .297060E-01
    .295815E-01
    .302860E-01
    .319394E-01
    .336860E-01
    .354196E-01
    .373629E-01
    .398858E-01
    .429881E-01
    .460127E-01
    .488000E-01
    .517148E-01
    .545009E-01
    .568642E-01
    .588715E-01
    .605243E-01
    .616061E-01
    .621791E-01
    .625123E-01
    .627761E-01
    .630735E-01
    .633863E-01
    .630545E-01
    .611951E-01
    .589446E-01
    .575093E-01
    .552700E-01
    .516135E-01
    .475093E-01
    .431232E-01
    .384518E-01
    .332400E-01
    .276065E-01
    .221831E-01
    .168032E-01
    .107794E-01
    .448992E-02
   -.145358E-02
   -.615451E-02
   -.958750E-02
   -.127007E-01
   -.153646E-01
   -.172580E-01
   -.185521E-01
   -.191756E-01
   -.182598E-01
   -.160390E-01
   -.135709E-01
   -.105975E-01
   -.696341E-02
   -.336188E-02
    .227960E-03
    .452930E-02
    .988229E-02
    .161629E-01
    .224687E-01
    .282161E-01
    .334007E-01
    .379028E-01
    .416868E-01
    .450161E-01
    .481865E-01
    .513340E-01
    .540877E-01
    .558151E-01
    .568675E-01
    .578868E-01
    .586524E-01
    .592244E-01
    .600815E-01
    .607828E-01
    .606304E-01
    .601028E-01
    .597893E-01
    .601581E-01
    .612667E-01
    .627705E-01
    .647027E-01
    .670115E-01
    .690508E-01
    .706907E-01
    .724325E-01
    .741716E-01
    .755932E-01
    .767114E-01
    .775094E-01
    .777200E-01
    .769209E-01
    .748738E-01
    .721553E-01
    .695660E-01
    .656104E-01
    .597188E-01
    .527979E-01
    .454610E-01
    .382646E-01
    .310647E-01
    .237478E-01
    .171444E-01
    .116239E-01
    .668666E-02
    .184487E-02
   -.344997E-02
   -.772862E-02
   -.997937E-02
   -.103138E-01
   -.916614E-02
   -.710038E-02
   -.438897E-02
   -.128127E-02
    .165026E-02
    .416186E-02
    .720711E-02
    .109725E-01
    .147977E-01
    .181000E-01
    .205645E-01
    .223693E-01
    .239119E-01
    .258376E-01
    .279784E-01
    .294953E-01
    .302050E-01
    .303477E-01
    .298063E-01
    .287669E-01
    .279715E-01
    .274695E-01
    .268329E-01
    .259085E-01
    .247474E-01
    .234326E-01
    .220810E-01
    .207639E-01
    .195221E-01
    .183344E-01
    .171855E-01
    .160709E-01
    .153876E-01
    .151227E-01
    .146780E-01
    .138563E-01
    .127625E-01
    .118821E-01
    .115021E-01
    .111060E-01
    .105528E-01
    .102145E-01
    .991649E-02
    .929041E-02
    .872198E-02
    .852510E-02
    .861508E-02
    .870010E-02
    .833036E-02
    .744352E-02
    .623886E-02
    .454242E-02
    .242230E-02
    .543176E-03
   -.103251E-02
   -.274848E-02
   -.474494E-02
   -.695544E-02
   -.927335E-02
   -.114855E-01
   -.131788E-01
   -.146840E-01
   -.168658E-01
   -.198100E-01
   -.231951E-01
   -.258644E-01
   -.275226E-01
   -.292997E-01
   -.312096E-01
   -.326309E-01
   -.338245E-01
   -.351563E-01
   -.358151E-01
   -.358996E-01
   -.368191E-01
   -.382226E-01
   -.388648E-01
   -.392860E-01
   -.402030E-01
   -.419724E-01
   -.445886E-01
   -.475620E-01
   -.500889E-01
   -.514453E-01
   -.532457E-01
   -.566646E-01
   -.609357E-01
   -.655448E-01
   -.704363E-01
   -.754405E-01
   -.803296E-01
   -.850753E-01
   -.896780E-01
   -.942049E-01
   -.986590E-01
   -.103070E+00
   -.107388E+00
   -.111594E+00
   -.114910E+00
   -.116929E+00
   -.117702E+00
   -.117392E+00
   -.116296E+00
   -.114474E+00
   -.112073E+00
   -.108961E+00
   -.105214E+00
   -.101162E+00
   -.970443E-01
   -.930053E-01
   -.888081E-01
   -.841775E-01
   -.788292E-01
   -.729290E-01
   -.676299E-01
   -.632182E-01
   -.590837E-01
   -.554707E-01
   -.527332E-01
   -.502616E-01
   -.477799E-01
   -.464005E-01
   -.462559E-01
   -.464500E-01
   -.474130E-01
   -.496741E-01
   -.524740E-01
   -.551020E-01
   -.574226E-01
   -.596170E-01
   -.621564E-01
   -.654053E-01
   -.694302E-01
   -.731079E-01
   -.758385E-01
   -.782394E-01
   -.808695E-01
   -.841381E-01
   -.877070E-01
   -.910200E-01
   -.935378E-01
   -.952178E-01
   -.968067E-01
   -.984822E-01
   -.999588E-01
   -.100862E+00
   -.101041E+00
   -.100695E+00
   -.100103E+00
   -.994613E-01
   -.984727E-01
   -.965772E-01
   -.941393E-01
   -.917847E-01
   -.892731E-01
   -.864639E-01
   -.835101E-01
   -.804875E-01
   -.774943E-01
   -.748647E-01
   -.728276E-01
   -.707820E-01
   -.683640E-01
   -.656644E-01
   -.630103E-01
   -.608414E-01
   -.588687E-01
   -.566681E-01
   -.538078E-01
   -.505518E-01
   -.483266E-01
   -.470822E-01
   -.457429E-01
   -.442609E-01
   -.428681E-01
   -.415604E-01
   -.403393E-01
   -.392077E-01
   -.383723E-01
   -.380730E-01
   -.378713E-01
   -.372766E-01
   -.359037E-01
   -.338745E-01
   -.319687E-01
   -.302193E-01
   -.283449E-01
   -.259056E-01
   -.227840E-01
   -.192365E-01
   -.155513E-01
   -.119350E-01
   -.849184E-02
   -.522248E-02
   -.246422E-02
   -.220202E-03
    .213907E-02
    .446121E-02
    .604758E-02
    .685608E-02
    .719487E-02
    .733625E-02
    .722703E-02
    .629317E-02
    .491873E-02
    .408314E-02
    .286661E-02
    .431386E-03
   -.330991E-02
   -.774389E-02
   -.115593E-01
   -.148791E-01
   -.184358E-01
   -.216517E-01
   -.242267E-01
   -.272043E-01
   -.305844E-01
   -.334709E-01
   -.359155E-01
   -.383486E-01
   -.404447E-01
   -.420616E-01
   -.434023E-01
   -.446065E-01
   -.457574E-01
   -.462475E-01
   -.457009E-01
   -.452660E-01
   -.453245E-01
   -.450211E-01
   -.445766E-01
   -.446989E-01
   -.446766E-01
   -.438783E-01
   -.424815E-01
   -.407341E-01
   -.389256E-01
   -.372046E-01
   -.356374E-01
   -.341690E-01
   -.327413E-01
   -.312887E-01
   -.298041E-01
   -.282791E-01
   -.264467E-01
   -.240910E-01
   -.214051E-01
   -.187033E-01
   -.165151E-01
   -.147058E-01
   -.127601E-01
   -.105108E-01
   -.802153E-02
   -.541230E-02
   -.297125E-02
   -.106970E-02
    .101560E-02
    .431190E-02
    .760564E-02
    .998089E-02
    .123397E-01
    .148138E-01
    .166417E-01
    .177714E-01
    .184979E-01
    .194836E-01
    .210505E-01
    .230353E-01
    .254160E-01
    .282297E-01
    .303627E-01
    .309503E-01
    .312167E-01
    .319090E-01
    .326844E-01
    .334044E-01
    .340452E-01
    .349216E-01
    .361861E-01
    .372937E-01
    .381288E-01
    .391634E-01
    .407773E-01
    .431228E-01
    .455747E-01
    .476395E-01
    .492934E-01
    .506460E-01
    .518776E-01
    .534256E-01
    .555754E-01
    .581736E-01
    .610560E-01
    .643478E-01
    .677637E-01
    .707562E-01
    .732620E-01
    .754042E-01
    .769814E-01
    .782625E-01
    .802431E-01
    .826162E-01
    .844912E-01
    .860357E-01
    .875546E-01
    .886855E-01
    .893584E-01
    .897789E-01
    .898231E-01
    .893409E-01
    .885068E-01
    .876975E-01
    .877978E-01
    .888028E-01
    .898927E-01
    .907112E-01
    .911761E-01
    .918056E-01
    .928931E-01
    .943066E-01
    .959133E-01
    .975424E-01
    .994358E-01
    .101750E+00
    .104322E+00
    .106981E+00
    .109601E+00
    .112376E+00
    .115561E+00
    .119058E+00
    .122532E+00
    .125072E+00
    .126759E+00
    .128724E+00
    .131013E+00
    .133252E+00
    .134908E+00
    .135790E+00
    .136159E+00
    .136268E+00
    .136355E+00
    .136510E+00
    .136726E+00
    .136512E+00
    .135544E+00
    .133717E+00
    .131201E+00
    .128448E+00
    .125707E+00
    .123084E+00
    .120148E+00
    .116740E+00
    .113020E+00
    .108896E+00
    .104296E+00
    .100178E+00
    .969659E-01
    .935854E-01
    .895328E-01
    .849898E-01
    .804644E-01
    .764352E-01
    .721008E-01
    .672210E-01
    .628215E-01
    .592255E-01
    .562106E-01
    .538377E-01
    .520166E-01
    .496291E-01
    .464692E-01
    .436422E-01
    .415402E-01
    .400443E-01
    .389050E-01
    .378810E-01
    .367623E-01
    .351763E-01
    .325273E-01
    .295098E-01
    .271391E-01
    .255640E-01
    .246532E-01
    .244501E-01
    .247533E-01
    .251683E-01
    .255168E-01
    .257295E-01
    .258688E-01
    .261173E-01
    .268712E-01
    .279412E-01
    .287870E-01
    .296129E-01
    .306890E-01
    .319640E-01
    .333555E-01
    .347702E-01
    .361461E-01
    .374529E-01
    .386871E-01
    .397958E-01
    .404070E-01
    .402627E-01
    .393256E-01
    .378016E-01
    .360589E-01
    .335262E-01
    .301903E-01
    .272648E-01
    .249668E-01
    .227695E-01
    .201056E-01
    .167198E-01
    .127990E-01
    .839335E-02
    .310373E-02
   -.249516E-02
   -.735571E-02
   -.117064E-01
   -.159498E-01
   -.198487E-01
   -.234946E-01
   -.274302E-01
   -.317286E-01
   -.362249E-01
   -.407208E-01
   -.450947E-01
   -.492735E-01
   -.530991E-01
   -.563151E-01
   -.593218E-01
   -.625993E-01
   -.661756E-01
   -.698129E-01
   -.729893E-01
   -.755360E-01
   -.776597E-01
   -.795574E-01
   -.814246E-01
   -.833247E-01
   -.851281E-01
   -.864344E-01
   -.871925E-01
   -.875946E-01
   -.874928E-01
   -.869606E-01
   -.870476E-01
   -.877779E-01
   -.881398E-01
   -.880815E-01
   -.879859E-01
   -.871778E-01
   -.854457E-01
   -.836488E-01
   -.825954E-01
   -.828864E-01
   -.836796E-01
   -.839128E-01
   -.838389E-01
   -.837590E-01
   -.837358E-01
   -.840794E-01
   -.850242E-01
   -.857688E-01
   -.856887E-01
   -.857670E-01
   -.865212E-01
   -.877401E-01
   -.887126E-01
   -.887014E-01
   -.885402E-01
   -.889775E-01
   -.899456E-01
   -.911096E-01
   -.918840E-01
   -.921350E-01
   -.920039E-01
   -.921096E-01
   -.926689E-01
   -.931778E-01
   -.935994E-01
   -.942570E-01
   -.947972E-01
   -.948576E-01
   -.941380E-01
   -.929982E-01
   -.924921E-01
   -.923193E-01
   -.916670E-01
   -.904543E-01
   -.890186E-01
   -.883112E-01
   -.881881E-01
   -.876724E-01
   -.865204E-01
   -.848358E-01
   -.824610E-01
   -.796431E-01
   -.771185E-01
   -.745520E-01
   -.713220E-01
   -.674537E-01
   -.632218E-01
   -.588867E-01
   -.546430E-01
   -.505840E-01
   -.470203E-01
   -.440798E-01
   -.411094E-01
   -.377439E-01
   -.340928E-01
   -.305603E-01
   -.275878E-01
   -.251628E-01
   -.231870E-01
   -.217957E-01
   -.207279E-01
   -.193363E-01
   -.175393E-01
   -.155345E-01
   -.147662E-01
   -.152133E-01
   -.148017E-01
   -.138952E-01
   -.139758E-01
   -.144167E-01
   -.144783E-01
   -.141763E-01
   -.135806E-01
   -.128625E-01
   -.121364E-01
   -.114923E-01
   -.109158E-01
   -.102536E-01
   -.910653E-02
   -.743923E-02
   -.551061E-02
   -.388510E-02
   -.275581E-02
   -.118127E-02
    .104976E-02
    .333204E-02
    .573302E-02
    .842886E-02
    .113138E-01
    .142484E-01
    .171463E-01
    .199636E-01
    .227002E-01
    .253682E-01
    .279891E-01
    .305681E-01
    .331090E-01
    .355859E-01
    .377042E-01
    .392301E-01
    .407404E-01
    .426045E-01
    .447206E-01
    .465074E-01
    .472788E-01
    .478107E-01
    .488107E-01
    .494647E-01
    .494058E-01
    .489228E-01
    .487791E-01
    .496490E-01
    .505175E-01
    .506699E-01
    .502243E-01
    .493632E-01
    .484070E-01
    .482085E-01
    .491239E-01
    .495194E-01
    .489342E-01
    .483771E-01
    .479617E-01
    .474312E-01
    .472096E-01
    .475028E-01
    .480790E-01
    .485312E-01
    .484131E-01
    .477493E-01
    .467809E-01
    .457493E-01
    .448022E-01
    .439846E-01
    .432558E-01
    .425693E-01
    .422507E-01
    .422637E-01
    .416446E-01
    .405380E-01
    .398929E-01
    .399128E-01
    .403783E-01
    .406326E-01
    .404821E-01
    .404189E-01
    .408836E-01
    .420884E-01
    .434468E-01
    .445604E-01
    .457683E-01
    .470104E-01
    .478982E-01
    .487514E-01
    .499404E-01
    .514294E-01
    .530912E-01
    .547618E-01
    .560895E-01
    .567833E-01
    .573620E-01
    .582636E-01
    .594566E-01
    .604437E-01
    .604872E-01
    .601999E-01
    .604053E-01
    .603007E-01
    .593105E-01
    .573986E-01
    .549826E-01
    .527961E-01
    .502599E-01
    .469701E-01
    .431749E-01
    .391321E-01
    .350649E-01
    .307973E-01
    .261582E-01
    .216896E-01
    .174381E-01
    .125851E-01
    .720899E-02
    .192354E-02
   -.342239E-02
   -.892502E-02
   -.140528E-01
   -.184326E-01
   -.219529E-01
   -.251048E-01
   -.285199E-01
   -.322510E-01
   -.358388E-01
   -.380365E-01
   -.390985E-01
   -.402212E-01
   -.411067E-01
   -.414902E-01
   -.423631E-01
   -.437306E-01
   -.446015E-01
   -.450195E-01
   -.454297E-01
   -.459664E-01
   -.467757E-01
   -.481478E-01
   -.495928E-01
   -.502155E-01
   -.499875E-01
   -.493295E-01
   -.493918E-01
   -.502710E-01
   -.509267E-01
   -.515441E-01
   -.526891E-01
   -.538672E-01
   -.547232E-01
   -.553160E-01
   -.557394E-01
   -.561031E-01
   -.564894E-01
   -.569661E-01
   -.579168E-01
   -.592466E-01
   -.603394E-01
   -.609974E-01
   -.613023E-01
   -.610108E-01
   -.601054E-01
   -.589358E-01
   -.577072E-01
   -.565580E-01
   -.551494E-01
   -.532474E-01
   -.509831E-01
   -.487038E-01
   -.468827E-01
   -.450686E-01
   -.425430E-01
   -.397450E-01
   -.371147E-01
   -.347210E-01
   -.325540E-01
   -.305371E-01
   -.285725E-01
   -.265672E-01
   -.240967E-01
   -.212070E-01
   -.185497E-01
   -.166064E-01
   -.155640E-01
   -.151358E-01
   -.148656E-01
   -.140954E-01
   -.128630E-01
   -.117171E-01
   -.105789E-01
   -.926525E-02
   -.867908E-02
   -.901031E-02
   -.943774E-02
   -.960245E-02
   -.944917E-02
   -.944970E-02
   -.983928E-02
   -.101528E-01
   -.103593E-01
   -.108349E-01
   -.112939E-01
   -.113824E-01
   -.111479E-01
   -.107171E-01
   -.102391E-01
   -.979135E-02
   -.940306E-02
   -.867634E-02
   -.739950E-02
   -.577331E-02
   -.418809E-02
   -.313190E-02
   -.264045E-02
   -.248586E-02
   -.242640E-02
   -.217149E-02
   -.133980E-02
   -.424953E-03
   -.295230E-03
   -.975750E-03
   -.204007E-02
   -.235639E-02
   -.169903E-02
   -.807821E-03
   -.370364E-03
   -.766606E-03
   -.181112E-02
   -.304959E-02
   -.380644E-02
   -.388500E-02
   -.351569E-02
   -.296038E-02
   -.239129E-02
   -.151737E-02
   -.412927E-03
    .430175E-03
    .120424E-02
    .224750E-02
    .274459E-02
    .249803E-02
    .262472E-02
    .326394E-02
    .393471E-02
    .443849E-02
    .475347E-02
    .490649E-02
    .498139E-02
    .504898E-02
    .515714E-02
    .530863E-02
    .548003E-02
    .553567E-02
    .510856E-02
    .437170E-02
    .389537E-02
    .414042E-02
    .517895E-02
    .625248E-02
    .711761E-02
    .808912E-02
    .927442E-02
    .106165E-01
    .124858E-01
    .146808E-01
    .161929E-01
    .170197E-01
    .177668E-01
    .186681E-01
    .198906E-01
    .217222E-01
    .237099E-01
    .249059E-01
    .258986E-01
    .273632E-01
    .288977E-01
    .302157E-01
    .313891E-01
    .327043E-01
    .344647E-01
    .357053E-01
    .360872E-01
    .362864E-01
    .361561E-01
    .352425E-01
    .348300E-01
    .356464E-01
    .365045E-01
    .367770E-01
    .364838E-01
    .354531E-01
    .337605E-01
    .321859E-01
    .309987E-01
    .297623E-01
    .285996E-01
    .277840E-01
    .276529E-01
    .281132E-01
    .284369E-01
    .283418E-01
    .278969E-01
    .272658E-01
    .266093E-01
    .260485E-01
    .257954E-01
    .261144E-01
    .265732E-01
    .266742E-01
    .263896E-01
    .258346E-01
    .251857E-01
    .245700E-01
    .240692E-01
    .240541E-01
    .244336E-01
    .241851E-01
    .234715E-01
    .231815E-01
    .231442E-01
    .229916E-01
    .227015E-01
    .220722E-01
    .208926E-01
    .198474E-01
    .196369E-01
    .188448E-01
    .169051E-01
    .146271E-01
    .124179E-01
    .104531E-01
    .875206E-02
    .734099E-02
    .644330E-02
    .558916E-02
    .393199E-02
    .215411E-02
    .965814E-03
   -.563849E-04
   -.100929E-02
   -.158882E-02
   -.211515E-02
   -.300052E-02
   -.378542E-02
   -.418406E-02
   -.430861E-02
   -.425335E-02
   -.415303E-02
   -.407268E-02
   -.395400E-02
   -.342199E-02
   -.281458E-02
   -.294826E-02
   -.352761E-02
   -.402647E-02
   -.430549E-02
   -.435872E-02
   -.423832E-02
   -.350122E-02
   -.174718E-02
   -.989810E-04
    .485015E-03
   -.523659E-03
   -.232110E-02
   -.317202E-02
   -.274301E-02
   -.144199E-02
   -.645391E-03
   -.854796E-03
   -.145971E-02
   -.205555E-02
   -.245202E-02
   -.257563E-02
   -.240600E-02
   -.170261E-02
   -.729419E-03
   -.840529E-04
    .115786E-03
    .119099E-07
   -.232559E-03
   -.284740E-03
    .230466E-03
    .773196E-03
    .545124E-03
   -.644326E-04
   -.589829E-03
   -.929053E-03
   -.106029E-02
   -.105303E-02
   -.100472E-02
   -.101801E-02
   -.153455E-02
   -.267792E-02
   -.412084E-02
   -.539365E-02
   -.603591E-02
   -.614956E-02
   -.612410E-02
   -.697610E-02
   -.857421E-02
   -.987385E-02
   -.111327E-01
   -.128644E-01
   -.136970E-01
   -.131848E-01
   -.123187E-01
   -.118423E-01
   -.122243E-01
   -.133086E-01
   -.146725E-01
   -.155698E-01
   -.157459E-01
   -.154240E-01
   -.148907E-01
   -.143942E-01
   -.140524E-01
   -.138574E-01
   -.137333E-01
   -.135972E-01
   -.133878E-01
   -.127524E-01
   -.116626E-01
   -.111336E-01
   -.112000E-01
   -.108953E-01
   -.102591E-01
   -.969011E-02
   -.925513E-02
   -.871151E-02
   -.733194E-02
   -.547228E-02
   -.411997E-02
   -.274162E-02
   -.891426E-03
    .523617E-03
    .129158E-02
    .206139E-02
    .303940E-02
    .421969E-02
    .469086E-02
    .427746E-02
    .412123E-02
    .443596E-02
    .477863E-02
    .499334E-02
    .504444E-02
    .496814E-02
    .498665E-02
    .547097E-02
    .586635E-02
    .545201E-02
    .432246E-02
    .299039E-02
    .247831E-02
    .240458E-02
    .149897E-02
   -.106230E-03
   -.189562E-02
   -.402529E-02
   -.612937E-02
   -.693073E-02
   -.692958E-02
   -.759367E-02
   -.858946E-02
   -.927525E-02
   -.100269E-01
   -.110180E-01
   -.121212E-01
   -.132633E-01
   -.143837E-01
   -.154562E-01
   -.164427E-01
   -.169575E-01
   -.168885E-01
   -.165239E-01
   -.160408E-01
   -.155997E-01
   -.148800E-01
   -.136890E-01
   -.121505E-01
   -.103043E-01
   -.798661E-02
   -.576847E-02
   -.440989E-02
   -.318542E-02
   -.143909E-02
   -.148441E-04
    .834921E-03
    .169880E-02
    .277153E-02
    .401834E-02
    .500469E-02
    .545080E-02
    .550917E-02
    .550790E-02
    .596568E-02
    .695951E-02
    .826771E-02
    .929644E-02
    .969729E-02
    .961687E-02
    .928279E-02
    .892819E-02
    .867395E-02
    .854518E-02
    .848776E-02
    .843567E-02
    .834345E-02
    .820037E-02
    .802746E-02
    .784553E-02
    .766529E-02
    .712012E-02
    .602838E-02
    .461772E-02
    .324889E-02
    .241081E-02
    .213874E-02
    .219969E-02
    .235369E-02
    .244546E-02
    .241589E-02
    .230281E-02
    .216324E-02
    .205825E-02
    .199859E-02
    .198719E-02
    .207058E-02
    .259906E-02
    .345375E-02
    .408182E-02
    .461380E-02
    .538831E-02
    .640952E-02
    .751073E-02
    .823274E-02
    .879570E-02
    .100104E-01
    .116987E-01
    .133169E-01
    .147028E-01
    .158366E-01
    .168002E-01
    .176863E-01
    .185852E-01
    .195169E-01
    .204652E-01
    .209950E-01
    .209206E-01
    .205037E-01
    .203297E-01
    .211442E-01
    .220162E-01
    .218308E-01
    .214153E-01
    .211542E-01
    .199236E-01
    .181329E-01
    .172065E-01
    .170565E-01
    .171257E-01
    .175350E-01
    .178918E-01
    .169292E-01
    .152165E-01
    .142299E-01
    .135702E-01
    .126410E-01
    .118306E-01
    .112884E-01
    .108973E-01
    .108530E-01
    .113449E-01
    .122171E-01
    .131664E-01
    .136397E-01
    .132975E-01
    .121061E-01
    .106371E-01
    .953683E-02
    .848384E-02
    .732644E-02
    .644294E-02
    .546133E-02
    .364105E-02
    .102293E-02
   -.198654E-02
   -.462913E-02
   -.656271E-02
   -.800233E-02
   -.943412E-02
   -.113496E-01
   -.130310E-01
   -.139597E-01
   -.147094E-01
   -.156083E-01
   -.166804E-01
   -.178899E-01
   -.191407E-01
   -.199643E-01
   -.202409E-01
   -.205799E-01
   -.210526E-01
   -.213134E-01
   -.212913E-01
   -.210666E-01
   -.203160E-01
   -.192252E-01
   -.188015E-01
   -.190744E-01
   -.194145E-01
   -.195683E-01
   -.195617E-01
   -.202307E-01
   -.214522E-01
   -.218200E-01
   -.215477E-01
   -.215528E-01
   -.220516E-01
   -.229547E-01
   -.240812E-01
   -.252382E-01
   -.263017E-01
   -.272334E-01
   -.280710E-01
   -.288620E-01
   -.295492E-01
   -.297943E-01
   -.297525E-01
   -.299370E-01
   -.301291E-01
   -.300166E-01
   -.296336E-01
   -.290705E-01
   -.284431E-01
   -.278215E-01
   -.272519E-01
   -.267210E-01
   -.262185E-01
   -.256926E-01
   -.248165E-01
   -.229590E-01
   -.207178E-01
   -.190789E-01
   -.181697E-01
   -.177931E-01
   -.176285E-01
   -.172478E-01
   -.162137E-01
   -.145914E-01
   -.126985E-01
   -.112194E-01
   -.103444E-01
   -.948592E-02
   -.857777E-02
   -.788739E-02
   -.708611E-02
   -.591905E-02
   -.490494E-02
   -.395426E-02
   -.234103E-02
   -.546603E-03
    .613279E-03
    .197439E-02
    .405965E-02
    .661264E-02
    .918277E-02
    .112366E-01
    .127467E-01
    .139564E-01
    .154856E-01
    .173929E-01
    .191687E-01
    .206280E-01
    .217997E-01
    .227760E-01
    .236659E-01
    .245472E-01
    .251983E-01
    .253618E-01
    .254756E-01
    .258550E-01
    .260226E-01
    .252098E-01
    .226566E-01
    .195837E-01
    .174263E-01
    .154674E-01
    .134520E-01
    .121128E-01
    .112267E-01
    .101800E-01
    .883215E-02
    .724563E-02
    .556153E-02
    .390765E-02
    .237246E-02
    .129332E-02
    .851325E-03
    .795917E-03
    .733381E-03
    .148050E-03
   -.718980E-03
   -.135502E-02
   -.124319E-02
   -.378464E-03
    .482261E-03
    .974433E-03
    .110231E-02
    .134491E-02
    .206835E-02
    .319798E-02
    .439253E-02
    .516528E-02
    .599652E-02
    .753783E-02
    .886913E-02
    .953737E-02
    .101470E-01
    .109410E-01
    .119198E-01
    .126649E-01
    .129669E-01
    .133440E-01
    .138569E-01
    .141111E-01
    .140342E-01
    .137301E-01
    .128852E-01
    .114492E-01
    .976320E-02
    .827745E-02
    .740102E-02
    .666523E-02
    .573109E-02
    .494878E-02
    .427325E-02
    .328769E-02
    .230314E-02
    .168318E-02
    .140267E-02
    .133604E-02
    .135347E-02
    .162766E-02
    .237558E-02
    .348278E-02
    .476232E-02
    .604406E-02
    .703902E-02
    .745665E-02
    .807117E-02
    .952187E-02
    .112286E-01
    .127659E-01
    .140311E-01
    .144645E-01
    .136914E-01
    .129066E-01
    .128387E-01
    .129896E-01
    .130742E-01
    .129737E-01
    .123213E-01
    .110208E-01
    .976199E-02
    .855840E-02
    .675884E-02
    .486680E-02
    .365018E-02
    .221119E-02
    .142079E-03
   -.193296E-02
   -.351630E-02
   -.435269E-02
   -.531928E-02
   -.697092E-02
   -.835211E-02
   -.902849E-02
   -.920947E-02
   -.940329E-02
   -.100501E-01
   -.106841E-01
   -.108606E-01
   -.103348E-01
   -.992715E-02
   -.107738E-01
   -.120292E-01
   -.128388E-01
   -.131493E-01
   -.132458E-01
   -.136377E-01
   -.141283E-01
   -.143856E-01
   -.144157E-01
   -.142714E-01
   -.140594E-01
   -.141130E-01
   -.147242E-01
   -.153704E-01
   -.157551E-01
   -.162720E-01
   -.168618E-01
   -.171344E-01
   -.174258E-01
   -.180738E-01
   -.190238E-01
   -.201440E-01
   -.212965E-01
   -.223883E-01
   -.233930E-01
   -.243162E-01
   -.250842E-01
   -.253609E-01
   -.251262E-01
   -.246428E-01
   -.244481E-01
   -.248704E-01
   -.257137E-01
   -.265757E-01
   -.269013E-01
   -.266387E-01
   -.260172E-01
   -.257197E-01
   -.259339E-01
   -.261231E-01
   -.262749E-01
   -.266727E-01
   -.269090E-01
   -.266159E-01
   -.255581E-01
   -.242044E-01
   -.235754E-01
   -.235244E-01
   -.235447E-01
   -.238322E-01
   -.241733E-01
   -.236598E-01
   -.224504E-01
   -.212156E-01
   -.198606E-01
   -.184296E-01
   -.178077E-01
   -.177629E-01
   -.172530E-01
   -.163549E-01
   -.154334E-01
   -.142031E-01
   -.128970E-01
   -.124303E-01
   -.129133E-01
   -.139216E-01
   -.142903E-01
   -.136224E-01
   -.130434E-01
   -.126353E-01
   -.118019E-01
   -.115267E-01
   -.124725E-01
   -.130010E-01
   -.125074E-01
   -.116351E-01
   -.107460E-01
   -.100213E-01
   -.952256E-02
   -.919334E-02
   -.891860E-02
   -.834556E-02
   -.718930E-02
   -.594556E-02
   -.497248E-02
   -.387431E-02
   -.272468E-02
   -.189335E-02
   -.107552E-02
    .541642E-04
    .101353E-02
    .158985E-02
    .188847E-02
    .204206E-02
    .216943E-02
    .277662E-02
    .402043E-02
    .561962E-02
    .732807E-02
    .891169E-02
    .920311E-02
    .799806E-02
    .757201E-02
    .847025E-02
    .960305E-02
    .108180E-01
    .121786E-01
    .135515E-01
    .150330E-01
    .169365E-01
    .187152E-01
    .196453E-01
    .198437E-01
    .198452E-01
    .206814E-01
    .221161E-01
    .231600E-01
    .235637E-01
    .234409E-01
    .230377E-01
    .227804E-01
    .231334E-01
    .240768E-01
    .252951E-01
    .261254E-01
    .265773E-01
    .275402E-01
    .286918E-01
    .292721E-01
    .292666E-01
    .289864E-01
    .290331E-01
    .296175E-01
    .305778E-01
    .320655E-01
    .340927E-01
    .363299E-01
    .381943E-01
    .389333E-01
    .389466E-01
    .389934E-01
    .397656E-01
    .412918E-01
    .428280E-01
    .440060E-01
    .447820E-01
    .452565E-01
    .454924E-01
    .452806E-01
    .448489E-01
    .447202E-01
    .442610E-01
    .429867E-01
    .415252E-01
    .402743E-01
    .392686E-01
    .384651E-01
    .377434E-01
    .365802E-01
    .347698E-01
    .326137E-01
    .305838E-01
    .291575E-01
    .278813E-01
    .262676E-01
    .239196E-01
    .210592E-01
    .183622E-01
    .160739E-01
    .142192E-01
    .130307E-01
    .119505E-01
    .965015E-02
    .685877E-02
    .488534E-02
    .345050E-02
    .228654E-02
    .159851E-02
    .804085E-03
   -.867355E-03
   -.223297E-02
   -.250792E-02
   -.275605E-02
   -.328797E-02
   -.374446E-02
   -.403063E-02
   -.415485E-02
   -.374223E-02
   -.288619E-02
   -.221253E-02
   -.164349E-02
   -.847718E-03
    .176455E-03
    .123880E-02
    .188060E-02
    .199916E-02
    .181793E-02
    .188872E-02
    .248175E-02
    .303395E-02
    .304936E-02
    .227686E-02
    .116823E-02
    .290995E-03
   -.668235E-03
   -.188651E-02
   -.327154E-02
   -.503731E-02
   -.735290E-02
   -.962820E-02
   -.113367E-01
   -.122098E-01
   -.127854E-01
   -.140770E-01
   -.161874E-01
   -.187140E-01
   -.204862E-01
   -.210576E-01
   -.208440E-01
   -.205667E-01
   -.208095E-01
   -.207437E-01
   -.200373E-01
   -.193047E-01
   -.187451E-01
   -.183614E-01
   -.176998E-01
   -.166303E-01
   -.156632E-01
   -.143645E-01
   -.118017E-01
   -.879341E-02
   -.626342E-02
   -.391295E-02
   -.187739E-02
   -.775342E-03
   -.232069E-03
    .431271E-03
    .956537E-03
    .117008E-02
    .121693E-02
    .140382E-02
    .203300E-02
    .189517E-02
    .625024E-03
    .233250E-03
    .833060E-03
    .987316E-03
    .342377E-03
   -.894783E-03
   -.202242E-02
   -.265323E-02
   -.287640E-02
   -.313109E-02
   -.385198E-02
   -.459388E-02
   -.503358E-02
   -.525114E-02
   -.580246E-02
   -.733094E-02
   -.932343E-02
   -.111838E-01
   -.127606E-01
   -.140413E-01
   -.151409E-01
   -.161809E-01
   -.172131E-01
   -.178578E-01
   -.181303E-01
   -.185982E-01
   -.194018E-01
   -.204579E-01
   -.216078E-01
   -.226345E-01
   -.230777E-01
   -.226761E-01
   -.214478E-01
   -.204244E-01
   -.203344E-01
   -.206012E-01
   -.207740E-01
   -.207244E-01
   -.204187E-01
   -.199517E-01
   -.194305E-01
   -.188300E-01
   -.178332E-01
   -.166495E-01
   -.157604E-01
   -.152310E-01
   -.149475E-01
   -.147580E-01
   -.143536E-01
   -.134073E-01
   -.125763E-01
   -.125346E-01
   -.119093E-01
   -.102712E-01
   -.880498E-02
   -.791837E-02
   -.754220E-02
   -.747340E-02
   -.750943E-02
   -.746711E-02
   -.710063E-02
   -.615097E-02
   -.540308E-02
   -.553791E-02
   -.599412E-02
   -.631712E-02
   -.642558E-02
   -.630444E-02
   -.605088E-02
   -.576686E-02
   -.553480E-02
   -.537202E-02
   -.526262E-02
   -.515096E-02
   -.467692E-02
   -.366460E-02
   -.272933E-02
   -.219721E-02
   -.198216E-02
   -.167267E-02
   -.869581E-03
    .374968E-03
    .175907E-02
    .273450E-02
    .360125E-02
    .508161E-02
    .617291E-02
    .619306E-02
    .667104E-02
    .811064E-02
    .983591E-02
    .115003E-01
    .129379E-01
    .137081E-01
    .138534E-01
    .141183E-01
    .147909E-01
    .158127E-01
    .166507E-01
    .170229E-01
    .174153E-01
    .180850E-01
    .189743E-01
    .200104E-01
    .210537E-01
    .216296E-01
    .218454E-01
    .226553E-01
    .237639E-01
    .243816E-01
    .251668E-01
    .264840E-01
    .273460E-01
    .278411E-01
    .287960E-01
    .297213E-01
    .300240E-01
    .306569E-01
    .319050E-01
    .331460E-01
    .338487E-01
    .337773E-01
    .335056E-01
    .333269E-01
    .325228E-01
    .311632E-01
    .298624E-01
    .284788E-01
    .268950E-01
    .260033E-01
    .257383E-01
    .250282E-01
    .235912E-01
    .216254E-01
    .194142E-01
    .172102E-01
    .151743E-01
    .135808E-01
    .126242E-01
    .117246E-01
    .104221E-01
    .877328E-02
    .711621E-02
    .594755E-02
    .530417E-02
    .496488E-02
    .430004E-02
    .322816E-02
    .224469E-02
    .126866E-02
    .373126E-04
   -.534180E-03
   -.394862E-04
    .105105E-02
    .189018E-02
    .161717E-02
    .711442E-03
   -.192830E-03
   -.846636E-03
   -.118681E-02
   -.128192E-02
   -.963388E-03
   -.215413E-03
   -.846432E-04
   -.682265E-03
   -.935170E-03
   -.798433E-03
   -.675911E-03
   -.109347E-02
   -.223397E-02
   -.379266E-02
   -.528487E-02
   -.622032E-02
   -.734605E-02
   -.919074E-02
   -.111833E-01
   -.129821E-01
   -.145552E-01
   -.159240E-01
   -.171718E-01
   -.183893E-01
   -.197840E-01
   -.216731E-01
   -.234867E-01
   -.244646E-01
   -.254570E-01
   -.268895E-01
   -.278762E-01
   -.283767E-01
   -.289322E-01
   -.296848E-01
   -.305460E-01
   -.310498E-01
   -.312046E-01
   -.315193E-01
   -.318111E-01
   -.317858E-01
   -.314768E-01
   -.308529E-01
   -.296913E-01
   -.283252E-01
   -.272964E-01
   -.266635E-01
   -.263143E-01
   -.260559E-01
   -.255461E-01
   -.244362E-01
   -.231746E-01
   -.222357E-01
   -.216572E-01
   -.213516E-01
   -.211619E-01
   -.209637E-01
   -.206880E-01
   -.203397E-01
   -.199542E-01
   -.195905E-01
   -.195273E-01
   -.200210E-01
   -.205595E-01
   -.208172E-01
   -.211859E-01
   -.214120E-01
   -.208408E-01
   -.205389E-01
   -.214628E-01
   -.229366E-01
   -.244138E-01
   -.256614E-01
   -.263372E-01
   -.262682E-01
   -.261492E-01
   -.264534E-01
   -.271428E-01
   -.278457E-01
   -.281005E-01
   -.282031E-01
   -.284692E-01
   -.284991E-01
   -.281571E-01
   -.276008E-01
   -.269501E-01
   -.263019E-01
   -.257000E-01
   -.251433E-01
   -.246113E-01
   -.240753E-01
   -.235271E-01
   -.229616E-01
   -.223959E-01
   -.218225E-01
   -.210617E-01
   -.198108E-01
   -.184419E-01
   -.174062E-01
   -.167276E-01
   -.162952E-01
   -.159621E-01
   -.156087E-01
   -.151729E-01
   -.142744E-01
   -.127769E-01
   -.109687E-01
   -.928267E-02
   -.819417E-02
   -.768206E-02
   -.749762E-02
   -.738294E-02
   -.719118E-02
   -.685615E-02
   -.615726E-02
   -.491449E-02
   -.372679E-02
   -.298929E-02
   -.263966E-02
   -.275307E-02
   -.342686E-02
   -.412511E-02
   -.437319E-02
   -.421516E-02
   -.380391E-02
   -.335734E-02
   -.327841E-02
   -.384564E-02
   -.445549E-02
   -.468112E-02
   -.455591E-02
   -.417874E-02
   -.372242E-02
   -.329746E-02
   -.289655E-02
   -.211909E-02
   -.101627E-02
   -.116451E-03
    .751685E-03
    .190002E-02
    .330180E-02
    .485183E-02
    .644034E-02
    .799284E-02
    .947354E-02
    .108893E-01
    .122602E-01
    .136123E-01
    .149520E-01
    .162833E-01
    .175897E-01
    .188370E-01
    .196090E-01
    .199203E-01
    .203832E-01
    .209305E-01
    .212305E-01
    .212542E-01
    .210923E-01
    .208373E-01
    .205707E-01
    .203189E-01
    .197624E-01
    .187109E-01
    .177475E-01
    .171843E-01
    .169149E-01
    .165443E-01
    .157056E-01
    .152312E-01
    .153373E-01
    .146522E-01
    .133952E-01
    .128895E-01
    .130552E-01
    .133539E-01
    .135849E-01
    .136382E-01
    .135445E-01
    .136037E-01
    .141711E-01
    .148372E-01
    .152029E-01
    .152603E-01
    .150985E-01
    .148427E-01
    .146034E-01
    .144392E-01
    .147349E-01
    .156278E-01
    .168448E-01
    .181663E-01
    .194006E-01
    .202072E-01
    .203781E-01
    .205553E-01
    .211426E-01
    .220683E-01
    .229805E-01
    .234167E-01
    .233387E-01
    .229301E-01
    .224141E-01
    .220854E-01
    .223385E-01
    .229075E-01
    .232307E-01
    .231739E-01
    .228099E-01
    .222962E-01
    .217722E-01
    .213283E-01
    .209710E-01
    .206699E-01
    .203732E-01
    .200542E-01
    .197014E-01
    .193316E-01
    .189576E-01
    .185977E-01
    .182511E-01
    .179202E-01
    .175922E-01
    .172793E-01
    .172031E-01
    .176352E-01
    .181382E-01
    .182916E-01
    .224021E-01
    .219420E-01
    .213879E-01
    .205884E-01
    .193488E-01
    .181504E-01
    .173550E-01
    .168777E-01
    .165914E-01
    .163259E-01
    .157090E-01
    .144746E-01
    .128110E-01
    .109681E-01
    .917233E-02
    .750376E-02
    .599685E-02
    .488604E-02
    .428748E-02
    .317701E-02
    .137463E-02
   -.973531E-04
   -.110027E-02
   -.206658E-02
   -.310626E-02
   -.414569E-02
   -.440280E-02
   -.380836E-02
   -.311167E-02
   -.238284E-02
   -.146337E-02
   -.749698E-03
   -.407228E-03
    .891984E-04
    .946152E-03
    .206095E-02
    .329754E-02
    .451827E-02
    .564296E-02
    .665134E-02
    .757302E-02
    .844280E-02
    .928027E-02
    .979816E-02
    .981239E-02
    .949172E-02
    .913394E-02
    .917596E-02
    .947117E-02
    .958744E-02
    .941464E-02
    .900453E-02
    .846746E-02
    .790909E-02
    .740142E-02
    .695662E-02
    .655771E-02
    .616748E-02
    .576734E-02
    .534461E-02
    .491317E-02
    .447714E-02
    .405602E-02
    .365620E-02
    .358188E-02
    .385997E-02
    .403266E-02
    .420616E-02
    .485873E-02
    .553391E-02
    .568346E-02
    .536777E-02
    .484914E-02
    .456768E-02
    .434886E-02
    .370011E-02
    .281920E-02
    .202783E-02
    .137664E-02
    .862333E-03
    .426580E-03
    .188162E-04
   -.404740E-03
   -.850115E-03
   -.131058E-02
   -.176964E-02
   -.231564E-02
   -.312810E-02
   -.419105E-02
   -.535251E-02
   -.650030E-02
   -.751388E-02
   -.817823E-02
   -.857565E-02
   -.906399E-02
   -.973348E-02
   -.105363E-01
   -.111603E-01
   -.114551E-01
   -.115171E-01
   -.115605E-01
   -.118265E-01
   -.121778E-01
   -.124099E-01
   -.126937E-01
   -.130560E-01
   -.132571E-01
   -.132499E-01
   -.131115E-01
   -.129214E-01
   -.127541E-01
   -.128026E-01
   -.130427E-01
   -.131967E-01
   -.131706E-01
   -.129962E-01
   -.127424E-01
   -.124737E-01
   -.122349E-01
   -.120322E-01
   -.118552E-01
   -.116807E-01
   -.114972E-01
   -.112979E-01
   -.110899E-01
   -.108778E-01
   -.106706E-01
   -.104631E-01
   -.101670E-01
   -.971510E-02
   -.928838E-02
   -.899340E-02
   -.880366E-02
   -.867635E-02
   -.856437E-02
   -.843540E-02
   -.827609E-02
   -.798815E-02
   -.759029E-02
   -.725521E-02
   -.703870E-02
   -.691186E-02
   -.683036E-02
   -.676209E-02
   -.676630E-02
   -.679657E-02
   -.665972E-02
   -.633986E-02
   -.592763E-02
   -.557356E-02
   -.536081E-02
   -.525814E-02
   -.521238E-02
   -.516665E-02
   -.504832E-02
   -.481660E-02
   -.457511E-02
   -.440282E-02
   -.429647E-02
   -.420852E-02
   -.406515E-02
   -.385652E-02
   -.361180E-02
   -.336477E-02
   -.315125E-02
   -.302592E-02
   -.298677E-02
   -.298664E-02
   -.295632E-02
   -.285254E-02
   -.269749E-02
   -.253579E-02
   -.243268E-02
   -.239980E-02
   -.240875E-02
   -.242928E-02
   -.243947E-02
   -.243077E-02
   -.240634E-02
   -.237367E-02
   -.234003E-02
   -.230819E-02
   -.227787E-02
   -.224625E-02
   -.221123E-02
   -.217131E-02
   -.212698E-02
   -.207885E-02
   -.202832E-02
   -.197571E-02
   -.192159E-02
   -.186549E-02
   -.180764E-02
   -.174753E-02
   -.168570E-02
   -.162255E-02
   -.157332E-02
   -.153924E-02
   -.149577E-02
   -.144007E-02
   -.138569E-02
   -.132633E-02
   -.125333E-02
   -.118172E-02
   -.111919E-02
   -.106110E-02
   -.100795E-02
   -.960784E-03
   -.901462E-03
   -.816653E-03
   -.722516E-03
   -.630548E-03
   -.543214E-03
   -.459872E-03
   -.378225E-03
   -.295572E-03
   -.210450E-03
   -.117768E-03
   -.182776E-04
    .820840E-04
    .176932E-03
    .261914E-03
    .342216E-03
    .422923E-03
    .507170E-03
    .592768E-03
    .673018E-03
    .745760E-03
    .811608E-03
    .874243E-03
    .935258E-03
    .992185E-03
    .104469E-02
    .109445E-02
    .114038E-02
    .118132E-02
    .121778E-02
    .125089E-02
    .128217E-02
    .131099E-02
    .133552E-02
    .135655E-02
    .137529E-02
    .139146E-02
    .140502E-02
    .141643E-02
    .142606E-02
    .143420E-02
    .144054E-02
    .144471E-02
    .144619E-02
    .144498E-02
    .144141E-02
    .143576E-02
    .142819E-02
    .141883E-02
    .140762E-02
    .139433E-02
    .137889E-02
    .136139E-02
    .134195E-02
    .132068E-02
    .129760E-02
    .127271E-02
    .124602E-02
    .121759E-02
    .118749E-02
    .115579E-02
    .112254E-02
    .108780E-02
    .105162E-02
    .101405E-02
    .975129E-03
    .934923E-03
    .893481E-03
    .850853E-03
    .807091E-03
    .762241E-03
    .716348E-03
