    .454762E-04
   -.593032E-05
   -.200097E-03
   -.377108E-03
   -.409357E-03
   -.461192E-03
   -.484861E-03
   -.465819E-03
   -.396474E-03
   -.276566E-03
   -.121372E-03
    .333178E-04
    .142940E-03
    .175931E-03
    .134209E-03
    .465331E-04
   -.416645E-04
   -.765433E-04
   -.256900E-04
    .965025E-04
    .248184E-03
    .389047E-03
    .483245E-03
    .514904E-03
    .504725E-03
    .474813E-03
    .429772E-03
    .359093E-03
    .250897E-03
    .124287E-03
   -.993534E-05
   -.159834E-03
   -.300862E-03
   -.403927E-03
   -.463364E-03
   -.470840E-03
   -.430584E-03
   -.379218E-03
   -.334898E-03
   -.265230E-03
   -.146868E-03
   -.663233E-05
    .110727E-03
    .172636E-03
    .190359E-03
    .194805E-03
    .207256E-03
    .239125E-03
    .249125E-03
    .192107E-03
    .757492E-04
   -.530422E-04
   -.117700E-03
   -.851263E-04
    .156877E-04
    .189912E-03
    .422816E-03
    .603183E-03
    .653094E-03
    .602837E-03
    .511174E-03
    .399525E-03
    .334217E-03
    .389066E-03
    .467043E-03
    .446776E-03
    .363280E-03
    .212447E-03
   -.802981E-04
   -.392366E-03
   -.496305E-03
   -.333896E-03
   -.102743E-04
    .421798E-03
    .848693E-03
    .920370E-03
    .495217E-03
   -.174667E-03
   -.743021E-03
   -.109862E-02
   -.139863E-02
   -.160939E-02
   -.160654E-02
   -.149315E-02
   -.126199E-02
   -.847233E-03
   -.303477E-03
    .303077E-03
    .765284E-03
    .930873E-03
    .821793E-03
    .550316E-03
    .365772E-03
    .395335E-03
    .555148E-03
    .694166E-03
    .670638E-03
    .496257E-03
    .270694E-03
   -.430801E-04
   -.381565E-03
   -.619244E-03
   -.829523E-03
   -.947527E-03
   -.906936E-03
   -.855915E-03
   -.860780E-03
   -.852392E-03
   -.737408E-03
   -.405646E-03
    .922613E-04
    .598817E-03
    .106036E-02
    .132537E-02
    .148368E-02
    .162631E-02
    .109519E-02
   -.490778E-03
   -.253461E-02
   -.421946E-02
   -.507282E-02
   -.502037E-02
   -.413872E-02
   -.255808E-02
   -.695876E-03
    .581665E-03
    .794086E-03
    .564079E-03
    .818815E-03
    .173921E-02
    .274178E-02
    .325485E-02
    .309979E-02
    .230588E-02
    .879794E-03
   -.770557E-03
   -.151840E-02
   -.109899E-02
   -.434254E-03
   -.310057E-04
    .124035E-03
    .110622E-03
    .507839E-04
    .126391E-03
    .189730E-03
   -.119853E-03
   -.602226E-03
   -.652960E-03
    .208499E-04
    .123827E-02
    .267030E-02
    .375408E-02
    .379091E-02
    .257269E-02
    .493331E-03
   -.156285E-02
   -.244543E-02
   -.182201E-02
   -.225410E-03
    .169677E-02
    .297793E-02
    .300163E-02
    .215795E-02
    .121987E-02
    .944289E-03
    .174839E-02
    .322617E-02
    .462684E-02
    .555851E-02
    .586096E-02
    .535976E-02
    .405358E-02
    .229676E-02
    .523243E-03
   -.767466E-03
   -.153605E-02
   -.237783E-02
   -.315346E-02
   -.287751E-02
   -.835670E-03
    .300652E-02
    .740714E-02
    .997902E-02
    .988169E-02
    .822951E-02
    .560818E-02
    .235803E-02
   -.916888E-03
   -.431195E-02
   -.765927E-02
   -.101898E-01
   -.120693E-01
   -.134289E-01
   -.130760E-01
   -.106286E-01
   -.701248E-02
   -.279739E-02
    .142785E-02
    .487767E-02
    .730276E-02
    .859126E-02
    .845104E-02
    .692741E-02
    .417721E-02
    .294839E-03
   -.420653E-02
   -.821073E-02
   -.103481E-01
   -.987637E-02
   -.749403E-02
   -.494153E-02
   -.327093E-02
   -.278088E-02
   -.369538E-02
   -.573022E-02
   -.842495E-02
   -.109711E-01
   -.117488E-01
   -.957182E-02
   -.497409E-02
   -.154394E-03
    .242834E-02
    .253626E-02
    .169205E-02
    .841086E-03
    .223013E-03
   -.507249E-03
   -.875900E-03
    .623831E-03
    .335244E-02
    .483661E-02
    .363913E-02
    .517499E-03
   -.245705E-02
   -.408867E-02
   -.412292E-02
   -.226332E-02
    .119775E-02
    .553067E-02
    .952852E-02
    .112707E-01
    .969332E-02
    .523208E-02
   -.586058E-04
   -.378677E-02
   -.543373E-02
   -.572259E-02
   -.533384E-02
   -.464071E-02
   -.301557E-02
    .397845E-03
    .534168E-02
    .104363E-01
    .131507E-01
    .123807E-01
    .997806E-02
    .738191E-02
    .449316E-02
    .125451E-02
   -.179592E-02
   -.379802E-02
   -.482953E-02
   -.571343E-02
   -.642954E-02
   -.607361E-02
   -.348870E-02
    .142096E-02
    .719193E-02
    .121660E-01
    .148911E-01
    .151185E-01
    .141863E-01
    .126632E-01
    .107802E-01
    .911632E-02
    .707809E-02
    .413258E-02
    .131252E-02
    .529933E-03
    .227154E-02
    .449272E-02
    .439633E-02
   -.129436E-03
   -.961738E-02
   -.207698E-01
   -.281398E-01
   -.296154E-01
   -.256646E-01
   -.166473E-01
   -.506277E-02
    .402255E-02
    .787416E-02
    .755291E-02
    .412481E-02
   -.133027E-02
   -.622614E-02
   -.934547E-02
   -.124091E-01
   -.163508E-01
   -.200317E-01
   -.227678E-01
   -.236684E-01
   -.211420E-01
   -.146152E-01
   -.489331E-02
    .552934E-02
    .130720E-01
    .165373E-01
    .178541E-01
    .183855E-01
    .178751E-01
    .159523E-01
    .132225E-01
    .111945E-01
    .103618E-01
    .979553E-02
    .931382E-02
    .948563E-02
    .104547E-01
    .125419E-01
    .152994E-01
    .180185E-01
    .206785E-01
    .210772E-01
    .150826E-01
    .111783E-02
   -.170579E-01
   -.314794E-01
   -.365751E-01
   -.343747E-01
   -.286674E-01
   -.191675E-01
   -.543011E-02
    .822951E-02
    .160975E-01
    .179741E-01
    .173509E-01
    .161807E-01
    .149297E-01
    .143098E-01
    .149618E-01
    .161607E-01
    .166720E-01
    .161939E-01
    .152706E-01
    .134782E-01
    .934666E-02
    .373365E-02
   -.982366E-03
   -.423897E-02
   -.696334E-02
   -.967553E-02
   -.119317E-01
   -.139416E-01
   -.160991E-01
   -.176569E-01
   -.177619E-01
   -.158199E-01
   -.118711E-01
   -.746389E-02
   -.427903E-02
   -.312877E-02
   -.458592E-02
   -.800084E-02
   -.112644E-01
   -.128505E-01
   -.126627E-01
   -.101155E-01
   -.425390E-02
    .358236E-02
    .969766E-02
    .112443E-01
    .871967E-02
    .400964E-02
   -.194383E-02
   -.769346E-02
   -.111243E-01
   -.109861E-01
   -.593714E-02
    .320495E-02
    .113059E-01
    .140856E-01
    .118287E-01
    .757072E-02
    .393507E-02
    .183263E-02
    .236045E-02
    .723113E-02
    .156500E-01
    .230909E-01
    .244273E-01
    .166466E-01
   -.536870E-03
   -.221511E-01
   -.383159E-01
   -.437136E-01
   -.426244E-01
   -.408403E-01
   -.389510E-01
   -.360032E-01
   -.320765E-01
   -.246448E-01
   -.112172E-01
    .547646E-02
    .205500E-01
    .309897E-01
    .367089E-01
    .397774E-01
    .406927E-01
    .368871E-01
    .253831E-01
    .792811E-02
   -.718577E-02
   -.134815E-01
   -.114810E-01
   -.503043E-02
    .188511E-02
    .627500E-02
    .534053E-02
   -.256116E-02
   -.151429E-01
   -.262984E-01
   -.310975E-01
   -.297509E-01
   -.250538E-01
   -.193915E-01
   -.137435E-01
   -.777625E-02
   -.175925E-02
    .314839E-02
    .723140E-02
    .126990E-01
    .205736E-01
    .286499E-01
    .340360E-01
    .356298E-01
    .330558E-01
    .265004E-01
    .182321E-01
    .116675E-01
    .873080E-02
    .882609E-02
    .101667E-01
    .118842E-01
    .136553E-01
    .137059E-01
    .100386E-01
    .231217E-02
   -.839489E-02
   -.189296E-01
   -.250815E-01
   -.258286E-01
   -.231846E-01
   -.170432E-01
   -.763520E-02
    .937996E-04
    .268306E-02
    .967510E-03
   -.390675E-02
   -.103471E-01
   -.157657E-01
   -.183084E-01
   -.176856E-01
   -.144773E-01
   -.824416E-02
    .113725E-02
    .111024E-01
    .190285E-01
    .238507E-01
    .257721E-01
    .265014E-01
    .271328E-01
    .269982E-01
    .252354E-01
    .215631E-01
    .156556E-01
    .751719E-02
   -.939077E-03
   -.744705E-02
   -.123949E-01
   -.165360E-01
   -.186002E-01
   -.174061E-01
   -.138626E-01
   -.106703E-01
   -.959699E-02
   -.109254E-01
   -.141304E-01
   -.173893E-01
   -.192312E-01
   -.187363E-01
   -.129887E-01
    .496707E-04
    .155760E-01
    .262376E-01
    .297729E-01
    .277170E-01
    .224131E-01
    .165707E-01
    .117266E-01
    .808914E-02
    .612849E-02
    .639122E-02
    .783556E-02
    .829333E-02
    .652505E-02
    .171324E-02
   -.649123E-02
   -.156484E-01
   -.212880E-01
   -.215911E-01
   -.183357E-01
   -.127015E-01
   -.554284E-02
    .699088E-03
    .391974E-02
    .383627E-02
    .203322E-02
    .281806E-03
   -.506629E-03
    .153392E-02
    .885462E-02
    .189880E-01
    .256174E-01
    .262306E-01
    .221042E-01
    .138244E-01
    .249534E-02
   -.853336E-02
   -.184322E-01
   -.291837E-01
   -.397486E-01
   -.466292E-01
   -.486071E-01
   -.464475E-01
   -.395735E-01
   -.272794E-01
   -.124082E-01
    .994015E-03
    .115791E-01
    .195532E-01
    .249307E-01
    .273864E-01
    .265970E-01
    .227397E-01
    .170043E-01
    .117989E-01
    .919013E-02
    .887488E-02
    .958211E-02
    .104511E-01
    .106133E-01
    .934512E-02
    .602717E-02
    .361471E-03
   -.834944E-02
   -.208471E-01
   -.356935E-01
   -.493921E-01
   -.585369E-01
   -.619480E-01
   -.603733E-01
   -.539197E-01
   -.414236E-01
   -.231129E-01
   -.398033E-02
    .879548E-02
    .136185E-01
    .153741E-01
    .178197E-01
    .207351E-01
    .236524E-01
    .266994E-01
    .289103E-01
    .291154E-01
    .269668E-01
    .215863E-01
    .118952E-01
   -.173749E-02
   -.168570E-01
   -.306149E-01
   -.414504E-01
   -.477149E-01
   -.486215E-01
   -.456667E-01
   -.401767E-01
   -.325146E-01
   -.238793E-01
   -.162861E-01
   -.105079E-01
   -.629025E-02
   -.329607E-02
   -.526297E-03
    .295702E-02
    .701434E-02
    .108108E-01
    .139682E-01
    .167001E-01
    .191394E-01
    .216936E-01
    .258419E-01
    .328728E-01
    .420155E-01
    .519732E-01
    .617385E-01
    .690277E-01
    .724662E-01
    .729757E-01
    .713375E-01
    .673828E-01
    .601052E-01
    .475219E-01
    .282727E-01
    .485152E-02
   -.169311E-01
   -.322767E-01
   -.398549E-01
   -.410595E-01
   -.376955E-01
   -.308548E-01
   -.222327E-01
   -.146695E-01
   -.972397E-02
   -.675486E-02
   -.426699E-02
   -.117316E-02
    .276955E-02
    .837355E-02
    .166275E-01
    .253780E-01
    .313346E-01
    .339997E-01
    .340189E-01
    .325593E-01
    .311339E-01
    .298054E-01
    .275577E-01
    .240929E-01
    .202774E-01
    .171581E-01
    .149985E-01
    .131429E-01
    .116925E-01
    .115160E-01
    .118339E-01
    .113026E-01
    .103047E-01
    .894774E-02
    .634488E-02
    .264249E-02
   -.180128E-02
   -.735352E-02
   -.138285E-01
   -.197489E-01
   -.243639E-01
   -.295048E-01
   -.365434E-01
   -.445948E-01
   -.515962E-01
   -.547710E-01
   -.536526E-01
   -.498498E-01
   -.440268E-01
   -.360463E-01
   -.257831E-01
   -.150492E-01
   -.674096E-02
   -.111365E-02
    .366983E-02
    .794142E-02
    .113369E-01
    .154340E-01
    .218971E-01
    .297112E-01
    .357839E-01
    .380750E-01
    .357563E-01
    .272506E-01
    .112482E-01
   -.112561E-01
   -.368973E-01
   -.604699E-01
   -.762201E-01
   -.814755E-01
   -.773591E-01
   -.651469E-01
   -.464670E-01
   -.261764E-01
   -.933296E-02
    .181554E-02
    .712923E-02
    .835685E-02
    .670867E-02
    .214691E-02
   -.399557E-02
   -.104472E-01
   -.172032E-01
   -.226152E-01
   -.249554E-01
   -.253781E-01
   -.250077E-01
   -.232670E-01
   -.194667E-01
   -.128382E-01
   -.281408E-02
    .984436E-02
    .234365E-01
    .363650E-01
    .478325E-01
    .569795E-01
    .622893E-01
    .638862E-01
    .629045E-01
    .585039E-01
    .478689E-01
    .294298E-01
    .704772E-02
   -.132858E-01
   -.292153E-01
   -.413748E-01
   -.499216E-01
   -.540892E-01
   -.545745E-01
   -.529634E-01
   -.506040E-01
   -.477585E-01
   -.435160E-01
   -.374355E-01
   -.282439E-01
   -.154088E-01
   -.219410E-02
    .908070E-02
    .192731E-01
    .291041E-01
    .375503E-01
    .426553E-01
    .448338E-01
    .462055E-01
    .466473E-01
    .453278E-01
    .433174E-01
    .417230E-01
    .400889E-01
    .375550E-01
    .346242E-01
    .326897E-01
    .318370E-01
    .312765E-01
    .311114E-01
    .315603E-01
    .320840E-01
    .321898E-01
    .316524E-01
    .304601E-01
    .289809E-01
    .266303E-01
    .223497E-01
    .170325E-01
    .126079E-01
    .105662E-01
    .110143E-01
    .126068E-01
    .139347E-01
    .142138E-01
    .132540E-01
    .898474E-02
   -.724432E-03
   -.137770E-01
   -.256619E-01
   -.329550E-01
   -.351760E-01
   -.344205E-01
   -.329204E-01
   -.319863E-01
   -.333031E-01
   -.391675E-01
   -.503526E-01
   -.634152E-01
   -.733129E-01
   -.781588E-01
   -.782619E-01
   -.745794E-01
   -.684020E-01
   -.606000E-01
   -.531346E-01
   -.486386E-01
   -.475501E-01
   -.492463E-01
   -.528349E-01
   -.561844E-01
   -.572826E-01
   -.537351E-01
   -.421513E-01
   -.223977E-01
    .569053E-03
    .209986E-01
    .348521E-01
    .414893E-01
    .456744E-01
    .528271E-01
    .627258E-01
    .721945E-01
    .796692E-01
    .831010E-01
    .800050E-01
    .693051E-01
    .508499E-01
    .270039E-01
    .340507E-02
   -.130785E-01
   -.178855E-01
   -.110394E-01
    .308381E-02
    .166765E-01
    .215247E-01
    .135028E-01
   -.548521E-02
   -.290125E-01
   -.501263E-01
   -.644630E-01
   -.705951E-01
   -.703901E-01
   -.676694E-01
   -.644267E-01
   -.583855E-01
   -.457273E-01
   -.259642E-01
   -.140040E-02
    .244487E-01
    .471407E-01
    .642603E-01
    .754496E-01
    .806137E-01
    .808879E-01
    .776920E-01
    .709304E-01
    .593085E-01
    .415771E-01
    .187485E-01
   -.447634E-02
   -.214615E-01
   -.293895E-01
   -.313355E-01
   -.300502E-01
   -.251776E-01
   -.166924E-01
   -.741492E-02
   -.139860E-02
   -.174217E-03
   -.249106E-02
   -.688287E-02
   -.120005E-01
   -.160150E-01
   -.180659E-01
   -.185069E-01
   -.178726E-01
   -.169535E-01
   -.168008E-01
   -.182361E-01
   -.207802E-01
   -.215630E-01
   -.172240E-01
   -.754718E-02
    .363095E-02
    .142033E-01
    .270486E-01
    .430998E-01
    .591085E-01
    .726843E-01
    .840337E-01
    .939043E-01
    .102481E+00
    .109832E+00
    .114397E+00
    .113642E+00
    .106770E+00
    .936427E-01
    .753703E-01
    .552614E-01
    .344770E-01
    .124093E-01
   -.681566E-02
   -.171232E-01
   -.184970E-01
   -.157114E-01
   -.120454E-01
   -.827359E-02
   -.583261E-02
   -.558268E-02
   -.623214E-02
   -.746809E-02
   -.964792E-02
   -.121377E-01
   -.158366E-01
   -.236573E-01
   -.378388E-01
   -.574115E-01
   -.785759E-01
   -.970520E-01
   -.109731E+00
   -.115438E+00
   -.113977E+00
   -.105066E+00
   -.878083E-01
   -.619629E-01
   -.311106E-01
   -.225419E-02
    .204717E-01
    .383207E-01
    .538296E-01
    .677669E-01
    .782763E-01
    .825663E-01
    .792104E-01
    .673037E-01
    .449807E-01
    .130832E-01
   -.211353E-01
   -.493466E-01
   -.690301E-01
   -.824059E-01
   -.924408E-01
   -.101279E+00
   -.108266E+00
   -.110644E+00
   -.108215E+00
   -.103518E+00
   -.969209E-01
   -.862521E-01
   -.713608E-01
   -.532842E-01
   -.315713E-01
   -.728642E-02
    .148244E-01
    .311513E-01
    .431216E-01
    .528379E-01
    .607659E-01
    .668720E-01
    .701478E-01
    .705029E-01
    .685655E-01
    .638139E-01
    .560030E-01
    .466015E-01
    .387345E-01
    .345901E-01
    .339160E-01
    .359085E-01
    .393536E-01
    .423002E-01
    .425211E-01
    .382686E-01
    .313064E-01
    .252513E-01
    .205355E-01
    .163329E-01
    .121249E-01
    .657235E-02
   -.105280E-02
   -.972317E-02
   -.170757E-01
   -.218277E-01
   -.245611E-01
   -.259798E-01
   -.272318E-01
   -.291677E-01
   -.306482E-01
   -.309537E-01
   -.303716E-01
   -.280008E-01
   -.238148E-01
   -.197442E-01
   -.178199E-01
   -.190787E-01
   -.232543E-01
   -.306108E-01
   -.401495E-01
   -.482702E-01
   -.539856E-01
   -.587930E-01
   -.620770E-01
   -.624403E-01
   -.604225E-01
   -.563115E-01
   -.488667E-01
   -.389038E-01
   -.295574E-01
   -.207811E-01
   -.928936E-02
    .604538E-02
    .236016E-01
    .415396E-01
    .592810E-01
    .765713E-01
    .922293E-01
    .103610E+00
    .107602E+00
    .103762E+00
    .931637E-01
    .761112E-01
    .544383E-01
    .317569E-01
    .943347E-02
   -.133817E-01
   -.360975E-01
   -.563303E-01
   -.719652E-01
   -.813082E-01
   -.838403E-01
   -.803576E-01
   -.698779E-01
   -.520384E-01
   -.303228E-01
   -.926679E-02
    .815609E-02
    .216264E-01
    .314671E-01
    .367647E-01
    .382481E-01
    .384077E-01
    .383338E-01
    .373175E-01
    .336587E-01
    .257932E-01
    .152520E-01
    .638871E-02
    .186678E-02
    .119684E-02
    .294273E-02
    .675956E-02
    .118885E-01
    .158548E-01
    .178937E-01
    .195326E-01
    .215420E-01
    .235142E-01
    .245797E-01
    .234107E-01
    .187136E-01
    .114937E-01
    .496012E-02
    .183765E-02
    .445415E-02
    .147348E-01
    .317647E-01
    .513848E-01
    .697519E-01
    .855967E-01
    .994336E-01
    .111295E+00
    .119218E+00
    .121510E+00
    .118090E+00
    .108439E+00
    .901759E-01
    .613346E-01
    .246485E-01
   -.121155E-01
   -.416028E-01
   -.615820E-01
   -.745479E-01
   -.848025E-01
   -.947602E-01
   -.102682E+00
   -.105414E+00
   -.102898E+00
   -.956881E-01
   -.824525E-01
   -.640917E-01
   -.445462E-01
   -.274993E-01
   -.141327E-01
   -.387486E-02
    .357251E-02
    .882578E-02
    .131579E-01
    .183024E-01
    .259391E-01
    .343051E-01
    .399698E-01
    .426501E-01
    .422408E-01
    .370426E-01
    .265446E-01
    .108600E-01
   -.979689E-02
   -.328992E-01
   -.537915E-01
   -.690678E-01
   -.774504E-01
   -.787844E-01
   -.745425E-01
   -.655973E-01
   -.511444E-01
   -.328931E-01
   -.149108E-01
   -.687887E-03
    .757842E-02
    .102994E-01
    .905909E-02
    .499678E-02
   -.875765E-03
   -.819300E-02
   -.161877E-01
   -.231222E-01
   -.275198E-01
   -.293777E-01
   -.293025E-01
   -.266542E-01
   -.210719E-01
   -.134754E-01
   -.444283E-02
    .585393E-02
    .160063E-01
    .232856E-01
    .266453E-01
    .272995E-01
    .261865E-01
    .226268E-01
    .144971E-01
    .134609E-02
   -.136819E-01
   -.265133E-01
   -.343709E-01
   -.367514E-01
   -.348100E-01
   -.280488E-01
   -.169774E-01
   -.747964E-02
   -.445837E-02
   -.655950E-02
   -.106563E-01
   -.152191E-01
   -.186517E-01
   -.197112E-01
   -.183704E-01
   -.141249E-01
   -.617298E-02
    .409738E-02
    .125175E-01
    .167025E-01
    .176420E-01
    .171852E-01
    .167944E-01
    .160868E-01
    .140690E-01
    .112476E-01
    .817682E-02
    .431848E-02
   -.566477E-03
   -.574525E-02
   -.102434E-01
   -.128593E-01
   -.125101E-01
   -.989393E-02
   -.698171E-02
   -.455017E-02
   -.266494E-02
   -.195009E-02
   -.194715E-02
   -.143486E-02
    .795424E-03
    .679528E-02
    .165708E-01
    .267844E-01
    .348759E-01
    .403110E-01
    .427077E-01
    .421225E-01
    .390111E-01
    .334735E-01
    .259792E-01
    .175494E-01
    .980512E-02
    .398255E-02
   -.420724E-03
   -.433029E-02
   -.820315E-02
   -.129654E-01
   -.200061E-01
   -.292409E-01
   -.386236E-01
   -.465059E-01
   -.521348E-01
   -.552091E-01
   -.565821E-01
   -.573077E-01
   -.571926E-01
   -.560146E-01
   -.550092E-01
   -.548523E-01
   -.550515E-01
   -.558268E-01
   -.569122E-01
   -.569976E-01
   -.546439E-01
   -.479220E-01
   -.360768E-01
   -.209520E-01
   -.594252E-02
    .695956E-02
    .186640E-01
    .298421E-01
    .401997E-01
    .507247E-01
    .621023E-01
    .718925E-01
    .768773E-01
    .766242E-01
    .731008E-01
    .684563E-01
    .636365E-01
    .597205E-01
    .573677E-01
    .556991E-01
    .546057E-01
    .544732E-01
    .549173E-01
    .559229E-01
    .573393E-01
    .584129E-01
    .590964E-01
    .594145E-01
    .587273E-01
    .562917E-01
    .512289E-01
    .429511E-01
    .317436E-01
    .188469E-01
    .646296E-02
   -.345806E-02
   -.105516E-01
   -.153501E-01
   -.187413E-01
   -.217344E-01
   -.248074E-01
   -.277284E-01
   -.302069E-01
   -.323631E-01
   -.342596E-01
   -.359388E-01
   -.376014E-01
   -.390937E-01
   -.402040E-01
   -.415420E-01
   -.432758E-01
   -.444517E-01
   -.443341E-01
   -.425061E-01
   -.385496E-01
   -.328702E-01
   -.266412E-01
   -.207460E-01
   -.163143E-01
   -.140793E-01
   -.131130E-01
   -.120799E-01
   -.957730E-02
   -.484049E-02
    .174488E-02
    .918602E-02
    .157075E-01
    .209552E-01
    .269415E-01
    .344474E-01
    .411670E-01
    .446691E-01
    .449027E-01
    .430146E-01
    .397452E-01
    .360720E-01
    .331829E-01
    .307039E-01
    .281713E-01
    .257984E-01
    .223835E-01
    .179799E-01
    .144783E-01
    .115128E-01
    .856729E-02
    .780411E-02
    .970787E-02
    .115764E-01
    .128417E-01
    .146317E-01
    .155898E-01
    .148040E-01
    .136270E-01
    .127935E-01
    .122202E-01
    .115688E-01
    .981309E-02
    .545601E-02
   -.263479E-02
   -.135125E-01
   -.241994E-01
   -.323322E-01
   -.382424E-01
   -.427941E-01
   -.454317E-01
   -.466043E-01
   -.473156E-01
   -.470714E-01
   -.453828E-01
   -.430630E-01
   -.403924E-01
   -.366181E-01
   -.316976E-01
   -.263284E-01
   -.213864E-01
   -.177460E-01
   -.153469E-01
   -.125389E-01
   -.863467E-02
   -.568070E-02
   -.452688E-02
   -.290032E-02
   -.120205E-03
    .231449E-02
    .450106E-02
    .731897E-02
    .107327E-01
    .139214E-01
    .160309E-01
    .173941E-01
    .189348E-01
    .206105E-01
    .217354E-01
    .223156E-01
    .230929E-01
    .240470E-01
    .239356E-01
    .223078E-01
    .199590E-01
    .173652E-01
    .138134E-01
    .796353E-02
   -.132874E-03
   -.875351E-02
   -.164777E-01
   -.223798E-01
   -.257079E-01
   -.268528E-01
   -.266918E-01
   -.250686E-01
   -.204175E-01
   -.120269E-01
   -.175239E-02
    .759913E-02
    .138835E-01
    .170234E-01
    .190417E-01
    .217049E-01
    .251348E-01
    .283864E-01
    .310615E-01
    .327774E-01
    .324048E-01
    .302833E-01
    .272703E-01
    .231831E-01
    .177133E-01
    .113280E-01
    .518282E-02
   -.124023E-02
   -.888649E-02
   -.156067E-01
   -.186589E-01
   -.183897E-01
   -.163522E-01
   -.118516E-01
   -.371318E-02
    .508330E-02
    .106378E-01
    .132323E-01
    .140842E-01
    .129481E-01
    .996709E-02
    .564895E-02
    .158722E-03
   -.599697E-02
   -.125242E-01
   -.191166E-01
   -.248513E-01
   -.294521E-01
   -.329620E-01
   -.351741E-01
   -.357824E-01
   -.348201E-01
   -.330917E-01
   -.309675E-01
   -.279568E-01
   -.240498E-01
   -.197262E-01
   -.151434E-01
   -.108106E-01
   -.725170E-02
   -.450740E-02
   -.292819E-02
   -.221560E-02
   -.153876E-02
   -.567373E-03
    .116530E-02
    .384696E-02
    .715165E-02
    .107992E-01
    .141003E-01
    .157826E-01
    .155799E-01
    .144396E-01
    .119952E-01
    .700034E-02
   -.175512E-03
   -.835024E-02
   -.166795E-01
   -.242039E-01
   -.302687E-01
   -.345173E-01
   -.367446E-01
   -.374926E-01
   -.376705E-01
   -.368529E-01
   -.336264E-01
   -.287832E-01
   -.244492E-01
   -.211129E-01
   -.181910E-01
   -.152812E-01
   -.126799E-01
   -.107667E-01
   -.891932E-02
   -.627997E-02
   -.259274E-02
    .151511E-02
    .486628E-02
    .708313E-02
    .878883E-02
    .103400E-01
    .114740E-01
    .127668E-01
    .152009E-01
    .190912E-01
    .241949E-01
    .291449E-01
    .326072E-01
    .345601E-01
    .353220E-01
    .350077E-01
    .339767E-01
    .324901E-01
    .306869E-01
    .288579E-01
    .265671E-01
    .231997E-01
    .189186E-01
    .142823E-01
    .100678E-01
    .674331E-02
    .388400E-02
    .146388E-02
    .111943E-03
   -.841923E-03
   -.234090E-02
   -.393562E-02
   -.535512E-02
   -.698383E-02
   -.872270E-02
   -.103418E-01
   -.116833E-01
   -.124824E-01
   -.127320E-01
   -.124055E-01
   -.113379E-01
   -.938682E-02
   -.619920E-02
   -.143726E-02
    .484886E-02
    .112981E-01
    .156854E-01
    .177580E-01
    .190020E-01
    .200561E-01
    .202756E-01
    .193305E-01
    .176680E-01
    .154825E-01
    .121552E-01
    .696057E-02
    .633052E-03
   -.528615E-02
   -.980386E-02
   -.123012E-01
   -.127465E-01
   -.119802E-01
   -.112662E-01
   -.108351E-01
   -.100472E-01
   -.943205E-02
   -.948274E-02
   -.100231E-01
   -.111319E-01
   -.123448E-01
   -.129939E-01
   -.122928E-01
   -.991393E-02
   -.613523E-02
   -.837132E-03
    .462557E-02
    .862383E-02
    .113890E-01
    .133766E-01
    .145281E-01
    .151173E-01
    .155998E-01
    .150255E-01
    .127676E-01
    .943886E-02
    .433567E-02
   -.370681E-02
   -.137474E-01
   -.234176E-01
   -.304489E-01
   -.340731E-01
   -.357228E-01
   -.364090E-01
   -.355645E-01
   -.328455E-01
   -.286432E-01
   -.231990E-01
   -.162029E-01
   -.763251E-02
    .183691E-02
    .102318E-01
    .153969E-01
    .181286E-01
    .200513E-01
    .210002E-01
    .211617E-01
    .213639E-01
    .212879E-01
    .200302E-01
    .174943E-01
    .141073E-01
    .101993E-01
    .581049E-02
    .118107E-02
   -.357488E-02
   -.863578E-02
   -.132011E-01
   -.166082E-01
   -.194543E-01
   -.220477E-01
   -.234830E-01
   -.231254E-01
   -.213739E-01
   -.184584E-01
   -.145668E-01
   -.998074E-02
   -.565983E-02
   -.265389E-02
   -.965823E-03
   -.111622E-02
   -.244854E-02
   -.301715E-02
   -.320924E-02
   -.360755E-02
   -.250986E-02
    .353928E-03
    .356255E-02
    .762543E-02
    .133619E-01
    .198900E-01
    .257323E-01
    .301253E-01
    .329760E-01
    .340831E-01
    .339016E-01
    .330951E-01
    .314442E-01
    .296297E-01
    .292529E-01
    .295944E-01
    .293968E-01
    .295975E-01
    .304844E-01
    .307405E-01
    .297398E-01
    .276687E-01
    .249843E-01
    .222144E-01
    .189788E-01
    .153546E-01
    .123243E-01
    .103731E-01
    .939492E-02
    .878042E-02
    .814522E-02
    .732367E-02
    .645318E-02
    .605271E-02
    .582805E-02
    .539887E-02
    .481422E-02
    .363268E-02
    .154062E-02
   -.115808E-02
   -.426054E-02
   -.748343E-02
   -.102549E-01
   -.125865E-01
   -.146529E-01
   -.163314E-01
   -.176265E-01
   -.193697E-01
   -.226424E-01
   -.262953E-01
   -.287106E-01
   -.301043E-01
   -.305229E-01
   -.295862E-01
   -.275133E-01
   -.246649E-01
   -.220268E-01
   -.201905E-01
   -.183725E-01
   -.168056E-01
   -.155866E-01
   -.136155E-01
   -.110814E-01
   -.897585E-02
   -.710612E-02
   -.458230E-02
   -.137093E-02
    .215126E-02
    .576402E-02
    .930499E-02
    .123196E-01
    .143075E-01
    .151729E-01
    .143022E-01
    .116516E-01
    .832458E-02
    .519241E-02
    .217871E-02
   -.102718E-02
   -.407581E-02
   -.742138E-02
   -.122009E-01
   -.180154E-01
   -.231291E-01
   -.266035E-01
   -.287799E-01
   -.302584E-01
   -.312341E-01
   -.309109E-01
   -.287080E-01
   -.253050E-01
   -.206130E-01
   -.136227E-01
   -.568248E-02
    .463102E-03
    .435540E-02
    .730631E-02
    .108994E-01
    .154187E-01
    .203602E-01
    .254986E-01
    .294710E-01
    .318064E-01
    .334608E-01
    .344107E-01
    .341895E-01
    .329999E-01
    .316065E-01
    .304417E-01
    .290777E-01
    .271349E-01
    .249788E-01
    .224209E-01
    .186780E-01
    .138551E-01
    .771830E-02
    .153280E-03
   -.677028E-02
   -.114398E-01
   -.143815E-01
   -.161848E-01
   -.167637E-01
   -.162583E-01
   -.151986E-01
   -.134704E-01
   -.109736E-01
   -.898750E-02
   -.779093E-02
   -.609042E-02
   -.362900E-02
   -.982407E-03
    .105137E-02
    .182326E-02
    .146341E-02
    .660597E-03
   -.216391E-03
   -.122130E-02
   -.205937E-02
   -.264072E-02
   -.316407E-02
   -.328457E-02
   -.251709E-02
   -.159671E-02
   -.116912E-02
   -.132515E-03
    .165366E-02
    .288979E-02
    .331760E-02
    .297320E-02
    .152914E-02
   -.808337E-03
   -.341108E-02
   -.600613E-02
   -.914034E-02
   -.127124E-01
   -.158051E-01
   -.184395E-01
   -.208624E-01
   -.235779E-01
   -.272806E-01
   -.309046E-01
   -.334506E-01
   -.355028E-01
   -.367006E-01
   -.361458E-01
   -.345220E-01
   -.323175E-01
   -.290765E-01
   -.252523E-01
   -.214060E-01
   -.177256E-01
   -.142989E-01
   -.106141E-01
   -.695708E-02
   -.397100E-02
   -.125263E-02
    .172888E-02
    .456371E-02
    .696665E-02
    .969142E-02
    .124698E-01
    .137022E-01
    .127121E-01
    .994985E-02
    .655289E-02
    .384974E-02
    .171547E-02
   -.383531E-03
   -.220466E-02
   -.342704E-02
   -.439554E-02
   -.551594E-02
   -.626232E-02
   -.666660E-02
   -.693749E-02
   -.667524E-02
   -.576619E-02
   -.431477E-02
   -.213105E-02
    .126841E-02
    .515878E-02
    .870019E-02
    .124799E-01
    .158051E-01
    .172167E-01
    .174295E-01
    .172694E-01
    .162717E-01
    .147199E-01
    .138005E-01
    .140391E-01
    .144295E-01
    .142700E-01
    .143802E-01
    .145618E-01
    .136935E-01
    .124110E-01
    .118502E-01
    .119863E-01
    .120079E-01
    .115966E-01
    .112975E-01
    .107290E-01
    .959312E-02
    .824149E-02
    .668440E-02
    .538422E-02
    .500381E-02
    .557874E-02
    .685434E-02
    .864852E-02
    .108435E-01
    .136451E-01
    .170306E-01
    .202343E-01
    .229305E-01
    .253534E-01
    .270245E-01
    .275431E-01
    .273889E-01
    .263648E-01
    .238284E-01
    .203550E-01
    .170295E-01
    .140863E-01
    .113042E-01
    .896626E-02
    .658759E-02
    .332601E-02
   -.734994E-04
   -.317633E-02
   -.708893E-02
   -.123297E-01
   -.179412E-01
   -.225884E-01
   -.254910E-01
   -.268783E-01
   -.272131E-01
   -.266677E-01
   -.256589E-01
   -.238840E-01
   -.211835E-01
   -.188224E-01
   -.173060E-01
   -.162698E-01
   -.156582E-01
   -.149571E-01
   -.132227E-01
   -.101802E-01
   -.609118E-02
   -.156681E-02
    .246870E-02
    .595595E-02
    .874891E-02
    .101709E-01
    .108005E-01
    .112317E-01
    .106683E-01
    .882390E-02
    .702483E-02
    .567572E-02
    .415252E-02
    .320005E-02
    .252638E-02
    .105356E-02
   -.242314E-04
    .193044E-03
    .122845E-02
    .275579E-02
    .428527E-02
    .549731E-02
    .622603E-02
    .618842E-02
    .625242E-02
    .729182E-02
    .835362E-02
    .908569E-02
    .989582E-02
    .100417E-01
    .912554E-02
    .736146E-02
    .479325E-02
    .155910E-02
   -.233317E-02
   -.652579E-02
   -.102444E-01
   -.131275E-01
   -.152289E-01
   -.164682E-01
   -.165037E-01
   -.158516E-01
   -.154697E-01
   -.150884E-01
   -.143324E-01
   -.133760E-01
   -.117882E-01
   -.954129E-02
   -.730835E-02
   -.564742E-02
   -.495802E-02
   -.475879E-02
   -.446681E-02
   -.480554E-02
   -.606271E-02
   -.701592E-02
   -.706969E-02
   -.627841E-02
   -.461812E-02
   -.254310E-02
   -.304885E-03
    .188121E-02
    .368435E-02
    .508156E-02
    .567623E-02
    .550711E-02
    .528165E-02
    .525140E-02
    .494016E-02
    .360621E-02
    .201702E-02
    .122707E-02
    .586684E-03
    .206967E-03
    .131229E-02
    .380743E-02
    .620006E-02
    .802569E-02
    .989539E-02
    .107970E-01
    .102147E-01
    .958851E-02
    .894857E-02
    .782667E-02
    .659218E-02
    .513123E-02
    .313891E-02
    .218030E-03
   -.308617E-02
   -.576903E-02
   -.742342E-02
   -.792534E-02
   -.813797E-02
   -.876566E-02
   -.932351E-02
   -.944341E-02
   -.985713E-02
   -.107620E-01
   -.110126E-01
   -.104651E-01
   -.996360E-02
   -.961678E-02
   -.923621E-02
   -.921830E-02
   -.948354E-02
   -.891450E-02
   -.759289E-02
   -.686841E-02
   -.641672E-02
   -.490960E-02
   -.312992E-02
   -.225467E-02
   -.145528E-02
   -.311608E-03
    .533969E-03
    .992786E-03
    .127510E-02
    .106830E-02
   -.324889E-04
   -.168263E-02
   -.325867E-02
   -.457800E-02
   -.617248E-02
   -.782984E-02
   -.784692E-02
   -.591130E-02
   -.369148E-02
   -.174985E-02
    .697174E-03
    .342734E-02
    .544240E-02
    .665855E-02
    .743914E-02
    .756249E-02
    .695724E-02
    .641544E-02
    .639498E-02
    .593919E-02
    .444176E-02
    .324243E-02
    .320216E-02
    .346612E-02
    .348022E-02
    .312402E-02
    .243390E-02
    .202948E-02
    .228011E-02
    .301060E-02
    .365293E-02
    .374699E-02
    .360802E-02
    .354825E-02
    .352863E-02
    .414671E-02
    .570767E-02
    .728093E-02
    .828773E-02
    .864212E-02
    .841192E-02
    .803128E-02
    .769480E-02
    .737929E-02
    .741401E-02
    .799267E-02
    .794727E-02
    .665050E-02
    .556778E-02
    .524887E-02
    .529485E-02
    .651618E-02
    .892739E-02
    .113142E-01
    .133253E-01
    .150323E-01
    .164501E-01
    .177190E-01
    .186832E-01
    .196916E-01
    .211022E-01
    .220484E-01
    .223105E-01
    .222004E-01
    .209586E-01
    .180138E-01
    .138766E-01
    .940951E-02
    .507948E-02
    .139152E-02
   -.170605E-02
   -.503164E-02
   -.826910E-02
   -.103453E-01
   -.114576E-01
   -.124688E-01
   -.132238E-01
   -.136086E-01
   -.140708E-01
   -.144633E-01
   -.143108E-01
   -.136517E-01
   -.128214E-01
   -.117342E-01
   -.103872E-01
   -.953275E-02
   -.929418E-02
   -.856436E-02
   -.708689E-02
   -.563240E-02
   -.410767E-02
   -.240479E-02
   -.113297E-02
   -.198371E-03
    .333443E-03
    .371077E-04
   -.427163E-03
   -.507899E-03
   -.515756E-03
   -.328810E-03
    .961465E-04
    .369210E-03
    .733151E-03
    .124355E-02
    .148374E-02
    .157787E-02
    .174839E-02
    .154245E-02
    .989301E-03
    .449315E-03
   -.737792E-03
   -.220501E-02
   -.258400E-02
   -.290548E-02
   -.433103E-02
   -.572772E-02
   -.706794E-02
   -.885464E-02
   -.104501E-01
   -.118428E-01
   -.132869E-01
   -.146149E-01
   -.158355E-01
   -.165002E-01
   -.158754E-01
   -.149157E-01
   -.145793E-01
   -.142088E-01
   -.137292E-01
   -.134107E-01
   -.128480E-01
   -.124527E-01
   -.130888E-01
   -.140223E-01
   -.143172E-01
   -.145057E-01
   -.144218E-01
   -.131730E-01
   -.115328E-01
   -.998327E-02
   -.749595E-02
   -.436877E-02
   -.159874E-02
    .120842E-02
    .427669E-02
    .690795E-02
    .899267E-02
    .107995E-01
    .122826E-01
    .132266E-01
    .132747E-01
    .131530E-01
    .136721E-01
    .137492E-01
    .125878E-01
    .109358E-01
    .920067E-02
    .754201E-02
    .655816E-02
    .635807E-02
    .645566E-02
    .639252E-02
    .592809E-02
    .514551E-02
    .443140E-02
    .358768E-02
    .259869E-02
    .215177E-02
    .219151E-02
    .235146E-02
    .274405E-02
    .303866E-02
    .251300E-02
    .174877E-02
    .139572E-02
    .755463E-03
    .227704E-03
    .700391E-03
    .160768E-02
    .271840E-02
    .388729E-02
    .482444E-02
    .550640E-02
    .566599E-02
    .585016E-02
    .609034E-02
    .613348E-02
    .688617E-02
    .799969E-02
    .799847E-02
    .657015E-02
    .433622E-02
    .204048E-02
    .249238E-05
   -.186371E-02
   -.353670E-02
   -.469103E-02
   -.538837E-02
   -.635955E-02
   -.730596E-02
   -.741362E-02
   -.693290E-02
   -.637180E-02
   -.610567E-02
   -.610868E-02
   -.597585E-02
   -.633590E-02
   -.751311E-02
   -.816923E-02
   -.810935E-02
   -.850001E-02
   -.980517E-02
   -.114188E-01
   -.127441E-01
   -.141113E-01
   -.153348E-01
   -.156778E-01
   -.151613E-01
   -.144511E-01
   -.138052E-01
   -.122904E-01
   -.980113E-02
   -.745508E-02
   -.505778E-02
   -.223011E-02
    .604311E-03
    .289576E-02
    .447583E-02
    .582992E-02
    .661863E-02
    .653881E-02
    .631986E-02
    .625346E-02
    .574690E-02
    .448447E-02
    .276642E-02
    .115731E-02
    .190152E-03
   -.786923E-03
   -.203418E-02
   -.187283E-02
   -.897021E-04
    .118186E-02
    .149042E-02
    .214187E-02
    .299454E-02
    .329227E-02
    .295229E-02
    .201034E-02
    .128830E-02
    .113620E-02
    .104943E-02
    .122277E-02
    .158030E-02
    .171320E-02
    .169369E-02
    .188060E-02
    .273671E-02
    .407069E-02
    .556750E-02
    .699470E-02
    .807757E-02
    .919107E-02
    .990397E-02
    .969804E-02
    .967098E-02
    .106033E-01
    .114921E-01
    .113740E-01
    .108018E-01
    .104238E-01
    .100263E-01
    .994610E-02
    .109316E-01
    .119154E-01
    .116482E-01
    .111061E-01
    .111739E-01
    .110722E-01
    .103992E-01
    .968742E-02
    .910290E-02
    .848460E-02
    .850545E-02
    .950457E-02
    .102880E-01
    .104311E-01
    .103584E-01
    .996726E-02
    .897760E-02
    .767786E-02
    .670534E-02
    .555262E-02
    .388384E-02
    .265578E-02
    .194480E-02
    .173253E-02
    .240114E-02
    .282049E-02
    .240168E-02
    .194112E-02
    .176144E-02
    .140249E-02
    .104795E-03
   -.204253E-02
   -.423561E-02
   -.613703E-02
   -.741625E-02
   -.817780E-02
   -.940766E-02
   -.110684E-01
   -.121515E-01
   -.121149E-01
   -.116844E-01
   -.117727E-01
   -.116792E-01
   -.110800E-01
   -.109228E-01
   -.111668E-01
   -.113680E-01
   -.117051E-01
   -.119519E-01
   -.119770E-01
   -.122314E-01
   -.118937E-01
   -.102326E-01
   -.861368E-02
   -.781109E-02
   -.738621E-02
   -.694179E-02
   -.619713E-02
   -.508883E-02
   -.421741E-02
   -.387909E-02
   -.317589E-02
   -.220118E-02
   -.227841E-02
   -.320830E-02
   -.372603E-02
   -.389736E-02
   -.406034E-02
   -.370098E-02
   -.236866E-02
   -.834062E-03
    .304429E-04
    .837250E-03
    .189996E-02
    .248228E-02
    .240111E-02
    .221231E-02
    .218843E-02
    .208032E-02
    .171521E-02
    .100211E-02
   -.200122E-03
   -.126175E-02
   -.179835E-02
   -.241856E-02
   -.272300E-02
   -.180771E-02
   -.391630E-03
    .441935E-03
    .792287E-03
    .132719E-02
    .179881E-02
    .131035E-02
    .331754E-03
   -.244162E-05
    .646352E-03
    .181772E-02
    .302085E-02
    .439006E-02
    .608400E-02
    .783159E-02
    .952923E-02
    .113414E-01
    .125748E-01
    .125024E-01
    .111997E-01
    .923732E-02
    .750999E-02
    .610450E-02
    .491441E-02
    .421210E-02
    .411329E-02
    .411351E-02
    .393705E-02
    .419712E-02
    .470582E-02
    .504564E-02
    .514751E-02
    .475605E-02
    .414871E-02
    .363613E-02
    .319024E-02
    .292284E-02
    .276235E-02
    .238096E-02
    .172190E-02
    .121693E-02
    .994932E-03
    .563237E-03
   -.494720E-03
   -.175194E-02
   -.230735E-02
   -.256890E-02
   -.301685E-02
   -.316000E-02
   -.305855E-02
   -.280793E-02
   -.301830E-02
   -.434343E-02
   -.547873E-02
   -.543601E-02
   -.528452E-02
   -.552710E-02
   -.521653E-02
   -.474292E-02
   -.454049E-02
   -.338213E-02
   -.245424E-02
   -.356137E-02
   -.529403E-02
   -.622250E-02
   -.697621E-02
   -.837439E-02
   -.970011E-02
   -.104227E-01
   -.109459E-01
   -.117140E-01
   -.129182E-01
   -.140328E-01
   -.147544E-01
   -.148118E-01
   -.135935E-01
   -.115954E-01
   -.104634E-01
   -.103564E-01
   -.956564E-02
   -.786529E-02
   -.656061E-02
   -.588938E-02
   -.518237E-02
   -.395738E-02
   -.243690E-02
   -.931317E-03
    .565953E-03
    .161690E-02
    .203217E-02
    .228643E-02
    .250902E-02
    .214275E-02
    .138304E-02
    .129266E-02
    .177519E-02
    .197153E-02
    .184101E-02
    .201690E-02
    .285250E-02
    .393041E-02
    .469738E-02
    .525346E-02
    .587962E-02
    .632113E-02
    .662657E-02
    .722990E-02
    .774609E-02
    .761162E-02
    .715276E-02
    .678192E-02
    .630784E-02
    .576460E-02
    .525938E-02
    .490962E-02
    .539145E-02
    .609901E-02
    .611540E-02
    .625081E-02
    .688862E-02
    .744233E-02
    .730945E-02
    .686281E-02
    .700779E-02
    .706473E-02
    .643165E-02
    .614000E-02
    .654294E-02
    .715275E-02
    .799609E-02
    .885794E-02
    .923818E-02
    .899502E-02
    .863877E-02
    .856329E-02
    .822733E-02
    .751347E-02
    .719913E-02
    .720733E-02
    .650775E-02
    .494002E-02
    .331207E-02
    .208735E-02
    .984206E-03
   -.366352E-03
   -.179192E-02
   -.287230E-02
   -.373850E-02
   -.484751E-02
   -.617981E-02
   -.761106E-02
   -.894529E-02
   -.100990E-01
   -.112388E-01
   -.117495E-01
   -.116094E-01
   -.113830E-01
   -.104726E-01
   -.884422E-02
   -.730401E-02
   -.607628E-02
   -.516417E-02
   -.465973E-02
   -.501310E-02
   -.608153E-02
   -.644546E-02
   -.563220E-02
   -.480609E-02
   -.476408E-02
   -.511919E-02
   -.490524E-02
   -.393308E-02
   -.284356E-02
   -.199831E-02
   -.155371E-02
   -.124351E-02
   -.821292E-03
   -.111386E-02
   -.257206E-02
   -.425259E-02
   -.577591E-02
   -.740562E-02
   -.891191E-02
   -.100113E-01
   -.104521E-01
   -.102033E-01
   -.945500E-02
   -.810744E-02
   -.614531E-02
   -.388352E-02
   -.172768E-02
   -.140323E-03
    .912520E-03
    .218436E-02
    .414025E-02
    .640308E-02
    .811952E-02
    .873343E-02
    .872435E-02
    .879757E-02
    .881164E-02
    .843093E-02
    .745950E-02
    .574056E-02
    .387001E-02
    .276238E-02
    .209807E-02
    .911366E-03
   -.579310E-03
   -.141036E-02
   -.139601E-02
   -.106662E-02
   -.557875E-03
    .542105E-03
    .233881E-02
    .435869E-02
    .596661E-02
    .663858E-02
    .637730E-02
    .570103E-02
    .530673E-02
    .526618E-02
    .568621E-02
    .710554E-02
    .857546E-02
    .938230E-02
    .100300E-01
    .102363E-01
    .982125E-02
    .922644E-02
    .849481E-02
    .741198E-02
    .614838E-02
    .491610E-02
    .340511E-02
    .191045E-02
    .130815E-02
    .140042E-02
    .111260E-02
   -.101004E-03
   -.154526E-02
   -.231566E-02
   -.294485E-02
   -.401955E-02
   -.518174E-02
   -.653191E-02
   -.788995E-02
   -.885369E-02
   -.100047E-01
   -.113142E-01
   -.119830E-01
   -.123834E-01
   -.125506E-01
   -.119595E-01
   -.112705E-01
   -.106546E-01
   -.918537E-02
   -.684902E-02
   -.501014E-02
   -.411700E-02
   -.307630E-02
   -.207228E-02
   -.211481E-02
   -.271136E-02
   -.302961E-02
   -.243261E-02
   -.846683E-03
    .514462E-03
    .120490E-02
    .170426E-02
    .179329E-02
    .131908E-02
    .414523E-03
   -.799331E-03
   -.146703E-02
   -.148953E-02
   -.214080E-02
   -.373654E-02
   -.497530E-02
   -.529723E-02
   -.575058E-02
   -.644289E-02
   -.640765E-02
   -.541468E-02
   -.456651E-02
   -.413111E-02
   -.320662E-02
   -.220340E-02
   -.136062E-02
   -.359625E-03
    .580510E-03
    .133452E-02
    .200092E-02
    .277169E-02
    .330433E-02
    .350338E-02
    .425298E-02
    .564807E-02
    .671272E-02
    .713219E-02
    .783147E-02
    .940466E-02
    .104878E-01
    .103273E-01
    .101622E-01
    .100513E-01
    .935724E-02
    .845599E-02
    .765876E-02
    .688701E-02
    .639845E-02
    .656919E-02
    .679161E-02
    .620317E-02
    .541451E-02
    .592066E-02
    .697663E-02
    .670826E-02
    .631308E-02
    .702994E-02
    .760595E-02
    .760011E-02
    .761166E-02
    .776898E-02
    .785296E-02
    .762935E-02
    .725594E-02
    .672819E-02
    .593604E-02
    .542279E-02
    .503877E-02
    .400994E-02
    .261479E-02
    .178998E-02
    .162562E-02
    .967351E-03
   -.583630E-03
   -.195749E-02
   -.287985E-02
   -.399193E-02
   -.519765E-02
   -.607018E-02
   -.680811E-02
   -.779531E-02
   -.861995E-02
   -.864079E-02
   -.819115E-02
   -.789600E-02
   -.761721E-02
   -.695851E-02
   -.615388E-02
   -.522816E-02
   -.412960E-02
   -.331736E-02
   -.257483E-02
   -.190358E-02
   -.184882E-02
   -.183156E-02
   -.124535E-02
   -.618133E-03
   -.296885E-03
   -.157220E-03
   -.209657E-03
   -.726875E-03
   -.158292E-02
   -.211801E-02
   -.252093E-02
   -.333464E-02
   -.404771E-02
   -.395583E-02
   -.328770E-02
   -.273248E-02
   -.233763E-02
   -.193144E-02
   -.183613E-02
   -.229086E-02
   -.313814E-02
   -.385073E-02
   -.419463E-02
   -.437328E-02
   -.431400E-02
   -.417042E-02
   -.426927E-02
   -.453194E-02
   -.483654E-02
   -.523879E-02
   -.547793E-02
   -.509079E-02
   -.440804E-02
   -.390762E-02
   -.353069E-02
   -.301086E-02
   -.244783E-02
   -.233142E-02
   -.239910E-02
   -.213380E-02
   -.185932E-02
   -.169230E-02
   -.130824E-02
   -.569391E-03
    .678134E-03
    .231754E-02
    .407294E-02
    .538253E-02
    .599171E-02
    .661507E-02
    .765954E-02
    .872056E-02
    .941493E-02
    .985521E-02
    .100859E-01
    .997944E-02
    .964475E-02
    .927223E-02
    .914954E-02
    .968268E-02
    .107060E-01
    .111599E-01
    .104794E-01
    .940881E-02
    .854507E-02
    .772923E-02
    .689838E-02
    .601866E-02
    .480569E-02
    .320169E-02
    .133949E-02
   -.745832E-03
   -.255189E-02
   -.361316E-02
   -.462672E-02
   -.600032E-02
   -.717586E-02
   -.807188E-02
   -.872399E-02
   -.884142E-02
   -.840583E-02
   -.752943E-02
   -.616041E-02
   -.467886E-02
   -.338673E-02
   -.175204E-02
   -.116213E-03
    .427191E-03
    .193141E-03
    .140882E-03
    .432933E-04
   -.683226E-03
   -.139781E-02
   -.127793E-02
   -.103506E-02
   -.165674E-02
   -.250382E-02
   -.266645E-02
   -.245492E-02
   -.236109E-02
   -.234585E-02
   -.224834E-02
   -.209344E-02
   -.199644E-02
   -.195474E-02
   -.189749E-02
   -.180265E-02
   -.188928E-02
   -.224374E-02
   -.225368E-02
   -.173405E-02
   -.144030E-02
   -.131867E-02
   -.471504E-03
    .921053E-03
    .220145E-02
    .326833E-02
    .385566E-02
    .399301E-02
    .416245E-02
    .420857E-02
    .373510E-02
    .321603E-02
    .299601E-02
    .260072E-02
    .187334E-02
    .121331E-02
    .113509E-02
    .151286E-02
    .176644E-02
    .151084E-02
    .706247E-03
   -.115686E-03
   -.713229E-03
   -.149179E-02
   -.281936E-02
   -.398579E-02
   -.414810E-02
   -.407140E-02
   -.415604E-02
   -.393999E-02
   -.344667E-02
   -.222283E-02
   -.576756E-03
    .220252E-03
    .561053E-03
    .994008E-03
    .679515E-03
   -.222724E-03
   -.743142E-03
   -.117723E-02
   -.181073E-02
   -.231074E-02
   -.258356E-02
   -.256620E-02
   -.237311E-02
   -.229563E-02
   -.280388E-02
   -.365381E-02
   -.360257E-02
   -.281959E-02
   -.251259E-02
   -.296869E-02
   -.323867E-02
   -.232962E-02
   -.128826E-02
   -.119101E-02
   -.690674E-03
    .852140E-03
    .187182E-02
    .236963E-02
    .343413E-02
    .457375E-02
    .498275E-02
    .487240E-02
    .519782E-02
    .593101E-02
    .610191E-02
    .581008E-02
    .542702E-02
    .451207E-02
    .304923E-02
    .168171E-02
    .558060E-03
   -.832945E-03
   -.205396E-02
   -.241558E-02
   -.271628E-02
   -.339057E-02
   -.386085E-02
   -.410176E-02
   -.463065E-02
   -.533726E-02
   -.585324E-02
   -.629752E-02
   -.639860E-02
   -.626414E-02
   -.662663E-02
   -.644061E-02
   -.484825E-02
   -.310237E-02
   -.173369E-02
   -.435770E-03
    .985465E-03
    .202452E-02
    .201210E-02
    .174540E-02
    .163845E-02
    .119472E-02
    .786649E-03
    .519248E-03
   -.253149E-03
   -.161114E-02
   -.305626E-02
   -.402713E-02
   -.473013E-02
   -.526067E-02
   -.519718E-02
   -.443458E-02
   -.349865E-02
   -.347112E-02
   -.406106E-02
   -.406657E-02
   -.342741E-02
   -.293591E-02
   -.272757E-02
   -.274629E-02
   -.321440E-02
   -.315591E-02
   -.212213E-02
   -.121845E-02
   -.716865E-03
   -.174561E-03
    .140896E-03
    .538454E-03
    .184577E-02
    .309190E-02
    .382527E-02
    .477021E-02
    .514565E-02
    .480693E-02
    .457342E-02
    .431772E-02
    .372694E-02
    .317682E-02
    .310883E-02
    .295908E-02
    .231795E-02
    .201882E-02
    .291171E-02
    .432311E-02
    .514635E-02
    .577412E-02
    .620334E-02
    .588228E-02
    .529432E-02
    .455857E-02
    .374324E-02
    .339713E-02
    .338565E-02
    .346276E-02
    .357431E-02
    .341757E-02
    .347735E-02
    .407483E-02
    .390362E-02
    .272126E-02
    .205782E-02
    .209742E-02
    .149584E-02
    .513414E-04
   -.933304E-03
   -.987431E-03
   -.529126E-03
    .377212E-03
    .129577E-02
    .179223E-02
    .214965E-02
    .227414E-02
    .193488E-02
    .159138E-02
    .163327E-02
    .198739E-02
    .237187E-02
    .237854E-02
    .195636E-02
    .167642E-02
    .191444E-02
    .213783E-02
    .188465E-02
    .146930E-02
    .113733E-02
    .880790E-03
    .508221E-03
   -.710624E-04
   -.798981E-03
   -.161551E-02
   -.249290E-02
   -.333580E-02
   -.394259E-02
   -.463967E-02
   -.548895E-02
   -.611515E-02
   -.661915E-02
   -.696482E-02
   -.713559E-02
   -.763914E-02
   -.845175E-02
   -.872886E-02
   -.776084E-02
   -.609245E-02
   -.506512E-02
   -.473453E-02
   -.401602E-02
   -.285405E-02
   -.205143E-02
   -.174736E-02
   -.137284E-02
   -.720429E-03
   -.406087E-03
   -.385114E-03
   -.787586E-04
    .154525E-03
    .384275E-03
    .918307E-03
    .854064E-03
   -.182748E-04
   -.287510E-03
    .383903E-03
    .442235E-03
   -.398738E-03
   -.874806E-03
   -.824403E-03
   -.952250E-03
   -.145101E-02
   -.167086E-02
   -.998493E-03
   -.105819E-03
    .971220E-03
    .270261E-02
    .431526E-02
    .541768E-02
    .606861E-02
    .603001E-02
    .553385E-02
    .504956E-02
    .401232E-02
    .246064E-02
    .163621E-02
    .140664E-02
    .918501E-03
    .187085E-03
   -.406681E-03
   -.553555E-03
   -.106678E-03
    .798975E-03
    .190454E-02
    .258923E-02
    .290749E-02
    .405005E-02
    .526636E-02
    .513428E-02
    .481707E-02
    .484408E-02
    .433240E-02
    .374307E-02
    .362715E-02
    .356034E-02
    .314656E-02
    .267393E-02
    .271678E-02
    .310019E-02
    .333542E-02
    .321410E-02
    .279583E-02
    .265803E-02
    .299962E-02
    .301374E-02
    .240745E-02
    .193077E-02
    .178965E-02
    .185916E-02
    .235814E-02
    .292073E-02
    .313727E-02
    .294945E-02
    .206431E-02
    .112976E-02
    .977946E-03
    .894111E-03
    .558920E-03
    .195869E-03
   -.398005E-03
   -.692901E-03
   -.211212E-03
    .118354E-03
   -.527165E-03
   -.134042E-02
   -.166060E-02
   -.196394E-02
   -.258190E-02
   -.361128E-02
   -.474528E-02
   -.543180E-02
   -.621428E-02
   -.728324E-02
   -.796641E-02
   -.868286E-02
   -.947816E-02
   -.950540E-02
   -.899960E-02
   -.852791E-02
   -.789216E-02
   -.665350E-02
   -.516727E-02
   -.444659E-02
   -.439260E-02
   -.425224E-02
   -.399719E-02
   -.423736E-02
   -.525292E-02
   -.609220E-02
   -.616440E-02
   -.603533E-02
   -.587747E-02
   -.543603E-02
   -.483287E-02
   -.459662E-02
   -.474296E-02
   -.393952E-02
   -.195301E-02
   -.642477E-03
   -.440618E-04
    .970380E-03
    .182824E-02
    .228602E-02
    .259811E-02
    .241790E-02
    .217394E-02
    .241362E-02
    .250859E-02
    .234452E-02
    .241187E-02
    .232798E-02
    .210814E-02
    .244349E-02
    .276306E-02
    .227569E-02
    .187047E-02
    .155377E-02
    .274077E-03
   -.111669E-02
   -.146073E-02
   -.128374E-02
   -.126666E-02
   -.104564E-02
   -.571601E-03
   -.389228E-03
   -.316744E-03
    .256266E-03
    .142714E-02
    .253743E-02
    .333755E-02
    .436073E-02
    .533597E-02
    .589223E-02
    .636582E-02
    .677029E-02
    .696310E-02
    .682849E-02
    .624073E-02
    .558162E-02
    .500775E-02
    .433603E-02
    .379282E-02
    .352160E-02
    .347791E-02
    .339285E-02
    .332897E-02
    .367879E-02
    .390558E-02
    .375897E-02
    .376303E-02
    .354528E-02
    .279523E-02
    .215299E-02
    .212707E-02
    .226586E-02
    .190675E-02
    .134487E-02
    .618816E-03
   -.334044E-03
   -.641378E-03
   -.513599E-03
   -.334675E-03
    .468909E-03
    .122881E-02
    .168734E-02
    .264222E-02
    .378997E-02
    .466238E-02
    .523977E-02
    .544684E-02
    .532780E-02
    .471264E-02
    .384100E-02
    .330259E-02
    .264463E-02
    .186559E-02
    .201827E-02
    .275944E-02
    .259303E-02
    .149592E-02
    .819707E-03
    .565320E-03
   -.397105E-03
   -.187240E-02
   -.260735E-02
   -.255753E-02
   -.309406E-02
   -.428841E-02
   -.481232E-02
   -.475604E-02
   -.507316E-02
   -.517657E-02
   -.454533E-02
   -.408081E-02
   -.373333E-02
   -.291140E-02
   -.201996E-02
   -.137852E-02
   -.107964E-02
   -.111886E-02
   -.118892E-02
   -.117443E-02
   -.117325E-02
   -.120080E-02
   -.116669E-02
   -.126169E-02
   -.169761E-02
   -.217795E-02
   -.257645E-02
   -.296338E-02
   -.338024E-02
   -.342575E-02
   -.279701E-02
   -.270950E-02
   -.356963E-02
   -.380421E-02
   -.314443E-02
   -.296719E-02
   -.331160E-02
   -.333127E-02
   -.311657E-02
   -.297146E-02
   -.303395E-02
   -.326010E-02
   -.332530E-02
   -.306457E-02
   -.213691E-02
   -.670510E-03
    .242700E-03
    .143997E-03
   -.105310E-03
    .133570E-03
    .356663E-03
    .267343E-03
    .188646E-03
    .196735E-03
    .230173E-04
   -.439139E-03
   -.106629E-02
   -.195117E-02
   -.294642E-02
   -.371683E-02
   -.437958E-02
   -.484290E-02
   -.488386E-02
   -.500306E-02
   -.519910E-02
   -.491173E-02
   -.452276E-02
   -.433389E-02
   -.407393E-02
   -.361807E-02
   -.318031E-02
   -.298684E-02
   -.287534E-02
   -.267743E-02
   -.258247E-02
   -.280671E-02
   -.313898E-02
   -.342744E-02
   -.374804E-02
   -.361779E-02
   -.296176E-02
   -.272852E-02
   -.301976E-02
   -.327921E-02
   -.319544E-02
   -.261374E-02
   -.225272E-02
   -.232228E-02
   -.182919E-02
   -.915953E-03
   -.604010E-03
   -.881626E-03
   -.954875E-03
   -.396641E-03
    .654384E-03
    .178023E-02
    .279495E-02
    .358642E-02
    .394538E-02
    .418573E-02
    .463381E-02
    .528232E-02
    .576148E-02
    .588832E-02
    .595961E-02
    .560982E-02
    .455956E-02
    .345831E-02
    .231765E-02
    .878671E-03
   -.205363E-03
   -.853536E-03
   -.167937E-02
   -.243044E-02
   -.241910E-02
   -.155274E-02
   -.271679E-03
    .747191E-03
    .163390E-02
    .271254E-02
    .354890E-02
    .448888E-02
    .585145E-02
    .651284E-02
    .600765E-02
    .542481E-02
    .531283E-02
    .524842E-02
    .504769E-02
    .486172E-02
    .474139E-02
    .465119E-02
    .437753E-02
    .394237E-02
    .366617E-02
    .349854E-02
    .355362E-02
    .382609E-02
    .388903E-02
    .355107E-02
    .315766E-02
    .307031E-02
    .283516E-02
    .255004E-02
    .272459E-02
    .315802E-02
    .371760E-02
    .415563E-02
    .433479E-02
    .451961E-02
    .434813E-02
    .377389E-02
    .346940E-02
    .321771E-02
    .285985E-02
    .263853E-02
    .208331E-02
    .117561E-02
    .722217E-03
    .762832E-03
    .777517E-03
    .700758E-03
    .607746E-03
    .467386E-03
    .452115E-03
    .656060E-03
    .623334E-03
    .263557E-03
    .642126E-04
    .251893E-03
    .618774E-03
    .568502E-03
    .241285E-03
    .170682E-03
    .239281E-05
   -.278197E-03
   -.342149E-03
   -.324296E-03
   -.317163E-03
   -.440320E-03
   -.865511E-03
   -.127934E-02
   -.177733E-02
   -.269926E-02
   -.355061E-02
   -.411902E-02
   -.471172E-02
   -.552335E-02
   -.610103E-02
   -.582953E-02
   -.517862E-02
   -.505648E-02
   -.549852E-02
   -.547677E-02
   -.470704E-02
   -.426323E-02
   -.415662E-02
   -.348595E-02
   -.262342E-02
   -.197419E-02
   -.120448E-02
   -.741379E-03
   -.635331E-03
   -.124080E-04
    .645554E-03
    .205636E-03
   -.631926E-03
   -.726030E-03
   -.560191E-03
   -.826564E-03
   -.107107E-02
   -.104091E-02
   -.157300E-02
   -.265828E-02
   -.305551E-02
   -.276758E-02
   -.293568E-02
   -.364191E-02
   -.427293E-02
   -.472423E-02
   -.481256E-02
   -.452591E-02
   -.426894E-02
   -.411220E-02
   -.396599E-02
   -.379972E-02
   -.300566E-02
   -.140560E-02
   -.392846E-03
   -.209449E-03
    .518602E-03
    .155486E-02
    .209893E-02
    .193169E-02
    .896739E-03
    .183116E-04
   -.118756E-03
   -.149168E-03
   -.435091E-03
   -.835502E-03
   -.123402E-02
   -.182150E-02
   -.237812E-02
   -.240507E-02
   -.196191E-02
   -.132059E-02
   -.646920E-03
   -.997883E-04
    .280289E-03
    .773477E-03
    .121675E-02
    .783485E-03
    .162315E-03
    .716829E-03
    .167325E-02
    .185437E-02
    .168764E-02
    .174078E-02
    .176477E-02
    .208201E-02
    .344501E-02
    .451588E-02
    .407931E-02
    .376311E-02
    .426245E-02
    .467467E-02
    .514959E-02
    .538169E-02
    .463212E-02
    .394373E-02
    .401098E-02
    .387920E-02
    .343239E-02
    .319429E-02
    .338223E-02
    .399841E-02
    .449394E-02
    .467005E-02
    .490842E-02
    .518646E-02
    .510482E-02
    .486327E-02
    .495209E-02
    .527864E-02
    .550621E-02
    .525117E-02
    .464624E-02
    .474461E-02
    .528335E-02
    .519576E-02
    .513942E-02
    .516820E-02
    .436884E-02
    .339021E-02
    .294040E-02
    .232075E-02
    .108522E-02
   -.357691E-03
   -.155124E-02
   -.265404E-02
   -.383840E-02
   -.467916E-02
   -.526886E-02
   -.566087E-02
   -.590932E-02
   -.641224E-02
   -.664636E-02
   -.636511E-02
   -.611506E-02
   -.587324E-02
   -.508103E-02
   -.412023E-02
   -.382229E-02
   -.350103E-02
   -.258847E-02
   -.181785E-02
   -.161403E-02
   -.134177E-02
   -.666869E-03
   -.455776E-03
   -.785809E-03
   -.120201E-02
   -.186521E-02
   -.233123E-02
   -.223996E-02
   -.204431E-02
   -.200378E-02
   -.200488E-02
   -.198042E-02
   -.195512E-02
   -.194705E-02
   -.191546E-02
   -.146502E-02
   -.248504E-03
    .950964E-03
    .121735E-02
    .116686E-02
    .137492E-02
    .126970E-02
    .896608E-03
    .862627E-03
    .774008E-03
   -.372870E-03
   -.147261E-02
   -.877947E-03
   -.316096E-03
   -.119580E-02
   -.201616E-02
   -.174895E-02
   -.104351E-02
   -.919727E-03
   -.139495E-02
   -.162507E-02
   -.124734E-02
   -.671190E-03
   -.390806E-03
   -.542603E-03
   -.872608E-03
   -.103254E-02
   -.146120E-02
   -.261085E-02
   -.353912E-02
   -.345614E-02
   -.368608E-02
   -.475493E-02
   -.449712E-02
   -.293859E-02
   -.231229E-02
   -.244583E-02
   -.194586E-02
   -.763445E-03
    .314246E-03
    .775334E-03
    .610376E-03
    .449900E-03
    .609838E-03
    .611398E-03
    .480005E-03
    .453670E-03
    .629736E-03
    .560517E-03
    .132345E-03
    .370293E-03
    .941590E-03
    .108723E-02
    .147251E-02
    .212881E-02
    .263549E-02
    .307423E-02
    .314494E-02
    .288721E-02
    .252880E-02
    .181902E-02
    .107083E-02
    .703867E-03
    .519477E-03
    .453679E-03
    .325117E-03
    .513857E-04
   -.461951E-04
    .214587E-05
    .105210E-04
   -.105001E-04
   -.100006E-04
   -.349012E-05
   -.696456E-05
    .301868E-04
   -.212912E-05
   -.602640E-03
   -.164962E-02
   -.232655E-02
   -.250439E-02
   -.245626E-02
   -.237288E-02
   -.220242E-02
   -.160708E-02
   -.753263E-03
    .766595E-04
    .727514E-03
    .914388E-03
    .798365E-03
    .756761E-03
    .787150E-03
    .774421E-03
    .773666E-03
    .639826E-03
    .127018E-03
   -.233935E-03
   -.208223E-03
   -.849855E-04
    .200901E-04
   -.444230E-03
   -.103227E-02
   -.995219E-03
   -.109516E-02
   -.162350E-02
   -.190604E-02
   -.180022E-02
   -.167386E-02
   -.163408E-02
   -.151838E-02
   -.136302E-02
   -.146457E-02
   -.160446E-02
   -.134529E-02
   -.102954E-02
   -.801951E-03
   -.331623E-04
    .107406E-02
    .150292E-02
    .119222E-02
    .521092E-03
    .755452E-04
    .116087E-03
    .129326E-03
    .290794E-03
    .775279E-03
    .141500E-02
    .196157E-02
    .207455E-02
    .198090E-02
    .194210E-02
    .190234E-02
    .215404E-02
    .278139E-02
    .314482E-02
    .320760E-02
    .317457E-02
    .281043E-02
    .264883E-02
    .328064E-02
    .346095E-02
    .241451E-02
    .179516E-02
    .203890E-02
    .219712E-02
    .252518E-02
    .302851E-02
    .309956E-02
    .288602E-02
    .273568E-02
    .260113E-02
    .242968E-02
    .228597E-02
    .213236E-02
    .178973E-02
    .152141E-02
    .164580E-02
    .174104E-02
    .157248E-02
    .143593E-02
    .134241E-02
    .899139E-03
    .426974E-03
    .352359E-03
    .410761E-03
    .685583E-03
    .600842E-03
   -.244744E-03
   -.574557E-03
    .169582E-03
    .330903E-03
   -.987197E-03
   -.205573E-02
   -.196655E-02
   -.169528E-02
   -.173167E-02
   -.212761E-02
   -.268600E-02
   -.265094E-02
   -.217293E-02
   -.185906E-02
   -.171029E-02
   -.167650E-02
   -.151448E-02
   -.126321E-02
   -.118615E-02
   -.124460E-02
   -.144722E-02
   -.180259E-02
   -.213255E-02
   -.219421E-02
   -.212437E-02
   -.241524E-02
   -.294305E-02
   -.305972E-02
   -.282370E-02
   -.265834E-02
   -.259348E-02
   -.242524E-02
   -.193041E-02
   -.157741E-02
   -.186087E-02
   -.200337E-02
   -.165741E-02
   -.122135E-02
   -.574597E-03
    .111265E-03
    .493004E-03
    .600042E-03
    .586693E-03
    .570102E-03
    .449303E-03
    .571342E-03
    .126136E-02
    .152641E-02
    .869243E-03
    .317495E-03
    .342612E-03
    .440131E-03
    .412191E-03
    .338018E-03
    .195288E-04
   -.516050E-03
   -.104631E-02
   -.145845E-02
   -.152412E-02
   -.142380E-02
   -.149051E-02
   -.155962E-02
   -.146070E-02
   -.107314E-02
   -.168074E-03
    .915352E-03
    .157491E-02
    .186751E-02
    .193000E-02
    .203540E-02
    .247202E-02
    .263903E-02
    .225604E-02
    .188175E-02
    .162296E-02
    .138353E-02
    .139859E-02
    .137855E-02
    .106303E-02
    .984835E-03
    .113334E-02
    .110305E-02
    .986295E-03
    .948406E-03
    .888657E-03
    .541361E-03
    .627428E-04
   -.184564E-03
   -.358931E-03
   -.639978E-03
   -.926707E-03
   -.110531E-02
   -.113761E-02
   -.127360E-02
   -.173115E-02
   -.198616E-02
   -.154776E-02
   -.103093E-02
   -.948687E-03
   -.988890E-03
   -.933087E-03
   -.691646E-03
   -.327966E-03
   -.110552E-03
    .216739E-04
    .131261E-03
    .153258E-03
    .162954E-03
    .200028E-03
    .230344E-03
    .241706E-03
    .261227E-03
    .273724E-03
    .269440E-03
    .277583E-03
    .286409E-03
    .284943E-03
    .387231E-03
    .417631E-03
    .122093E-03
   -.303670E-04
    .217697E-03
    .347813E-03
    .642023E-04
   -.297883E-03
   -.368054E-03
   -.277076E-03
   -.235838E-03
   -.231018E-03
   -.178978E-03
    .592629E-04
    .443291E-03
    .662096E-03
    .634370E-03
    .586429E-03
    .538277E-03
    .430131E-03
    .378194E-03
    .410077E-03
    .390532E-03
    .160156E-03
   -.139888E-03
   -.309958E-03
   -.533658E-03
   -.894897E-03
   -.108282E-02
   -.937156E-03
   -.786470E-03
   -.906828E-03
   -.114403E-02
   -.113955E-02
   -.944285E-03
   -.867558E-03
   -.696316E-03
   -.337701E-03
   -.134378E-03
   -.105481E-03
   -.893375E-04
    .752829E-04
    .542249E-03
    .963312E-03
    .103160E-02
    .111227E-02
    .133323E-02
    .141340E-02
    .142636E-02
    .149122E-02
    .152075E-02
    .149097E-02
    .141321E-02
    .133234E-02
    .118723E-02
    .896868E-03
    .669728E-03
    .603944E-03
    .514962E-03
    .343051E-03
    .189192E-03
    .133975E-03
    .151760E-03
    .104876E-03
   -.941823E-04
   -.362192E-03
   -.469102E-03
   -.297383E-03
   -.949865E-04
   -.659526E-04
   -.754907E-04
    .554933E-04
    .247824E-03
    .302951E-03
    .261015E-03
    .248842E-03
    .252988E-03
    .235492E-03
    .243265E-03
    .329760E-03
    .407064E-03
    .349979E-03
    .226727E-03
    .142300E-03
    .105667E-03
    .139014E-03
    .186989E-03
    .166320E-03
    .205022E-03
    .377833E-03
    .487690E-03
    .474127E-03
    .440938E-03
    .426796E-03
    .420334E-03
    .421984E-03
    .465213E-03
    .481643E-03
    .411615E-03
    .320535E-03
    .255649E-03
    .202798E-03
    .117968E-03
    .338622E-04
    .393170E-05
   -.701763E-04
   -.219678E-03
   -.315807E-03
   -.330157E-03
   -.342739E-03
   -.365386E-03
   -.356620E-03
   -.347212E-03
   -.379734E-03
   -.394922E-03
   -.372898E-03
   -.369263E-03
   -.381363E-03
   -.387234E-03
   -.393329E-03
   -.400322E-03
   -.403655E-03
   -.402002E-03
   -.409599E-03
   -.430938E-03
   -.439720E-03
   -.429607E-03
   -.451498E-03
   -.500427E-03
   -.493534E-03
   -.449826E-03
   -.429015E-03
   -.419475E-03
   -.405271E-03
   -.390846E-03
   -.371610E-03
   -.333634E-03
   -.302457E-03
   -.298248E-03
   -.300323E-03
   -.301773E-03
   -.298242E-03
   -.285127E-03
   -.271232E-03
   -.259357E-03
   -.249119E-03
   -.234767E-03
   -.200164E-03
   -.164368E-03
   -.159860E-03
   -.160534E-03
   -.144698E-03
   -.135942E-03
   -.144101E-03
   -.155303E-03
   -.156780E-03
   -.148170E-03
   -.154304E-03
   -.176727E-03
   -.175288E-03
   -.154603E-03
   -.145658E-03
   -.135538E-03
   -.111335E-03
   -.866545E-04
   -.651762E-04
   -.392016E-04
   -.165557E-04
   -.322469E-05
    .117295E-04
    .264530E-04
    .326901E-04
    .405790E-04
    .553002E-04
    .659772E-04
    .699833E-04
    .727852E-04
    .728274E-04
    .722899E-04
    .774298E-04
    .826879E-04
    .819447E-04
    .775912E-04
    .729334E-04
    .699033E-04
    .674660E-04
    .658828E-04
    .670900E-04
    .693249E-04
    .703900E-04
    .709318E-04
    .716043E-04
    .719231E-04
    .713221E-04
    .698741E-04
    .676300E-04
    .645104E-04
    .606746E-04
    .562737E-04
    .514010E-04
    .460498E-04
