    .0041279
    .0040910
    .0041216
    .0041280
    .0041247
    .0041343
    .0041245
    .0041363
    .0041244
    .0041380
    .0041236
    .0041407
    .0041219
    .0041427
    .0041206
    .0041396
    .0041228
    .0041303
    .0041272
    .0041209
    .0041034
    .0041346
    .0041270
    .0041739
    .0040809
    .0039656
    .0040710
    .0041613
    .0041332
    .0041331
    .0041237
    .0041261
    .0041231
    .0041252
    .0041235
    .0041239
    .0041256
    .0041246
    .0041303
    .0041260
    .0041323
    .0041259
    .0041295
    .0041214
    .0041308
    .0041211
    .0041302
    .0041196
    .0041267
    .0041172
    .0041294
    .0041203
    .0041264
    .0041238
    .0041249
    .0041226
    .0041152
    .0041302
    .0041185
    .0041280
    .0041163
    .0041223
    .0041173
    .0041301
    .0041155
    .0041293
    .0041158
    .0041228
    .0041143
    .0041277
    .0041122
    .0041245
    .0041114
    .0041247
    .0041139
    .0041232
    .0041129
    .0041228
    .0041069
    .0041243
    .0041117
    .0041237
    .0041131
    .0041205
    .0041040
    .0041217
    .0040856
    .0041295
    .0041033
    .0041245
    .0040990
    .0041203
    .0041007
    .0041205
    .0040992
    .0041185
    .0040989
    .0041181
    .0041103
    .0041246
    .0041044
    .0041278
    .0041187
    .0041166
    .0041055
    .0041287
    .0041173
    .0041284
    .0041175
    .0041223
    .0041241
    .0041279
    .0041271
    .0041360
    .0041286
    .0041459
    .0041691
    .0041666
    .0042149
    .0041474
    .0041759
    .0041100
    .0041713
    .0041091
    .0041521
    .0041040
    .0041617
    .0041025
    .0041592
    .0041107
    .0041681
    .0040963
    .0041529
    .0040978
    .0041534
    .0040914
    .0041714
    .0040979
    .0041479
    .0041026
    .0041761
    .0041149
    .0041669
    .0040810
    .0037400
    .0041065
    .0041566
    .0041080
    .0041700
    .0040791
    .0040582
    .0040791
    .0040425
    .0040653
    .0040453
    .0040717
    .0040848
    .0040850
    .0040819
    .0040779
    .0040868
    .0040922
    .0041084
    .0040933
    .0041144
    .0041015
    .0041106
    .0041240
    .0041309
    .0041087
    .0039947
    .0041256
    .0041258
    .0041515
    .0041469
    .0041449
    .0040795
    .0039065
    .0039737
    .0040998
    .0041199
    .0041855
    .0041066
    .0041344
    .0040664
    .0040435
    .0040801
    .0040353
    .0040607
    .0040615
    .0040849
    .0040723
    .0040616
    .0040812
    .0040772
    .0040955
    .0040905
    .0041049
    .0040788
    .0040945
    .0040747
    .0040614
    .0040867
    .0040401
    .0040589
    .0040297
    .0040746
    .0040283
    .0040799
    .0040423
    .0040542
    .0040467
    .0040707
    .0040824
    .0040892
    .0040793
    .0040955
    .0041162
    .0040965
    .0041133
    .0041170
    .0041045
    .0040944
    .0041028
    .0041198
    .0041354
    .0041117
    .0041308
    .0041571
    .0041487
    .0041497
    .0038973
    .0041726
    .0041472
    .0041897
    .0041775
    .0041568
    .0040614
    .0038519
    .0039367
    .0041441
    .0041697
    .0042865
    .0041565
    .0041675
    .0040770
    .0039824
    .0040318
    .0039566
    .0040693
    .0039773
    .0040586
    .0039831
    .0040621
    .0039774
    .0040409
    .0040070
    .0040391
    .0040018
    .0040720
    .0040590
    .0040703
    .0040714
    .0040856
    .0040457
    .0040606
    .0040503
    .0040595
    .0040236
    .0040560
    .0040665
    .0040725
    .0040677
    .0040864
    .0040897
    .0040762
    .0040749
    .0040734
    .0041053
    .0041011
    .0041060
    .0041063
    .0041238
    .0040957
    .0041134
    .0041408
    .0041443
    .0041270
    .0041489
    .0041521
    .0041682
    .0041963
    .0041584
    .0041922
    .0041702
    .0042336
    .0041971
    .0042206
    .0040981
    .0038361
    .0041062
    .0043381
    .0041188
    .0039781
    .0040640
    .0039914
    .0040679
    .0040196
    .0040861
    .0028967
    .0041049
    .0040809
    .0041006
    .0040568
    .0040860
    .0040679
    .0040737
    .0040839
    .0041145
    .0040981
    .0041169
    .0040926
    .0040678
    .0040920
    .0041216
    .0041299
    .0041196
    .0041014
    .0041151
    .0041105
    .0041012
    .0041076
    .0041060
    .0040984
    .0041117
    .0041343
    .0041347
    .0041454
    .0041568
    .0041496
    .0041518
    .0041382
    .0041528
    .0041529
    .0041586
    .0041465
    .0041760
    .0041713
    .0041720
    .0041633
    .0041782
    .0041805
    .0042031
    .0041776
    .0042371
    .0041718
    .0042619
    .0042171
    .0043112
    .0042167
    .0042983
    .0042074
    .0041423
    .0040760
    .0039412
    .0040756
    .0039378
    .0040697
    .0039804
    .0040682
    .0040181
    .0041051
    .0040844
    .0041038
    .0040810
    .0040985
    .0040793
    .0040996
    .0041031
    .0041150
    .0041069
    .0041130
    .0040906
    .0041036
    .0041102
    .0041024
    .0041101
    .0041136
    .0041121
    .0041258
    .0041332
    .0041087
    .0041209
    .0041293
    .0041502
    .0041396
    .0041413
    .0041433
    .0041447
    .0041269
    .0041371
    .0041382
    .0041544
    .0041239
    .0041337
    .0041459
    .0041544
    .0041580
    .0041591
    .0041657
    .0041521
    .0041530
    .0041498
    .0041568
    .0041593
    .0041826
    .0041693
    .0042071
    .0041738
    .0042195
    .0041872
    .0042724
    .0041671
    .0041750
    .0041376
    .0040549
    .0041053
    .0040675
    .0041120
    .0041038
    .0041329
    .0041251
    .0041200
    .0041183
    .0041167
    .0041151
    .0041248
    .0041324
    .0041327
    .0041337
    .0041226
    .0041303
    .0041489
    .0041436
    .0041215
    .0041382
    .0037231
    .0041475
    .0041508
    .0041576
    .0041568
    .0041494
    .0041380
    .0041343
    .0041288
    .0041315
    .0041458
    .0041419
    .0041532
    .0041509
    .0041429
    .0041507
    .0041614
    .0041387
    .0041660
    .0041520
    .0041511
    .0041416
    .0041537
    .0041482
    .0041736
    .0041461
    .0041589
    .0041576
    .0041749
    .0041482
    .0042081
    .0041796
    .0042087
    .0041785
    .0042334
    .0030333
    .0042662
    .0041615
    .0042323
    .0041425
    .0040995
    .0040982
    .0040933
    .0041061
    .0041248
    .0041216
    .0041303
    .0041308
    .0041335
    .0041125
    .0041390
    .0041279
    .0041618
    .0041646
    .0041534
    .0041381
    .0041691
    .0041655
    .0041853
    .0042101
    .0042838
    .0043171
    .0043344
    .0043188
    .0043133
    .0042635
    .0042124
    .0041253
    .0041422
    .0041523
    .0041298
    .0042289
    .0045848
    .0049017
    .0054811
    .0062755
    .0070186
    .0076905
    .0076985
    .0072478
    .0057688
    .0029881
    .0002809
   -.0006530
    .0004744
    .0016212
    .0020727
    .0058317
    .0089491
    .0061362
    .0064363
    .0070050
    .0042116
   -.0008141
   -.0068574
   -.0093796
   -.0085397
   -.0072443
   -.0050522
   -.0046390
   -.0016151
    .0038372
    .0085341
    .0108315
    .0105776
    .0039322
   -.0109952
   -.0170188
   -.0153120
   -.0110842
   -.0133212
   -.0092622
   -.0013955
    .0155921
    .0322801
    .0425733
    .0187910
   -.0065743
   -.0220071
   -.0284533
   -.0248986
   -.0157403
   -.0074261
    .0003762
    .0088951
    .0182455
    .0258793
    .0181075
   -.0021678
   -.0147908
   -.0172422
   -.0141860
   -.0034660
    .0149262
    .0142882
    .0031432
    .0039723
    .0258084
    .0323740
    .0356448
    .0415833
    .0322213
    .0144386
    .0052263
   -.0045408
   -.0208001
   -.0350559
   -.0342933
   -.0154507
    .0187246
    .0440375
    .0533134
    .0565736
    .0695270
    .0632246
    .0278346
    .0010288
   -.0100426
   -.0150395
   -.0128506
   -.0116472
   -.0207569
   -.0216239
   -.0094509
   -.0051925
    .0061573
    .0161658
    .0024224
   -.0091232
   -.0118084
   -.0099048
   -.0074833
   -.0126996
   -.0161265
   -.0034760
    .0191345
    .0415775
    .0504528
    .0523831
    .0639359
    .0674517
    .0445671
    .0131857
   -.0092965
   -.0209635
   -.0297025
   -.0356869
   -.0312950
   -.0206792
   -.0047919
    .0174683
    .0351741
    .0472503
    .0502895
    .0405424
    .0271945
    .0311029
    .0294939
    .0087766
    .0107979
    .0144579
    .0144210
    .0255548
    .0290623
    .0193020
    .0183073
    .0176144
    .0095604
    .0191606
    .0273704
    .0115658
    .0056249
    .0097306
    .0011749
   -.0020456
    .0007381
   -.0090897
   -.0130537
   -.0067788
   -.0127518
   -.0189515
   -.0153129
   -.0203976
   -.0290203
   -.0247990
   -.0187273
   -.0183667
   -.0064781
    .0062395
    .0064989
    .0127646
    .0224330
    .0139503
    .0095883
    .0158345
    .0216801
    .0264439
    .0322695
    .0376914
    .0397641
    .0297601
    .0097717
   -.0091830
   -.0235000
   -.0370910
   -.0448394
   -.0452608
   -.0374143
   -.0202420
   -.0018566
    .0156237
    .0234570
    .0279313
    .0365230
    .0369906
    .0172447
   -.0016738
   -.0045319
   -.0099816
   -.0092268
    .0069813
    .0119432
    .0153984
    .0289993
    .0312781
    .0280611
    .0356396
    .0209062
    .0006257
   -.0012631
   -.0104723
   -.0232995
   -.0318347
   -.0374571
   -.0490034
   -.0544289
   -.0546294
   -.0427628
   -.0213320
    .0010185
    .0219583
    .0328875
    .0332273
    .0305508
    .0247926
    .0120930
    .0014062
   -.0081961
   -.0121525
   -.0078990
   -.0005001
    .0070713
    .0101485
    .0099684
    .0113843
    .0145463
    .0088214
    .0030992
    .0043430
    .0092207
    .0161859
    .0231770
    .0279249
    .0274093
    .0285202
    .0335226
    .0239662
    .0078914
   -.0021215
   -.0250451
   -.0443164
   -.0431857
   -.0509647
   -.0552210
   -.0458518
   -.0441671
   -.0398791
   -.0167515
    .0148945
    .0276573
    .0313398
    .0337372
    .0287767
    .0195056
    .0134301
    .0043872
   -.0039462
   -.0104870
   -.0167819
   -.0223595
   -.0227892
   -.0195484
   -.0127375
    .0073040
    .0241177
    .0219781
    .0178150
    .0259170
    .0189752
    .0113953
    .0145540
    .0022604
   -.0100359
   -.0039080
   -.0095522
   -.0178548
   -.0132198
   -.0140661
   -.0206031
   -.0102031
    .0131958
    .0158988
    .0187552
    .0429987
    .0468250
    .0426531
    .0515786
    .0497460
    .0385668
    .0378155
    .0359792
    .0211924
    .0061238
   -.0043252
   -.0196899
   -.0244871
   -.0226407
   -.0266022
   -.0097360
    .0111292
    .0157417
    .0386076
    .0492465
    .0206656
    .0108354
   -.0003973
   -.0155473
   -.0135839
   -.0108490
   -.0161926
   -.0088303
   -.0056750
   -.0225620
   -.0181879
   -.0143339
   -.0310908
   -.0198095
   -.0093548
   -.0124143
   -.0131211
   -.0133621
   -.0166867
   -.0206045
   -.0236661
   -.0244605
   -.0231688
   -.0194406
   -.0119013
   -.0100308
   -.0133837
   -.0084296
    .0045576
    .0089649
    .0087561
   -.0115909
   -.0360628
   -.0335946
   -.0255425
   -.0199268
   -.0093530
    .0045803
    .0071260
    .0135286
    .0226463
    .0169203
   -.0002685
   -.0043858
    .0026944
    .0111081
    .0173219
    .0173258
    .0125768
    .0044880
    .0024547
    .0047258
    .0026901
    .0023908
    .0090501
    .0009503
   -.0127138
   -.0162404
   -.0309390
   -.0463016
   -.0444717
   -.0510598
   -.0490275
   -.0292065
   -.0194039
   -.0095052
    .0204607
    .0464231
    .0344978
    .0413301
    .0590009
    .0426996
    .0144649
   -.0058640
   -.0178543
   -.0140951
   -.0010550
    .0014622
   -.0094903
   -.0157307
   -.0161147
   -.0363531
   -.0566064
   -.0618279
   -.0794084
   -.0913820
   -.0852858
   -.0884684
   -.1049568
   -.1114324
   -.1121774
   -.1085541
   -.1039439
   -.0962029
   -.1025116
   -.1088686
   -.1003821
   -.0988337
   -.1109034
   -.1241422
   -.1371748
   -.1515474
   -.1604437
   -.1635703
   -.1718119
   -.1832338
   -.1850581
   -.1884940
   -.1916637
   -.1946165
   -.1973150
   -.1880830
   -.1546140
   -.1024728
   -.0276771
    .0450054
    .0637136
    .0736997
    .1280451
    .1599944
    .1810232
    .2162815
    .2348707
    .2287239
    .2393436
    .2812182
    .2918855
    .2855809
    .2978568
    .3119211
    .2976950
    .2564233
    .2311489
    .2117769
    .1900297
    .1501488
    .1028926
    .0742593
    .0412546
    .0172435
   -.0195932
   -.0340670
   -.0236263
   -.0000157
    .0331173
    .1032914
    .1520012
    .2160912
    .2696647
    .3088048
    .3012321
    .2883204
    .2868595
    .2789560
    .2531313
    .2188391
    .1871337
    .1775719
    .1556117
    .1409251
    .1767654
    .1872773
    .1881825
    .2328469
    .2237336
    .2002558
    .1463027
    .1004843
    .0673882
    .0221895
   -.0114205
   -.0356262
   -.0711488
   -.1075633
   -.1402266
   -.1596858
   -.1765801
   -.2018768
   -.1763245
   -.1374984
   -.1455249
   -.1526920
   -.1738468
   -.2079933
   -.2394616
   -.2721281
   -.2797654
   -.2961862
   -.2841851
   -.2612021
   -.2385445
   -.1742316
   -.1440245
   -.1104699
   -.1062321
   -.0994740
   -.0553451
   -.0404675
   -.0753540
   -.1217979
   -.0848970
   -.0289941
   -.0747429
   -.1278185
   -.0788626
   -.0117574
    .0391491
    .0229775
    .0425787
    .1684189
    .2327788
    .2564975
    .2751466
    .3209029
    .3779133
    .4009394
    .3707566
    .3312666
    .3006298
    .2877022
    .2671942
    .2369865
    .2078782
    .1853558
    .1678247
    .1513793
    .1297637
    .0874006
    .0329282
   -.0125749
   -.0676800
   -.1287307
   -.1595463
   -.1333452
   -.1674803
   -.2169630
   -.2622205
   -.3068578
   -.3404000
   -.3860354
   -.4026383
   -.4632313
   -.4938116
   -.5241238
   -.4939031
   -.4317971
   -.3118159
   -.2156310
   -.0123500
    .1813076
    .3048007
    .2429191
    .3545852
    .4620004
    .6510593
    .5684566
    .4775677
    .5734924
    .6721079
    .5491954
    .2551944
    .2448723
    .1528780
   -.0345414
   -.2392889
   -.2789225
   -.2496952
   -.1614826
   -.1333042
   -.2055865
   -.1308688
    .0425883
    .0432994
    .0583535
    .0448936
    .1058822
    .1210664
    .1195447
    .0635241
   -.0127251
   -.1083623
   -.1635454
   -.3448248
   -.4281963
   -.5584425
   -.5770249
   -.5947911
   -.6313514
   -.6044314
   -.5258030
   -.3986992
   -.2967391
   -.1733533
   -.1540620
   -.0588140
    .1496414
    .1496546
    .1418935
    .1104973
    .0581496
    .0131436
   -.1024292
   -.1685460
   -.1611498
   -.2735057
   -.2466412
   -.0906743
    .0345928
    .1381660
    .1121335
    .2229738
    .3571165
    .4319121
    .3454554
    .3304035
    .3331481
    .4277408
    .4012440
    .2655619
    .2514632
    .2841888
    .1968727
    .1152343
    .0558261
    .0703266
    .1347328
    .1632683
    .1896297
    .2206674
    .2549835
    .2378428
    .2220675
    .1945263
    .1036384
   -.0789300
   -.1462222
   -.1347696
   -.1560495
   -.1756038
   -.1990596
   -.1527303
   -.1351371
   -.0673991
    .0083265
    .0260564
    .0330953
    .0685283
    .0853080
    .0782065
    .0594539
   -.0090396
   -.0187096
   -.1107253
   -.1710291
   -.2179390
   -.2210823
   -.1655766
   -.1114068
   -.0643288
   -.0291495
   -.0182529
    .0104470
    .0309208
    .0283943
    .0125635
    .0070982
   -.0052226
    .0026591
   -.0262533
   -.0370395
   -.0626953
   -.0579686
   -.0887729
   -.0969355
   -.0812833
   -.0138915
    .0431470
    .0892486
    .1517784
    .2028647
    .2541195
    .3143353
    .3554279
    .4153644
    .4512818
    .4255501
    .3654447
    .3391446
    .3129199
    .2644049
    .1888602
    .0176964
   -.1076058
   -.1223231
   -.1429524
   -.2008366
   -.2396911
   -.1434098
   -.1480673
   -.1463598
   -.1253826
   -.0832951
   -.0809648
   -.0972451
   -.1205274
   -.1700280
   -.1754271
   -.1825118
   -.2105590
   -.2131802
   -.2344606
   -.2326666
   -.2267687
   -.2201785
   -.2167531
   -.1905243
   -.1498723
   -.0947854
   -.0515911
    .0036612
    .0419604
    .0811318
    .1111608
    .1212673
    .1340887
    .1688014
    .1763778
    .1639434
    .1481415
    .1446401
    .1492000
    .1311732
    .1236369
    .1196725
    .1169279
    .1233905
    .1066012
    .0899638
    .0938097
    .0842069
    .0782206
    .0523330
    .0343485
    .0203685
    .0083120
   -.0103937
   -.0263857
   -.0469322
   -.0727997
   -.0695652
   -.0414463
   -.0255047
   -.0525051
   -.0640047
   -.0324682
    .0376204
    .0660020
   -.0048099
   -.1067887
   -.1167333
   -.0484864
    .0530895
   -.0773117
   -.1713740
   -.0684247
    .0488971
   -.0844457
   -.1229326
    .0189602
    .1472978
    .1064535
   -.0176955
   -.0355742
    .1008729
    .1458174
    .0325929
   -.1041247
   -.0710536
    .0516959
    .0725393
    .0895551
    .0844378
   -.0609208
   -.0542438
    .0769268
    .1176323
    .0257686
    .0892587
    .0874301
    .0965237
    .1594155
    .1186363
    .0556388
    .0377228
    .0267918
    .0078364
   -.0126344
   -.0325985
   -.0514715
   -.0416158
    .0100007
    .0551613
    .0653945
    .0626359
    .0845196
    .0951619
    .0877907
    .0738160
    .0604460
    .0613296
    .0602393
    .0521692
    .0494062
    .0516297
    .0636352
    .0833978
    .0950636
    .1035694
    .1086196
    .1210489
    .1128004
    .0973653
    .0770031
    .0766226
    .0482641
    .0228958
    .0065344
   -.0034105
   -.0342057
   -.0592811
   -.0703307
   -.0833201
   -.1011294
   -.1211925
   -.1256109
   -.1229448
   -.1083059
   -.0916956
   -.0869376
   -.0798154
   -.0555804
   -.0139221
    .0166986
    .0453318
    .0754221
    .1032580
    .1237062
    .1404198
    .1407410
    .1286861
    .1173051
    .0959703
    .0790143
    .0594538
    .0347179
    .0220366
    .0153970
    .0021819
   -.0217732
   -.0220413
   -.0285029
   -.0317097
   -.0425423
   -.0586318
   -.0761706
   -.0988251
   -.1083020
   -.1111014
   -.1110415
   -.1051312
   -.1039829
   -.0980895
   -.0788035
   -.0363940
   -.0129148
    .0131535
    .0416350
    .0673341
    .0910137
    .1093221
    .1050561
    .0971488
    .1124872
    .0974711
    .0750390
    .0613026
    .0565761
    .0491128
    .0276134
    .0010046
   -.0066170
   -.0006218
   -.0006499
   -.0068506
   -.0071272
    .0027924
    .0132092
    .0034492
   -.0149048
   -.0156117
   -.0215193
   -.0395032
   -.0613169
   -.0754683
   -.0893092
   -.1109572
   -.1252530
   -.1287809
   -.1298920
   -.1202970
   -.1075639
   -.1046051
   -.0698576
   -.0424875
   -.0350198
   -.0244757
   -.0199551
   -.0002225
    .0261662
    .0292435
    .0123612
    .0193684
    .0306522
    .0169957
    .0235112
    .0342377
    .0572754
    .0708313
    .0733552
    .0837032
    .1407602
    .1499920
    .1205197
    .0624524
    .0302696
    .0212945
   -.0193367
   -.1222298
   -.1574259
   -.1631685
   -.1575248
   -.1514386
   -.1535101
   -.1358638
   -.1269785
   -.1083426
   -.0840377
   -.0691703
   -.0640588
   -.0728201
   -.0669558
   -.0625600
   -.0710919
   -.0912213
   -.0957658
   -.0978079
   -.0977337
   -.1029005
   -.1092538
   -.1176691
   -.1171382
   -.1089830
   -.0978073
   -.0959798
   -.0786586
   -.0710218
   -.0555342
   -.0459248
   -.0419718
   -.0381062
   -.0319129
   -.0301218
   -.0641844
   -.0583457
   -.0464383
   -.0322172
   -.0045298
    .0151215
    .0284417
    .0489441
    .0804635
    .0931112
    .0817627
    .0486930
    .0362282
    .0378290
    .0426909
    .0734142
    .0765137
    .0585567
    .0729978
    .1007253
    .1185225
    .1129153
    .0971854
    .0843733
    .0815240
    .0876655
    .1034150
    .1112399
    .1238996
    .1342216
    .1389815
    .1381914
    .1333336
    .1258149
    .1175067
    .1095385
    .1028731
    .0920880
    .0795646
    .0726545
    .0714001
    .0730545
    .0649070
    .0507173
    .0358572
    .0221254
    .0165117
    .0051931
   -.0044544
   -.0218906
   -.0335223
   -.0445359
   -.0704650
   -.0835610
   -.0964383
   -.1000476
   -.1032000
   -.1047973
   -.1027257
   -.0924509
   -.0737568
   -.0453350
   -.0190009
    .0060363
    .0253660
    .0452318
    .0560670
    .0218236
    .0208377
    .0164021
    .0134543
    .0132795
    .0156365
    .0310892
    .0479407
    .0593036
    .0646525
    .0814938
    .0822864
    .0830573
    .0794598
    .0689373
    .0370945
    .0247949
    .0130192
   -.0015900
   -.0122439
   -.0243405
   -.0351062
   -.0455395
   -.0491395
   -.0524060
   -.0518238
   -.0209912
   -.0252123
   -.0322927
   -.0414661
   -.0500545
   -.0580335
   -.0761421
   -.0898317
   -.1075386
   -.1245465
   -.1291527
   -.1315278
   -.1292449
   -.1286556
   -.1156865
   -.1112330
   -.1111466
   -.1128998
   -.1127533
   -.1092294
   -.0986754
   -.0915093
   -.0846441
   -.0793535
   -.0785230
   -.0625763
   -.0497012
   -.0349617
   -.0234886
   -.0077242
    .0039791
    .0204681
    .0410250
    .0468315
    .0512380
    .0522528
    .0519308
    .0543650
    .0497206
    .0365765
    .0309975
    .0270143
    .0164717
    .0102888
    .0024347
   -.0024499
   -.0009528
    .0000344
   -.0013105
   -.0009030
    .0044138
    .0096895
    .0142675
    .0110037
    .0034739
   -.0003742
   -.0065736
   -.0133035
   -.0243740
   -.0341273
   -.0449798
   -.0542421
   -.0654799
   -.0742595
   -.0914676
   -.1025019
   -.1051366
   -.1111610
   -.1177744
   -.1208167
   -.1166167
   -.1056080
   -.0949927
   -.0815913
   -.0680816
   -.0551353
   -.0439688
   -.0324189
   -.0253899
   -.0252311
   -.0206973
   -.0102051
   -.0048907
    .0012199
    .0088065
    .0160526
    .0240288
    .0279581
    .0273401
    .0215839
    .0228343
    .0249311
    .0315283
    .0290044
    .0306785
    .0331661
    .0369405
    .0382659
    .0352228
    .0264815
    .0192155
    .0121857
    .0034968
   -.0055774
   -.0141491
   -.0207688
   -.0285685
   -.0403960
   -.0536759
   -.0592614
   -.0601440
   -.0562409
   -.0535252
   -.0481506
   -.0365979
   -.0204305
   -.0047776
    .0114936
    .0288446
    .0421715
    .0552527
    .0649222
    .0675696
    .0676129
    .0733679
    .0785635
    .0797670
    .0788891
    .0747325
    .0666106
    .0628365
    .0592160
    .0470249
    .0179422
    .0076750
   -.0035561
   -.0202756
   -.0238333
   -.0173203
   -.0134284
   -.0100783
   -.0019938
    .0183284
    .0298426
    .0295359
    .0285519
    .0262248
    .0203151
    .0140278
   -.0035635
   -.0685239
   -.0651927
   -.0586051
   -.0451816
   -.0325644
   -.0108019
    .0157547
    .0440258
    .0612689
    .1216260
    .1326019
    .1427470
    .1588732
    .1608543
    .1486550
    .1422700
    .1185509
    .0893570
    .0538158
    .0180193
   -.0072940
   -.0272182
   -.0472975
   -.0556506
   -.0456149
   -.0404895
   -.0164649
   -.0136143
    .0281982
    .0852550
    .0939588
    .0886157
    .1013530
    .0998035
    .0857711
    .0603779
   -.0007470
   -.0298976
   -.0714287
   -.0726183
   -.0704310
   -.0652661
   -.0322431
    .0172003
    .0843557
    .1038956
    .1175856
    .1443447
    .1512293
    .1423225
    .1382723
    .1273989
    .1228386
    .1195636
    .1044520
    .0824854
    .0780629
    .0811668
    .0838348
    .0842131
    .0943162
    .0924318
    .0953267
    .0927082
    .0874247
    .0764239
    .0644603
    .0537295
    .0465623
    .0360569
    .0230709
    .0124904
    .0015752
   -.0134655
   -.0293262
   -.0418094
   -.0527789
   -.0642974
   -.0670897
   -.0626219
   -.0571139
   -.0545195
   -.0507158
   -.0461086
   -.0387383
   -.0293032
   -.0222952
   -.0158317
   -.0019317
    .0096426
    .0154761
    .0223789
    .0284823
    .0315267
    .0314777
    .0311766
    .0334075
    .0376421
    .0411764
    .0412962
    .0431535
    .0479508
    .0505924
    .0468022
    .0450862
    .0438185
    .0382230
    .0283082
    .0216968
    .0152160
    .0084885
    .0009792
   -.0055672
   -.0121247
   -.0187627
   -.0251997
   -.0329362
   -.0408272
   -.0486866
   -.0562634
   -.0637453
   -.0684906
   -.0706654
   -.0720010
   -.0747631
   -.0772821
   -.0834201
   -.0912946
   -.0994609
   -.1049589
   -.1067171
   -.1047836
   -.1027143
   -.1004961
   -.0927297
   -.0822383
   -.0712161
   -.0637503
   -.0526097
   -.0420557
   -.0343809
   -.0285084
   -.0185286
   -.0078077
    .0053924
    .0169323
    .0264004
    .0389539
    .0501000
    .0581593
    .0623053
    .0680617
    .0760071
    .0827958
    .0850255
    .0819650
    .0756880
    .0688122
    .0623246
    .0554585
    .0486807
    .0417236
    .0366448
    .0363359
    .0403366
    .0477409
    .0538791
    .0558002
    .0573201
    .0558887
    .0563469
    .0576852
    .0619798
    .0686602
    .0731915
    .0762242
    .0786907
    .0800107
    .0808331
    .0821970
    .0836809
    .0870272
    .0904698
    .0893335
    .0829790
    .0752593
    .0664084
    .0552114
    .0438910
    .0339124
    .0230667
    .0117755
   -.0024111
   -.0173994
   -.0309630
   -.0373552
   -.0352105
   -.0277976
   -.0200659
   -.0126656
   -.0073543
   -.0057737
   -.0048931
   -.0036414
   -.0028092
   -.0028720
   -.0033457
   -.0037880
   -.0041324
   -.0039872
   -.0035834
   -.0021665
    .0009317
    .0049127
    .0105908
    .0200993
    .0313158
    .0406991
    .0471461
    .0477376
    .0425115
    .0334460
    .0257408
    .0149944
    .0031617
   -.0070804
   -.0134835
   -.0195097
   -.0234117
   -.0261805
   -.0305404
   -.0357752
   -.0405667
   -.0449117
   -.0470819
   -.0475554
   -.0459138
   -.0412930
   -.0364720
   -.0329276
   -.0291900
   -.0247761
   -.0200170
   -.0170881
   -.0150890
   -.0085527
   -.0041082
   -.0019308
   -.0009315
   -.0017514
   -.0049003
   -.0106465
   -.0186261
   -.0282650
   -.0389050
   -.0490074
   -.0576118
   -.0634515
   -.0655528
   -.0632448
   -.0570607
   -.0488884
   -.0400831
   -.0309407
   -.0218191
   -.0131813
   -.0057447
   -.0004448
    .0021076
    .0017877
    .0016283
    .0017615
    .0002966
    .0007039
    .0078503
    .0140442
    .0162865
    .0165744
    .0153564
    .0114699
    .0074355
    .0029511
   -.0009493
   -.0029708
   -.0042271
   -.0054375
   -.0073927
   -.0091392
   -.0090698
   -.0083448
   -.0092354
   -.0147013
   -.0251433
   -.0373974
   -.0481728
   -.0573965
   -.0656539
   -.0713177
   -.0723844
   -.0682518
   -.0607925
   -.0519416
   -.0423430
   -.0313844
   -.0214429
   -.0158974
   -.0113914
   -.0052646
   -.0025554
   -.0015507
   -.0012570
   -.0020010
   -.0022659
   -.0000857
    .0031010
    .0068089
    .0085195
    .0110061
    .0137031
    .0136228
    .0104666
    .0059504
   -.0003377
   -.0062632
   -.0105866
   -.0133621
   -.0148733
   -.0139299
   -.0132812
   -.0155886
   -.0161834
   -.0131827
   -.0098318
   -.0083649
   -.0074156
   -.0073079
   -.0069892
   -.0046142
   -.0004604
    .0045970
    .0090883
    .0127584
    .0144903
    .0143003
    .0141954
    .0128815
    .0083213
    .0059744
    .0023693
   -.0044460
   -.0094087
   -.0124848
   -.0173781
   -.0256438
   -.0342065
   -.0408692
   -.0452298
   -.0459134
   -.0437082
   -.0381605
   -.0285076
   -.0171053
   -.0054374
    .0052929
    .0127999
    .0148961
    .0123549
    .0065131
    .0009994
   -.0009123
    .0011916
    .0073268
    .0179854
    .0300567
    .0408186
    .0462405
    .0507696
    .0523545
    .0529203
    .0530614
    .0532918
    .0536289
    .0566906
    .0620520
    .0661838
    .0671969
    .0664377
    .0656611
    .0669965
    .0696915
    .0703447
    .0690334
    .0640633
    .0567625
    .0461919
    .0362214
    .0270758
    .0164186
    .0075373
    .0035022
   -.0006212
   -.0039725
   -.0030525
   -.0014249
   -.0019357
   -.0021501
   -.0008614
    .0002207
    .0006664
    .0002160
   -.0026693
   -.0077857
   -.0126845
   -.0163246
   -.0175745
   -.0173154
   -.0176181
   -.0191505
   -.0201470
   -.0208272
   -.0219030
   -.0221912
   -.0213117
   -.0198707
   -.0184857
   -.0183956
   -.0181743
   -.0148391
   -.0107252
   -.0093168
   -.0071652
    .0000465
    .0063200
    .0113050
    .0163526
    .0185591
    .0185123
    .0162755
    .0121062
    .0068532
    .0018765
   -.0017672
   -.0020027
    .0024847
    .0091217
    .0165468
    .0243689
    .0319138
    .0372156
    .0372963
    .0325837
    .0250475
    .0152538
    .0050996
   -.0025068
   -.0082286
   -.0121233
   -.0143614
   -.0134341
   -.0096049
   -.0037710
    .0033518
    .0081207
    .0102012
    .0108574
    .0081069
    .0006912
   -.0050501
   -.0123719
   -.0217157
   -.0320519
   -.0413798
   -.0480535
   -.0526356
   -.0555120
   -.0549530
   -.0539561
   -.0531123
   -.0513000
   -.0495081
   -.0483505
   -.0477404
   -.0451778
   -.0410441
   -.0371024
   -.0321785
   -.0257724
   -.0196721
   -.0144256
   -.0094662
   -.0054858
   -.0019185
    .0035992
    .0097692
    .0172404
    .0246093
    .0315123
    .0354604
    .0379564
    .0390712
    .0403924
    .0421764
    .0444823
    .0471590
    .0501428
    .0530230
    .0537090
    .0510197
    .0472087
    .0421143
    .0367588
    .0301710
    .0223249
    .0142727
    .0074534
    .0035477
    .0027536
    .0036211
    .0047120
    .0055946
    .0060259
    .0059169
    .0055423
    .0051861
    .0049796
    .0050551
    .0069546
    .0112350
    .0151654
    .0182991
    .0209070
    .0221703
    .0243383
    .0276239
    .0314932
    .0352642
    .0383993
    .0411791
    .0440219
    .0457219
    .0462238
    .0468638
    .0473210
    .0472825
    .0480330
    .0491622
    .0492666
    .0480770
    .0461104
    .0422048
    .0375218
    .0341621
    .0328906
    .0303681
    .0257580
    .0199218
    .0154053
    .0104460
    .0062467
    .0018646
   -.0028673
   -.0085367
   -.0143765
   -.0205891
   -.0268040
   -.0323417
   -.0377742
   -.0425529
   -.0465721
   -.0497962
   -.0524438
   -.0554415
   -.0573833
   -.0571722
   -.0544512
   -.0505144
   -.0449731
   -.0385724
   -.0316632
   -.0241243
   -.0166868
   -.0111101
   -.0067082
   -.0038388
   -.0009194
    .0015878
    .0041171
    .0063230
    .0069037
    .0067144
    .0077966
    .0112826
    .0151197
    .0195539
    .0235507
    .0257793
    .0274030
    .0266019
    .0224737
    .0171391
    .0115783
    .0065220
    .0011708
   -.0034025
   -.0069253
   -.0093777
   -.0109271
   -.0111652
   -.0121371
   -.0145438
   -.0159676
   -.0143525
   -.0109963
   -.0074278
   -.0030950
    .0001001
    .0021492
    .0026009
    .0043147
    .0087788
    .0099333
    .0067626
    .0034986
   -.0011231
   -.0075257
   -.0130409
   -.0163949
   -.0186849
   -.0196550
   -.0184633
   -.0158854
   -.0127223
   -.0089962
   -.0067420
   -.0059437
   -.0053296
   -.0025966
   -.0021836
   -.0025075
   -.0024453
   -.0019927
   -.0011437
   -.0022636
   -.0035406
   -.0038421
   -.0030314
   -.0026808
    .0005688
    .0063934
    .0097598
    .0140683
    .0210121
    .0230643
    .0227903
    .0236417
    .0231952
    .0201487
    .0180084
    .0178892
    .0148256
    .0109535
    .0080822
    .0069781
    .0066326
    .0080694
    .0115408
    .0151053
    .0163722
    .0151139
    .0116675
    .0075084
    .0042893
    .0016329
   -.0001773
   -.0002045
   -.0001929
    .0000730
    .0013041
    .0017886
    .0028742
    .0046256
    .0058520
    .0073872
    .0114091
    .0131194
    .0106170
    .0093284
    .0110465
    .0123741
    .0133999
    .0137548
    .0132408
    .0119399
    .0095938
    .0065345
    .0025703
   -.0009177
   -.0036882
   -.0055691
   -.0057580
   -.0025847
    .0015371
    .0054997
    .0093137
    .0141590
    .0180844
    .0182146
    .0171057
    .0172895
    .0170963
    .0165939
    .0161484
    .0157870
    .0147896
    .0136667
    .0121100
    .0099376
    .0079258
    .0058274
    .0028442
    .0000371
   -.0009529
    .0010985
    .0023088
    .0027150
    .0030637
    .0027829
    .0011079
   -.0015921
   -.0049142
   -.0085587
   -.0115501
   -.0138138
   -.0153739
   -.0151110
   -.0148441
   -.0149460
   -.0145191
   -.0106810
   -.0052448
   -.0011628
    .0034613
    .0098448
    .0132910
    .0146867
    .0165131
    .0182265
    .0163821
    .0129329
    .0100021
    .0082928
    .0067184
    .0059156
    .0059181
    .0072710
    .0102470
    .0118021
    .0117930
    .0127935
    .0138139
    .0135970
    .0136125
    .0148936
    .0167870
    .0179097
    .0192044
    .0202985
    .0213042
    .0232512
    .0238027
    .0231642
    .0221892
    .0220103
    .0227991
    .0223011
    .0203871
    .0179529
    .0151687
    .0117046
    .0083891
    .0051932
    .0018943
   -.0018262
   -.0051437
   -.0067009
   -.0058241
   -.0045085
   -.0042433
   -.0045621
   -.0056365
   -.0073116
   -.0089189
   -.0105864
   -.0127958
   -.0147665
   -.0137615
   -.0136013
   -.0134601
   -.0126961
   -.0105931
   -.0091484
   -.0084300
   -.0085533
   -.0089795
   -.0095588
   -.0099717
   -.0097275
   -.0091989
   -.0086525
   -.0080975
   -.0075515
   -.0069828
   -.0065346
   -.0065779
   -.0073152
   -.0088662
   -.0113919
   -.0143199
   -.0165280
   -.0174112
   -.0173063
   -.0160326
   -.0143874
   -.0126729
   -.0104881
   -.0079181
   -.0054017
   -.0029575
   -.0006757
    .0012224
    .0035670
    .0059447
    .0083899
    .0106669
    .0124539
    .0130205
    .0125197
    .0116065
    .0098608
    .0071349
    .0040969
    .0009198
   -.0028457
   -.0061664
   -.0083524
   -.0095482
   -.0097168
   -.0091183
   -.0080397
   -.0069714
   -.0059170
   -.0045426
   -.0034367
   -.0019374
    .0008565
    .0034816
    .0056391
    .0088146
    .0119444
    .0126850
    .0113184
    .0081891
    .0053109
    .0016192
   -.0023246
   -.0056499
   -.0079746
   -.0094438
   -.0095100
   -.0080730
   -.0058048
   -.0028058
    .0005105
    .0039119
    .0061770
    .0073066
    .0078012
    .0062278
    .0041811
    .0034428
    .0030221
    .0023022
    .0020016
    .0015972
    .0004883
   -.0001623
   -.0001495
    .0008606
    .0026649
    .0055003
    .0080440
    .0123252
    .0165045
    .0207946
    .0238816
    .0266045
    .0292211
    .0318230
    .0336605
    .0350827
    .0361085
    .0360112
    .0348238
    .0327356
    .0304400
    .0281630
    .0258662
    .0233901
    .0212364
    .0183657
    .0164963
    .0158737
    .0160482
    .0156579
    .0135353
    .0113879
    .0087966
    .0062734
    .0051407
    .0052595
    .0058891
    .0073799
    .0087718
    .0090698
    .0093517
    .0096827
    .0088414
    .0072476
    .0056357
    .0039017
    .0022212
    .0000441
   -.0033109
   -.0059353
   -.0075373
   -.0085564
   -.0092141
   -.0092874
   -.0092012
   -.0092839
   -.0092228
   -.0099086
   -.0117203
   -.0141160
   -.0172138
   -.0211732
   -.0238742
   -.0258808
   -.0271708
   -.0280363
   -.0278667
   -.0278915
   -.0272704
   -.0262467
   -.0255112
   -.0242602
   -.0222630
   -.0195115
   -.0161478
   -.0122332
   -.0075969
   -.0028751
    .0009125
    .0036947
    .0057627
    .0074598
    .0093910
    .0122989
    .0162671
    .0206606
    .0254155
    .0297945
    .0335119
    .0364449
    .0383945
    .0390064
    .0383159
    .0368931
    .0355425
    .0342227
    .0331171
    .0320234
    .0303316
    .0282261
    .0254302
    .0226583
    .0192673
    .0151161
    .0115785
    .0104027
    .0099430
    .0085120
    .0066284
    .0048632
    .0026943
    .0001090
   -.0032397
   -.0074505
   -.0118976
   -.0150724
   -.0166711
   -.0172892
   -.0174809
   -.0177919
   -.0182929
   -.0184881
   -.0177838
   -.0165282
   -.0156259
   -.0152296
   -.0149609
   -.0148474
   -.0153528
   -.0175438
   -.0200619
   -.0222178
   -.0246555
   -.0276612
   -.0296739
   -.0298164
   -.0284732
   -.0259761
   -.0229316
   -.0207543
   -.0198306
   -.0196449
   -.0200297
   -.0204416
   -.0204041
   -.0198598
   -.0187464
   -.0163318
   -.0126358
   -.0081796
   -.0036215
    .0009277
    .0041653
    .0064528
    .0084767
    .0099705
    .0102947
    .0094931
    .0081141
    .0062706
    .0045717
    .0036300
    .0035132
    .0032956
    .0037799
    .0047819
    .0062645
    .0073983
    .0077366
    .0076679
    .0067667
    .0051541
    .0034464
    .0017516
    .0002006
   -.0006730
   -.0007092
   -.0005953
   -.0005586
   -.0006991
   -.0012945
   -.0028295
   -.0045977
   -.0059151
   -.0069793
   -.0076062
   -.0081179
   -.0079901
   -.0068675
   -.0049023
   -.0028247
   -.0010154
    .0000266
    .0005402
    .0010488
    .0010236
    .0013966
    .0025434
    .0045773
    .0070682
    .0095359
    .0117603
    .0135746
    .0143976
    .0142369
    .0140324
    .0135073
    .0124583
    .0112332
    .0095996
    .0074365
    .0053649
    .0031924
    .0011452
   -.0004873
   -.0020456
   -.0035160
   -.0048050
   -.0061912
   -.0082858
   -.0108638
   -.0139125
   -.0170250
   -.0193081
   -.0207584
   -.0213808
   -.0209854
   -.0186158
   -.0140935
   -.0088313
   -.0038756
    .0003870
    .0030216
    .0041583
    .0047325
    .0055016
    .0066447
    .0081825
    .0102540
    .0127999
    .0148173
    .0177590
    .0216698
    .0263448
    .0305196
    .0334258
    .0353293
    .0368270
    .0377382
    .0377296
    .0369850
    .0352835
    .0327162
    .0291692
    .0253203
    .0218449
    .0190791
    .0170385
    .0146368
    .0129856
    .0129961
    .0147855
    .0166899
    .0186200
    .0199967
    .0204327
    .0202375
    .0192542
    .0180148
    .0173039
    .0170095
    .0169169
    .0175110
    .0185842
    .0198122
    .0216350
    .0239978
    .0258591
    .0269534
    .0278045
    .0277004
    .0263161
    .0251183
    .0246013
    .0233507
    .0224965
    .0225819
    .0230331
    .0235821
    .0230688
    .0221000
    .0212015
    .0204024
    .0195697
    .0185592
    .0173932
    .0160489
    .0144587
    .0125189
    .0106598
    .0091456
    .0074723
    .0056017
    .0038328
    .0024539
    .0014861
    .0004889
    .0001226
    .0006326
    .0008725
    .0010896
    .0017206
    .0022955
    .0024173
    .0027651
    .0032806
    .0028234
    .0020207
    .0019878
    .0017709
    .0011084
    .0018846
    .0029374
    .0038737
    .0050251
    .0064511
    .0070419
    .0067705
    .0056282
    .0032808
    .0003269
   -.0025160
   -.0052412
   -.0072488
   -.0083037
   -.0089878
   -.0093410
   -.0096759
   -.0104810
   -.0114280
   -.0122779
   -.0132945
   -.0141063
   -.0151289
   -.0161641
   -.0168646
   -.0173121
   -.0176401
   -.0179172
   -.0183178
   -.0191616
   -.0202602
   -.0218830
   -.0227294
   -.0226219
   -.0222036
   -.0226843
   -.0223554
   -.0216480
   -.0216617
   -.0229518
   -.0237115
   -.0235782
   -.0223914
   -.0195911
   -.0163193
   -.0137905
   -.0106664
   -.0062794
   -.0034592
   -.0020229
   -.0011306
   -.0010512
   -.0023256
   -.0045214
   -.0076659
   -.0110809
   -.0138352
   -.0150527
   -.0158215
   -.0165459
   -.0159753
   -.0133134
   -.0116002
   -.0103096
   -.0080244
   -.0060579
   -.0058117
   -.0055393
   -.0054752
   -.0062842
   -.0073185
   -.0075823
   -.0077667
   -.0089322
   -.0083325
   -.0063975
   -.0044868
   -.0019683
    .0016379
    .0052497
    .0087763
    .0120474
    .0146058
    .0162788
    .0173971
    .0177763
    .0175373
    .0167123
    .0156349
    .0141144
    .0114232
    .0082282
    .0057651
    .0032812
    .0003561
   -.0019169
   -.0030761
   -.0031835
   -.0022287
   -.0002989
    .0018300
    .0039728
    .0064501
    .0079250
    .0093344
    .0111605
    .0118701
    .0121700
    .0126694
    .0124074
    .0116665
    .0109790
    .0105341
    .0102503
    .0101920
    .0098615
    .0092224
    .0089029
    .0090280
    .0093465
    .0091125
    .0089777
    .0097466
    .0103528
    .0105303
    .0102281
    .0096478
    .0092849
    .0089129
    .0078187
    .0067702
    .0064326
    .0058077
    .0040632
    .0033362
    .0035924
    .0032776
    .0019375
    .0006051
   -.0008901
   -.0023620
   -.0033330
   -.0042874
   -.0048413
   -.0045547
   -.0036227
   -.0023730
   -.0007799
    .0010695
    .0030201
    .0050769
    .0077534
    .0108309
    .0135710
    .0148287
    .0151163
    .0155331
    .0156151
    .0146872
    .0136555
    .0125650
    .0108239
    .0087957
    .0068580
    .0052850
    .0039143
    .0030556
    .0024982
    .0019700
    .0016020
    .0013137
    .0006909
    .0000040
   -.0001677
   -.0015030
   -.0032916
   -.0043373
   -.0048721
   -.0057328
   -.0062643
   -.0060202
   -.0051285
   -.0044214
   -.0036986
   -.0025722
   -.0012409
   -.0008938
   -.0004735
    .0004669
    .0005370
    .0006767
    .0017994
    .0023346
    .0032818
    .0051134
    .0062787
    .0068246
    .0075795
    .0080155
    .0073226
    .0063238
    .0051347
    .0037819
    .0028814
    .0026399
    .0031184
    .0044495
    .0060657
    .0078316
    .0096582
    .0110508
    .0117693
    .0117135
    .0110028
    .0104351
    .0102703
    .0107076
    .0119317
    .0134877
    .0152681
    .0167751
    .0173069
    .0171989
    .0172750
    .0174813
    .0174331
    .0168309
    .0161135
    .0160112
    .0162598
    .0153573
    .0126751
    .0107351
    .0100949
    .0094656
    .0085828
    .0079488
    .0075266
    .0073742
    .0064699
    .0052318
    .0050421
    .0055190
    .0058948
    .0057703
    .0046183
    .0030910
    .0015618
    .0001852
   -.0004571
   -.0003334
    .0002702
    .0012805
    .0022769
    .0027272
    .0028821
    .0027672
    .0017347
    .0004075
   -.0006570
   -.0012841
   -.0013462
   -.0013699
   -.0017524
   -.0022604
   -.0028823
   -.0039015
   -.0053470
   -.0069721
   -.0087729
   -.0103960
   -.0112868
   -.0112699
   -.0102868
   -.0088883
   -.0073785
   -.0060161
   -.0049164
   -.0043872
   -.0045793
   -.0049389
   -.0048353
   -.0046416
   -.0047743
   -.0048057
   -.0045167
   -.0037506
   -.0031039
   -.0024948
   -.0009608
    .0006472
    .0006079
    .0008412
    .0011341
    .0003547
   -.0007336
   -.0011592
   -.0013512
   -.0017221
   -.0014927
   -.0009509
   -.0006287
   -.0004624
    .0000532
    .0007740
    .0011702
    .0012788
    .0012273
    .0012338
    .0013801
    .0016125
    .0018245
    .0021107
    .0025258
    .0027972
    .0025994
    .0025407
    .0028485
    .0028304
    .0029642
    .0034550
    .0039307
    .0045269
    .0052471
    .0062339
    .0071346
    .0078088
    .0085455
    .0090714
    .0086409
    .0085225
    .0093903
    .0097444
    .0096162
    .0094266
    .0091325
    .0086915
    .0080764
    .0074652
    .0072721
    .0075381
    .0081697
    .0092671
    .0107251
    .0127185
    .0149454
    .0176218
    .0209824
    .0239296
    .0258596
    .0268121
    .0269641
    .0264022
    .0254148
    .0245101
    .0232576
    .0214948
    .0197322
    .0178662
    .0158588
    .0138860
    .0120502
    .0105587
    .0095729
    .0086113
    .0082607
    .0080101
    .0069426
    .0064023
    .0059796
    .0047861
    .0034800
    .0029923
    .0027666
    .0030257
    .0036008
    .0038590
    .0035258
    .0028177
    .0017211
    .0001838
   -.0011656
   -.0021846
   -.0028758
   -.0028435
   -.0021891
   -.0009206
    .0005002
    .0019049
    .0030397
    .0036063
    .0034767
    .0028390
    .0022197
    .0012704
    .0003650
   -.0002993
   -.0005945
   -.0005480
   -.0002192
    .0005304
    .0013286
    .0020524
    .0027299
    .0034413
    .0040744
    .0047183
    .0053802
    .0055499
    .0052498
    .0046875
    .0034599
    .0017019
    .0000866
   -.0013330
   -.0024482
   -.0032171
   -.0038644
   -.0046295
   -.0055744
   -.0070372
   -.0090266
   -.0110695
   -.0125649
   -.0136410
   -.0153541
   -.0170264
   -.0182892
   -.0192351
   -.0196800
   -.0195955
   -.0188861
   -.0175652
   -.0162515
   -.0151854
   -.0140324
   -.0136261
   -.0132944
   -.0128694
   -.0123264
   -.0116381
   -.0105605
   -.0094744
   -.0084170
   -.0075710
   -.0071701
   -.0071101
   -.0073089
   -.0075280
   -.0081433
   -.0091425
   -.0103084
   -.0115528
   -.0125850
   -.0131858
   -.0136795
   -.0139898
   -.0138837
   -.0132379
   -.0128729
   -.0128659
   -.0130812
   -.0137780
   -.0146176
   -.0153143
   -.0155556
   -.0151076
   -.0142681
   -.0131174
   -.0119095
   -.0107008
   -.0096018
   -.0084042
   -.0066272
   -.0047224
   -.0029537
   -.0012507
    .0004695
    .0020739
    .0035280
    .0049065
    .0061666
    .0073879
    .0088163
    .0096308
    .0101480
    .0108564
    .0118319
    .0127234
    .0135326
    .0143164
    .0148317
    .0153106
    .0157565
    .0161582
    .0165467
    .0169019
    .0170033
    .0170857
    .0174031
    .0177332
    .0177537
    .0179773
    .0187768
    .0199040
    .0212670
    .0228967
    .0245475
    .0258477
    .0270016
    .0281805
    .0292331
    .0296305
    .0297371
    .0298388
    .0295806
    .0285145
    .0274509
    .0268048
    .0251545
    .0236307
    .0228323
    .0217656
    .0209809
    .0210363
    .0215780
    .0226883
    .0242953
    .0257851
    .0269646
    .0278631
    .0284232
    .0286194
    .0287168
    .0284200
    .0274336
    .0259719
    .0242594
    .0226923
    .0213486
    .0204201
    .0197723
    .0192793
    .0181947
    .0158941
    .0133676
    .0115685
    .0089597
    .0057521
    .0027973
    .0002660
   -.0015111
   -.0027167
   -.0035136
   -.0041764
   -.0048350
   -.0053903
   -.0060535
   -.0067962
   -.0076602
   -.0083115
   -.0087831
   -.0093160
   -.0097769
   -.0102976
   -.0109402
   -.0114187
   -.0114219
   -.0108834
   -.0100096
   -.0092283
   -.0083255
   -.0072458
   -.0061793
   -.0052318
   -.0043362
   -.0038388
   -.0028804
   -.0014742
    .0004284
    .0026845
    .0048021
    .0067775
    .0089111
    .0107687
    .0120441
    .0131456
    .0137306
    .0138818
    .0140501
    .0142991
    .0146589
    .0151668
    .0157132
    .0160585
    .0161125
    .0156851
    .0147166
    .0134205
    .0118924
    .0097152
    .0070255
    .0040823
    .0009026
   -.0017248
   -.0042234
   -.0065716
   -.0082087
   -.0087367
   -.0083521
   -.0080568
   -.0075553
   -.0069851
   -.0065154
   -.0059475
   -.0050950
   -.0039300
   -.0027189
   -.0015677
   -.0005680
   -.0000463
    .0004697
    .0012860
    .0019389
    .0019560
    .0014405
    .0008534
   -.0001235
   -.0014253
   -.0028857
   -.0044359
   -.0059043
   -.0069972
   -.0078518
   -.0086329
   -.0092496
   -.0096766
   -.0102340
   -.0110472
   -.0118141
   -.0124175
   -.0129882
   -.0134188
   -.0137416
   -.0139474
   -.0138345
   -.0138061
   -.0138729
   -.0137381
   -.0134008
   -.0130939
   -.0125579
   -.0116093
   -.0104281
   -.0088438
   -.0070019
   -.0053807
   -.0038867
   -.0028032
   -.0024981
   -.0021510
   -.0017799
   -.0017724
   -.0020176
   -.0022511
   -.0023625
   -.0015563
    .0002585
    .0017285
    .0036127
    .0057142
    .0074384
    .0090756
    .0107660
    .0121929
    .0133775
    .0144060
    .0151495
    .0155332
    .0160031
    .0164813
    .0161077
    .0152729
    .0145886
    .0137347
    .0124555
    .0115953
    .0109888
    .0100559
    .0096323
    .0100939
    .0103696
    .0100183
    .0098569
    .0102991
    .0108472
    .0108463
    .0107327
    .0110801
    .0114154
    .0116213
    .0114621
    .0117840
    .0128779
    .0130150
    .0125390
    .0125090
    .0129113
    .0126043
    .0117815
    .0114274
    .0110918
    .0099165
    .0088885
    .0083429
    .0070908
    .0054351
    .0045968
    .0032650
    .0022558
    .0022162
    .0015776
    .0005970
    .0005915
    .0011346
    .0012696
    .0018626
    .0029628
    .0032890
    .0038158
    .0049281
    .0060124
    .0065789
    .0070939
    .0077350
    .0077423
    .0077928
    .0085273
    .0088716
    .0090417
    .0092303
    .0096179
    .0098429
    .0097514
    .0096883
    .0097504
    .0097958
    .0094685
    .0090324
    .0085364
    .0075869
    .0062783
    .0052532
    .0040043
    .0030081
    .0024996
    .0019988
    .0013554
    .0008498
    .0004019
    .0001609
    .0007074
    .0012271
    .0016945
    .0026846
    .0028938
    .0033537
    .0039867
    .0039158
    .0033517
    .0031357
    .0031489
    .0032380
    .0032872
    .0028162
    .0019030
    .0009617
    .0000961
   -.0005804
   -.0016137
   -.0030505
   -.0042672
   -.0051070
   -.0063373
   -.0072508
   -.0074854
   -.0078270
   -.0075809
   -.0058749
   -.0054402
   -.0050829
   -.0026076
   -.0013380
   -.0015930
   -.0011231
   -.0005950
   -.0002975
   -.0002521
   -.0002877
   -.0009009
   -.0011441
   -.0008841
   -.0014456
   -.0016760
   -.0004501
   -.0001702
    .0003384
    .0016932
    .0016965
    .0021058
    .0031802
    .0030401
    .0024993
    .0021492
    .0007834
   -.0005499
   -.0011021
   -.0023044
   -.0035103
   -.0035526
   -.0039118
   -.0038208
   -.0028186
   -.0021035
   -.0018114
   -.0012636
   -.0003344
   -.0002040
   -.0009295
   -.0009545
   -.0013794
   -.0020442
   -.0019045
   -.0011905
   -.0012373
   -.0013310
   -.0011988
   -.0018856
   -.0022763
   -.0017443
   -.0017708
   -.0017434
   -.0009511
   -.0004281
    .0007012
    .0020227
    .0033519
    .0046684
    .0063506
    .0077243
    .0088505
    .0098322
    .0109378
    .0112802
    .0111571
    .0106877
    .0102690
    .0095022
    .0085210
    .0073164
    .0058325
    .0047068
    .0031315
    .0015288
    .0006783
    .0008466
    .0009381
    .0008334
    .0004939
    .0009584
    .0006572
    .0000508
    .0001964
    .0003106
   -.0000320
    .0002831
    .0010472
    .0011412
    .0009730
    .0012751
    .0011839
    .0006227
    .0002170
    .0000295
    .0002338
    .0008190
    .0015899
    .0026119
    .0040248
    .0055628
    .0071377
    .0086453
    .0103789
    .0121102
    .0137333
    .0150532
    .0153245
    .0147119
    .0137948
    .0135761
    .0132264
    .0128900
    .0127336
    .0124604
    .0122220
    .0122843
    .0123900
    .0122962
    .0121223
    .0121159
    .0118328
    .0112008
    .0106798
    .0104194
    .0100186
    .0098092
    .0093890
    .0085173
    .0077164
    .0071186
    .0065197
    .0063057
    .0066557
    .0066926
    .0069377
    .0076825
    .0078228
    .0079381
    .0088342
    .0097194
    .0095742
    .0099809
    .0104442
    .0102921
    .0105306
    .0108227
    .0100359
    .0095586
    .0094030
    .0087964
    .0090297
    .0091581
    .0086965
    .0086937
    .0085896
    .0082218
    .0070048
    .0057745
    .0046372
    .0031850
    .0011496
   -.0004667
   -.0021276
   -.0044257
   -.0063029
   -.0075770
   -.0090086
   -.0096678
   -.0094692
   -.0094092
   -.0091186
   -.0081432
   -.0067891
   -.0055839
   -.0039223
   -.0021618
   -.0009846
    .0000579
    .0012757
    .0023876
    .0028504
    .0028762
    .0027898
    .0028598
    .0029067
    .0029258
    .0028199
    .0025232
    .0018162
    .0015422
    .0020023
    .0028533
    .0030464
    .0025461
    .0028105
    .0035717
    .0032081
    .0023674
    .0017903
    .0010929
    .0001743
   -.0007043
   -.0014392
   -.0015590
   -.0012267
   -.0009977
   -.0005169
    .0008212
    .0020796
    .0021322
    .0029316
    .0034261
    .0026924
    .0024855
    .0024772
    .0017593
    .0010431
    .0008162
    .0007255
    .0000313
   -.0007608
   -.0011106
   -.0019091
   -.0034388
   -.0042313
   -.0045206
   -.0050500
   -.0051360
   -.0044992
   -.0039207
   -.0038256
   -.0035768
   -.0030260
   -.0027460
   -.0027926
   -.0027746
   -.0025203
   -.0020702
   -.0015211
   -.0008305
   -.0002520
    .0003196
    .0014679
    .0038826
    .0053044
    .0052868
    .0050664
    .0044427
    .0029292
    .0010597
   -.0004010
   -.0007375
   -.0002693
   -.0001009
   -.0005538
   -.0015328
   -.0029449
   -.0043452
   -.0052403
   -.0053288
   -.0049196
   -.0048293
   -.0050795
   -.0053255
   -.0054852
   -.0052942
   -.0048672
   -.0036170
   -.0015748
    .0010049
    .0026941
    .0051142
    .0085357
    .0104175
    .0113875
    .0129591
    .0137126
    .0135686
    .0132098
    .0120745
    .0106980
    .0096752
    .0094669
    .0098005
    .0095632
    .0101775
    .0110708
    .0107365
    .0102889
    .0105502
    .0098977
    .0095299
    .0104757
    .0113338
    .0117341
    .0136418
    .0158451
    .0168993
    .0188944
    .0209372
    .0217264
    .0224797
    .0226563
    .0215759
    .0201873
    .0187407
    .0180686
    .0178359
    .0179355
    .0175688
    .0170222
    .0161599
    .0149015
    .0133334
    .0121610
    .0115329
    .0113368
    .0115777
    .0116724
    .0105774
    .0085489
    .0058148
    .0022624
   -.0009442
   -.0028777
   -.0042982
   -.0055730
   -.0059905
   -.0060197
   -.0059006
   -.0058172
   -.0061224
   -.0064076
   -.0058625
   -.0047148
   -.0036567
   -.0018835
    .0001031
    .0005910
    .0005158
    .0004016
    .0004312
   -.0004440
   -.0014894
   -.0016662
   -.0019528
   -.0023905
   -.0018181
   -.0007678
   -.0000488
    .0005182
    .0008821
    .0010382
    .0005711
   -.0006902
   -.0020507
   -.0031567
   -.0040456
   -.0047232
   -.0053298
   -.0058555
   -.0062111
   -.0064600
   -.0064358
   -.0063686
   -.0065953
   -.0061091
   -.0044174
   -.0026719
   -.0011866
   -.0002087
    .0001624
   -.0002902
   -.0009894
   -.0019501
   -.0025889
   -.0028546
   -.0027422
   -.0021464
   -.0019712
   -.0021755
   -.0022158
   -.0017786
   -.0006723
    .0011156
    .0031479
    .0049695
    .0062434
    .0066859
    .0065462
    .0062373
    .0060438
    .0060394
    .0065626
    .0077267
    .0095203
    .0114020
    .0127360
    .0137206
    .0139074
    .0126272
    .0108286
    .0090094
    .0072436
    .0056914
    .0045361
    .0039032
    .0037976
    .0051206
    .0069643
    .0083208
    .0095228
    .0100156
    .0095932
    .0092080
    .0087769
    .0077469
    .0070441
    .0072337
    .0075830
    .0083225
    .0093290
    .0100348
    .0100157
    .0092646
    .0083935
    .0074708
    .0065238
    .0059804
    .0060878
    .0069344
    .0081151
    .0091085
    .0097319
    .0101140
    .0102657
    .0100563
    .0096297
    .0090816
    .0084409
    .0077736
    .0072420
    .0069197
    .0069933
    .0072610
    .0072069
    .0072164
    .0075604
    .0080936
    .0085336
    .0088178
    .0090744
    .0090657
    .0088135
    .0077936
    .0066029
    .0058020
    .0052572
    .0048672
    .0046445
    .0044066
    .0041724
    .0042536
    .0035903
    .0024943
    .0018431
    .0012743
    .0006652
   -.0000124
   -.0005837
   -.0012105
   -.0022332
   -.0035067
   -.0044046
   -.0050038
   -.0054701
   -.0057472
   -.0059037
   -.0060166
   -.0061175
   -.0063550
   -.0064918
   -.0063500
   -.0057921
   -.0061433
   -.0072044
   -.0078436
   -.0079503
   -.0085412
   -.0093966
   -.0102517
   -.0111432
   -.0118805
   -.0127331
   -.0138747
   -.0147257
   -.0151097
   -.0155509
   -.0156122
   -.0150544
   -.0141736
   -.0128870
   -.0113641
   -.0097912
   -.0081910
   -.0066061
   -.0053352
   -.0041446
   -.0028154
   -.0015207
   -.0007883
   -.0003365
    .0001860
    .0000410
   -.0003530
   -.0005637
   -.0004486
   -.0002985
    .0001723
    .0009105
    .0016492
    .0027220
    .0037041
    .0038746
    .0041779
    .0048140
    .0048305
    .0047321
    .0050050
    .0054635
    .0059671
    .0064797
    .0071543
    .0080976
    .0085243
    .0086451
    .0088782
    .0091357
    .0090325
    .0088727
    .0090185
    .0093528
    .0097951
    .0099603
    .0101145
    .0106041
    .0114695
    .0120847
    .0124745
    .0127255
    .0126972
    .0126651
    .0124956
    .0121305
    .0118390
    .0118433
    .0117942
    .0118539
    .0123000
    .0130192
    .0128725
    .0123451
    .0123883
    .0117826
    .0110442
    .0108648
    .0106272
    .0107478
    .0114965
    .0124412
    .0129959
    .0130464
    .0129968
    .0130754
    .0128809
    .0124836
    .0122762
    .0122553
    .0122540
    .0122347
    .0122165
    .0120779
    .0117175
    .0113890
    .0110872
    .0107053
    .0101335
    .0093174
    .0086188
    .0082927
    .0081506
    .0076231
    .0072541
    .0072308
    .0068128
    .0065119
    .0067513
    .0066942
    .0063230
    .0060350
    .0056448
    .0044837
    .0036663
    .0034466
    .0029266
    .0029812
    .0028802
    .0023674
    .0024834
    .0031282
    .0030620
    .0028853
    .0032811
    .0030355
    .0028359
    .0031198
    .0029323
    .0025767
    .0024529
    .0022486
    .0016212
    .0007297
    .0001186
   -.0011255
   -.0030550
   -.0046700
   -.0056868
   -.0064063
   -.0065965
   -.0065727
   -.0065369
   -.0064728
   -.0065904
   -.0069054
   -.0071395
   -.0072116
   -.0070230
   -.0078031
   -.0077146
   -.0069302
   -.0070420
   -.0070759
   -.0072341
   -.0069895
   -.0063677
   -.0059582
   -.0055609
   -.0048671
   -.0047228
   -.0045979
   -.0041392
   -.0037431
   -.0036467
   -.0033016
   -.0022342
   -.0014776
   -.0005703
    .0003629
    .0009716
    .0010552
    .0008340
    .0004567
   -.0000836
   -.0007326
   -.0013249
   -.0017726
   -.0021591
   -.0023933
   -.0022279
   -.0021877
   -.0023963
   -.0024839
   -.0021955
   -.0017601
   -.0009168
   -.0002118
    .0009572
    .0027929
    .0041659
    .0056236
    .0073969
    .0087492
    .0098493
    .0107655
    .0115068
    .0120834
    .0126013
    .0125310
    .0117167
    .0108732
    .0104447
    .0094533
    .0086460
    .0085650
    .0089227
    .0090579
    .0093302
    .0096939
    .0094339
    .0093926
    .0094156
    .0093472
    .0093189
    .0096857
    .0101582
    .0100923
    .0100870
    .0103984
    .0101278
    .0096886
    .0093653
    .0092659
    .0092064
    .0094684
    .0094096
    .0092347
    .0092033
    .0093013
    .0087847
    .0080774
    .0072845
    .0063637
    .0053435
    .0047297
    .0040772
    .0033488
    .0019384
    .0007198
    .0006463
    .0008359
   -.0000248
   -.0005958
   -.0003124
   -.0011822
   -.0020318
   -.0016064
   -.0013658
   -.0014518
   -.0001097
    .0017145
    .0026376
    .0028482
    .0045063
    .0059321
    .0051220
    .0055535
    .0070925
    .0070827
    .0070418
    .0076737
    .0068215
    .0057246
    .0056277
    .0049943
    .0040958
    .0042692
    .0035905
    .0034031
    .0042159
    .0036514
    .0030781
    .0036139
    .0028104
    .0014863
    .0015021
    .0019664
    .0016976
    .0020918
    .0031143
    .0026525
    .0018269
    .0015293
    .0010832
    .0000240
    .0002983
    .0012098
    .0011794
    .0023135
    .0038021
    .0034768
    .0037898
    .0040512
    .0029387
    .0033967
    .0043350
    .0040856
    .0059248
    .0086322
    .0095268
    .0119929
    .0140853
    .0131245
    .0122635
    .0126023
    .0104550
    .0085884
    .0084148
    .0075884
    .0056645
    .0050612
    .0052127
    .0033004
    .0015731
    .0016164
    .0000002
   -.0012374
   -.0008851
   -.0012714
   -.0020867
   -.0020006
   -.0012168
   -.0005783
   -.0000975
    .0004107
    .0013225
    .0020523
    .0029331
    .0028179
    .0018343
    .0010851
    .0004882
   -.0000818
   -.0001498
   -.0008462
   -.0016384
   -.0014377
   -.0021473
   -.0035252
   -.0034882
   -.0039130
   -.0049258
   -.0052050
   -.0051676
   -.0063277
   -.0065551
   -.0052438
   -.0049036
   -.0044501
   -.0027123
   -.0020948
   -.0012804
   -.0001989
    .0006197
    .0012978
    .0018616
    .0024740
    .0026838
    .0025107
    .0022499
    .0017743
    .0020014
    .0020470
    .0011670
    .0003189
   -.0000341
   -.0011603
   -.0023828
   -.0029751
   -.0029621
   -.0027905
   -.0024277
   -.0015251
    .0001346
    .0020928
    .0020762
    .0013302
    .0021813
    .0016378
    .0003305
    .0009186
    .0014447
    .0007751
    .0009745
    .0020782
    .0022214
    .0019221
    .0026629
    .0031608
    .0023784
    .0022734
    .0034669
    .0036539
    .0035804
    .0043490
    .0051034
    .0052223
    .0055679
    .0062137
    .0066124
    .0070372
    .0069341
    .0066266
    .0064523
    .0067272
    .0066221
    .0060029
    .0052525
    .0044794
    .0037984
    .0031711
    .0031250
    .0036357
    .0041473
    .0041663
    .0041109
    .0051777
    .0055723
    .0043085
    .0024221
    .0037971
    .0053508
    .0058031
    .0068685
    .0088031
    .0097990
    .0085126
    .0079976
    .0095483
    .0084284
    .0072827
    .0081013
    .0074337
    .0061050
    .0056272
    .0059395
    .0056700
    .0051384
    .0046688
    .0052198
    .0055798
    .0054226
    .0057579
    .0076441
    .0074616
    .0073617
    .0089010
    .0094450
    .0092419
    .0096664
    .0102886
    .0098638
    .0089812
    .0076974
    .0067873
    .0062129
    .0039881
    .0017719
    .0016137
    .0007832
    .0002536
    .0017160
    .0033204
    .0042377
    .0059238
    .0082644
    .0093543
    .0097754
    .0094206
    .0082683
    .0062578
    .0036472
    .0009376
   -.0014094
   -.0033220
   -.0048380
   -.0058373
   -.0063666
   -.0064402
   -.0055352
   -.0036970
   -.0010327
    .0022719
    .0059260
    .0084227
    .0088580
    .0076203
    .0047364
    .0004745
   -.0036583
   -.0063231
   -.0068618
   -.0041087
    .0001108
    .0036617
    .0054881
    .0089347
    .0105063
    .0114809
    .0118594
    .0107214
    .0094510
    .0084631
    .0077005
    .0070871
    .0056806
    .0045331
    .0046556
    .0053213
    .0052056
    .0048174
    .0044301
    .0036937
    .0029520
    .0013518
   -.0011815
   -.0035547
   -.0059195
   -.0082795
   -.0099578
   -.0108575
   -.0111800
   -.0103150
   -.0089636
   -.0079039
   -.0083433
   -.0075437
   -.0047208
   -.0011140
    .0016272
    .0032593
    .0040602
    .0036492
    .0027684
    .0014935
   -.0004282
   -.0027423
   -.0048479
   -.0068279
   -.0075195
   -.0062463
   -.0046897
   -.0037874
   -.0023511
   -.0003699
    .0012537
    .0015692
    .0013250
    .0006868
   -.0003224
   -.0009386
   -.0006574
    .0004505
    .0019233
    .0032820
    .0040739
    .0047760
    .0046740
    .0045962
    .0043625
    .0042462
    .0047711
    .0051057
    .0049267
    .0042740
    .0029740
    .0013863
    .0001501
   -.0005612
   -.0008100
   -.0004494
   -.0001778
   -.0000282
    .0014124
    .0033610
    .0049331
    .0068931
    .0081438
    .0079105
    .0067860
    .0052104
    .0043938
    .0044338
    .0048565
    .0059502
    .0071973
    .0079034
    .0084144
    .0086034
    .0079041
    .0066226
    .0056966
    .0055440
    .0056574
    .0065165
    .0076475
    .0081868
    .0081429
    .0076330
    .0065425
    .0053375
    .0043289
    .0035483
    .0036742
    .0046882
    .0062932
    .0083276
    .0099338
    .0106849
    .0102044
    .0084710
    .0061465
    .0038956
    .0018593
    .0003217
    .0005545
    .0023016
    .0045997
    .0068767
    .0101495
    .0130791
    .0149612
    .0159082
    .0158644
    .0150634
    .0140205
    .0130166
    .0120197
    .0110641
    .0102910
    .0091703
    .0078160
    .0065888
    .0050410
    .0038972
    .0035761
    .0044463
    .0052785
    .0064339
    .0089002
    .0111730
    .0119350
    .0134233
    .0146168
    .0143927
    .0140349
    .0139814
    .0132860
    .0114723
    .0106393
    .0100789
    .0088725
    .0074835
    .0068235
    .0074759
    .0076745
    .0058188
    .0054652
    .0048770
    .0014778
   -.0004497
   -.0021843
   -.0058191
   -.0074034
   -.0078694
   -.0085928
   -.0062221
   -.0032440
   -.0019139
    .0010753
    .0031199
    .0018462
    .0021640
    .0023514
   -.0000930
   -.0005255
    .0004726
    .0008541
    .0022252
    .0041649
    .0053737
    .0065521
    .0076936
    .0073588
    .0070639
    .0066046
    .0049724
    .0039753
    .0038378
    .0030963
    .0028534
    .0037048
    .0031754
    .0027756
    .0033820
    .0025772
    .0017870
    .0023163
    .0015894
    .0004099
    .0007153
    .0005864
   -.0010159
   -.0006479
   -.0001398
   -.0008218
   -.0001563
    .0014363
    .0018922
    .0014346
    .0020581
    .0028047
    .0023827
    .0028582
    .0037565
    .0036674
    .0037421
    .0042415
    .0047264
    .0048553
    .0044435
    .0039896
    .0034919
    .0032751
    .0031546
    .0031204
    .0034281
    .0035516
    .0036374
    .0034662
    .0027281
    .0018969
    .0011138
    .0006205
    .0003468
    .0003402
    .0001794
   -.0001350
   -.0005445
   -.0011216
   -.0016224
   -.0010879
   -.0001954
    .0000592
   -.0001869
   -.0000032
    .0004261
    .0008483
    .0013440
    .0014378
    .0013994
    .0015254
    .0018773
    .0024541
    .0031025
    .0036884
    .0041894
    .0043801
    .0043106
    .0047344
    .0055447
    .0057518
    .0053297
    .0054213
    .0054332
    .0043469
    .0037178
    .0031333
    .0019610
    .0011349
    .0007038
    .0002664
   -.0001337
    .0002708
    .0008297
    .0013052
    .0020035
    .0030676
    .0037222
    .0034164
    .0034429
    .0035337
    .0032291
    .0027760
    .0033714
    .0039317
    .0042858
    .0042523
    .0039395
    .0033665
    .0030970
    .0032161
    .0032387
    .0031093
    .0029754
    .0027230
    .0024260
    .0021931
    .0019177
    .0018537
    .0019833
    .0014429
   -.0002276
   -.0012540
   -.0015387
   -.0022766
   -.0021145
   -.0006518
    .0004532
    .0019713
    .0042823
    .0060945
    .0070356
    .0079971
    .0081472
    .0071821
    .0062916
    .0050624
    .0029399
    .0014993
    .0002713
   -.0012010
   -.0015355
   -.0012752
   -.0011311
   -.0000531
    .0014105
    .0017239
    .0022505
    .0030850
    .0030165
    .0017807
    .0016852
    .0020264
    .0012820
    .0014090
    .0031804
    .0039371
    .0049047
    .0072104
    .0088605
    .0089381
    .0095005
    .0093934
    .0081462
    .0074887
    .0070122
    .0058373
    .0054906
    .0061780
    .0061734
    .0060215
    .0059784
    .0056510
    .0050085
    .0039825
    .0034806
    .0031574
    .0026938
    .0027888
    .0029915
    .0029949
    .0026194
    .0021972
    .0019156
    .0019450
    .0021777
    .0026522
    .0032472
    .0037974
    .0045506
    .0053006
    .0059044
    .0059538
    .0062104
    .0065745
    .0065729
    .0069644
    .0073959
    .0070552
    .0069264
    .0068483
    .0063226
    .0056598
    .0054246
    .0052329
    .0048556
    .0039703
    .0031850
    .0025247
    .0019144
    .0014624
    .0011271
    .0009837
    .0006497
   -.0000931
   -.0001450
    .0005488
    .0003212
    .0002510
    .0008101
    .0004125
   -.0002964
   -.0000430
    .0000547
   -.0003581
    .0001586
    .0004374
    .0001443
    .0007269
    .0014890
    .0018727
    .0025620
    .0032468
    .0035951
    .0037568
    .0039265
    .0039745
    .0039374
    .0038995
    .0039120
    .0040783
    .0043353
    .0044276
    .0044071
    .0043539
    .0042825
    .0040196
    .0036834
    .0034652
    .0031327
    .0028252
    .0031092
    .0034158
    .0033017
    .0034382
    .0035687
    .0034550
    .0031722
    .0029570
    .0028532
    .0027421
    .0025273
    .0025467
    .0027450
    .0026997
    .0026849
    .0030519
    .0033670
    .0035406
    .0040561
    .0044538
    .0044935
    .0047388
    .0049786
    .0051371
    .0052064
    .0050388
    .0047908
    .0042682
    .0034814
    .0026761
    .0017475
    .0001644
   -.0008612
   -.0010074
   -.0011919
   -.0009708
   -.0002289
    .0001331
   -.0001623
   -.0000387
    .0001057
   -.0001429
   -.0001069
    .0000308
   -.0003050
   -.0004961
   -.0003215
   -.0004302
   -.0006330
   -.0003790
    .0004756
    .0015159
    .0023899
    .0032510
    .0040600
    .0047409
    .0055378
    .0063238
    .0068385
    .0070107
    .0067194
    .0061684
    .0055898
    .0054451
    .0054542
    .0048106
    .0043072
    .0044758
    .0041981
    .0040364
    .0046891
    .0051978
    .0054905
    .0064358
    .0070716
    .0066579
    .0069156
    .0072721
    .0065803
    .0066194
    .0068748
    .0066956
    .0070224
    .0078732
    .0084271
    .0086117
    .0094022
    .0100239
    .0099307
    .0103948
    .0107821
    .0105988
    .0108980
    .0111015
    .0108342
    .0107597
    .0106827
    .0101949
    .0098409
    .0097193
    .0093237
    .0090096
    .0089827
    .0086155
    .0083123
    .0083526
    .0082793
    .0080191
    .0076442
    .0071052
    .0065908
    .0059402
    .0048779
    .0038257
    .0028610
    .0020329
    .0011623
    .0005822
    .0001700
   -.0003988
   -.0005212
   -.0000490
    .0003901
    .0007157
    .0010943
    .0011527
    .0007783
    .0003011
    .0002326
    .0001529
    .0001565
    .0001522
    .0002578
    .0005163
    .0007827
    .0011446
    .0013336
    .0011213
    .0009326
    .0007986
    .0005027
    .0003659
    .0003086
    .0003392
    .0003637
    .0003508
    .0002798
    .0004522
    .0006907
    .0005133
    .0006577
    .0009767
    .0008451
    .0010514
    .0013571
    .0010492
    .0011188
    .0012928
    .0009106
    .0009382
    .0013650
    .0014013
    .0016962
    .0024229
    .0027016
    .0028463
    .0029864
    .0028386
    .0023046
    .0020599
    .0020994
    .0018111
    .0016018
    .0017896
    .0021194
    .0024155
    .0028511
    .0032846
    .0035671
    .0039236
    .0042085
    .0041665
    .0039411
    .0037867
    .0037412
    .0037375
    .0037763
    .0038487
    .0038447
    .0038533
    .0042757
    .0048023
    .0048053
    .0048876
    .0053711
    .0052394
    .0050633
    .0055425
    .0053554
    .0051005
    .0054484
    .0052521
    .0049834
    .0052689
    .0054363
    .0052249
    .0054789
    .0056453
    .0054645
    .0055629
    .0056738
    .0054823
    .0054925
    .0055562
    .0054075
    .0051800
    .0049641
    .0047969
    .0047751
    .0047884
    .0044883
    .0043373
    .0044163
    .0041719
    .0039103
    .0039339
    .0040771
    .0040753
    .0041939
    .0043558
    .0044976
    .0044607
    .0043424
    .0042192
    .0040880
    .0039238
    .0038643
    .0038830
    .0038048
    .0038268
    .0040535
    .0041047
    .0042393
    .0044713
    .0044245
    .0044638
    .0046275
    .0045403
    .0045493
    .0046631
    .0045534
    .0045183
    .0045664
    .0044101
    .0043097
    .0043103
    .0041057
    .0039706
    .0039952
    .0038247
    .0037579
    .0038164
    .0037038
    .0036571
    .0036832
    .0036911
    .0036386
    .0036183
    .0036430
    .0036401
    .0036758
    .0037239
    .0037443
    .0037753
    .0037981
    .0037865
    .0037579
    .0037615
    .0037088
    .0036823
    .0036418
    .0035884
    .0035927
    .0035881
    .0035755
    .0035662
    .0035583
    .0035481
    .0035461
    .0035661
    .0035794
    .0035585
    .0035322
    .0035040
    .0034679
    .0034202
    .0034063
    .0033805
    .0033271
    .0032708
    .0032233
    .0031854
    .0031503
    .0031368
    .0031268
    .0031425
    .0031458
    .0031681
    .0031980
    .0032281
    .0032696
    .0033290
    .0033799
    .0034336
    .0034777
    .0035185
    .0035400
    .0035796
    .0036095
    .0036373
    .0036502
    .0036872
    .0037047
    .0037149
    .0037198
    .0037353
    .0037292
    .0037263
    .0037300
    .0037381
    .0037255
    .0037373
    .0037324
    .0037209
    .0037224
    .0037237
    .0036943
    .0037041
    .0037051
    .0036949
    .0036940
    .0037074
    .0036905
    .0036859
    .0036814
    .0036765
    .0036587
    .0036607
    .0036536
    .0036567
    .0036508
    .0036553
    .0036458
    .0036462
    .0025030
    .0036460
    .0036396
    .0036459
    .0036447
    .0036510
    .0036448
    .0036537
    .0036503
    .0036542
    .0036528
    .0036590
    .0036529
    .0036616
    .0036581
    .0036649
    .0036610
    .0036695
    .0036669
    .0036735
    .0036707
    .0036779
    .0036729
    .0036784
    .0036745
    .0036797
    .0036734
    .0036779
    .0036725
    .0036785
    .0036760
    .0036860
    .0036881
    .0037000
    .0037012
    .0037115
    .0037107
    .0037178
    .0037163
    .0037241
    .0037237
    .0037327
    .0037336
    .0037421
    .0037426
    .0037503
    .0037498
    .0037561
    .0037553
    .0037603
    .0037592
    .0037638
    .0037632
    .0037677
    .0037684
    .0037734
    .0037755
    .0037809
    .0037841
    .0037895
    .0037936
    .0037988
    .0038037
    .0038085
    .0038144
    .0038188
    .0038258
    .0038300
    .0038386
    .0038425
    .0038529
    .0038566
    .0038694
    .0038728
    .0038885
    .0038916
    .0039112
    .0039141
    .0039395
    .0039426
    .0039778
    .0039833
    .0040440
    .0040733
    .0042077
    .0042574