    .0011820
    .0012525
    .0011887
    .0012006
    .0011705
    .0011844
    .0011669
    .0011779
    .0011648
    .0011733
    .0011626
    .0011695
    .0011604
    .0011658
    .0011583
    .0011634
    .0011574
    .0011615
    .0011563
    .0011607
    .0011561
    .0011593
    .0011560
    .0011601
    .0011569
    .0011603
    .0011591
    .0011619
    .0011607
    .0011649
    .0011637
    .0011656
    .0011647
    .0011670
    .0011664
    .0011683
    .0011682
    .0011700
    .0011702
    .0011720
    .0011726
    .0011742
    .0011751
    .0011767
    .0011779
    .0011795
    .0011809
    .0011825
    .0011841
    .0011857
    .0011875
    .0011891
    .0011910
    .0011925
    .0011946
    .0011962
    .0011984
    .0012000
    .0012024
    .0012039
    .0012065
    .0012083
    .0012107
    .0012063
    .0012009
    .0012009
    .0011985
    .0011904
    .0011909
    .0011857
    .0011779
    .0011778
    .0011812
    .0011733
    .0011646
    .0011640
    .0011596
    .0011470
    .0011459
    .0011388
    .0011277
    .0011255
    .0011197
    .0011047
    .0011040
    .0011045
    .0010954
    .0010795
    .0010779
    .0010668
    .0010520
    .0010486
    .0010407
    .0010201
    .0010188
    .0010323
    .0010516
    .0010527
    .0010648
    .0010807
    .0010842
    .0010931
    .0011170
    .0011179
    .0011172
    .0011301
    .0011552
    .0011580
    .0011733
    .0011948
    .0012009
    .0012102
    .0012383
    .0012420
    .0012587
    .0012839
    .0012908
    .0012857
    .0013072
    .0013337
    .0013393
    .0016266
    .0013846
    .0013885
    .0014063
    .0014384
    .0014499
    .0014408
    .0014386
    .0014348
    .0014373
    .0014412
    .0014507
    .0014532
    .0014589
    .0014584
    .0014607
    .0014588
    .0014633
    .0014635
    .0014471
    .0014109
    .0013874
    .0013317
    .0012911
    .0012645
    .0012302
    .0011901
    .0011348
    .0010903
    .0010707
    .0010301
    .0009912
    .0009219
    .0008757
    .0008478
    .0008493
    .0009358
    .0010621
    .0011241
    .0011801
    .0012508
    .0013507
    .0014586
    .0015331
    .0016008
    .0017071
    .0018288
    .0019128
    .0019830
    .0020627
    .0021676
    .0021001
    .0017558
    .0014709
    .0011815
    .0008396
    .0004514
    .0001225
   -.0002175
   -.0005930
   -.0009395
   -.0012557
   -.0016353
   -.0020159
   -.0023563
   -.0026604
   -.0029840
   -.0030925
   -.0027454
   -.0022457
   -.0018440
   -.0014146
   -.0009181
   -.0004552
   -.0000563
    .0003506
    .0007703
    .0012107
    .0016636
    .0022122
    .0029069
    .0032597
    .0032395
    .0033076
    .0033816
    .0034525
    .0034901
    .0035218
    .0035704
    .0035945
    .0036383
    .0036738
    .0036850
    .0037283
    .0037698
    .0038425
    .0039023
    .0037391
    .0034443
    .0031642
    .0028808
    .0025852
    .0022792
    .0019801
    .0016833
    .0013839
    .0010841
    .0007823
    .0004811
    .0001830
   -.0001111
   -.0004009
   -.0007184
   -.0011608
   -.0018136
   -.0025987
   -.0033974
   -.0041854
   -.0049921
   -.0056987
   -.0058252
   -.0050033
   -.0038087
   -.0027698
   -.0018126
   -.0008559
    .0000833
    .0009965
    .0019229
    .0028834
    .0038130
    .0047455
    .0056555
    .0065710
    .0074313
    .0082223
    .0087182
    .0086027
    .0081622
    .0077241
    .0073338
    .0069678
    .0066519
    .0064033
    .0061560
    .0058813
    .0056078
    .0053180
    .0050587
    .0048873
    .0047450
    .0045448
    .0042224
    .0037919
    .0032860
    .0027130
    .0021094
    .0014817
    .0009952
    .0009774
    .0012080
    .0013106
    .0012174
    .0013755
    .0012824
    .0001384
   -.0015684
   -.0032136
   -.0047701
   -.0061510
   -.0068868
   -.0067100
   -.0062926
   -.0060666
   -.0058192
   -.0055210
   -.0052479
   -.0049445
   -.0046506
   -.0043474
   -.0040640
   -.0037623
   -.0034867
   -.0032175
   -.0028657
   -.0024324
   -.0017219
   -.0004679
    .0010230
    .0024425
    .0030952
    .0021923
    .0004057
   -.0013214
   -.0028142
   -.0036473
   -.0033166
   -.0025270
   -.0020070
   -.0015743
   -.0010458
   -.0005030
    .0000113
    .0005616
    .0011015
    .0016054
    .0020999
    .0026006
    .0031206
    .0036487
    .0041969
    .0048338
    .0056086
    .0064446
    .0072895
    .0081209
    .0089143
    .0092849
    .0087671
    .0078169
    .0069898
    .0063589
    .0058985
    .0055167
    .0051308
    .0047630
    .0044088
    .0040702
    .0037332
    .0034469
    .0032185
    .0032889
    .0040417
    .0051289
    .0060738
    .0066171
    .0066140
    .0063095
    .0054854
    .0035785
    .0009623
   -.0013857
   -.0022456
   -.0003350
    .0023405
    .0022273
   -.0014158
   -.0063701
   -.0109003
   -.0135146
   -.0126974
   -.0102913
   -.0081500
   -.0062529
   -.0044045
   -.0031398
   -.0029953
   -.0033570
   -.0036218
   -.0038022
   -.0039269
   -.0039396
   -.0039340
   -.0039173
   -.0038593
   -.0033815
   -.0020067
   -.0001498
    .0019561
    .0044134
    .0064465
    .0061169
    .0025125
   -.0023205
   -.0067094
   -.0088621
   -.0069681
   -.0035000
   -.0010523
   -.0002612
   -.0011843
   -.0026282
   -.0029815
   -.0012552
    .0011470
    .0028445
    .0033185
    .0022753
    .0001768
   -.0012214
   -.0013405
   -.0013165
   -.0008350
   -.0007283
   -.0002171
    .0038923
    .0092046
    .0111390
    .0072173
    .0002965
   -.0056479
   -.0075696
   -.0035496
    .0019057
    .0046329
    .0036582
    .0008873
   -.0015111
   -.0027256
   -.0022390
   -.0010036
    .0000810
    .0010664
    .0021392
    .0033387
    .0047864
    .0065176
    .0078989
    .0077027
    .0055723
    .0030555
    .0006044
   -.0003418
    .0023745
    .0063005
    .0066649
    .0035321
   -.0005150
   -.0038482
   -.0038857
   -.0021814
   -.0007342
    .0002977
    .0005212
   -.0007270
   -.0023904
   -.0040093
   -.0057760
   -.0083337
   -.0121624
   -.0158502
   -.0146000
   -.0058374
    .0047152
    .0104971
    .0078420
    .0015079
   -.0033317
   -.0038286
    .0019369
    .0091225
    .0125006
    .0116748
    .0095144
    .0078749
    .0071166
    .0076110
    .0085595
    .0091628
    .0093892
    .0090261
    .0081295
    .0072179
    .0066651
    .0066074
    .0069071
    .0072458
    .0063658
    .0042143
    .0021589
    .0000012
   -.0020289
   -.0041508
   -.0061874
   -.0081459
   -.0100218
   -.0118646
   -.0135967
   -.0152474
   -.0169066
   -.0185373
   -.0199828
   -.0199376
   -.0165165
   -.0113538
   -.0063033
   -.0015592
    .0025245
    .0024849
   -.0036152
   -.0116322
   -.0166107
   -.0160842
   -.0131362
   -.0107112
   -.0086226
   -.0065612
   -.0045764
   -.0026170
   -.0006861
    .0011736
    .0030413
    .0048049
    .0063783
    .0071471
    .0063816
    .0052002
    .0055603
    .0084465
    .0121143
    .0154449
    .0188033
    .0224033
    .0259438
    .0287790
    .0280814
    .0212231
    .0116987
    .0032761
   -.0018030
   -.0015894
    .0009472
    .0028840
    .0044158
    .0057031
    .0062154
    .0063593
    .0066986
    .0074712
    .0088066
    .0102793
    .0116498
    .0130601
    .0145641
    .0162582
    .0181814
    .0198515
    .0185588
    .0148756
    .0101541
    .0056132
    .0017228
   -.0024141
   -.0063032
   -.0093024
   -.0115406
   -.0118849
   -.0116002
   -.0119442
   -.0119194
   -.0121130
   -.0121996
   -.0120250
   -.0118218
   -.0120984
   -.0125922
   -.0122849
   -.0108270
   -.0060250
   -.0000964
    .0035800
    .0044226
    .0036310
    .0033065
    .0034011
    .0034216
    .0034023
    .0033908
    .0033478
    .0032175
    .0025375
    .0008472
   -.0012760
   -.0022747
   -.0006644
    .0021621
    .0044951
    .0050943
    .0029841
   -.0004038
   -.0035687
   -.0063641
   -.0073144
   -.0048644
   -.0010388
    .0022442
    .0053098
    .0084170
    .0105403
    .0106864
    .0098316
    .0090878
    .0084507
    .0077958
    .0071660
    .0065214
    .0058423
    .0052489
    .0050414
    .0046830
    .0039245
    .0041819
    .0050556
    .0053098
    .0002935
   -.0078693
   -.0138856
   -.0141197
   -.0084678
   -.0033981
    .0006854
    .0019967
   -.0013185
   -.0064639
   -.0111508
   -.0156489
   -.0200897
   -.0217929
   -.0179950
   -.0115312
   -.0050850
    .0016238
    .0081680
    .0114582
    .0099280
    .0073918
    .0089832
    .0169566
    .0262961
    .0294513
    .0248953
    .0175961
    .0113505
    .0073552
    .0058061
    .0050930
    .0038048
    .0023021
    .0010624
    .0000114
   -.0010381
   -.0021690
   -.0025149
   -.0007546
    .0020852
    .0047444
    .0072259
    .0095641
    .0109099
    .0107195
    .0098882
    .0088491
    .0069155
    .0045146
    .0035057
    .0054551
    .0081156
    .0068116
    .0003362
   -.0070202
   -.0142864
   -.0187227
   -.0167940
   -.0122111
   -.0100322
   -.0112335
   -.0134615
   -.0153222
   -.0173475
   -.0201157
   -.0238754
   -.0251052
   -.0198626
   -.0112991
   -.0035842
    .0030985
    .0055959
    .0014393
   -.0044072
   -.0067992
   -.0034947
    .0021019
    .0056846
    .0061460
    .0055425
    .0051749
    .0048551
    .0044156
    .0040750
    .0040101
    .0074297
    .0172787
    .0287887
    .0338874
    .0296777
    .0223459
    .0156887
    .0087513
    .0014314
   -.0032483
   -.0028074
    .0000691
    .0026085
    .0047963
    .0068935
    .0087928
    .0101873
    .0109057
    .0112639
    .0115657
    .0106884
    .0070841
    .0022102
   -.0022035
   -.0057516
   -.0083099
   -.0104376
   -.0129884
   -.0157101
   -.0179047
   -.0153606
   -.0040024
    .0098565
    .0154245
    .0079154
   -.0057889
   -.0232087
   -.0387355
   -.0439792
   -.0403198
   -.0306846
   -.0192006
   -.0103978
   -.0055748
   -.0020021
    .0018623
    .0052819
    .0083402
    .0109625
    .0113210
    .0064161
   -.0010855
   -.0076007
   -.0093627
   -.0038217
    .0084334
    .0263177
    .0452892
    .0573111
    .0565390
    .0421813
    .0117776
   -.0243327
   -.0524397
   -.0677382
   -.0735135
   -.0691143
   -.0604146
   -.0528888
   -.0475202
   -.0443859
   -.0426095
   -.0408451
   -.0379900
   -.0304357
   -.0159385
    .0004062
    .0148868
    .0247078
    .0259141
    .0231208
    .0215518
    .0229177
    .0286704
    .0365399
    .0435740
    .0463298
    .0416353
    .0336693
    .0268217
    .0202731
    .0127319
    .0028473
   -.0102032
   -.0186459
   -.0165542
   -.0107791
   -.0065050
   -.0024483
    .0018750
    .0028431
   -.0032527
   -.0126030
   -.0205819
   -.0244295
   -.0222259
   -.0175591
   -.0122617
   -.0039016
    .0063778
    .0163327
    .0248262
    .0272209
    .0206969
    .0116701
    .0066634
    .0083096
    .0117570
    .0136162
    .0136459
    .0124177
    .0108718
    .0111147
    .0143307
    .0180786
    .0143141
    .0001446
   -.0189168
   -.0319044
   -.0324175
   -.0295959
   -.0335261
   -.0443521
   -.0555956
   -.0596916
   -.0486450
   -.0298108
   -.0145979
   -.0045705
   -.0012443
   -.0078493
   -.0167476
   -.0167367
   -.0034265
    .0146376
    .0248253
    .0200459
    .0059242
   -.0129392
   -.0262509
   -.0253175
   -.0175670
   -.0119972
   -.0135870
   -.0275715
   -.0473298
   -.0656583
   -.0806482
   -.0904971
   -.0889189
   -.0701174
   -.0438698
   -.0189774
    .0053247
    .0296131
    .0488489
    .0584063
    .0566748
    .0398018
    .0170850
   -.0021326
   -.0120737
   -.0096972
   -.0026033
    .0033756
    .0036277
   -.0074231
   -.0200989
   -.0230369
   -.0166834
   -.0012131
    .0191616
    .0417310
    .0674702
    .0872439
    .0865502
    .0650740
    .0384933
    .0158907
    .0053706
    .0164331
    .0367951
    .0524822
    .0569590
    .0457103
    .0253199
    .0014619
   -.0172238
   -.0258167
   -.0312752
   -.0390446
   -.0460162
   -.0472324
   -.0373229
   -.0195129
   -.0099548
   -.0117347
   -.0160813
   -.0210050
   -.0155532
    .0094825
    .0424260
    .0668231
    .0772132
    .0772082
    .0664843
    .0484390
    .0267902
    .0055667
   -.0063579
   -.0023601
    .0096228
    .0234271
    .0379903
    .0518692
    .0582651
    .0496452
    .0315105
    .0098064
   -.0054191
   -.0057896
    .0088011
    .0391713
    .0743675
    .0997996
    .1085193
    .1046051
    .0894426
    .0706320
    .0570559
    .0511661
    .0477562
    .0434469
    .0381659
    .0286524
    .0095720
   -.0140000
   -.0357083
   -.0504824
   -.0536650
   -.0438110
   -.0200964
    .0061993
    .0192618
    .0110400
   -.0065042
   -.0194844
   -.0212866
   -.0118408
    .0014478
    .0079584
    .0026291
   -.0101680
   -.0291270
   -.0467220
   -.0530341
   -.0530774
   -.0576454
   -.0642353
   -.0676357
   -.0626645
   -.0442355
   -.0202405
    .0009509
    .0136708
    .0123947
    .0020497
   -.0127870
   -.0285905
   -.0414637
   -.0506977
   -.0601711
   -.0720718
   -.0894608
   -.1054557
   -.1099331
   -.1043785
   -.0899133
   -.0715920
   -.0541265
   -.0391104
   -.0312240
   -.0304718
   -.0299211
   -.0233506
   -.0095944
    .0055770
    .0192476
    .0290353
    .0314070
    .0298724
    .0291181
    .0297342
    .0360246
    .0516635
    .0709653
    .0860096
    .0923607
    .0895197
    .0741825
    .0533718
    .0353959
    .0291397
    .0394709
    .0547724
    .0604216
    .0480474
    .0273624
    .0081019
   -.0102861
   -.0281371
   -.0412649
   -.0468065
   -.0430573
   -.0262304
    .0007449
    .0336183
    .0597092
    .0655459
    .0510191
    .0301019
    .0123139
   -.0034650
   -.0147973
   -.0169972
   -.0158978
   -.0162679
   -.0171943
   -.0171829
   -.0168330
   -.0120294
    .0040861
    .0260782
    .0393505
    .0296116
   -.0006334
   -.0344275
   -.0569635
   -.0613618
   -.0574199
   -.0531339
   -.0461879
   -.0375671
   -.0299963
   -.0243304
   -.0227039
   -.0231360
   -.0222663
   -.0145009
    .0015233
    .0194021
    .0305473
    .0276829
    .0133725
   -.0105296
   -.0367209
   -.0654888
   -.0698403
   -.0613771
   -.0322152
    .0025037
    .0425917
    .0486080
    .0238225
    .0079670
   -.0127489
   -.0188259
   -.0184502
   -.0135438
    .0074035
    .0197086
    .0257252
    .0213135
    .0118919
   -.0033692
   -.0234174
   -.0501541
   -.0602098
   -.0624669
   -.0585072
   -.0545025
   -.0474615
   -.0430448
   -.0348411
   -.0276853
   -.0236936
   -.0190963
   -.0123755
   -.0075231
   -.0036384
   -.0046633
   -.0044023
   -.0059269
   -.0071360
   -.0064701
   -.0015386
    .0098590
    .0261681
    .0337543
    .0387804
    .0442852
    .0430793
    .0367187
    .0428317
    .0477554
    .0621836
    .0765027
    .0832955
    .0655846
    .0389409
    .0095926
   -.0550928
   -.0906605
   -.1171951
   -.1318316
   -.1172297
   -.0696646
   -.0416319
   -.0185790
   -.0150787
   -.0481858
   -.0656223
   -.0775351
   -.1128833
   -.1049878
   -.0728990
   -.0288091
    .0231265
    .0707020
    .0933376
    .0954906
    .0813499
    .0353253
    .0036979
   -.0147167
   -.0267193
   -.0148903
   -.0041959
    .0146380
    .0414222
    .0523551
    .0557615
    .0532426
    .0558141
    .0509367
    .0192707
    .0140977
    .0204166
    .0346963
    .0650977
    .0912986
    .0873258
    .0831866
    .0738772
    .0436842
   -.0089121
   -.0345818
   -.0705992
   -.0550245
   -.0111288
    .0534652
    .0759431
    .0769523
    .0529439
   -.0091035
   -.0571580
   -.0475873
    .0238411
    .0624982
    .1084593
    .1265928
    .1112808
    .0761492
    .0121098
   -.0445471
   -.1108387
   -.1258145
   -.1218058
   -.0965275
   -.0366776
    .0244602
    .1356984
    .1677108
    .1716828
    .1341378
    .0625639
   -.0053179
   -.0356801
   -.0528092
   -.0311002
   -.0176118
   -.0102406
   -.0013810
   -.0097595
   -.0258327
   -.0654718
   -.0847545
   -.1006725
   -.0997788
   -.0716090
   -.0371271
    .0099219
    .0583520
    .0868919
    .0964259
    .0844163
    .0690053
    .0503536
    .0041365
   -.0412026
   -.0455582
   -.0270168
    .0036190
    .0490717
    .0658722
    .0635745
    .0026746
   -.0605697
   -.0674044
   -.0398822
   -.0055522
    .0654791
    .0979099
    .1121147
    .1117352
    .0613590
    .0252503
    .0062022
   -.0191314
   -.0273830
    .0065387
    .0275255
    .0634970
    .0675360
    .0474405
    .0180490
   -.0407278
   -.0574377
   -.0661991
   -.0684248
   -.0588828
   -.0452438
    .0062955
    .0300066
    .0385344
    .0336075
    .0168175
   -.0072272
   -.0238546
   -.0275855
   -.0256672
   -.0180357
   -.0021205
    .0164914
    .0242018
    .0223532
    .0084486
   -.0169419
   -.0434463
   -.0464710
   -.0314611
   -.0088815
    .0200881
    .0485964
    .0680727
    .0888141
    .0947251
    .0941894
    .0754229
    .0472714
    .0259178
    .0069566
   -.0157936
   -.0284644
   -.0223507
   -.0132306
    .0044587
    .0173734
    .0261304
    .0305424
    .0255220
   -.0095772
   -.0572009
   -.0705966
   -.0608917
   -.0433051
    .0073865
    .0320982
    .0411180
    .0141549
   -.0338910
   -.0661541
   -.0864900
   -.0786996
   -.0453869
   -.0257069
    .0144200
    .0234811
    .0273850
    .0316841
    .0293368
    .0297733
    .0137865
    .0068434
    .0101681
    .0201117
    .0319992
    .0436008
    .0531053
    .0568451
    .0562464
    .0538844
    .0451903
    .0299110
    .0139252
   -.0071993
   -.0267902
   -.0284834
   -.0222038
   -.0102984
    .0040049
    .0193537
    .0369521
    .0230517
   -.0037314
   -.0480558
   -.0668816
   -.0594196
   -.0508654
   -.0267562
    .0073138
    .0516335
    .0888387
    .0771535
    .0408542
   -.0555794
   -.1073982
   -.1482360
   -.1942476
   -.1827589
   -.1401635
   -.0748205
   -.0025641
    .0932550
    .0757267
    .0513401
   -.0083708
   -.0567847
   -.0640456
   -.0668267
   -.0227769
    .0409347
    .1001099
    .1464971
    .1091663
    .0311070
   -.0528827
   -.1838076
   -.2361451
   -.2378804
   -.2103099
   -.1764471
   -.0675698
   -.0185021
   -.0184898
   -.0166710
   -.0226215
   -.0320372
   -.0203419
   -.0019962
    .0272326
    .0524757
    .0866340
    .1177733
    .1163012
    .1227150
    .1160310
    .0803502
    .0505818
    .0246418
   -.0009426
    .0044985
    .0322208
    .0662189
    .1177761
    .1400440
    .1348101
    .0996741
    .0502933
   -.0011323
   -.0442176
   -.0645692
   -.0719883
   -.0771612
   -.0690292
   -.0612992
   -.0553825
   -.0523840
   -.0528951
   -.0550026
   -.0584558
   -.0654774
   -.0602311
   -.0443949
   -.0165556
    .0032463
    .0227794
    .0469468
    .0724024
    .0827097
    .0770581
    .0690928
    .0575167
    .0442910
    .0258552
    .0163585
    .0210736
    .0377544
    .0749139
    .0939633
    .1274406
    .1430453
    .1431062
    .1104569
    .0660528
    .0157016
   -.0305797
   -.0461196
   -.0154461
    .0382429
    .0465267
    .0344159
   -.0047459
   -.0778833
   -.1105029
   -.1098366
   -.0709185
   -.0138552
    .0387838
    .0672279
    .0726816
    .0886724
    .0769382
    .0240209
   -.0122443
   -.0585303
   -.1337624
   -.1626066
   -.1709444
   -.1498136
   -.0737563
   -.0115410
    .0637445
    .0831772
    .0456434
    .0081368
   -.0156343
   -.0260376
   -.0383174
   -.0072987
    .0572321
    .0452800
    .0320143
   -.0141965
   -.0643060
   -.0923344
   -.1156972
   -.0890475
   -.0353043
    .0279664
    .1118864
    .1393489
    .1163891
    .0810165
    .0519840
    .0279742
    .0133514
    .0194857
    .0264247
    .0444148
    .0447898
    .0301305
   -.0247988
   -.0461661
   -.0672276
   -.0699779
   -.0537416
   -.0354711
   -.0188389
    .0266197
    .0370612
    .0440059
    .0517146
    .0538369
    .0390782
    .0154764
   -.0068843
   -.0189994
   -.0063060
    .0110473
    .0192018
    .0289908
    .0250031
    .0066808
   -.0100773
   -.0413374
   -.0651604
   -.0962109
   -.0903867
   -.0551835
   -.0069223
    .0401601
    .0713340
    .0929662
    .0856921
    .0624216
    .0437902
    .0183055
   -.0024416
   -.0055488
    .0145355
    .0392098
    .0534746
    .0801758
    .0755556
    .0485619
    .0011156
   -.0192185
   -.0637108
   -.0796793
   -.0734893
   -.0450008
   -.0025602
    .0341909
    .0664986
    .0750804
    .0643262
    .0500421
    .0396091
    .0082575
   -.0092587
   -.0116611
    .0031874
    .0240772
    .0390219
    .0477715
    .0452747
    .0273400
   -.0051488
   -.0242766
   -.0281746
   -.0188744
    .0041388
    .0227911
    .0246352
    .0255428
    .0118144
   -.0132275
   -.0473682
   -.0828505
   -.1083755
   -.1259187
   -.1417655
   -.1503524
   -.1394642
   -.1213682
   -.1040507
   -.0867050
   -.0700626
   -.0498283
   -.0296235
   -.0105909
    .0055195
    .0250385
    .0406531
    .0495251
    .0529254
    .0433925
    .0307956
    .0130701
   -.0164845
   -.0400087
   -.0683204
   -.0809798
   -.0894475
   -.0789288
   -.0752838
   -.1006314
   -.1367993
   -.1397423
   -.1452909
   -.1176223
   -.0435820
    .0345376
    .0731279
    .1129683
    .1381921
    .0932590
    .0525686
    .0064120
   -.0140034
   -.0131562
    .0154764
    .0819139
    .1113015
    .1302600
    .1365555
    .1176821
    .1222017
    .1247877
    .1190749
    .1288854
    .1384851
    .1489116
    .1575208
    .1435025
    .1087303
    .0560393
   -.0562797
   -.1152561
   -.1397423
   -.1573084
   -.1723040
   -.1744817
   -.1355616
   -.1023922
   -.0793721
   -.0619545
   -.0381141
   -.0103562
    .0290336
    .0624540
    .0891871
    .1093737
    .1094441
    .0782946
    .0593131
    .0091590
   -.0301131
   -.0795114
   -.1059809
   -.1247084
   -.1289057
   -.1242464
   -.1050404
   -.0846903
   -.0625774
   -.0542625
   -.0674678
   -.0665438
   -.0590277
   -.0538458
   -.0390407
   -.0341759
   -.0115001
    .0089956
    .0217288
   -.0036987
   -.1016821
   -.1179072
   -.1413548
   -.1908369
   -.2085824
   -.1954366
   -.0992608
   -.0217576
    .0787695
    .1686335
    .2432851
    .2227765
    .1894639
    .1201509
   -.0703072
   -.1155848
   -.1123494
   -.0978646
   -.0592866
   -.0011930
    .0825416
    .1602091
    .2166635
    .2359092
    .2319387
    .1273297
    .0681795
    .0528806
    .0640020
    .0994045
    .0848023
    .1176975
    .1242216
    .0398154
   -.0361656
   -.1186400
   -.1926738
   -.2194175
   -.2171901
   -.1492420
   -.0235191
    .0378564
    .1387907
    .1345754
    .1480705
    .1295224
    .0834422
    .0395117
   -.0464801
   -.0569209
   -.0288664
    .0453694
    .0700438
    .0455554
    .0357283
    .0184476
    .0064105
   -.0073346
   -.0078081
    .0138497
    .0380915
    .0618427
    .0815164
    .0877573
    .0815709
    .0627665
    .0353871
   -.0052290
   -.0744410
   -.1335303
   -.1603562
   -.1705991
   -.1274760
   -.0969976
   -.0652065
   -.0369105
   -.0248199
   -.0259177
   -.0817177
   -.1065352
   -.0792432
   -.0252492
    .0258978
    .0424118
    .0519648
    .0490839
    .0394322
    .0226772
    .0038805
   -.0024757
    .0112593
    .0183948
    .0097661
    .0082100
    .0009162
    .0071568
    .0278180
    .0314534
    .0377738
    .0561768
    .0755790
    .0873131
    .0739132
    .0684281
    .0589286
    .0385729
    .0227335
   -.0168043
   -.0358424
   -.0712098
   -.0766067
   -.0818395
   -.0754610
   -.0744912
   -.0736850
   -.0383789
   -.0024969
    .0074211
    .0330954
    .0693221
    .0943598
    .1185793
    .1352630
    .1509411
    .1420796
    .1047750
    .0383267
    .0043820
   -.0161507
   -.0163512
   -.0026247
    .0283833
    .0493978
    .0637708
    .0841539
    .0775101
    .0614035
    .0530789
    .0362749
    .0313099
    .0269935
    .0182711
   -.0105971
   -.0497073
   -.1153079
   -.1772463
   -.2173561
   -.2399932
   -.2427346
   -.2073836
   -.1637201
   -.1230700
   -.1016498
   -.0705350
   -.0656142
   -.0639904
   -.0612328
   -.0518805
   -.0283550
   -.0015379
    .0194618
    .0515991
    .0825139
    .0604729
    .0055693
   -.0811337
   -.0913416
   -.0806140
   -.0400812
    .0514692
    .1399907
    .2049100
    .2237347
    .1733910
    .1045634
    .0262591
   -.0514514
   -.1084660
   -.1527598
   -.1541926
   -.1462014
   -.1038922
   -.0874561
   -.0935738
   -.1148107
   -.1545951
   -.1819718
   -.1857452
   -.1609620
   -.1050409
   -.0232040
    .0396232
    .0498879
    .0315614
    .0100533
   -.0101261
   -.0576864
   -.0993982
   -.1148421
   -.0581980
   -.0205488
    .0295781
    .0899990
    .0955737
    .0660407
    .0597768
    .0393825
    .0165405
    .0464175
    .1128084
    .1553120
    .1776110
    .2332956
    .2443045
    .2299222
    .1660945
    .0590860
   -.0055793
   -.0765474
   -.0808589
    .0033043
    .0514069
    .0914403
    .0960597
    .0942281
    .0662716
    .0356738
   -.0032095
   -.0551008
   -.0901601
   -.0519020
   -.0155735
    .0321737
    .0860940
    .1006977
    .0883693
    .0404547
   -.0046567
   -.1475071
   -.2089903
   -.2177235
   -.1883197
   -.0939753
   -.0160692
    .0562107
    .0891814
    .0835629
    .0684813
    .0386802
    .0106145
   -.0144880
   -.0953575
   -.1091203
   -.0881692
   -.0248810
    .0184148
    .0784419
    .0811543
    .0496040
   -.0149743
   -.0428458
   -.0548526
   -.0298525
    .0207832
    .0667305
    .0919665
    .0832077
    .0643462
    .0315180
    .0031647
   -.0374500
   -.0634163
   -.0734297
   -.0636371
   -.0445528
   -.0500113
   -.0572733
   -.0608854
   -.0530821
   -.0645246
   -.0634778
   -.0512540
   -.0429793
   -.0308127
   -.0068765
    .0104489
    .0271619
    .0259385
    .0056155
   -.0129550
   -.0471453
   -.0641689
   -.0550593
   -.0269259
    .0039841
    .0458751
    .0701139
    .0780887
    .0589925
    .0394228
    .0308065
    .0249324
    .0351600
    .0798397
    .1097178
    .1254101
    .1188609
    .1029021
    .0702612
    .0110344
   -.0538428
   -.1164600
   -.1347958
   -.1095389
   -.0228847
    .0351262
    .0637676
    .0786029
   -.0116635
   -.0361574
   -.0294812
   -.0172174
    .0049485
    .0490125
    .0386409
    .0461935
   -.0069428
   -.0702373
   -.1287918
   -.1847069
   -.2099247
   -.1950138
   -.1556147
   -.0647485
   -.0327120
   -.0069396
   -.0343624
   -.0686301
   -.1063938
   -.0775267
   -.0460702
   -.0207927
    .0423149
    .1052471
    .1183392
    .1089088
    .0763726
   -.0091152
   -.0621734
   -.1063602
   -.1348530
   -.1564886
   -.1430883
   -.0874263
   -.0625966
   -.0349985
    .0030635
    .0172835
    .0016164
    .0071588
   -.0124705
    .0112228
    .0168800
    .0289203
    .0168451
    .0443822
    .0768606
    .0928029
    .1075550
    .1167513
    .1163100
    .0750721
    .0271107
    .0089804
    .0015761
   -.0078545
    .0121010
    .0671637
    .1384997
    .1569636
    .1576488
    .1198567
    .0450942
   -.0243825
   -.0809810
   -.1143186
   -.1018609
   -.0637128
   -.0200977
    .0207584
    .0421286
    .0354582
    .0241564
   -.0048779
   -.0289371
   -.0492433
   -.0486293
   -.0288440
    .0042641
    .0313484
    .0302002
    .0242056
    .0137225
   -.0178444
   -.0534129
   -.0824221
   -.0966112
   -.0931813
   -.0773814
   -.0651605
   -.0521332
   -.0491432
   -.0566336
   -.0571133
   -.0603237
   -.0776323
   -.0747409
   -.0642008
   -.0385836
   -.0152744
    .0007584
    .0037514
    .0028068
   -.0127070
   -.0427482
   -.0562779
   -.0548200
   -.0367222
    .0000856
    .0458197
    .0856624
    .1140702
    .1203226
    .1092351
    .1036173
    .1202467
    .1169154
    .1090167
    .1222372
    .1673590
    .2208495
    .2494146
    .2584523
    .2396739
    .1898393
    .1455279
    .0862658
    .0467792
    .0233753
    .0508811
    .0870288
    .0773094
    .0668452
    .0474808
   -.0043573
   -.0327070
   -.0581687
   -.0658600
   -.0604036
   -.0455127
   -.0400399
   -.0346594
   -.0266466
   -.0254242
   -.0287888
   -.0302160
   -.0360940
   -.0377462
   -.0307194
   -.0171861
   -.0034569
    .0096385
    .0211482
    .0254019
    .0220005
    .0151793
   -.0004157
   -.0147394
   -.0243229
   -.0329903
   -.0346949
   -.0397278
   -.0467785
   -.0517811
   -.0582870
   -.0703580
   -.0795288
   -.0814498
   -.0803901
   -.0765016
   -.0667018
   -.0396264
   -.0206932
   -.0117792
   -.0073254
   -.0061182
   -.0009862
   -.0127512
   -.0276540
   -.0430365
   -.0503581
   -.0483653
   -.0413815
   -.0282852
   -.0207701
   -.0206550
   -.0207638
   -.0530520
   -.0654074
   -.0751678
   -.0623333
   -.0421529
   -.0197237
    .0317744
    .0752102
    .0914533
    .1047295
    .1042148
    .0771837
    .0526845
    .0282064
    .0103026
   -.0008018
    .0183339
    .0330600
    .0501194
    .0485760
    .0221752
    .0097560
    .0309624
    .0303209
    .0309946
    .0586926
    .1014063
    .1302699
    .1347022
    .1167444
    .0775307
    .0524839
    .0278837
    .0090672
    .0194635
    .0630739
    .0824585
    .0931272
    .0894680
    .0547752
    .0219815
   -.0159130
   -.0357380
   -.0491226
   -.0591754
   -.0677986
   -.0674758
   -.0708322
   -.0773074
   -.0798792
   -.0797531
   -.0770094
   -.0705193
   -.0594754
   -.0496633
   -.0309602
   -.0083239
    .0195758
    .0486573
    .0787553
    .0973022
    .1063433
    .1146413
    .1206736
    .1172100
    .1151023
    .1096185
    .1006478
    .0966700
    .0811879
    .0612809
    .0386128
    .0081388
   -.0223368
   -.0589245
   -.0816485
   -.0924596
   -.0943661
   -.0890257
   -.0792975
   -.0697296
   -.0583639
   -.0470921
   -.0435940
   -.0421624
   -.0412745
   -.0500817
   -.0566937
   -.0533387
   -.0449945
   -.0381096
   -.0314601
   -.0308455
   -.0311668
   -.0379548
   -.0458345
   -.0545858
   -.0616470
   -.0448784
   -.0379764
   -.0193015
    .0053451
    .0159524
    .0114104
   -.0069668
   -.0166375
   -.0230596
   -.0357659
   -.0371253
   -.0058610
    .0114763
    .0192555
    .0222557
    .0204025
    .0203619
    .0133558
   -.0028706
   -.0087343
    .0046906
    .0220595
    .0442105
    .0628388
    .0825345
    .0919658
    .0985203
    .1028316
    .1069930
    .1135053
    .1191932
    .1228002
    .1258199
    .1224305
    .1176762
    .1125958
    .1013972
    .0890099
    .0763985
    .0575200
    .0418858
    .0270047
    .0121354
    .0027934
    .0014232
    .0009257
   -.0019607
   -.0056797
   -.0184111
   -.0322668
   -.0477834
   -.0671346
   -.0850553
   -.0943145
   -.0950464
   -.0898363
   -.0875107
   -.0727125
   -.0612215
   -.0405278
   -.0292485
   -.0213974
   -.0181729
   -.0384543
   -.0451243
   -.0344165
   -.0177226
   -.0080992
    .0102021
    .0222415
    .0162487
    .0152025
   -.0211640
   -.0403656
   -.0618976
   -.0654264
   -.0578806
   -.0475025
   -.0254337
    .0035864
    .0335324
    .0336924
    .0179289
    .0139974
    .0108610
    .0146636
    .0215212
    .0404199
    .0523774
    .0504363
    .0339455
    .0232467
    .0116004
   -.0105255
   -.0189861
   -.0223895
   -.0083884
    .0129088
    .0400056
    .0815913
    .1027834
    .1205601
    .1272297
    .1243343
    .1128821
    .1033061
    .0938767
    .0811048
    .0671876
    .0519865
    .0441023
    .0237810
   -.0040814
   -.0202076
   -.0351303
   -.0558153
   -.0679061
   -.0637254
   -.0530510
   -.0407446
   -.0261220
   -.0209978
   -.0112758
   -.0172796
   -.0224759
   -.0363160
   -.0360240
   -.0254740
   -.0174029
   -.0036544
    .0198263
    .0332583
    .0342069
    .0274668
    .0131695
   -.0048694
   -.0125801
   -.0288408
   -.0333775
   -.0209256
   -.0038355
    .0299203
    .0523724
    .0557184
    .0529359
    .0239527
    .0054304
   -.0092066
   -.0239719
   -.0322200
   -.0348193
   -.0151865
   -.0091954
    .0015609
    .0046717
   -.0114267
   -.0277127
   -.0549552
   -.0705452
   -.0736795
   -.0678437
   -.0613822
   -.0312111
    .0075391
    .0241251
    .0231079
    .0138806
   -.0135969
   -.0528554
   -.0825852
   -.0889544
   -.0839651
   -.0751651
   -.0656287
   -.0428118
   -.0443365
   -.0538739
   -.0656273
   -.0772591
   -.0862377
   -.0831338
   -.0664404
   -.0513698
   -.0403340
   -.0303578
   -.0221011
   -.0134526
   -.0151681
   -.0184846
   -.0205632
   -.0181232
   -.0130768
   -.0059867
    .0100311
    .0264082
    .0459452
    .0601971
    .0753154
    .0817033
    .0777734
    .0708210
    .0646985
    .0633784
    .0694985
    .0777001
    .0913444
    .0944912
    .0897989
    .0757950
    .0455714
    .0134858
   -.0074973
   -.0294636
   -.0299902
   -.0282649
   -.0212594
   -.0111082
   -.0071218
   -.0128513
   -.0107306
   -.0026801
    .0046295
    .0087822
    .0063867
    .0024497
   -.0084233
   -.0137958
   -.0285862
   -.0433858
   -.0517525
   -.0638404
   -.0643745
   -.0624496
   -.0559881
   -.0432800
   -.0287710
   -.0126969
    .0003535
    .0169377
    .0192261
    .0195790
    .0134724
    .0115647
    .0112497
    .0153448
    .0062792
   -.0111470
   -.0285889
   -.0452284
   -.0547652
   -.0795219
   -.0870200
   -.0673374
   -.0403012
   -.0127756
    .0185773
    .0212569
    .0221065
    .0287878
    .0225829
    .0172493
    .0065960
    .0090388
    .0120462
    .0083654
    .0256493
    .0285042
    .0161227
   -.0157876
   -.0485088
   -.0769224
   -.0948029
   -.0873390
   -.0728807
   -.0504559
   -.0244782
   -.0045950
    .0104788
    .0136328
    .0135515
    .0045646
   -.0047539
   -.0071550
   -.0087616
   -.0118863
   -.0172503
   -.0207587
   -.0207120
   -.0256746
   -.0413366
   -.0522474
   -.0528337
   -.0549563
   -.0630793
   -.0615392
   -.0531398
   -.0307092
   -.0097863
    .0129578
    .0335976
    .0460141
    .0429302
    .0182988
   -.0008105
   -.0187080
   -.0342756
   -.0403887
   -.0358352
   -.0228095
   -.0003405
    .0213232
    .0284042
    .0227455
    .0172449
   -.0130365
   -.0282857
   -.0238650
    .0082971
    .0624976
    .0975614
    .1352545
    .1583598
    .1638042
    .1528515
    .1338911
    .1055712
    .0927930
    .1017852
    .1004557
    .1009603
    .0982521
    .0864700
    .0688500
    .0386884
    .0027460
   -.0253641
   -.0466250
   -.0614200
   -.0747098
   -.0767392
   -.0632605
   -.0577984
   -.0475262
   -.0301964
   -.0372633
   -.0467635
   -.0884314
   -.1037994
   -.1100906
   -.0935915
   -.0736320
   -.0542772
   -.0392250
   -.0266476
   -.0270884
   -.0352675
   -.0411392
   -.0592586
   -.0689482
   -.0621086
   -.0440297
    .0023773
    .0324545
    .0678029
    .0776558
    .0907482
    .0719209
    .0538832
    .0418122
    .0127062
   -.0027563
   -.0099802
   -.0292935
   -.0401452
   -.0543902
   -.0723322
   -.0870564
   -.0976275
   -.0980694
   -.1020857
   -.1032598
   -.1012452
   -.0877285
   -.0671969
   -.0633109
   -.0608671
   -.0661216
   -.0802736
   -.0958279
   -.0949134
   -.0931603
   -.0848204
   -.0729523
   -.0580145
   -.0393042
   -.0211553
   -.0006280
    .0190749
    .0345136
    .0443595
    .0473817
    .0331307
    .0182654
    .0085209
    .0059253
    .0087602
    .0133477
    .0266245
    .0314342
    .0378495
    .0206983
   -.0093848
   -.0329797
   -.0446167
   -.0605320
   -.0709508
   -.0711937
   -.0646167
   -.0491897
   -.0172409
    .0041334
    .0181289
    .0257135
    .0201322
    .0164555
    .0287741
    .0380362
    .0515377
    .0764621
    .0852471
    .0884205
    .0823344
    .0687520
    .0462086
    .0298328
    .0144649
    .0100061
   -.0101440
   -.0206174
   -.0270605
   -.0325102
   -.0328584
   -.0328350
   -.0272910
    .0134841
    .0408117
    .0569145
    .0706611
    .0804968
    .0934124
    .1097145
    .1146399
    .1132231
    .0942726
    .0538508
    .0186048
   -.0067108
   -.0243317
   -.0336261
   -.0440245
   -.0542863
   -.0485123
   -.0478359
   -.0509069
   -.0566907
   -.0724947
   -.0684342
   -.0618101
   -.0356834
    .0091788
    .0241436
    .0451336
    .0521812
    .0424004
    .0229914
   -.0004460
   -.0141536
   -.0216909
   -.0348278
   -.0277784
   -.0311132
   -.0491669
   -.0741387
   -.1040369
   -.1217395
   -.1239042
   -.1027452
   -.0783719
   -.0385025
   -.0177577
   -.0051651
    .0150151
    .0336205
    .0317919
    .0414426
    .0349377
    .0219740
    .0004699
    .0212397
    .0294186
    .0375528
    .0375853
    .0111580
   -.0103550
   -.0158959
   -.0209914
   -.0085362
   -.0008512
    .0333575
    .0526330
    .1009822
    .1245451
    .1384414
    .1339295
    .1219987
    .1056478
    .0659737
    .0118296
   -.0384161
   -.0653438
   -.0771858
   -.0755597
   -.0675442
   -.0535053
   -.0272615
    .0028086
    .0274810
    .0324287
    .0322647
    .0209876
    .0005265
   -.0160350
   -.0134229
   -.0018994
    .0310817
    .0389284
    .0360538
    .0283121
    .0121732
   -.0106332
   -.0202067
   -.0248008
   -.0235763
   -.0128523
    .0083075
    .0158868
    .0209370
    .0268959
    .0294112
    .0242321
    .0228324
    .0206579
    .0216721
    .0254384
    .0328311
    .0384338
    .0376540
    .0290120
    .0175636
    .0094641
   -.0008633
   -.0104619
   -.0196346
   -.0212228
   -.0194775
   -.0131472
   -.0014005
    .0033705
    .0073859
    .0143130
    .0140884
    .0110280
    .0080866
    .0060455
   -.0008990
   -.0045971
   -.0100406
   -.0128009
   -.0234688
   -.0327731
   -.0374860
   -.0406443
   -.0416048
   -.0365590
   -.0294162
   -.0178029
   -.0006619
    .0167596
    .0270640
    .0294724
    .0279933
    .0276991
    .0289717
    .0330081
    .0370553
    .0372299
    .0304980
    .0196808
    .0135660
    .0145854
    .0202444
    .0276168
    .0346604
    .0394157
    .0417650
    .0434330
    .0453682
    .0469860
    .0471970
    .0449561
    .0390029
    .0287236
    .0143300
   -.0010296
   -.0124040
   -.0208440
   -.0290724
   -.0363502
   -.0419419
   -.0462980
   -.0486640
   -.0475062
   -.0420766
   -.0321189
   -.0172157
   -.0018677
    .0081029
    .0113527
    .0065265
   -.0033352
   -.0144342
   -.0257677
   -.0307326
   -.0224227
   -.0081389
    .0065269
    .0205097
    .0326498
    .0396212
    .0394794
    .0328884
    .0187088
    .0021563
   -.0111314
   -.0200566
   -.0197685
   -.0079161
    .0052460
    .0129649
    .0162029
    .0138887
    .0040699
   -.0086529
   -.0201877
   -.0303898
   -.0392952
   -.0461711
   -.0505118
   -.0515826
   -.0489857
   -.0428495
   -.0350944
   -.0290128
   -.0283464
   -.0313231
   -.0353170
   -.0402370
   -.0457523
   -.0481226
   -.0429084
   -.0309403
   -.0183829
   -.0094729
    .0007262
    .0131834
    .0276380
    .0484244
    .0661265
    .0766566
    .0760448
    .0705731
    .0638681
    .0548260
    .0439539
    .0334505
    .0251243
    .0169205
    .0080276
    .0001946
   -.0064320
   -.0116574
   -.0150279
   -.0160375
   -.0142441
   -.0085402
    .0012569
    .0108661
    .0145890
    .0141524
    .0121249
    .0073679
   -.0008794
   -.0070771
   -.0042404
    .0037468
    .0111709
    .0184320
    .0223504
    .0183083
    .0114354
    .0069055
    .0031780
   -.0000644
   -.0019419
   -.0025451
    .0000288
    .0082161
    .0182710
    .0280197
    .0391051
    .0488076
    .0517204
    .0453168
    .0344662
    .0235118
    .0130213
    .0044272
   -.0005312
   -.0033132
   -.0037914
    .0004322
    .0076940
    .0156976
    .0239093
    .0316711
    .0331683
    .0225068
    .0056359
   -.0107735
   -.0200743
   -.0153117
   -.0021465
    .0151079
    .0287497
    .0313003
    .0237378
    .0067965
   -.0145466
   -.0323446
   -.0423491
   -.0452664
   -.0394332
   -.0286917
   -.0171171
   -.0047638
    .0042111
    .0048147
   -.0012738
   -.0145537
   -.0301732
   -.0426037
   -.0481634
   -.0443156
   -.0366123
   -.0286772
   -.0177304
   -.0054125
    .0053798
    .0143420
    .0216246
    .0268535
    .0298158
    .0303008
    .0265196
    .0160440
    .0014504
   -.0141694
   -.0301958
   -.0458701
   -.0592547
   -.0654176
   -.0596845
   -.0470397
   -.0319087
   -.0171086
   -.0071337
   -.0033700
   -.0080496
   -.0176030
   -.0275708
   -.0337649
   -.0322423
   -.0246860
   -.0117090
    .0013818
    .0129633
    .0188330
    .0107129
   -.0054868
   -.0207322
   -.0334623
   -.0415752
   -.0430732
   -.0422535
   -.0421811
   -.0417039
   -.0404685
   -.0390474
   -.0375988
   -.0359170
   -.0340547
   -.0320519
   -.0299454
   -.0277037
   -.0253220
   -.0226856
   -.0196533
   -.0158819
   -.0106154
   -.0044912
    .0013681
    .0060255
    .0090340
    .0116068
    .0140437
    .0160376
    .0155691
    .0107954
    .0043004
   -.0016179
   -.0069923
   -.0101972
   -.0090636
   -.0062181
   -.0043225
   -.0028702
   -.0006924
    .0032893
    .0081126
    .0122368
    .0130945
    .0087545
    .0033646
   -.0000672
   -.0031981
   -.0067591
   -.0072056
   -.0011935
    .0082164
    .0141559
    .0139995
    .0147517
    .0189087
    .0230946
    .0266011
    .0296009
    .0329362
    .0383263
    .0445286
    .0499309
    .0545549
    .0579903
    .0602266
    .0624696
    .0643166
    .0643658
    .0636112
    .0592853
    .0525690
    .0427526
    .0292163
    .0164721
    .0065033
   -.0038628
   -.0129731
   -.0192743
   -.0190203
   -.0139047
   -.0081783
   -.0040833
   -.0034676
   -.0043039
   -.0046611
   -.0064599
   -.0080373
   -.0063771
   -.0061404
   -.0103623
   -.0179073
   -.0245903
   -.0276458
   -.0265830
   -.0223216
   -.0175723
   -.0138266
   -.0105293
   -.0061129
   -.0017489
    .0023421
    .0073184
    .0115697
    .0122945
    .0098542
    .0061455
    .0001689
   -.0060680
   -.0075521
   -.0043645
    .0014466
    .0093210
    .0165468
    .0194304
    .0192476
    .0180425
    .0147489
    .0085547
   -.0004950
   -.0079800
   -.0083381
   -.0064816
   -.0081131
   -.0128020
   -.0181539
   -.0272749
   -.0405306
   -.0487102
   -.0470753
   -.0385270
   -.0264926
   -.0128287
    .0009039
    .0124684
    .0173834
    .0158078
    .0130281
    .0102764
    .0062011
    .0051483
    .0061203
    .0065902
    .0067502
    .0067897
    .0041409
   -.0020240
   -.0084304
   -.0127187
   -.0110968
   -.0049081
    .0021861
    .0068472
    .0066688
    .0051162
    .0046121
    .0041220
    .0028785
    .0027797
    .0062293
    .0115571
    .0164526
    .0208623
    .0250249
    .0289036
    .0325217
    .0358863
    .0389379
    .0415775
    .0438434
    .0456985
    .0471519
    .0480926
    .0484582
    .0476302
    .0446963
    .0402683
    .0351287
    .0293664
    .0228830
    .0156840
    .0081588
    .0008356
   -.0047002
   -.0069129
   -.0073069
   -.0071665
   -.0050706
    .0008651
    .0090861
    .0174079
    .0226161
    .0217695
    .0184709
    .0163700
    .0148540
    .0130888
    .0111602
    .0090857
    .0067185
    .0039026
    .0008107
   -.0025738
   -.0033225
    .0009784
    .0059226
    .0079665
    .0077934
    .0062628
    .0034388
   -.0025664
   -.0137249
   -.0261266
   -.0362494
   -.0438583
   -.0485398
   -.0478545
   -.0398948
   -.0271536
   -.0128743
   -.0009382
    .0041340
    .0046425
    .0029605
   -.0021759
   -.0098834
   -.0150964
   -.0126612
   -.0057524
    .0014746
    .0096907
    .0195666
    .0305933
    .0387286
    .0382688
    .0319899
    .0242960
    .0153794
    .0050157
   -.0021456
   -.0024472
   -.0004423
    .0019457
    .0036227
    .0032877
   -.0027554
   -.0170765
   -.0327568
   -.0442864
   -.0523980
   -.0570683
   -.0572330
   -.0530929
   -.0452003
   -.0340698
   -.0215945
   -.0098748
   -.0007787
    .0044317
    .0073214
    .0081663
    .0058570
    .0024130
    .0011211
    .0056586
    .0142246
    .0225708
    .0282084
    .0292519
    .0274511
    .0249494
    .0215178
    .0167875
    .0109292
    .0069065
    .0082323
    .0123157
    .0158858
    .0188679
    .0212426
    .0236793
    .0240569
    .0193420
    .0125668
    .0076371
    .0051784
    .0036481
    .0023492
    .0011824
   -.0006182
   -.0035035
   -.0062936
   -.0084153
   -.0080453
   -.0029196
    .0042238
    .0107134
    .0164574
    .0212778
    .0218156
    .0160364
    .0082390
    .0016872
   -.0041616
   -.0066017
   -.0021513
    .0049080
    .0098747
    .0124980
    .0109811
    .0033285
   -.0066403
   -.0153432
   -.0224651
   -.0263298
   -.0245517
   -.0194712
   -.0137640
   -.0076910
   -.0022150
    .0002938
   -.0008209
   -.0050329
   -.0104464
   -.0156761
   -.0187601
   -.0177592
   -.0148715
   -.0126845
   -.0108717
   -.0088205
   -.0067087
   -.0046717
   -.0026707
   -.0006675
    .0013418
    .0033635
    .0055348
    .0081580
    .0114916
    .0148221
    .0179642
    .0190133
    .0159206
    .0110825
    .0069154
    .0032566
   -.0001379
   -.0030349
   -.0031310
    .0016442
    .0077478
    .0120137
    .0147365
    .0166440
    .0175374
    .0176095
    .0148062
    .0070348
   -.0021840
   -.0094586
   -.0144887
   -.0157128
   -.0114061
   -.0045443
    .0019662
    .0075120
    .0118028
    .0151001
    .0177098
    .0176087
    .0125572
    .0050066
   -.0019889
   -.0056184
   -.0038176
    .0000777
    .0034814
    .0070471
    .0110998
    .0132626
    .0114651
    .0083056
    .0063613
    .0054771
    .0053889
    .0061865
    .0074367
    .0087134
    .0101728
    .0117002
    .0140537
    .0180055
    .0218091
    .0240361
    .0247925
    .0243761
    .0228803
    .0205111
    .0174497
    .0137961
    .0092278
    .0027820
   -.0047474
   -.0105406
   -.0124540
   -.0118425
   -.0090720
   -.0054845
   -.0050454
   -.0062912
   -.0063450
   -.0058187
   -.0055640
   -.0039586
    .0005425
    .0053020
    .0080897
    .0077953
    .0046695
    .0024958
    .0032539
    .0052986
    .0084699
    .0133105
    .0165898
    .0156325
    .0093817
    .0006295
   -.0072579
   -.0145208
   -.0210545
   -.0253091
   -.0262269
   -.0246278
   -.0248678
   -.0266083
   -.0267679
   -.0260806
   -.0254833
   -.0245559
   -.0233558
   -.0219617
   -.0191960
   -.0110744
    .0023984
    .0178165
    .0300985
    .0352582
    .0361719
    .0352828
    .0311721
    .0267252
    .0281391
    .0323199
    .0346366
    .0366964
    .0382283
    .0354523
    .0261311
    .0147084
    .0048658
   -.0033858
   -.0100502
   -.0129199
   -.0102977
   -.0051679
   -.0004765
    .0033930
    .0041861
   -.0004195
   -.0070128
   -.0125280
   -.0171592
   -.0212087
   -.0232501
   -.0219293
   -.0183974
   -.0141603
   -.0093565
   -.0040302
    .0014396
    .0065748
    .0113630
    .0140247
    .0129016
    .0101702
    .0078002
    .0055613
    .0051412
    .0084392
    .0123200
    .0143097
    .0155516
    .0159094
    .0146611
    .0106457
    .0018876
   -.0095771
   -.0206796
   -.0295446
   -.0347006
   -.0373765
   -.0389036
   -.0387307
   -.0361095
   -.0308103
   -.0232844
   -.0166558
   -.0149076
   -.0153665
   -.0156366
   -.0174472
   -.0199902
   -.0186716
   -.0106984
   -.0013154
    .0054897
    .0109796
    .0123754
    .0084795
    .0077689
    .0133748
    .0230920
    .0323345
    .0326769
    .0284699
    .0240726
    .0229812
    .0266549
    .0304385
    .0315804
    .0290908
    .0231775
    .0144411
    .0058434
    .0021500
    .0023392
    .0043759
    .0063474
    .0043111
    .0002292
   -.0027974
   -.0053193
   -.0076672
   -.0077818
   -.0043008
    .0000841
    .0031674
    .0053263
    .0069610
    .0078574
    .0064223
    .0021046
   -.0015218
   -.0023507
   -.0004854
    .0038077
    .0092170
    .0145057
    .0193839
    .0237218
    .0272933
    .0299083
    .0315073
    .0320582
    .0313969
    .0296454
    .0273316
    .0255386
    .0248802
    .0239617
    .0215854
    .0187365
    .0142364
    .0105905
    .0081736
    .0057536
    .0035082
    .0015183
   -.0008340
   -.0051321
   -.0111118
   -.0176678
   -.0239816
   -.0296084
   -.0338359
   -.0359532
   -.0356571
   -.0343602
   -.0338859
   -.0328046
   -.0298706
   -.0269598
   -.0240239
   -.0204788
   -.0166815
   -.0119270
   -.0045061
    .0041480
    .0121045
    .0180366
    .0205525
    .0201236
    .0175221
    .0126510
    .0075295
    .0047203
    .0017435
   -.0031277
   -.0066425
   -.0089582
   -.0114650
   -.0170197
   -.0274360
   -.0372815
   -.0426001
   -.0437489
   -.0414365
   -.0346637
   -.0236404
   -.0123054
   -.0048568
   -.0020832
   -.0002793
    .0025206
    .0055429
    .0082889
    .0108646
    .0131286
    .0147234
    .0154137
    .0150727
    .0135492
    .0123967
    .0138356
    .0164672
    .0182129
    .0190903
    .0194517
    .0193143
    .0187567
    .0179286
    .0168952
    .0157366
    .0143540
    .0128752
    .0107425
    .0069206
    .0021359
   -.0026142
   -.0071693
   -.0114923
   -.0154404
   -.0189267
   -.0218016
   -.0236633
   -.0228341
   -.0174786
   -.0091840
   -.0001536
    .0063683
    .0076465
    .0065994
    .0060827
    .0054069
    .0037530
    .0010901
    .0000718
    .0042654
    .0111043
    .0170703
    .0218911
    .0253994
    .0279000
    .0274234
    .0221963
    .0160818
    .0122387
    .0104101
    .0122758
    .0193723
    .0269778
    .0312029
    .0322052
    .0307031
    .0260029
    .0182656
    .0091746
   -.0003360
   -.0099694
   -.0187060
   -.0243793
   -.0257025
   -.0249492
   -.0227753
   -.0201675
   -.0207028
   -.0231886
   -.0246344
   -.0250077
   -.0248165
   -.0240874
   -.0228772
   -.0214047
   -.0196566
   -.0177696
   -.0157441
   -.0137601
   -.0117151
   -.0096870
   -.0071646
   -.0030159
    .0011155
    .0034177
    .0029249
   -.0002527
   -.0033741
   -.0050932
   -.0057968
   -.0056745
   -.0042946
   -.0016871
    .0019089
    .0062956
    .0102265
    .0122963
    .0120500
    .0096648
    .0057332
    .0008463
   -.0037788
   -.0058412
   -.0053387
   -.0035818
   -.0019675
   -.0025122
   -.0041512
   -.0053055
   -.0062651
   -.0074942
   -.0087977
   -.0102469
   -.0098578
   -.0053221
    .0007914
    .0036420
    .0020897
    .0001658
   -.0000484
    .0005918
    .0015240
    .0026825
    .0049593
    .0093412
    .0140805
    .0174317
    .0192494
    .0189558
    .0151726
    .0072695
   -.0020820
   -.0085866
   -.0121735
   -.0133578
   -.0132423
   -.0150056
   -.0170134
   -.0163696
   -.0139844
   -.0114112
   -.0079226
   -.0024022
    .0038527
    .0098682
    .0157954
    .0204640
    .0225037
    .0226927
    .0219487
    .0199507
    .0165261
    .0119860
    .0087373
    .0101572
    .0138655
    .0164576
    .0157924
    .0114483
    .0076139
    .0063331
    .0063417
    .0087706
    .0134386
    .0152597
    .0111252
    .0057326
    .0044390
    .0051627
    .0066122
    .0057195
    .0026702
   -.0008854
   -.0035271
   -.0049176
   -.0044894
   -.0030321
   -.0024835
   -.0024107
   -.0016248
   -.0004428
    .0008702
    .0021024
    .0028996
    .0030951
    .0025107
    .0010614
   -.0014845
   -.0042042
   -.0051787
   -.0045955
   -.0030106
    .0005580
    .0054757
    .0103246
    .0129574
    .0123446
    .0117924
    .0127508
    .0132881
    .0135803
    .0140716
    .0167344
    .0237133
    .0306888
    .0338890
    .0335111
    .0303535
    .0240668
    .0157154
    .0084764
    .0042484
    .0039430
    .0064480
    .0103306
    .0150152
    .0191481
    .0212422
    .0226957
    .0247864
    .0268177
    .0283316
    .0294215
    .0299151
    .0295989
    .0283791
    .0261454
    .0226663
    .0198176
    .0203752
    .0224648
    .0234576
    .0233278
    .0220726
    .0193583
    .0161626
    .0130034
    .0099461
    .0062088
    .0007634
   -.0048221
   -.0090826
   -.0122418
   -.0147149
   -.0163216
   -.0166973
   -.0152789
   -.0116664
   -.0077128
   -.0048590
   -.0032519
   -.0025336
   -.0015609
   -.0001122
    .0015152
    .0033330
    .0052929
    .0072714
    .0091220
    .0107539
    .0120632
    .0129231
    .0131867
    .0126470
    .0111653
    .0091876
    .0086173
    .0082761
    .0061751
    .0017089
   -.0039589
   -.0092359
   -.0132890
   -.0161049
   -.0185401
   -.0202212
   -.0211414
   -.0217859
   -.0220928
   -.0220586
   -.0216046
   -.0205699
   -.0196843
   -.0198615
   -.0203963
   -.0203305
   -.0193646
   -.0173158
   -.0142186
   -.0101444
   -.0058630
   -.0024324
    .0001564
    .0022834
    .0036099
    .0037413
    .0026794
    .0013925
    .0012529
    .0016415
    .0013923
    .0009309
    .0006634
    .0007955
    .0017270
    .0031360
    .0046295
    .0062051
    .0063395
    .0035905
   -.0001131
   -.0028899
   -.0047048
   -.0047621
   -.0022919
    .0007619
    .0027888
    .0039392
    .0045209
    .0045066
    .0042108
    .0031707
    .0009656
   -.0009703
   -.0018526
   -.0019606
   -.0013895
   -.0000492
    .0009869
    .0020244
    .0021542
    .0015372
    .0006241
   -.0004516
   -.0016823
   -.0030629
   -.0045263
   -.0059583
   -.0068469
   -.0066573
   -.0056732
   -.0043195
   -.0026939
   -.0016375
   -.0021987
   -.0033300
   -.0041096
   -.0047892
   -.0057019
   -.0057205
   -.0051047
   -.0068476
   -.0119332
   -.0182804
   -.0251608
   -.0315969
   -.0319199
   -.0288195
   -.0245116
   -.0215411
   -.0198846
   -.0177259
   -.0151625
   -.0125238
   -.0099826
   -.0076622
   -.0057281
   -.0043465
   -.0036286
   -.0038094
   -.0048700
   -.0069347
   -.0086194
   -.0081189
   -.0062670
   -.0045555
   -.0027791
   -.0003883
    .0031454
    .0081708
    .0138134
    .0167602
    .0140879
    .0087930
    .0040201
   -.0003241
   -.0043669
   -.0081430
   -.0094960
   -.0056721
    .0006084
    .0062388
    .0113386
    .0162053
    .0203395
    .0213259
    .0174437
    .0126889
    .0101149
    .0090325
    .0083464
    .0078228
    .0075111
    .0101596
    .0175501
    .0253429
    .0299967
    .0318131
    .0297871
    .0224870
    .0129276
    .0053547
    .0012857
   -.0018898
   -.0055684
   -.0089096
   -.0112505
   -.0126025
   -.0131387
   -.0134260
   -.0133855
   -.0119702
   -.0099500
   -.0081054
   -.0065334
   -.0051717
   -.0039871
   -.0031028
   -.0031049
   -.0039544
   -.0047467
   -.0057108
   -.0067090
   -.0076470
   -.0080401
   -.0069084
   -.0039571
    .0001136
    .0035763
    .0046186
    .0034431
    .0003982
   -.0034559
   -.0057799
   -.0070053
   -.0087216
   -.0105346
   -.0117007
   -.0119216
   -.0111652
   -.0094493
   -.0087879
   -.0111145
   -.0140572
   -.0154169
   -.0154572
   -.0144217
   -.0126397
   -.0095562
   -.0040833
    .0020573
    .0068822
    .0099847
    .0102969
    .0071377
    .0025793
   -.0017578
   -.0059669
   -.0089753
   -.0088800
   -.0068786
   -.0047485
   -.0026359
   -.0014316
   -.0023590
   -.0040113
   -.0050082
   -.0056845
   -.0063027
   -.0068344
   -.0072927
   -.0077188
   -.0082089
   -.0087242
   -.0086927
   -.0073886
   -.0055590
   -.0039814
   -.0036356
   -.0048653
   -.0058140
   -.0056840
   -.0045597
   -.0029845
   -.0013735
    .0002685
    .0020199
    .0038507
    .0057242
    .0075910
    .0093406
    .0109287
    .0121939
    .0131102
    .0134567
    .0132445
    .0130045
    .0122363
    .0120703
    .0123310
    .0118248
    .0106899
    .0092466
    .0076911
    .0061397
    .0047125
    .0034213
    .0024198
    .0014793
    .0005194
   -.0003950
   -.0011068
   -.0015669
   -.0021535
   -.0038069
   -.0061929
   -.0091564
   -.0112513
   -.0117851
   -.0117135
   -.0130668
   -.0136583
   -.0098462
   -.0027238
    .0035812
    .0062955
    .0083641
    .0105675
    .0116538
    .0100927
    .0081165
    .0061691
    .0042678
    .0030447
    .0031614
    .0040488
    .0049697
    .0056648
    .0054862
    .0033532
   -.0012790
   -.0075918
   -.0139482
   -.0190041
   -.0232880
   -.0268308
   -.0282185
   -.0263647
   -.0244212
   -.0253506
   -.0241995
   -.0224288
   -.0179003
   -.0122399
   -.0060969
    .0003091
    .0065634
    .0121428
    .0155910
    .0163955
    .0160779
    .0148949
    .0159306
    .0188994
    .0209342
    .0219625
    .0223494
    .0221084
    .0214034
    .0203029
    .0189690
    .0173611
    .0155390
    .0135838
    .0115197
    .0093541
    .0070529
    .0043726
    .0008709
   -.0032793
   -.0074904
   -.0109063
   -.0127905
   -.0138201
   -.0143306
   -.0140488
   -.0124985
   -.0109512
   -.0112628
   -.0114269
   -.0096037
   -.0065990
   -.0032251
    .0002870
    .0043714
    .0096467
    .0148139
    .0183384
    .0194738
    .0178262
    .0141887
    .0094874
    .0050505
    .0037190
    .0056303
    .0090236
    .0123480
    .0136007
    .0137179
    .0143688
    .0150492
    .0148577
    .0131166
    .0103934
    .0075112
    .0062823
    .0083533
    .0114763
    .0136127
    .0150321
    .0161449
    .0167490
    .0170507
    .0156013
    .0106541
    .0041494
   -.0016154
   -.0062217
   -.0083891
   -.0070183
   -.0039933
   -.0009603
    .0022407
    .0058161
    .0094719
    .0114474
    .0101700
    .0074616
    .0051699
    .0033614
    .0033651
    .0056432
    .0072253
    .0067089
    .0048912
    .0025008
   -.0003480
   -.0032314
   -.0057001
   -.0074440
   -.0085337
   -.0093838
   -.0106101
   -.0122081
   -.0139034
   -.0153167
   -.0161775
   -.0164974
   -.0161426
   -.0146127
   -.0126992
   -.0118024
   -.0108099
   -.0086753
   -.0061160
   -.0038198
   -.0009730
    .0033237
    .0076092
    .0103057
    .0110412
    .0103082
    .0090721
    .0077599
    .0064006
    .0049602
    .0035135
    .0021708
    .0009695
    .0002002
    .0001011
    .0003048
    .0004326
    .0004966
    .0005967
    .0007094
    .0008355
    .0010085
    .0012495
    .0015655
    .0019485
    .0024432
    .0029559
    .0035084
    .0036584
    .0027835
    .0014422
    .0002144
   -.0008882
   -.0018214
   -.0020684
   -.0012002
    .0001312
    .0013646
    .0025973
    .0038725
    .0051371
    .0063489
    .0074730
    .0080233
    .0074497
    .0062149
    .0048890
    .0034506
    .0018355
    .0001953
   -.0009196
   -.0009731
   -.0006669
   -.0006034
   -.0006090
   -.0005987
   -.0005432
   -.0004342
   -.0002851
   -.0001254
    .0000949
    .0004196
    .0008378
    .0014212
    .0020978
    .0029096
    .0034318
    .0030918
    .0023146
    .0016004
    .0009158
    .0001802
   -.0005323
   -.0012243
   -.0018232
   -.0022970
   -.0027208
   -.0031345
   -.0035287
   -.0038456
   -.0041031
   -.0043931
   -.0047204
   -.0050377
   -.0053076
   -.0054629
   -.0056257
   -.0057305
   -.0057111
   -.0056735
   -.0054586
   -.0047194
   -.0038117
   -.0032141
   -.0027998
   -.0025251
   -.0022998
   -.0020796
   -.0017625
   -.0013299
   -.0007493
   -.0001525
   -.0004061
   -.0015811
   -.0025481
   -.0027157
   -.0023124
   -.0017512
   -.0009284
   -.0000934
    .0007281
    .0013328
    .0017883
    .0019890
    .0023441
    .0021782
    .0021557
    .0022896
    .0027993
    .0033391
    .0039060
    .0042384
    .0043327
    .0040645
    .0038318
    .0034859
    .0029277
    .0021889
    .0014348
    .0006594
   -.0001378
   -.0009211
   -.0016125
   -.0023152
   -.0030603
   -.0037967
   -.0044475
   -.0049337
   -.0053518
   -.0058674
   -.0065367
   -.0073421
   -.0081507
   -.0089444
   -.0099752
   -.0112817
   -.0127716
   -.0143097
   -.0158282
   -.0167655
   -.0166729
   -.0155414
   -.0141757
   -.0130799
   -.0107735
   -.0066144
   -.0019998
    .0023120
    .0060410
    .0064656
    .0046537
    .0035873
    .0030626
    .0030144
    .0028099
    .0024402
    .0019663
    .0013300
    .0005802
   -.0002677
   -.0011198
   -.0019281
   -.0027473
   -.0035801
   -.0043653
   -.0051354
   -.0058953
   -.0066126
   -.0071020
   -.0074552
   -.0078783
   -.0084648
   -.0091838
   -.0100400
   -.0109834
   -.0119270
   -.0129157
   -.0138873
   -.0146193
   -.0148568
   -.0144999
   -.0134426
   -.0122436
   -.0100861
   -.0062000
   -.0003892
    .0058369
    .0088522
    .0108929
    .0122899
    .0122025
    .0106626
    .0101753
    .0108046
    .0118295
    .0124356
    .0127572
    .0128176
    .0124145
    .0113348
    .0094821
    .0069625
    .0043924
    .0026625
    .0014667
    .0002661
   -.0007283
   -.0012229
   -.0011254
   -.0003550
    .0000715
   -.0011756
   -.0030321
   -.0042154
   -.0048483
   -.0051714
   -.0050948
   -.0046977
   -.0035449
   -.0010683
    .0019939
    .0048462
    .0074218
    .0096873
    .0115095
    .0128199
    .0132301
    .0122655
    .0104319
    .0081763
    .0055266
    .0026964
    .0005803
   -.0001752
   -.0006048
   -.0015867
   -.0028299
   -.0040787
   -.0053006
   -.0064003
   -.0072556
   -.0078450
   -.0081269
   -.0087714
   -.0102820
   -.0115833
   -.0119321
   -.0115973
   -.0108241
   -.0096335
   -.0081838
   -.0066287
   -.0050515
   -.0035503
   -.0022331
   -.0011920
   -.0004999
   -.0000942
    .0001629
    .0006868
    .0012735
    .0016668
    .0015117
    .0007955
    .0001788
   -.0006306
   -.0009889
   -.0012141
   -.0011563
   -.0010901
   -.0014224
   -.0016022
   -.0014161
   -.0011045
   -.0006137
    .0000400
    .0007961
    .0016137
    .0024729
    .0033281
    .0041359
    .0048739
    .0055081
    .0059987
    .0063670
    .0066252
    .0067692
    .0067897
    .0066908
    .0064988
    .0062571
    .0059632
    .0055308
    .0051244
    .0050744
    .0052402
    .0053838
    .0054917
    .0055765
    .0056287
    .0056776
    .0057458
    .0058287
    .0059070
    .0059905
    .0060737
    .0062210
    .0063799
    .0065357
    .0064451
    .0057617
    .0047660
    .0038197
    .0029865
    .0022833
    .0016217
    .0009825
    .0003857
    .0002278
    .0009376
    .0020830
    .0032317
    .0043858
    .0055281
    .0060343
    .0053618
    .0042884
    .0035160
    .0029722
    .0025290
    .0022188
    .0020130
    .0021691
    .0030050
    .0041988
    .0053775
    .0064984
    .0075879
    .0086373
    .0096236
    .0105444
    .0113649
    .0120996
    .0126874
    .0130836
    .0130253
    .0122571
    .0110608
    .0097033
    .0082155
    .0066459
    .0051137
    .0042110
    .0043985
    .0049627
    .0053413
    .0056924
    .0061163
    .0065657
    .0064511
    .0051201
    .0033420
    .0019104
    .0008192
    .0000188
   -.0001720
    .0004143
    .0013234
    .0021786
    .0030376
    .0039415
    .0048372
    .0057064
    .0065229
    .0072628
    .0079197
    .0084657
    .0088388
    .0089982
    .0087861
    .0078932
    .0065798
    .0053300
    .0049103
    .0051183
    .0049092
    .0043924
    .0035924
    .0026885
    .0017542
    .0009915
    .0006091
    .0004848
    .0003281
    .0001376
    .0000278
   -.0000114
   -.0000089
    .0000304
    .0000666
    .0000892
    .0001016
    .0001128
    .0001261
    .0001464
    .0001798
    .0002431
    .0003537
    .0006457
    .0012771
    .0021218
    .0029719
    .0034994
    .0034146
    .0031075
    .0029217
    .0027895
    .0024759
    .0022103
    .0024718
    .0030450
    .0035554
    .0039875
    .0043688
    .0046855
    .0047975
    .0045994
    .0042849
    .0039961
    .0037052
    .0033911
    .0030782
    .0027726
    .0024830
    .0022104
    .0019470
    .0016985
    .0014622
    .0012637
    .0011152
    .0011467
    .0015407
    .0021099
    .0026387
    .0030883
    .0032807
    .0030588
    .0027127
    .0024736
    .0022781
    .0020511
    .0018590
    .0017283
    .0016212
    .0015433
    .0014877
    .0014383
    .0013980
    .0013700
    .0013701
    .0013999
    .0014885
    .0016942
    .0019415
    .0021402
    .0022658
    .0022463
    .0020512
    .0018600
    .0017707
    .0017320
    .0017217
    .0017514
    .0018098
    .0019034
    .0020129
    .0021362
    .0022543
    .0023518
    .0023842
    .0023720
    .0023356
    .0022820
    .0022103
    .0021584
    .0021218
    .0020820
    .0020390
    .0020082
    .0019565
    .0018798
    .0018049
    .0017494
    .0017022
    .0016970
    .0017195
    .0017481
    .0017681
    .0017540
    .0016865
    .0016272
    .0015871
    .0015543
    .0015236
    .0015049
    .0014874
    .0014784
    .0014695
    .0014677
    .0014656
    .0014691
    .0014716
    .0014804
    .0014907
    .0015120
    .0015376
    .0015706
    .0016018
    .0016383
    .0016702
    .0017065
    .0017367
    .0017725
    .0018031
    .0018414
    .0018803
    .0019311
    .0019720
    .0020159
    .0020454
    .0020752
    .0020968
    .0021260
    .0021466
    .0021746
    .0021942
    .0022185
    .0022319
    .0022547
    .0022718
    .0022974
    .0023162
    .0023445
    .0023668
    .0023975
    .0024213
    .0024530
    .0024781
    .0025109
    .0025373
    .0025711
    .0026000
    .0026371
    .0026676
    .0027029
    .0027328
    .0027685
    .0028001
    .0028350
    .0028650
    .0028975
    .0029268
    .0029573
    .0029860
    .0030148
    .0030433
    .0030704
    .0030983
    .0031216
    .0031493
    .0031728
    .0032029
    .0032257
    .0032578
    .0032797
    .0033138
    .0033347
    .0033711
    .0033897
    .0034279
    .0034439
    .0034845
    .0034973
    .0035408
    .0035497
    .0035968
    .0036011
    .0036526
    .0036511
    .0037083
    .0036993
    .0037641
    .0037453
    .0038202
    .0037878
    .0038771
    .0038244
    .0039351
    .0038480
    .0039903
    .0038134
    .0039678
    .0035275
    .0040664