    .840908E-03
    .844842E-03
    .809548E-03
    .824524E-03
    .767966E-03
    .719588E-03
    .633285E-03
    .590233E-03
    .582391E-03
    .699040E-03
    .804032E-03
    .948918E-03
    .886992E-03
    .787204E-03
    .681208E-03
    .623982E-03
    .470536E-03
    .444893E-03
    .593798E-03
    .608993E-03
    .806893E-03
    .687889E-03
    .455271E-03
    .201726E-03
   -.411564E-03
   -.947325E-03
   -.113964E-02
   -.740051E-03
    .840168E-04
    .437523E-03
    .379079E-03
    .458727E-03
    .956932E-04
   -.679532E-03
   -.167743E-02
   -.163689E-02
   -.713804E-03
    .893942E-03
    .297113E-02
    .422922E-02
    .513870E-02
    .532618E-02
    .443563E-02
    .363423E-02
    .279510E-02
    .167538E-02
    .582654E-03
   -.636907E-03
   -.153810E-02
   -.623149E-03
    .160111E-02
    .318490E-02
    .321390E-02
    .246817E-02
    .147809E-02
   -.139002E-03
   -.388422E-03
    .163284E-03
   -.614712E-03
   -.270317E-02
   -.336527E-02
   -.468386E-02
   -.673838E-02
   -.685280E-02
   -.325225E-02
    .260962E-02
    .871487E-02
    .126877E-01
    .111481E-01
    .741467E-02
    .559935E-02
    .536775E-02
    .755841E-02
    .940731E-02
    .823257E-02
    .260951E-02
   -.417183E-02
   -.864587E-02
   -.814597E-02
   -.495399E-02
    .227509E-02
    .938665E-02
    .151056E-01
    .176408E-01
    .175268E-01
    .145427E-01
    .821459E-02
    .696991E-03
   -.730088E-02
   -.139278E-01
   -.173942E-01
   -.180048E-01
   -.152385E-01
   -.735455E-02
    .278663E-02
    .902950E-02
    .885834E-02
    .520056E-02
    .882190E-03
   -.767596E-03
   -.329848E-02
   -.649952E-02
   -.838826E-02
   -.883560E-02
   -.661331E-02
   -.350816E-02
   -.269602E-03
    .294625E-02
    .187531E-02
   -.401170E-02
   -.123452E-01
   -.200975E-01
   -.266216E-01
   -.270661E-01
   -.206595E-01
   -.758329E-02
    .539588E-02
    .138275E-01
    .194386E-01
    .182804E-01
    .890192E-02
   -.668921E-03
   -.874659E-02
   -.143637E-01
   -.196794E-01
   -.221067E-01
   -.185755E-01
   -.111585E-01
   -.327808E-02
    .234704E-02
    .538222E-02
    .344354E-02
   -.253787E-02
   -.104470E-01
   -.178144E-01
   -.196811E-01
   -.157050E-01
   -.728751E-02
    .177334E-02
    .100023E-01
    .166469E-01
    .207350E-01
    .200932E-01
    .147668E-01
    .111828E-01
    .101795E-01
    .818449E-02
    .674850E-02
    .911366E-02
    .133827E-01
    .171562E-01
    .157423E-01
    .950115E-02
   -.169253E-03
   -.952683E-02
   -.144147E-01
   -.134909E-01
   -.956377E-02
   -.603779E-02
   -.107478E-02
    .298415E-02
    .590410E-02
    .523821E-02
    .328117E-02
    .233918E-02
    .615480E-03
   -.173932E-02
   -.218670E-02
    .544236E-03
    .799467E-02
    .178452E-01
    .277165E-01
    .332296E-01
    .348318E-01
    .319091E-01
    .281252E-01
    .222669E-01
    .161699E-01
    .772055E-02
   -.140933E-02
   -.119613E-01
   -.229312E-01
   -.311600E-01
   -.349468E-01
   -.336790E-01
   -.255949E-01
   -.162442E-01
   -.867655E-02
   -.192444E-02
    .275413E-02
    .522868E-02
    .894954E-02
    .118243E-01
    .146569E-01
    .158431E-01
    .139050E-01
    .116647E-01
    .994776E-02
    .107860E-01
    .137939E-01
    .137003E-01
    .823907E-02
   -.595011E-03
   -.117026E-01
   -.200883E-01
   -.185955E-01
   -.589728E-02
    .151923E-01
    .366175E-01
    .559332E-01
    .651138E-01
    .645262E-01
    .550519E-01
    .303742E-01
    .741238E-03
   -.271071E-01
   -.513602E-01
   -.604106E-01
   -.571375E-01
   -.393834E-01
   -.144237E-01
    .854659E-02
    .240864E-01
    .284460E-01
    .181128E-01
   -.395519E-02
   -.286096E-01
   -.449609E-01
   -.517774E-01
   -.477839E-01
   -.348528E-01
   -.682135E-02
    .190881E-01
    .302450E-01
    .361933E-01
    .347952E-01
    .241442E-01
    .941604E-02
   -.290975E-02
   -.764870E-02
   -.848806E-02
   -.104814E-01
   -.150997E-01
   -.219529E-01
   -.332821E-01
   -.471707E-01
   -.603644E-01
   -.642787E-01
   -.575590E-01
   -.376409E-01
   -.147889E-01
    .454846E-02
    .166868E-01
    .269960E-01
    .363840E-01
    .418328E-01
    .439488E-01
    .383969E-01
    .215376E-01
    .221954E-02
   -.117020E-01
   -.167498E-01
   -.106186E-01
    .146614E-03
    .589848E-02
    .315342E-02
   -.227526E-02
   -.377621E-02
    .334337E-02
    .159469E-01
    .270768E-01
    .273642E-01
    .169769E-01
   -.213955E-03
   -.213999E-01
   -.408336E-01
   -.606136E-01
   -.708995E-01
   -.743553E-01
   -.693833E-01
   -.583478E-01
   -.263466E-01
    .131441E-01
    .484454E-01
    .691595E-01
    .767167E-01
    .743611E-01
    .644021E-01
    .472741E-01
    .247541E-01
    .233996E-02
   -.149475E-01
   -.218559E-01
   -.217645E-01
   -.128451E-01
    .135946E-02
    .127139E-01
    .200768E-01
    .218827E-01
    .199729E-01
    .178013E-01
    .132615E-01
    .667718E-02
   -.233400E-02
   -.983987E-02
   -.151844E-01
   -.194590E-01
   -.248512E-01
   -.330346E-01
   -.415999E-01
   -.476763E-01
   -.484114E-01
   -.458100E-01
   -.357154E-01
   -.179925E-01
    .240761E-02
    .179523E-01
    .258474E-01
    .260132E-01
    .192309E-01
    .104313E-01
    .247196E-03
   -.119415E-01
   -.205118E-01
   -.218519E-01
   -.138347E-01
    .172582E-02
    .176481E-01
    .265522E-01
    .281012E-01
    .245107E-01
    .209083E-01
    .212665E-01
    .254315E-01
    .330312E-01
    .394197E-01
    .411238E-01
    .373439E-01
    .240924E-01
    .422819E-02
   -.127002E-01
   -.219749E-01
   -.230832E-01
   -.116283E-01
    .114235E-01
    .287677E-01
    .391269E-01
    .428046E-01
    .361763E-01
    .244279E-01
    .147426E-01
    .730022E-02
    .390018E-02
    .412024E-02
    .455786E-02
    .485315E-02
    .400432E-02
   -.248991E-03
   -.952959E-02
   -.227570E-01
   -.382035E-01
   -.506899E-01
   -.602368E-01
   -.678180E-01
   -.729552E-01
   -.781328E-01
   -.849276E-01
   -.915936E-01
   -.945144E-01
   -.937375E-01
   -.909393E-01
   -.862941E-01
   -.831032E-01
   -.830009E-01
   -.874360E-01
   -.970077E-01
   -.109746E+00
   -.118753E+00
   -.122454E+00
   -.112757E+00
   -.846514E-01
   -.404945E-01
   -.632938E-02
    .128694E-01
    .230073E-01
    .241713E-01
    .178185E-01
    .785189E-02
   -.283281E-02
   -.331533E-02
    .686308E-02
    .228646E-01
    .344295E-01
    .432858E-01
    .508053E-01
    .572801E-01
    .609730E-01
    .687426E-01
    .824865E-01
    .108083E+00
    .140493E+00
    .166725E+00
    .166719E+00
    .128393E+00
    .146649E-01
   -.617029E-01
   -.952312E-01
   -.120898E+00
   -.133036E+00
   -.136502E+00
   -.118659E+00
   -.927083E-01
   -.722080E-01
   -.673380E-01
   -.751625E-01
   -.923003E-01
   -.109660E+00
   -.124326E+00
   -.124622E+00
   -.118316E+00
   -.448582E-01
    .788942E-01
    .152927E+00
    .197775E+00
    .230850E+00
    .236754E+00
    .221520E+00
    .176573E+00
    .108351E+00
    .256395E-01
   -.152926E-01
   -.191396E-01
   -.879918E-02
    .823985E-02
    .153325E-01
   -.130061E-01
   -.765078E-01
   -.129523E+00
   -.159677E+00
   -.189630E+00
   -.220558E+00
   -.235592E+00
   -.241080E+00
   -.233434E+00
   -.222145E+00
   -.207864E+00
   -.189907E+00
   -.162438E+00
   -.127821E+00
   -.975376E-01
   -.865210E-01
   -.909780E-01
   -.955892E-01
   -.960377E-01
   -.871305E-01
   -.578159E-01
    .703509E-02
    .755539E-01
    .130049E+00
    .179593E+00
    .220108E+00
    .252678E+00
    .275530E+00
    .296985E+00
    .315232E+00
    .330264E+00
    .350583E+00
    .384564E+00
    .410041E+00
    .408977E+00
    .377503E+00
    .335288E+00
    .309222E+00
    .290967E+00
    .248555E+00
    .189958E+00
    .137253E+00
    .861382E-01
    .539661E-01
    .413876E-01
    .365092E-01
    .413745E-01
    .531404E-01
    .651451E-01
    .771059E-01
    .915508E-01
    .974254E-01
    .101147E+00
    .103309E+00
    .105020E+00
    .105420E+00
    .106188E+00
    .105337E+00
    .103987E+00
    .888099E-01
    .530079E-01
   -.565433E-01
   -.202938E+00
   -.244741E+00
   -.210045E+00
   -.210879E+00
   -.235095E+00
   -.251707E+00
   -.235929E+00
   -.208555E+00
   -.178020E+00
   -.150329E+00
   -.135378E+00
   -.129499E+00
   -.132768E+00
   -.162256E+00
   -.196781E+00
   -.212176E+00
   -.159308E+00
   -.104479E+00
   -.626616E-01
   -.236729E-01
    .668876E-02
    .463910E-01
    .513882E-01
    .551380E-01
    .806961E-01
    .991660E-01
    .127577E+00
    .162220E+00
    .205520E+00
    .246129E+00
    .275531E+00
    .304067E+00
    .325336E+00
    .333368E+00
    .321938E+00
    .295881E+00
    .254699E+00
    .209647E+00
    .173921E+00
    .141581E+00
    .108796E+00
    .773396E-01
    .410928E-01
    .474791E-02
   -.314165E-01
   -.644920E-01
   -.869207E-01
   -.109749E+00
   -.138384E+00
   -.146245E+00
   -.140599E+00
   -.124882E+00
   -.988958E-01
   -.755136E-01
   -.606926E-01
   -.665142E-01
   -.790671E-01
   -.958201E-01
   -.119012E+00
   -.141956E+00
   -.168158E+00
   -.191975E+00
   -.216537E+00
   -.238215E+00
   -.257236E+00
   -.269837E+00
   -.279493E+00
   -.274614E+00
   -.255557E+00
   -.228501E+00
   -.196338E+00
   -.162748E+00
   -.131879E+00
   -.106617E+00
   -.884159E-01
   -.729524E-01
   -.518694E-01
   -.128321E-01
    .338762E-01
    .798865E-01
    .116778E+00
    .148302E+00
    .167988E+00
    .172222E+00
    .163675E+00
    .140077E+00
    .939925E-01
    .298584E-01
   -.363624E-01
   -.917145E-01
   -.128602E+00
   -.158765E+00
   -.178793E+00
   -.182008E+00
   -.152625E+00
   -.108548E+00
   -.637322E-01
   -.973592E-02
    .311558E-01
    .609851E-01
    .865172E-01
    .102623E+00
    .104047E+00
    .886801E-01
    .382828E-01
   -.299365E-01
   -.838776E-01
   -.115647E+00
   -.144829E+00
   -.169603E+00
   -.186674E+00
   -.196745E+00
   -.193707E+00
   -.183433E+00
   -.169106E+00
   -.155112E+00
   -.142941E+00
   -.127832E+00
   -.107866E+00
   -.852423E-01
   -.601060E-01
   -.339729E-01
   -.129123E-01
   -.542835E-02
   -.108075E-01
   -.245830E-01
   -.418770E-01
   -.554405E-01
   -.660476E-01
   -.785490E-01
   -.960123E-01
   -.110668E+00
   -.124949E+00
   -.142012E+00
   -.157106E+00
   -.166503E+00
   -.173673E+00
   -.177920E+00
   -.170959E+00
   -.152782E+00
   -.115427E+00
   -.641529E-01
   -.119342E-01
    .361062E-01
    .795814E-01
    .118216E+00
    .159924E+00
    .192985E+00
    .211966E+00
    .226617E+00
    .236547E+00
    .250581E+00
    .269913E+00
    .293583E+00
    .309072E+00
    .313202E+00
    .315846E+00
    .309128E+00
    .297840E+00
    .274298E+00
    .253032E+00
    .240477E+00
    .233734E+00
    .224787E+00
    .209302E+00
    .184018E+00
    .160808E+00
    .139992E+00
    .122436E+00
    .109906E+00
    .103525E+00
    .100086E+00
    .994751E-01
    .921264E-01
    .845610E-01
    .568760E-01
    .222344E-01
   -.167097E-01
   -.604754E-01
   -.105609E+00
   -.132060E+00
   -.145956E+00
   -.166134E+00
   -.183153E+00
   -.189365E+00
   -.190677E+00
   -.188525E+00
   -.178068E+00
   -.162301E+00
   -.140571E+00
   -.120261E+00
   -.106412E+00
   -.949100E-01
   -.833149E-01
   -.663993E-01
   -.348460E-01
    .294805E-01
    .962825E-01
    .142491E+00
    .184022E+00
    .214667E+00
    .226121E+00
    .220615E+00
    .194752E+00
    .135726E+00
    .575627E-01
    .454456E-02
   -.237342E-01
   -.301667E-01
   -.131276E-01
    .419060E-01
    .104581E+00
    .152912E+00
    .193968E+00
    .214928E+00
    .215263E+00
    .206043E+00
    .194453E+00
    .166534E+00
    .132139E+00
    .102454E+00
    .797937E-01
    .636552E-01
    .536162E-01
    .438825E-01
    .287416E-01
    .917778E-02
   -.183218E-01
   -.597914E-01
   -.104129E+00
   -.146378E+00
   -.178537E+00
   -.198957E+00
   -.215146E+00
   -.227300E+00
   -.228531E+00
   -.222575E+00
   -.217189E+00
   -.220449E+00
   -.226550E+00
   -.229800E+00
   -.232748E+00
   -.236168E+00
   -.240595E+00
   -.246189E+00
   -.236790E+00
   -.213253E+00
   -.197124E+00
   -.140191E+00
   -.576394E-01
   -.884044E-03
    .270544E-01
    .499607E-01
    .578560E-01
    .561158E-01
    .509429E-01
    .453451E-01
    .438465E-01
    .424197E-01
    .475934E-01
    .600335E-01
    .805704E-01
    .107140E+00
    .144948E+00
    .182949E+00
    .228127E+00
    .281751E+00
    .322251E+00
    .334171E+00
    .306804E+00
    .229344E+00
    .156792E+00
    .790748E-01
    .160301E-01
   -.132795E-01
   -.339615E-01
   -.481449E-01
   -.587847E-01
   -.683209E-01
   -.785909E-01
   -.862895E-01
   -.887349E-01
   -.817824E-01
   -.684897E-01
   -.520470E-01
   -.355347E-01
   -.202302E-01
   -.107806E-01
   -.849013E-02
   -.106217E-01
   -.152762E-01
   -.206066E-01
   -.260749E-01
   -.330517E-01
   -.425174E-01
   -.519571E-01
   -.640222E-01
   -.786409E-01
   -.921205E-01
   -.109320E+00
   -.122134E+00
   -.129198E+00
   -.130778E+00
   -.123316E+00
   -.102170E+00
   -.719440E-01
   -.471401E-01
   -.320354E-01
   -.220390E-01
   -.166127E-01
   -.178012E-01
   -.224039E-01
   -.290988E-01
   -.353219E-01
   -.405121E-01
   -.413683E-01
   -.366384E-01
   -.279394E-01
   -.143793E-01
   -.132228E-02
    .828159E-02
    .128525E-01
    .104154E-01
    .521441E-02
   -.888238E-03
   -.557070E-02
   -.812313E-02
   -.901299E-02
   -.119544E-01
   -.152075E-01
   -.220841E-01
   -.305549E-01
   -.446356E-01
   -.572673E-01
   -.746089E-01
   -.944907E-01
   -.103623E+00
   -.105569E+00
   -.997325E-01
   -.875499E-01
   -.654448E-01
   -.490109E-01
   -.425050E-01
   -.430403E-01
   -.505642E-01
   -.613349E-01
   -.699429E-01
   -.731124E-01
   -.671360E-01
   -.478712E-01
   -.196408E-01
    .135852E-01
    .419171E-01
    .695981E-01
    .893126E-01
    .105938E+00
    .116392E+00
    .124723E+00
    .131490E+00
    .138306E+00
    .141318E+00
    .141603E+00
    .134802E+00
    .116834E+00
    .699158E-01
    .429418E-02
   -.534463E-01
   -.908344E-01
   -.115836E+00
   -.129207E+00
   -.134581E+00
   -.131019E+00
   -.120247E+00
   -.997878E-01
   -.632672E-01
   -.121079E-01
    .355520E-01
    .688997E-01
    .955351E-01
    .117932E+00
    .134596E+00
    .142613E+00
    .139075E+00
    .123367E+00
    .787805E-01
    .206571E-01
   -.357663E-01
   -.735695E-01
   -.936452E-01
   -.102838E+00
   -.101591E+00
   -.839171E-01
   -.454039E-01
   -.391867E-02
    .186290E-01
    .284007E-01
    .243611E-01
    .822013E-02
   -.144255E-01
   -.334086E-01
   -.466667E-01
   -.485520E-01
   -.415696E-01
   -.178151E-01
    .118469E-01
    .374144E-01
    .605776E-01
    .767667E-01
    .872169E-01
    .952041E-01
    .102223E+00
    .111422E+00
    .122216E+00
    .134543E+00
    .147629E+00
    .159981E+00
    .167970E+00
    .168974E+00
    .160848E+00
    .142387E+00
    .111149E+00
    .764696E-01
    .416538E-01
    .176071E-01
    .545619E-02
   -.188743E-02
    .239084E-02
    .133299E-01
    .336775E-01
    .483220E-01
    .550378E-01
    .562106E-01
    .518480E-01
    .459632E-01
    .407621E-01
    .366131E-01
    .347155E-01
    .347618E-01
    .350038E-01
    .357369E-01
    .334404E-01
    .296114E-01
    .208443E-01
    .991596E-02
   -.424301E-02
   -.178877E-01
   -.323168E-01
   -.489490E-01
   -.659941E-01
   -.834629E-01
   -.100262E+00
   -.112081E+00
   -.115140E+00
   -.112659E+00
   -.993966E-01
   -.731778E-01
   -.458223E-01
   -.192242E-01
   -.526761E-02
   -.225087E-02
   -.182041E-02
   -.351442E-02
   -.123756E-02
    .417538E-02
    .106567E-01
    .150123E-01
    .169686E-01
    .141140E-01
    .975654E-02
    .425466E-02
   -.103523E-02
   -.386469E-02
   -.560620E-02
   -.997088E-02
   -.181476E-01
   -.297875E-01
   -.453847E-01
   -.582853E-01
   -.658038E-01
   -.682815E-01
   -.645655E-01
   -.537132E-01
   -.376473E-01
   -.196392E-01
   -.870789E-02
   -.209839E-02
    .267554E-02
    .587161E-02
    .100368E-01
    .153275E-01
    .193032E-01
    .238887E-01
    .267968E-01
    .223741E-01
    .133301E-01
   -.495858E-03
   -.129377E-01
   -.218089E-01
   -.252499E-01
   -.252166E-01
   -.170063E-01
   -.453605E-02
    .401779E-02
    .796476E-02
    .275690E-02
   -.764809E-02
   -.192488E-01
   -.249165E-01
   -.255072E-01
   -.227514E-01
   -.169374E-01
   -.424269E-02
    .129547E-01
    .254517E-01
    .315132E-01
    .263420E-01
    .817749E-02
   -.150300E-01
   -.387354E-01
   -.621352E-01
   -.820025E-01
   -.930516E-01
   -.983329E-01
   -.992705E-01
   -.949842E-01
   -.835153E-01
   -.665526E-01
   -.502903E-01
   -.365715E-01
   -.305918E-01
   -.293993E-01
   -.301455E-01
   -.310067E-01
   -.305101E-01
   -.290504E-01
   -.255620E-01
   -.224749E-01
   -.177770E-01
   -.113783E-01
   -.179680E-03
    .175444E-01
    .362107E-01
    .531461E-01
    .692664E-01
    .844454E-01
    .985129E-01
    .109121E+00
    .117210E+00
    .120673E+00
    .119567E+00
    .115485E+00
    .109612E+00
    .102659E+00
    .936385E-01
    .736077E-01
    .467931E-01
    .215744E-01
   -.345255E-02
   -.199383E-01
   -.252025E-01
   -.277842E-01
   -.290963E-01
   -.300063E-01
   -.326470E-01
   -.355241E-01
   -.380492E-01
   -.367078E-01
   -.307735E-01
   -.204380E-01
   -.966625E-02
    .377348E-03
    .612415E-02
    .643381E-02
    .261355E-02
   -.783776E-02
   -.210748E-01
   -.351516E-01
   -.493259E-01
   -.603679E-01
   -.633818E-01
   -.562694E-01
   -.350164E-01
   -.677733E-02
    .184655E-01
    .419928E-01
    .541390E-01
    .541660E-01
    .485105E-01
    .363978E-01
    .220897E-01
    .123844E-01
    .954113E-02
    .121361E-01
    .211839E-01
    .342839E-01
    .459623E-01
    .546668E-01
    .642398E-01
    .700984E-01
    .760507E-01
    .801611E-01
    .827302E-01
    .864129E-01
    .913511E-01
    .939882E-01
    .943182E-01
    .888540E-01
    .737427E-01
    .498548E-01
    .245944E-01
    .674890E-02
   -.317561E-02
   -.792307E-02
   -.869556E-02
   -.426671E-02
    .226496E-02
    .769692E-02
    .785209E-02
    .196479E-02
   -.100658E-01
   -.212222E-01
   -.306373E-01
   -.373525E-01
   -.412235E-01
   -.416121E-01
   -.379631E-01
   -.329201E-01
   -.289278E-01
   -.262914E-01
   -.256295E-01
   -.272467E-01
   -.295599E-01
   -.302890E-01
   -.305034E-01
   -.331621E-01
   -.342163E-01
   -.358486E-01
   -.386311E-01
   -.426179E-01
   -.487330E-01
   -.559054E-01
   -.636295E-01
   -.691141E-01
   -.696531E-01
   -.612531E-01
   -.390018E-01
   -.110103E-01
    .143908E-01
    .321033E-01
    .372296E-01
    .332247E-01
    .204695E-01
    .250537E-02
   -.119968E-01
   -.173412E-01
   -.133819E-01
   -.181700E-02
    .105622E-01
    .216165E-01
    .262733E-01
    .247835E-01
    .168945E-01
    .655737E-02
   -.714949E-02
   -.183839E-01
   -.268687E-01
   -.353570E-01
   -.425606E-01
   -.500680E-01
   -.566826E-01
   -.621502E-01
   -.627998E-01
   -.579634E-01
   -.510122E-01
   -.420394E-01
   -.301731E-01
   -.209110E-01
   -.136205E-01
   -.121419E-01
   -.141396E-01
   -.197386E-01
   -.275502E-01
   -.328551E-01
   -.358113E-01
   -.370458E-01
   -.348571E-01
   -.318765E-01
   -.288216E-01
   -.260918E-01
   -.239271E-01
   -.206971E-01
   -.159172E-01
   -.919341E-02
    .743780E-03
    .110222E-01
    .202475E-01
    .268783E-01
    .313749E-01
    .327991E-01
    .295603E-01
    .230787E-01
    .158856E-01
    .853634E-02
    .245361E-02
    .536969E-03
    .290887E-02
    .873823E-02
    .158680E-01
    .223924E-01
    .274654E-01
    .302248E-01
    .311666E-01
    .289801E-01
    .235250E-01
    .171826E-01
    .106165E-01
    .523066E-02
    .334927E-02
    .247240E-02
    .406586E-03
   -.584062E-03
   -.554686E-03
   -.876993E-03
   -.498836E-03
    .493931E-03
    .437747E-02
    .830308E-02
    .118965E-01
    .163876E-01
    .182660E-01
    .156575E-01
    .122006E-01
    .675603E-02
   -.253396E-02
   -.151215E-01
   -.278051E-01
   -.374056E-01
   -.455979E-01
   -.509241E-01
   -.534959E-01
   -.540399E-01
   -.531584E-01
   -.529499E-01
   -.521896E-01
   -.496857E-01
   -.448419E-01
   -.355221E-01
   -.220884E-01
   -.585511E-02
    .896147E-02
    .225809E-01
    .345542E-01
    .445275E-01
    .505313E-01
    .538301E-01
    .573859E-01
    .593002E-01
    .597347E-01
    .597621E-01
    .570364E-01
    .502616E-01
    .419110E-01
    .332059E-01
    .247450E-01
    .179686E-01
    .124935E-01
    .106969E-01
    .115153E-01
    .139306E-01
    .176530E-01
    .220958E-01
    .273831E-01
    .316067E-01
    .334409E-01
    .338516E-01
    .316146E-01
    .242492E-01
    .143836E-01
    .283828E-02
   -.965001E-02
   -.204568E-01
   -.297816E-01
   -.371185E-01
   -.422603E-01
   -.449945E-01
   -.426913E-01
   -.387607E-01
   -.343225E-01
   -.320879E-01
   -.303921E-01
   -.301865E-01
   -.308070E-01
   -.294463E-01
   -.268849E-01
   -.257847E-01
   -.271844E-01
   -.307818E-01
   -.352865E-01
   -.386373E-01
   -.419676E-01
   -.438389E-01
   -.426853E-01
   -.373321E-01
   -.292991E-01
   -.186409E-01
   -.448247E-02
    .696088E-02
    .131427E-01
    .145541E-01
    .145224E-01
    .148093E-01
    .149333E-01
    .177906E-01
    .220079E-01
    .282252E-01
    .351415E-01
    .399951E-01
    .428655E-01
    .430969E-01
    .403038E-01
    .384096E-01
    .351610E-01
    .308774E-01
    .252459E-01
    .184790E-01
    .120995E-01
    .690814E-02
    .366988E-02
   -.126566E-04
   -.537597E-02
   -.137652E-01
   -.207285E-01
   -.268591E-01
   -.322750E-01
   -.374201E-01
   -.410284E-01
   -.416773E-01
   -.415310E-01
   -.401636E-01
   -.359891E-01
   -.289703E-01
   -.204073E-01
   -.127262E-01
   -.506650E-02
    .195015E-03
    .639573E-02
    .107499E-01
    .135636E-01
    .146283E-01
    .123192E-01
    .102562E-01
    .795690E-02
    .668804E-02
    .812989E-02
    .114354E-01
    .161443E-01
    .209487E-01
    .239210E-01
    .243184E-01
    .245926E-01
    .255130E-01
    .270659E-01
    .272976E-01
    .302818E-01
    .318761E-01
    .328667E-01
    .339672E-01
    .305113E-01
    .208178E-01
    .915621E-02
   -.256425E-03
   -.524110E-02
   -.334663E-02
    .279674E-02
    .997629E-02
    .180461E-01
    .243052E-01
    .302884E-01
    .326987E-01
    .321384E-01
    .287256E-01
    .252225E-01
    .210845E-01
    .147984E-01
    .848018E-02
    .359553E-02
    .176324E-02
    .209107E-02
    .423892E-02
    .664526E-02
    .758460E-02
    .570993E-02
    .293024E-02
   -.179975E-02
   -.815390E-02
   -.145159E-01
   -.207971E-01
   -.269585E-01
   -.291870E-01
   -.287998E-01
   -.248885E-01
   -.204302E-01
   -.164998E-01
   -.166403E-01
   -.211161E-01
   -.265772E-01
   -.307802E-01
   -.349614E-01
   -.368332E-01
   -.381557E-01
   -.366329E-01
   -.318941E-01
   -.218487E-01
   -.815020E-02
    .440186E-02
    .125589E-01
    .156966E-01
    .158489E-01
    .137108E-01
    .893617E-02
    .290494E-02
   -.131111E-02
   -.153234E-02
    .156599E-02
    .700585E-02
    .129524E-01
    .179571E-01
    .197705E-01
    .193164E-01
    .160771E-01
    .904936E-02
    .115442E-02
   -.635180E-02
   -.149292E-01
   -.222124E-01
   -.275150E-01
   -.296549E-01
   -.282465E-01
   -.234492E-01
   -.170647E-01
   -.959224E-02
   -.108400E-02
    .614462E-02
    .132406E-01
    .191731E-01
    .253992E-01
    .303704E-01
    .339113E-01
    .346503E-01
    .334327E-01
    .300565E-01
    .272549E-01
    .261945E-01
    .262698E-01
    .267296E-01
    .256606E-01
    .222185E-01
    .170991E-01
    .105474E-01
    .588336E-02
    .336502E-02
    .366318E-02
    .659112E-02
    .110881E-01
    .143943E-01
    .171523E-01
    .177708E-01
    .174671E-01
    .168543E-01
    .162990E-01
    .171746E-01
    .178882E-01
    .184885E-01
    .171784E-01
    .162533E-01
    .155609E-01
    .154715E-01
    .160823E-01
    .163837E-01
    .159628E-01
    .160209E-01
    .156357E-01
    .148527E-01
    .119940E-01
    .102226E-01
    .755899E-02
    .426972E-02
   -.156323E-02
   -.812277E-02
   -.125853E-01
   -.152630E-01
   -.125380E-01
   -.709369E-02
   -.185027E-02
    .147380E-02
    .222225E-02
    .331523E-02
    .238690E-02
    .218912E-02
    .290376E-02
    .451603E-02
    .355833E-02
    .131270E-02
   -.211544E-02
   -.706989E-02
   -.111012E-01
   -.121537E-01
   -.128150E-01
   -.118763E-01
   -.113525E-01
   -.103014E-01
   -.707721E-02
   -.645569E-02
   -.611683E-02
   -.645129E-02
   -.961301E-02
   -.148892E-01
   -.204027E-01
   -.259332E-01
   -.305938E-01
   -.323305E-01
   -.312056E-01
   -.268863E-01
   -.224811E-01
   -.184921E-01
   -.158112E-01
   -.131242E-01
   -.103035E-01
   -.829820E-02
   -.845933E-02
   -.111502E-01
   -.124793E-01
   -.137111E-01
   -.159513E-01
   -.182285E-01
   -.195876E-01
   -.186500E-01
   -.159686E-01
   -.155595E-01
   -.153028E-01
   -.145298E-01
   -.161590E-01
   -.199788E-01
   -.228687E-01
   -.269897E-01
   -.311306E-01
   -.318506E-01
   -.299079E-01
   -.255821E-01
   -.179983E-01
   -.963032E-02
   -.432629E-02
   -.577879E-03
    .110704E-02
    .938836E-03
   -.201804E-02
   -.659518E-02
   -.110854E-01
   -.153078E-01
   -.176041E-01
   -.182835E-01
   -.154965E-01
   -.903313E-02
   -.123753E-02
    .775985E-02
    .156864E-01
    .213279E-01
    .251763E-01
    .250903E-01
    .227684E-01
    .197803E-01
    .162175E-01
    .137543E-01
    .112652E-01
    .847982E-02
    .467711E-02
   -.814336E-03
   -.540386E-02
   -.100084E-01
   -.122496E-01
   -.132152E-01
   -.124200E-01
   -.120921E-01
   -.119639E-01
   -.134295E-01
   -.146962E-01
   -.127259E-01
   -.106083E-01
   -.687811E-02
   -.178961E-02
    .192051E-02
    .503806E-02
    .432610E-02
    .218178E-02
   -.108964E-02
   -.291009E-02
   -.563454E-02
   -.632756E-02
   -.593017E-02
   -.357283E-02
   -.226606E-02
   -.153559E-02
   -.246778E-02
   -.406716E-02
   -.544272E-02
   -.595548E-02
   -.466625E-02
   -.226211E-02
    .146592E-02
    .408721E-02
    .643793E-02
    .772913E-02
    .907803E-02
    .119944E-01
    .134087E-01
    .160054E-01
    .189687E-01
    .208903E-01
    .206479E-01
    .200741E-01
    .182223E-01
    .160931E-01
    .152355E-01
    .131867E-01
    .133680E-01
    .163044E-01
    .195461E-01
    .226473E-01
    .264024E-01
    .289341E-01
    .302203E-01
    .318324E-01
    .298497E-01
    .250673E-01
    .198105E-01
    .162302E-01
    .134762E-01
    .126152E-01
    .153111E-01
    .203454E-01
    .248256E-01
    .277339E-01
    .267329E-01
    .208435E-01
    .965344E-02
   -.183993E-02
   -.106656E-01
   -.168929E-01
   -.211276E-01
   -.239908E-01
   -.248721E-01
   -.236342E-01
   -.202936E-01
   -.151421E-01
   -.115793E-01
   -.790096E-02
   -.557243E-02
   -.664673E-02
   -.946939E-02
   -.129652E-01
   -.172960E-01
   -.203748E-01
   -.224968E-01
   -.229875E-01
   -.217691E-01
   -.188934E-01
   -.145480E-01
   -.970152E-02
   -.548539E-02
   -.148651E-02
    .297566E-02
    .576219E-02
    .860159E-02
    .965672E-02
    .972166E-02
    .106046E-01
    .122240E-01
    .134349E-01
    .141044E-01
    .159007E-01
    .169041E-01
    .169445E-01
    .151115E-01
    .133955E-01
    .125014E-01
    .116163E-01
    .902432E-02
    .543580E-02
    .204437E-02
   -.135879E-02
   -.438684E-02
   -.561598E-02
   -.590699E-02
   -.568590E-02
   -.525035E-02
   -.426024E-02
   -.302174E-02
   -.347334E-02
   -.528780E-02
   -.920667E-02
   -.136872E-01
   -.193076E-01
   -.229103E-01
   -.235792E-01
   -.223015E-01
   -.174266E-01
   -.884646E-02
    .303353E-04
    .676887E-02
    .916276E-02
    .104900E-01
    .100730E-01
    .766796E-02
    .407309E-02
    .109847E-02
    .902060E-04
   -.905737E-03
   -.113125E-02
   -.225390E-02
   -.364197E-02
   -.430800E-02
   -.394920E-02
   -.384714E-02
   -.495538E-02
   -.837844E-02
   -.120737E-01
   -.157802E-01
   -.197868E-01
   -.242435E-01
   -.283862E-01
   -.317683E-01
   -.322655E-01
   -.305554E-01
   -.278990E-01
   -.249098E-01
   -.209033E-01
   -.185901E-01
   -.155771E-01
   -.125227E-01
   -.772601E-02
   -.245105E-02
    .508888E-02
    .115294E-01
    .182085E-01
    .231658E-01
    .254129E-01
    .253149E-01
    .227857E-01
    .183842E-01
    .132763E-01
    .871217E-02
    .489787E-02
    .357920E-02
    .589327E-02
    .110780E-01
    .174595E-01
    .243420E-01
    .301104E-01
    .342959E-01
    .372101E-01
    .391438E-01
    .401815E-01
    .404293E-01
    .380867E-01
    .351018E-01
    .313072E-01
    .275002E-01
    .225241E-01
    .192296E-01
    .165844E-01
    .157638E-01
    .154656E-01
    .169076E-01
    .190123E-01
    .194083E-01
    .167260E-01
    .146924E-01
    .146275E-01
    .144102E-01
    .141199E-01
    .138860E-01
    .142392E-01
    .153036E-01
    .145308E-01
    .118440E-01
    .872964E-02
    .550864E-02
    .160275E-02
   -.189480E-02
   -.485766E-02
   -.790305E-02
   -.921509E-02
   -.930268E-02
   -.102408E-01
   -.122304E-01
   -.135405E-01
   -.144834E-01
   -.162639E-01
   -.176769E-01
   -.174721E-01
   -.182860E-01
   -.207493E-01
   -.236995E-01
   -.285583E-01
   -.324451E-01
   -.353728E-01
   -.367386E-01
   -.388237E-01
   -.399360E-01
   -.394200E-01
   -.396647E-01
   -.392762E-01
   -.383964E-01
   -.371815E-01
   -.356891E-01
   -.328398E-01
   -.314383E-01
   -.283941E-01
   -.256132E-01
   -.225980E-01
   -.187706E-01
   -.155516E-01
   -.125056E-01
   -.826680E-02
   -.573739E-02
   -.318145E-02
   -.209012E-02
   -.288224E-02
   -.515583E-02
   -.768425E-02
   -.994004E-02
   -.115511E-01
   -.119904E-01
   -.119767E-01
   -.110248E-01
   -.909540E-02
   -.680076E-02
   -.454114E-02
   -.238303E-02
   -.225040E-02
   -.311621E-02
   -.373097E-02
   -.431933E-02
   -.396438E-02
   -.415665E-02
   -.408278E-02
   -.279637E-02
   -.208321E-03
    .583625E-03
    .564031E-03
   -.108452E-02
   -.380422E-02
   -.527890E-02
   -.565712E-02
   -.509810E-02
   -.233828E-02
    .219545E-02
    .712081E-02
    .112009E-01
    .145060E-01
    .176255E-01
    .183438E-01
    .185389E-01
    .195047E-01
    .191478E-01
    .178710E-01
    .167905E-01
    .163391E-01
    .140509E-01
    .118747E-01
    .115470E-01
    .108247E-01
    .113376E-01
    .124904E-01
    .138869E-01
    .141320E-01
    .149461E-01
    .161945E-01
    .158469E-01
    .151032E-01
    .147648E-01
    .133405E-01
    .109227E-01
    .835696E-02
    .597188E-02
    .412071E-02
    .374126E-02
    .319662E-02
    .376878E-02
    .340823E-02
    .298613E-02
    .175933E-02
    .103117E-02
    .762571E-03
    .204301E-03
    .115279E-02
    .368603E-02
    .520205E-02
    .601876E-02
    .683985E-02
    .698660E-02
    .593856E-02
    .395171E-02
    .332777E-02
    .317194E-02
    .342942E-02
    .475769E-02
    .594476E-02
    .628816E-02
    .619915E-02
    .558160E-02
    .457606E-02
    .390789E-02
    .252191E-02
    .114425E-02
   -.123753E-03
   -.121979E-02
   -.265054E-02
   -.436688E-02
   -.531206E-02
   -.580140E-02
   -.618633E-02
   -.604793E-02
   -.568612E-02
   -.583642E-02
   -.596310E-02
   -.588243E-02
   -.592743E-02
   -.610332E-02
   -.626246E-02
   -.621925E-02
   -.567665E-02
   -.498854E-02
   -.402809E-02
   -.342458E-02
   -.291781E-02
   -.206536E-02
   -.166341E-02
   -.134644E-02
   -.662002E-03
   -.235846E-03
    .200038E-03
    .411286E-03
    .416239E-03
    .333318E-03
    .178440E-03
    .200345E-03
    .312492E-03
    .591536E-03
    .673277E-03
    .743506E-03
    .878641E-03
    .951701E-03
    .939412E-03
    .897884E-03
    .856304E-03
    .835915E-03
    .778788E-03
    .728936E-03
    .674912E-03
    .579767E-03
    .488704E-03
    .465627E-03
    .465053E-03
    .477963E-03
    .490173E-03
    .511131E-03
    .494156E-03
    .433931E-03
    .346377E-03
    .265824E-03
    .209812E-03
    .168172E-03
    .144632E-03
    .141412E-03
    .126683E-03
    .112034E-03
    .944478E-04
    .652706E-04
    .387435E-04
    .101072E-04
   -.212649E-04
   -.525680E-04
   -.813522E-04
   -.108452E-03
   -.135302E-03
   -.162145E-03
   -.186645E-03
   -.211972E-03
   -.235395E-03
   -.257868E-03
   -.278327E-03
   -.297384E-03
   -.315012E-03
   -.331629E-03
   -.347248E-03
   -.362096E-03
   -.376104E-03
   -.389333E-03
   -.401742E-03
   -.413333E-03
   -.424085E-03
