   -.0027413
   -.0026418
   -.0027274
   -.0026951
   -.0027567
   -.0027171
   -.0027629
   -.0027264
   -.0027654
   -.0027317
   -.0027651
   -.0027333
   -.0027625
   -.0027337
   -.0027617
   -.0027399
   -.0027702
   -.0027528
   -.0027824
   -.0027680
   -.0027913
   -.0027715
   -.0027942
   -.0027849
   -.0028134
   -.0028109
   -.0028424
   -.0028430
   -.0028683
   -.0028580
   -.0028711
   -.0028587
   -.0028750
   -.0028712
   -.0028923
   -.0028928
   -.0029160
   -.0029202
   -.0029453
   -.0029563
   -.0029772
   -.0029630
   -.0029530
   -.0029277
   -.0029120
   -.0028843
   -.0028755
   -.0028368
   -.0027734
   -.0026859
   -.0026073
   -.0025231
   -.0024520
   -.0023819
   -.0023447
   -.0023363
   -.0023652
   -.0024149
   -.0025015
   -.0025956
   -.0026841
   -.0027366
   -.0027684
   -.0027817
   -.0027888
   -.0027853
   -.0027906
   -.0028023
   -.0028252
   -.0028557
   -.0029044
   -.0029884
   -.0030919
   -.0031627
   -.0031669
   -.0031091
   -.0029843
   -.0028534
   -.0027921
   -.0028436
   -.0029681
   -.0030768
   -.0031249
   -.0031051
   -.0030040
   -.0028645
   -.0027514
   -.0026906
   -.0026635
   -.0026565
   -.0026399
   -.0026071
   -.0026117
   -.0026617
   -.0027105
   -.0027710
   -.0028985
   -.0030121
   -.0031092
   -.0032902
   -.0035910
   -.0039823
   -.0044024
   -.0048004
   -.0051294
   -.0053689
   -.0055012
   -.0055671
   -.0055740
   -.0055527
   -.0055203
   -.0055195
   -.0055285
   -.0055490
   -.0055405
   -.0055023
   -.0053881
   -.0052194
   -.0049947
   -.0047443
   -.0044863
   -.0042491
   -.0039778
   -.0037827
   -.0036656
   -.0036159
   -.0035265
   -.0033627
   -.0031290
   -.0029027
   -.0026725
   -.0025079
   -.0023828
   -.0025562
   -.0029985
   -.0034861
   -.0038576
   -.0040830
   -.0040855
   -.0039287
   -.0037052
   -.0035037
   -.0032005
   -.0028009
   -.0023822
   -.0020436
   -.0017645
   -.0015789
   -.0014474
   -.0013767
   -.0013600
   -.0013907
   -.0014635
   -.0015903
   -.0016802
   -.0017008
   -.0016822
   -.0016813
   -.0016932
   -.0016699
   -.0014616
   -.0009616
   -.0004415
   -.0001253
    .0005411
    .0009289
    .0006170
   -.0003038
   -.0014817
   -.0026445
   -.0037231
   -.0046348
   -.0050378
   -.0050634
   -.0053888
   -.0051622
   -.0049603
   -.0049633
   -.0050130
   -.0050560
   -.0050944
   -.0050859
   -.0048834
   -.0043289
   -.0035107
   -.0029655
   -.0022278
   -.0017254
   -.0018349
   -.0024267
   -.0030910
   -.0037063
   -.0043367
   -.0051075
   -.0059145
   -.0067913
   -.0077080
   -.0084230
   -.0087797
   -.0086550
   -.0081055
   -.0072117
   -.0059281
   -.0042995
   -.0024435
   -.0003264
    .0020878
    .0047485
    .0075503
    .0102569
    .0126923
    .0146434
    .0161248
    .0170697
    .0173677
    .0173374
    .0170460
    .0164567
    .0156433
    .0141491
    .0118901
    .0092059
    .0063762
    .0033545
    .0001247
   -.0031479
   -.0066747
   -.0102325
   -.0134394
   -.0161194
   -.0182043
   -.0199105
   -.0217397
   -.0235830
   -.0253444
   -.0272102
   -.0293736
   -.0311411
   -.0326482
   -.0342134
   -.0359651
   -.0376529
   -.0385498
   -.0384228
   -.0378519
   -.0363674
   -.0332094
   -.0287091
   -.0236675
   -.0183273
   -.0129525
   -.0079575
   -.0034729
    .0006071
    .0040389
    .0065674
    .0075667
    .0069352
    .0053350
    .0034373
    .0018314
    .0010687
    .0014451
    .0029389
    .0048851
    .0063637
    .0076513
    .0092277
    .0111973
    .0133991
    .0153691
    .0168270
    .0178079
    .0181887
    .0179572
    .0174118
    .0173223
    .0189113
    .0213739
    .0232956
    .0255934
    .0252494
    .0235446
    .0238970
    .0248794
    .0243254
    .0214872
    .0159195
    .0095279
    .0031894
   -.0031036
   -.0094729
   -.0158783
   -.0216623
   -.0272015
   -.0325382
   -.0373142
   -.0411087
   -.0431997
   -.0429355
   -.0421486
   -.0397254
   -.0382170
   -.0375157
   -.0366036
   -.0348504
   -.0318400
   -.0274078
   -.0218258
   -.0152508
   -.0080391
   -.0004950
    .0067324
    .0128220
    .0176412
    .0213979
    .0235503
    .0241200
    .0233032
    .0212039
    .0179553
    .0138532
    .0093619
    .0047439
    .0001031
   -.0047348
   -.0096512
   -.0141020
   -.0180076
   -.0216436
   -.0253681
   -.0296262
   -.0347142
   -.0404687
   -.0461491
   -.0501509
   -.0519157
   -.0517272
   -.0500656
   -.0476204
   -.0444326
   -.0404279
   -.0363968
   -.0327428
   -.0285070
   -.0229621
   -.0160555
   -.0078792
    .0011863
    .0103133
    .0188004
    .0263464
    .0330906
    .0392018
    .0442148
    .0477776
    .0493260
    .0487260
    .0464523
    .0434039
    .0407660
    .0379717
    .0342218
    .0294176
    .0237380
    .0176544
    .0115614
    .0056800
    .0000402
   -.0054252
   -.0107139
   -.0155741
   -.0196311
   -.0218035
   -.0217193
   -.0197709
   -.0164894
   -.0124853
   -.0084583
   -.0052824
   -.0037081
   -.0035496
   -.0030805
   -.0004279
    .0041803
    .0090894
    .0137120
    .0168709
    .0176544
    .0160796
    .0137266
    .0123258
    .0130586
    .0159730
    .0205191
    .0258148
    .0307448
    .0348308
    .0379429
    .0397664
    .0400305
    .0384894
    .0352648
    .0309883
    .0262959
    .0216608
    .0176460
    .0143243
    .0107531
    .0065479
    .0018859
   -.0030789
   -.0084206
   -.0142937
   -.0202230
   -.0256517
   -.0305777
   -.0346514
   -.0367335
   -.0363362
   -.0336107
   -.0293724
   -.0249370
   -.0203070
   -.0152929
   -.0100618
   -.0048022
    .0002790
    .0052250
    .0101930
    .0151765
    .0200151
    .0245986
    .0291134
    .0338360
    .0390262
    .0445040
    .0497498
    .0543520
    .0579862
    .0602095
    .0610599
    .0611166
    .0608668
    .0606528
    .0603049
    .0595727
    .0576589
    .0540642
    .0497459
    .0455423
    .0413646
    .0371880
    .0332674
    .0297469
    .0266567
    .0240349
    .0218382
    .0198271
    .0178494
    .0157982
    .0133861
    .0101409
    .0056304
   -.0000154
   -.0062392
   -.0123864
   -.0179389
   -.0227403
   -.0272477
   -.0319278
   -.0367351
   -.0409548
   -.0428074
   -.0411251
   -.0359046
   -.0279594
   -.0188092
   -.0104236
   -.0039173
    .0005179
    .0027802
    .0033106
    .0029436
    .0017955
   -.0005959
   -.0048421
   -.0108829
   -.0187258
   -.0280382
   -.0381059
   -.0483739
   -.0583117
   -.0668418
   -.0729332
   -.0754021
   -.0739055
   -.0690829
   -.0621233
   -.0543967
   -.0459472
   -.0367479
   -.0271706
   -.0176512
   -.0086219
   -.0004766
    .0066169
    .0126451
    .0172740
    .0204819
    .0216478
    .0205493
    .0177209
    .0135571
    .0084833
    .0032876
   -.0010502
   -.0035549
   -.0038830
   -.0021712
    .0014405
    .0065142
    .0130704
    .0210463
    .0302216
    .0399097
    .0492030
    .0577802
    .0656627
    .0729022
    .0794078
    .0849607
    .0883616
    .0890218
    .0872934
    .0834717
    .0783186
    .0718690
    .0640568
    .0553616
    .0470307
    .0404938
    .0362491
    .0331600
    .0299665
    .0281691
    .0279132
    .0276213
    .0269043
    .0268775
    .0283701
    .0311571
    .0344179
    .0376804
    .0408689
    .0436769
    .0458025
    .0469946
    .0467838
    .0449029
    .0418788
    .0389907
    .0366272
    .0340434
    .0311332
    .0278809
    .0233478
    .0171458
    .0102996
    .0042736
   -.0009595
   -.0078284
   -.0177211
   -.0262016
   -.0355789
   -.0456831
   -.0565048
   -.0681515
   -.0800733
   -.0919435
   -.1032482
   -.1144760
   -.1262526
   -.1380879
   -.1488621
   -.1575292
   -.1631629
   -.1647852
   -.1605423
   -.1508299
   -.1373381
   -.1224156
   -.1090844
   -.0955781
   -.0804795
   -.0657448
   -.0521351
   -.0391580
   -.0276467
   -.0183839
   -.0109153
   -.0045792
    .0011119
    .0065551
    .0120423
    .0177119
    .0234444
    .0290587
    .0345191
    .0396956
    .0444967
    .0489066
    .0528021
    .0560228
    .0584080
    .0598657
    .0604318
    .0601957
    .0594868
    .0589400
    .0590246
    .0595750
    .0603293
    .0613799
    .0624417
    .0625953
    .0616141
    .0604587
    .0599765
    .0600788
    .0602665
    .0602227
    .0596084
    .0580927
    .0557158
    .0528997
    .0501536
    .0478593
    .0462334
    .0452362
    .0447450
    .0451405
    .0465667
    .0485498
    .0506639
    .0523990
    .0532525
    .0534074
    .0526447
    .0504242
    .0464282
    .0403163
    .0315324
    .0203218
    .0066020
   -.0095250
   -.0271136
   -.0452958
   -.0636095
   -.0816422
   -.0990078
   -.1154862
   -.1310872
   -.1460270
   -.1606895
   -.1754418
   -.1905897
   -.2063942
   -.2229998
   -.2400216
   -.2568619
   -.2822868
   -.2982300
   -.3127515
   -.3064783
   -.2940282
   -.2898394
   -.1521407
   -.1457079
   -.1323436
   -.1177229
   -.1060265
   -.0944855
   -.1430978
   -.2665009
   -.3395199
   -.2632097
   -.2378644
   -.2049530
   -.1172614
   -.0355863
   -.0165845
    .0030388
    .0181793
    .0315509
    .0492189
    .0146833
    .0093534
   -.0396652
   -.0639814
   -.0920317
   -.1201511
   -.1483922
   -.1785930
   -.2224159
   -.2695432
   -.2671395
   -.0893037
    .1470811
    .1990036
    .2039465
    .0967346
    .0689934
    .0307370
    .0054261
    .0105564
   -.1811230
   -.1779694
   -.1999356
   -.1683482
   -.1384798
   -.1100102
   -.0571430
   -.0090511
    .0217866
    .0943320
    .1365250
    .2620971
    .2903218
    .3062490
    .2324155
    .2039243
    .0981064
    .0402134
    .0064321
   -.0311395
   -.0568209
   -.1311872
   -.1340301
   -.1221679
   -.1190165
   -.1077462
   -.0889533
   -.0490076
   -.0181283
    .0288121
    .0358447
    .0857063
    .1438848
    .1862656
    .3384773
    .3578387
    .3590206
    .3308404
    .3082145
    .2794726
    .2254250
    .1873981
    .1572495
    .0180985
   -.0216773
   -.0368384
   -.0654159
   -.0898834
   -.0995670
   -.0798315
   -.0351609
   -.0193647
    .0794491
    .0966824
    .1449110
    .1436400
    .1460626
    .1774075
    .1950721
    .2046048
    .3301302
    .1581414
    .1028715
    .0602260
    .0429822
    .0025553
   -.0361465
   -.0666390
   -.0793845
   -.0927034
   -.1036328
   -.1057034
   -.1069431
   -.1036564
   -.0534651
   -.0046875
    .0503137
    .2185238
    .2312980
    .2635161
    .2718218
    .3136087
    .2852779
    .1911401
   -.0150159
   -.0333004
   -.0489296
   -.0163149
   -.0147318
   -.0030618
   -.0005665
    .0301877
    .0508068
    .0698355
    .0964026
    .2274542
    .2557121
    .2758139
    .2028751
    .0627789
    .0327187
   -.0008804
   -.0426450
   -.0552443
   -.0878576
   -.0464712
    .0195402
    .0872391
    .1683653
    .1762221
    .1826359
    .1889918
    .1921742
    .1820298
    .0978659
    .0834651
    .0514877
    .0431352
    .0278136
    .0237353
   -.0232249
    .0042946
    .0181204
    .1028346
    .1134134
    .1164630
    .1195931
    .1255239
    .1261475
    .1402973
    .1370022
    .1287702
    .1152134
    .0972697
    .0842520
    .0550977
    .0331003
   -.0441495
   -.0672085
   -.0804161
   -.1028722
   -.1251268
   -.1347838
   -.1419269
   -.1476963
   -.1554671
   -.1546719
   -.0937088
   -.0864850
   -.0860852
   -.0491557
   -.0914626
   -.0987719
   -.1470386
   -.1485051
   -.1506079
   -.1714265
   -.1650230
   -.1579841
   -.1135914
   -.0714602
   -.0688385
   -.0356354
   -.0356821
   -.0295316
   -.0270391
   -.0421793
   -.0502689
   -.0544003
   -.0491933
   -.0459978
   -.0404844
   -.0363874
   -.0312757
   -.0290597
   -.0289707
   -.0378586
   -.0418853
   -.0398930
   -.0367425
   -.0409863
   -.0366097
   -.0327629
   -.0289698
   -.0355551
   -.0380600
   -.0522220
   -.0601316
   -.0645311
   -.0642762
   -.0633149
   -.0701526
   -.0666356
   -.0669695
   -.0651544
   -.0623201
   -.0543635
   -.0522841
   -.0474037
   -.0490756
   -.0413907
   -.0355091
   -.0280910
   -.0147988
    .0480178
    .0339381
    .0404683
    .0469128
    .0536821
    .0570342
    .0607180
    .0717735
    .0791620
    .0900214
    .0971769
    .1249827
    .1536715
    .1739544
    .1848183
    .1875106
    .1885687
    .1884881
    .1876441
    .1663853
    .1632389
    .1650214
    .1559649
    .1506725
    .1423181
    .1329398
    .1242151
    .1193247
    .1085668
    .0512177
    .0409977
    .0285755
    .0230809
    .0160587
    .0154882
    .0131456
    .0118175
    .0150415
    .0130970
    .0207461
    .0255505
    .0259181
    .0262493
    .0248174
    .0271977
    .0316685
    .0358772
    .0376427
    .0242829
    .0508316
    .0744419
    .0830884
    .0953254
    .1141381
    .1136142
    .1261856
    .1401426
    .1476566
    .1426425
    .1428547
    .1384507
    .1375793
    .1478902
    .1482817
    .1471144
    .1459230
    .1648347
    .1675751
    .1652377
    .1652629
    .1585952
    .1556311
    .1420549
    .1311718
    .1084404
    .0962787
    .0830250
    .0743455
    .0505345
    .0340437
    .0182434
    .0050118
   -.0052270
   -.0117713
   -.0205171
   -.0280898
   -.0319397
   -.0242768
   -.0208162
   -.0147196
   -.0064878
    .0389381
    .0316706
    .0343661
    .0318917
    .0252782
    .0240194
    .0297501
    .0336960
    .0422996
   -.0143679
   -.0070979
    .0018414
    .0021191
   -.0041078
    .0049172
    .0571977
    .0668518
    .1526014
    .1598440
    .1660449
    .1694728
    .1662268
    .1435290
    .1341266
    .1000927
    .0947007
    .0791111
    .0635260
    .0404640
   -.0405646
   -.0594401
   -.0614915
   -.0674876
   -.0731104
   -.0800725
   -.0847024
   -.0799146
   -.0929113
   -.0950297
   -.0538205
   -.0477880
   -.0481780
   -.0504773
   -.0587753
   -.0604126
   -.0594129
   -.0627877
   -.0665671
   -.0763081
   -.0848940
   -.1402981
   -.1644061
   -.2227292
   -.2588660
   -.2567226
   -.2550947
   -.2360348
   -.2319392
   -.2220373
   -.2138732
   -.1950917
   -.1832246
   -.1524987
   -.1335402
   -.0023119
    .0127477
    .0212420
    .0209465
    .0217598
    .0213031
   -.0532763
   -.0677639
   -.1349131
   -.1743746
   -.1702550
   -.1714645
   -.1389692
   -.1273556
   -.0471867
   -.0472435
   -.0334512
   -.0222156
   -.0329627
   -.0608280
   -.0735928
   -.0821697
   -.1110743
   -.1179212
   -.1785607
   -.1977358
   -.2062590
   -.2163291
   -.2252788
   -.2318664
   -.2345457
   -.2359524
   -.2208495
   -.1379435
   -.1029567
   -.0363388
   -.0332993
   -.0176894
   -.0139710
   -.0039431
   -.0287020
   -.0730561
   -.0650067
   -.0602669
   -.0533830
   -.0365120
   -.0265390
   -.0122079
   -.0217929
   -.0205860
   -.0204156
   -.0206611
   -.0209318
   -.0245394
   -.0348611
   -.0400460
   -.0506494
   -.0696566
   -.0883571
   -.1015602
   -.1057066
   -.1156672
   -.1162505
   -.1223392
   -.1268246
   -.1275419
   -.1242027
   -.1195832
   -.1075677
   -.1022081
   -.1079854
   -.1162810
   -.1251183
   -.1363807
   -.1401506
   -.1400409
   -.1379117
   -.1365473
   -.1323580
   -.1223319
   -.1210781
   -.1188182
   -.1120544
   -.1109655
   -.1144418
   -.1430650
   -.1398694
   -.1430942
   -.1622423
   -.1518336
   -.1408861
   -.1288742
   -.0903827
   -.0784548
   -.0530601
   -.0021392
    .0160814
    .0244469
    .0231174
    .0261208
    .0255413
    .0227794
    .0188690
    .0148336
    .0169170
    .0187370
    .0191843
    .0117965
    .0070052
    .0018634
   -.0037758
   -.0021568
   -.0163336
   -.0232066
   -.0299396
   -.0520328
   -.0650533
   -.0703072
   -.0711940
   -.0753364
   -.0859235
   -.0916363
   -.0920821
   -.0926745
   -.0929211
   -.1002704
   -.0954338
   -.0875448
   -.0801982
   -.0784567
   -.0802731
   -.0688368
   -.0632045
   -.0537028
   -.0462512
   -.0399478
   -.0356637
   -.0323570
   -.0268089
   -.0142984
   -.0097883
   -.0085799
    .0048292
    .0130678
    .0266622
    .0458945
    .0544903
    .0614535
    .0684371
    .0744589
    .0812416
    .0833623
    .0843063
    .0818268
    .0792624
    .0761117
    .0668332
    .0560544
    .0470242
    .0392878
    .0282539
    .0222633
    .0106605
    .0027704
   -.0130116
   -.0182923
   -.0193022
   -.0299879
   -.0315954
   -.0337019
   -.0375940
   -.0412900
   -.0432218
   -.0482561
   -.0520683
   -.0561495
   -.0602008
   -.0625891
   -.0633765
   -.0670159
   -.0561066
   -.0533225
   -.0521063
   -.0424896
   -.0386047
   -.0331343
   -.0259583
   -.0111994
   -.0055257
    .0045728
    .0159322
    .0267207
    .0289823
    .0261704
    .0326022
    .0342765
    .0339104
    .0364534
    .0364213
    .0454984
    .0552472
    .0575124
    .0596061
    .0598349
    .0598951
    .0495272
    .0279533
    .0100819
   -.0010632
   -.0091137
   -.0360907
   -.0435633
   -.0500709
   -.0596292
   -.0706673
   -.0775862
   -.0835116
   -.0880171
   -.0796935
   -.0816955
   -.0832905
   -.0825160
   -.0760804
   -.0584703
   -.0445808
   -.0418464
   -.0406385
   -.0353356
   -.0347378
   -.0340167
   -.0333620
   -.0321641
   -.0302088
   -.0285153
   -.0578277
   -.0747965
   -.0656305
   -.0578460
   -.0480037
   -.0066593
   -.0035033
    .0058989
    .0281946
    .0292001
    .0240808
    .0192091
    .0142336
    .0108150
   -.0002844
   -.0076034
   -.0146385
   -.0258705
   -.0270446
   -.0394623
   -.0474958
   -.0505422
   -.0531991
   -.0596164
   -.0607342
   -.0605421
   -.0556809
   -.0543571
   -.0501882
   -.0289544
   -.0275195
   -.0275120
   -.0272996
   -.0265984
   -.0265112
   -.0262920
   -.0263193
   -.0256925
   -.0237188
   -.0209722
   -.0186766
   -.0185637
   -.0161781
   -.0127487
   -.0093481
   -.0073581
   -.0049068
   -.0032927
   -.0022460
   -.0006296
    .0015471
    .0026793
    .0048025
    .0069133
    .0087433
    .0103795
    .0107894
    .0112452
    .0125195
    .0139177
    .0147295
    .0159557
    .0182230
    .0194250
    .0192300
    .0172091
    .0153842
    .0152024
    .0137132
    .0141443
    .0119072
    .0101839
    .0051634
    .0039387
    .0033483
    .0005768
   -.0017959
   -.0024682
   -.0042103
   -.0055643
   -.0040190
   -.0046010
   -.0049662
   -.0073400
   -.0062339
   -.0083491
   -.0101266
   -.0094001
   -.0111557
   -.0105921
   -.0104069
   -.0094951
   -.0083448
   -.0032126
    .0075943
    .0134987
    .0204349
    .0308583
    .0393905
    .0487680
    .0551767
    .0501304
    .0555038
    .0536305
    .0537352
    .0509433
    .0526695
    .0531884
    .0467389
    .0434836
    .0359516
    .0356828
    .0374979
    .0364654
    .0370288
    .0544917
    .0592851
    .0583210
    .0653229
    .0696252
    .0696244
    .0744150
    .0806182
    .0912596
    .0876929
    .0874764
    .0775296
    .0769124
    .0665922
    .0566540
    .0610180
    .0596693
    .0660334
    .0537591
    .0848925
    .0968801
    .1081097
    .1208927
    .1327887
    .1436193
    .1523156
    .1884992
    .1937744
    .2049455
    .2152722
    .2216950
    .2232710
    .2169445
    .2128390
    .2044886
    .1881444
    .1782646
    .1566511
    .1375318
    .1244520
    .1160519
    .1094054
    .0989638
    .0887925
    .0822029
    .0782138
    .0712106
    .0688291
    .0638799
    .0583165
    .0527037
    .0718261
    .0862630
    .0817234
    .0769161
    .0524092
    .0368715
    .0229831
   -.0087809
   -.0169532
   -.0209581
   -.0247846
   -.0262057
   -.0283524
   -.0162871
   -.0160025
   -.0143708
   -.0137917
   -.0084335
   -.0097223
    .0110683
    .0353671
    .0392288
    .0365232
    .0305399
    .0109249
    .0025986
   -.0063318
   -.0168179
   -.0282075
   -.0380080
   -.0453359
   -.0734884
   -.0875870
   -.0973890
   -.1049589
   -.1140673
   -.1186345
   -.1052955
   -.1047169
   -.1066726
   -.1073580
   -.1055946
   -.1014721
   -.0941389
   -.0901892
   -.0862476
   -.0798946
   -.0723399
   -.0657021
   -.0615811
   -.0513445
   -.0476897
   -.0396519
   -.0274127
   -.0255562
   -.0214834
   -.0191951
   -.0116803
   -.0088499
   -.0089673
    .0033420
    .0095353
    .0178788
    .0216228
    .0286333
    .0311225
    .0333916
    .0341864
    .0342335
    .0358889
    .0340970
    .0332553
    .0310543
    .0284027
    .0260576
    .0208738
    .0184230
    .0174432
    .0163225
    .0138827
    .0086897
    .0049231
   -.0011625
   -.0068169
   -.0108585
   -.0192761
   -.0251559
   -.0293829
   -.0339954
   -.0382636
   -.0413490
   -.0434324
   -.0423393
   -.0426984
   -.0518818
   -.0479244
   -.0498966
   -.0550349
   -.0542950
   -.0519678
   -.0551228
   -.0547407
   -.0544540
   -.0544413
   -.0540710
   -.0530419
   -.0538545
   -.0568143
   -.0577232
   -.0582057
   -.0593840
   -.0609236
   -.0598266
   -.0603976
   -.0619094
   -.0624013
   -.0672418
   -.0671053
   -.0678273
   -.0690991
   -.0704885
   -.0712228
   -.0717248
   -.0739417
   -.0739894
   -.0738086
   -.0735309
   -.0742090
   -.0750364
   -.0752556
   -.0762434
   -.0741575
   -.0707163
   -.0676557
   -.0661913
   -.0608856
   -.0582486
   -.0571594
   -.0499032
   -.0435442
   -.0366082
   -.0298496
   -.0233852
   -.0188530
   -.0127019
   -.0077112
   -.0020686
    .0049258
    .0155402
    .0228895
    .0300330
    .0336005
    .0415639
    .0497542
    .0601759
    .0650576
    .0673136
    .0713732
    .0766298
    .0775861
    .0776376
    .0771532
    .0755932
    .0731490
    .0699544
    .0659637
    .0623303
    .0565912
    .0508219
    .0466213
    .0387170
    .0321417
    .0255664
    .0192500
    .0080458
   -.0001228
   -.0034566
   -.0111522
   -.0177806
   -.0213257
   -.0271643
   -.0319320
   -.0361777
   -.0428443
   -.0458747
   -.0525623
   -.0548247
   -.0599839
   -.0620504
   -.0611366
   -.0673564
   -.0701242
   -.0702294
   -.0717773
   -.0614760
   -.0632229
   -.0651311
   -.0673765
   -.0701828
   -.0710078
   -.0694452
   -.0655496
   -.0642432
   -.0639378
   -.0660863
   -.0662378
   -.0660825
   -.0672326
   -.0793425
   -.0825294
   -.0851171
   -.0872336
   -.0916691
   -.0946912
   -.0962572
   -.0993614
   -.1008777
   -.1047343
   -.1099117
   -.1129235
   -.1143917
   -.1142265
   -.1132577
   -.1117999
   -.1091573
   -.1071004
   -.1047215
   -.1026249
   -.1003019
   -.0953374
   -.0919932
   -.0869230
   -.0848075
   -.0817127
   -.0780443
   -.0743128
   -.0668104
   -.0640367
   -.0586775
   -.0532421
   -.0476061
   -.0405036
   -.0328754
   -.0265788
   -.0152959
   -.0094122
   -.0042981
    .0003176
    .0064494
    .0110408
    .0179183
    .0230160
    .0276902
    .0327085
    .0377526
    .0406140
    .0460065
    .0504076
    .0532818
    .0557541
    .0571994
    .0624800
    .0643315
    .0651898
    .0669429
    .0685524
    .0697954
    .0667551
    .0676121
    .0683484
    .0690849
    .0682001
    .0695279
    .0667908
    .0648257
    .0645373
    .0646994
    .0638081
    .0637275
    .0643298
    .0649635
    .0640224
    .0626254
    .0616116
    .0599277
    .0608163
    .0615006
    .0636744
    .0625670
    .0637302
    .0650730
    .0666656
    .0687939
    .0677781
    .0681539
    .0692172
    .0711245
    .0720667
    .0706867
    .0695959
    .0660820
    .0635261
    .0610119
    .0532983
    .0493740
    .0468891
    .0426844
    .0405764
    .0391340
    .0377891
    .0341078
    .0317376
    .0289751
    .0264684
    .0221979
    .0188258
    .0135806
    .0099250
    .0048937
    .0005905
   -.0025632
   -.0081820
   -.0110768
   -.0155941
   -.0189178
   -.0215880
   -.0245417
   -.0273141
   -.0289529
   -.0280800
   -.0274445
   -.0297133
   -.0328661
   -.0350473
   -.0406733
   -.0403954
   -.0407691
   -.0449858
   -.0464058
   -.0429315
   -.0329491
   -.0224146
   -.0198734
   -.0183291
   -.0150196
   -.0152746
   -.0174440
   -.0258262
   -.0261031
   -.0279242
   -.0280768
   -.0278283
   -.0273118
   -.0221509
   -.0255024
   -.0241812
   -.0190954
   -.0195664
    .0038437
    .0104556
    .0155112
    .0204010
    .0208418
    .0219526
    .0207220
    .0191813
    .0100735
    .0080669
    .0047218
    .0009963
   -.0000698
   -.0022406
   -.0058841
   -.0102169
   -.0286252
   -.0341534
   -.0376935
   -.0405496
   -.0428042
   -.0429293
   -.0318267
   -.0338355
   -.0347124
   -.0309492
   -.0327400
   -.0317276
   -.0207876
   -.0227157
   -.0249516
   -.0302348
   -.0345316
   -.0447757
   -.0520258
   -.0601120
   -.0878949
   -.0962105
   -.0970631
   -.0955163
   -.0925954
   -.0813587
   -.0756291
   -.0708507
   -.0675441
   -.0659551
   -.0664151
   -.0637297
   -.0656484
   -.0638471
   -.0616525
   -.0642090
   -.0653301
   -.0655849
   -.0667908
   -.0679033
   -.0819776
   -.0835620
   -.0830813
   -.0891912
   -.0889384
   -.0916212
   -.0920894
   -.0930884
   -.0963725
   -.0918525
   -.0812750
   -.0779130
   -.0712358
   -.0657024
   -.0584040
   -.0501491
   -.0294497
   -.0255168
   -.0208892
   -.0218238
   -.0201481
   -.0154853
   -.0140024
   -.0114636
   -.0237110
   -.0184456
   -.0127329
   -.0052120
   -.0003237
    .0064905
    .0117078
    .0176273
    .0273256
    .0320699
    .0363282
    .0417712
    .0469376
    .0506695
    .0563477
    .0591736
    .0625518
    .0665475
    .0686361
    .0699656
    .0699919
    .0615244
    .0605331
    .0613513
    .0620271
    .0641210
    .0641006
    .0654816
    .0671952
    .0674755
    .0662264
    .0657176
    .0644667
    .0629959
    .0611662
    .0592886
    .0598142
    .0614049
    .0603809
    .0594532
    .0572707
    .0568788
    .0560805
    .0540198
    .0531849
    .0500207
    .0470627
    .0454888
    .0445656
    .0420389
    .0388088
    .0390748
    .0409379
    .0406480
    .0425623
    .0448644
    .0441959
    .0427849
    .0420888
    .0411392
    .0403854
    .0393256
    .0372632
    .0343206
    .0307561
    .0290051
    .0281821
    .0269723
    .0280166
    .0265215
    .0253515
    .0244031
    .0226245
    .0201239
    .0161418
    .0126111
    .0069984
    .0009958
   -.0045887
   -.0095219
   -.0141339
   -.0132714
   -.0146750
   -.0148137
   -.0137266
   -.0112786
   -.0068287
   -.0016278
    .0039768
    .0114095
    .0292423
    .0379089
    .0501272
    .0506246
    .0590727
    .0587424
    .0453991
    .0436062
    .0392960
    .0342970
    .0263857
    .0218667
    .0132599
    .0049557
   -.0012349
   -.0094077
   -.0167075
   -.0244346
   -.0192400
   -.0082391
   -.0123940
    .0222781
    .0255565
    .0198249
    .0123145
    .0083744
   -.0015162
   -.0074759
   -.0190148
   -.0692937
   -.0787980
   -.0825644
   -.0827173
   -.1166980
   -.1158159
   -.1109568
   -.1061006
   -.1039749
   -.0943212
   -.0293822
   -.0125279
    .0039652
    .0446754
    .0607811
    .0678229
    .0618586
    .0643056
    .0572607
    .0486061
   -.0052328
   -.0156039
   -.0237531
   -.0313561
   -.0353192
   -.0434158
   -.0570801
   -.0532749
   -.0539075
   -.0571545
   -.0590413
   -.0631668
   -.0207737
    .0096382
   -.0109579
   -.0251356
   -.0535099
   -.0736325
   -.0873353
   -.1312483
   -.1483149
   -.1565883
   -.1732630
   -.1777959
   -.1798616
   -.1752386
   -.1729732
   -.1683596
   -.1570596
   -.1485795
   -.1331295
   -.1241324
   -.0880281
   -.0827825
   -.0786835
   -.0705017
   -.0465362
   -.0410564
   -.0382317
   -.0376825
   -.0311340
   -.0303109
   -.0304929
   -.0276088
   -.0364782
   -.0279417
   -.0226860
   -.0212749
   -.0071339
   -.0050935
   -.0045401
    .0011793
   -.0021875
   -.0046221
   -.0078827
   -.0167290
   -.0207211
   -.0276422
   -.0321836
   -.0331698
   -.0391259
   -.0420744
   -.0483929
   -.0501332
   -.0517780
   -.0541773
   -.0526630
   -.0530955
   -.0583251
   -.0611877
   -.0611424
   -.0626799
   -.0661177
   -.0656713
   -.0686507
   -.0713135
   -.0713690
   -.0685237
   -.0679770
   -.0670550
   -.0642748
   -.0626076
   -.0605770
   -.0649169
   -.0633485
   -.0595270
   -.0550562
   -.0500867
   -.0432549
   -.0262667
   -.0151409
    .0000920
    .0151904
    .0308223
    .0525703
    .0653379
    .0751349
    .0823523
    .0899123
    .0938244
    .0974867
    .1053007
    .1077715
    .1111692
    .1144223
    .1143740
    .1138638
    .1124279
    .1088222
    .1057530
    .1031716
    .1001344
    .0978843
    .0963632
    .0935331
    .0891229
    .0857630
    .0771914
    .0720065
    .0666889
    .0619579
    .0600908
    .0588386
    .0568296
    .0518581
    .0513012
    .0440220
    .0393276
    .0335308
    .0305057
    .0258098
    .0212205
    .0171993
    .0174615
    .0200588
    .0198918
    .0218399
    .0262222
    .0290819
    .0302787
    .0336380
    .0336771
    .0338924
    .0402871
    .0413010
    .0463148
    .0489686
    .0485134
    .0491312
    .0608361
    .0619338
    .0633390
    .0618087
    .0612530
    .0592917
    .0580015
    .0565056
    .0528192
    .0446603
    .0393654
    .0335303
    .0308853
    .0266970
    .0249970
    .0211563
    .0189318
    .0171001
    .0125991
    .0106266
    .0094309
    .0102841
    .0067226
    .0068068
    .0007801
   -.0005788
   -.0006872
   -.0045257
   -.0065518
   -.0060589
   -.0047494
   -.0022166
    .0007640
    .0037797
    .0126477
    .0167453
    .0244241
    .0287371
    .0326883
    .0379692
    .0443993
    .0501170
    .0536299
    .0549604
    .0549455
    .0582501
    .0649588
    .0645198
    .0685881
    .0700196
    .0728286
    .0745370
    .0749301
    .0760370
    .0750894
    .0773077
    .0828598
    .0882329
    .0878823
    .0930007
    .0924508
    .0924618
    .0894110
    .0876477
    .0782515
    .0749463
    .0682001
    .0637086
    .0633056
    .0602059
    .0560973
    .0535806
    .0480147
    .0461127
    .0451741
    .0483864
    .0485722
    .0480112
    .0503516
    .0494131
    .0492866
    .0486476
    .0473958
    .0471184
    .0455001
    .0465712
    .0492590
    .0485725
    .0464766
    .0464157
    .0462854
    .0395850
    .0380744
    .0363497
    .0347078
    .0314272
    .0299097
    .0286594
    .0263272
    .0257018
    .0257491
    .0249145
    .0315336
    .0308844
    .0279960
    .0289389
    .0243547
    .0193090
    .0144387
    .0087397
   -.0002524
   -.0065138
   -.0197772
   -.0295608
   -.0380118
   -.0505607
   -.0571185
   -.0609284
   -.0726167
   -.0713120
   -.0753664
   -.0668177
   -.0689999
   -.0738124
   -.0777044
   -.0816157
   -.0849204
   -.0884015
   -.0875642
   -.0870419
   -.0884698
   -.1001561
   -.1001965
   -.0968324
   -.0957287
   -.0940243
   -.0948946
   -.0840012
   -.0806775
   -.0804466
   -.0762951
   -.0765519
   -.0727400
   -.0690759
   -.0588159
   -.0569621
   -.0592839
   -.0584562
   -.0582606
   -.0540792
   -.0559133
   -.0559503
   -.0581200
   -.0611557
   -.0631744
   -.0650728
   -.0685536
   -.0698433
   -.0761348
   -.0763798
   -.0812651
   -.0848056
   -.0864283
   -.0873561
   -.0898514
   -.0950515
   -.0970061
   -.0982711
   -.1006818
   -.1046741
   -.1069884
   -.1084955
   -.1105879
   -.1159867
   -.1200488
   -.1216855
   -.1223871
   -.1215607
   -.1236908
   -.1223229
   -.1197714
   -.1193953
   -.1177903
   -.1166159
   -.1117546
   -.1085311
   -.1016413
   -.1038375
   -.1039833
   -.1027011
   -.0988831
   -.0972481
   -.0960035
   -.0955838
   -.0981201
   -.1029317
   -.1016793
   -.1211721
   -.1227836
   -.1211818
   -.1196587
   -.1190335
   -.1203766
   -.1236693
   -.1214004
   -.1178947
   -.1093417
   -.1042183
   -.1103361
   -.1092813
   -.1095346
   -.1078983
   -.1017910
   -.1031221
   -.1057191
   -.1075342
   -.1122477
   -.1251121
   -.1295564
   -.1338603
   -.1323900
   -.1302875
   -.1280070
   -.1248757
   -.1213120
   -.1146325
   -.1037725
   -.0952458
   -.0905913
   -.0843995
   -.0730392
   -.0672881
   -.0613161
   -.0510348
   -.0436666
   -.0373968
   -.0287487
   -.0221293
   -.0148338
   -.0079748
   -.0020686
    .0032679
    .0107717
    .0137374
    .0182223
    .0225542
    .0280784
    .0363670
    .0406657
    .0483596
    .0543007
    .0597938
    .0645428
    .0685314
    .0741391
    .0767872
    .0796431
    .0846199
    .0869971
    .0920737
    .0935685
    .0963303
    .1001795
    .1023635
    .1022761
    .1018182
    .1052624
    .1075057
    .1092190
    .1116723
    .1139909
    .1162703
    .1194556
    .1219109
    .1245938
    .1265532
    .1284413
    .1297435
    .1306582
    .1312629
    .1317389
    .1308934
    .1297164
    .1282496
    .1274211
    .1245934
    .1231568
    .1225829
    .1221678
    .1227312
    .1214256
    .1218611
    .1210118
    .1215188
    .1186659
    .1181577
    .1167012
    .1123776
    .1107112
    .1088428
    .1051156
    .1006410
    .0973251
    .0922609
    .0891840
    .0832349
    .0774788
    .0736972
    .0689127
    .0642579
    .0597946
    .0533821
    .0500465
    .0448077
    .0406537
    .0371757
    .0333453
    .0277834
    .0222193
    .0159989
    .0089573
    .0022101
   -.0041838
   -.0125692
   -.0206863
   -.0279533
   -.0345969
   -.0392014
   -.0429578
   -.0365396
   -.0378069
   -.0393620
   -.0196565
   -.0151207
   -.0070753
   -.0067043
   -.0314854
   -.0352984
   -.0592762
   -.0595965
   -.0552164
   -.0501921
   -.0437482
   -.0389664
   -.0354166
   -.0048980
    .0073768
    .0400196
    .0450627
    .0535418
    .0575244
    .0646377
    .0699742
    .0698656
    .0667110
    .0719227
    .0740104
    .0703040
    .0730939
    .0633415
    .0356329
    .0224447
    .0173378
   -.0538295
   -.0583570
   -.0598855
   -.0634517
   -.0639667
   -.0290749
   -.0250541
    .0225796
    .0164299
    .0137725
    .0143987
    .0184043
    .0207472
    .0191322
    .0266565
    .0330994
    .0269980
    .0228846
    .0250405
   -.0046018
   -.0014576
    .0011722
   -.0019518
    .0042120
    .0073142
    .0047348
    .0079286
    .0110228
    .0153639
    .0181887
    .0432708
    .0498436
    .0493909
    .0489340
    .0503807
    .0488864
    .0513749
    .0475887
    .0548228
    .0544360
    .0517432
    .0430506
    .0245462
    .0068023
   -.0116718
   -.0230902
   -.0654482
   -.0913044
   -.1299891
   -.1514609
   -.1695012
   -.1782505
   -.1953135
   -.2032046
   -.2087559
   -.2079165
   -.2108572
   -.2144232
   -.2085429
   -.1987820
   -.1925694
   -.1697977
   -.1661632
   -.1563993
   -.1391793
   -.1210450
   -.0938118
   -.0902363
   -.0843223
   -.0797962
   -.0763788
   -.0667183
   -.0628077
   -.0571537
   -.0839426
   -.0824746
   -.0721866
   -.0566576
   -.0607425
   -.0611536
   -.0586595
   -.0604184
   -.0570094
   -.0474407
   -.0582025
   -.0528000
   -.0734678
   -.0772173
   -.0816354
   -.0825262
   -.0906062
   -.1042712
   -.1096743
   -.1024582
   -.1134156
   -.1143952
   -.1078520
   -.0980881
   -.0998315
   -.0983330
   -.0951837
   -.0874490
   -.0769318
   -.0649786
   -.0571076
   -.0450926
   -.0326707
   -.0172395
   -.0045462
    .0204299
    .0330806
    .0377872
    .0526258
    .0658199
    .0760163
    .0870925
    .0971986
    .1114873
    .1126876
    .1323985
    .1464689
    .1486110
    .1463081
    .1410339
    .1232260
    .1076959
    .0905677
    .0657252
    .0464204
    .0367555
    .0203535
    .0061346
    .0050417
   -.0097789
   -.0179226
   -.0173686
   -.0290699
   -.0387537
   -.0235858
   -.0346476
   -.0434283
   -.0752057
   -.1064801
   -.1134754
   -.1259482
   -.1568942
   -.1623971
   -.1641046
   -.1670264
   -.1640408
   -.1643287
   -.1438827
   -.1354035
   -.1196742
   -.0936437
   -.0708855
   -.0584567
   -.0461446
   -.0203433
   -.0133504
   -.0046793
   -.0212994
   -.0303774
   -.0393964
   -.0668605
   -.0623632
   -.0647787
   -.0654651
   -.0693458
   -.0698048
   -.0542606
    .0187277
    .0213850
    .0261784
    .0222379
    .0187686
    .0296491
    .0261683
    .0301078
    .0167995
    .0117729
    .0057178
   -.0013194
   -.0108516
   -.0171258
   -.0151765
   -.0253498
   -.0443033
   -.1145129
   -.1203745
   -.1022919
   -.0965456
   -.0975676
   -.0920986
   -.0586636
   -.0259888
   -.0144616
    .0029093
    .0317594
    .0373649
    .0403025
    .0348399
    .0495780
   -.0206594
   -.0225211
   -.0174044
    .0120296
    .0182943
    .0264046
    .0360901
    .0415817
    .0548527
    .0946231
    .1076673
    .1242580
    .1874151
    .2088189
    .2349953
    .2375793
    .2279087
    .2214101
    .2167227
    .2079881
    .1471902
    .1380628
    .1291737
    .1151014
    .1078766
    .0912517
    .0826400
    .0706732
    .1019139
    .1551103
    .1651314
    .1485994
    .0796792
    .0402607
   -.0028002
   -.0204663
   -.0368844
   -.0454399
   -.0523128
   -.0131038
    .0171282
    .0206517
    .0274904
    .0400138
    .0395519
    .0620570
    .0619983
    .0614704
    .0543333
    .0500371
    .0145136
    .0054376
   -.0066291
   -.0148828
   -.0304250
   -.0442237
   -.0602961
   -.0677372
   -.0765314
   -.0783965
   -.0748594
   -.0806834
   -.0804032
   -.0680522
   -.0561941
   -.0398021
   -.0256619
   -.0099445
    .0054734
    .0191014
    .0533143
    .0578882
    .0675055
    .0651579
    .0648727
    .0567523
   -.0225038
   -.0294795
   -.0403100
   -.0523282
   -.0657182
   -.0667751
   -.0612804
   -.0555343
   -.0547668
    .0076159
    .0224529
    .0412358
    .0617347
    .0671148
    .0682304
    .0624622
    .0587193
    .0588592
    .0567276
    .0564021
    .0389675
    .0390891
    .0016760
    .0057487
    .0098410
    .0120596
    .0298728
    .0411272
    .0507315
    .0764069
    .1078695
    .1200855
    .1318747
    .1475623
    .1583001
    .1713331
    .1869943
    .1949557
    .2003029
    .2004536
    .1998261
    .1987195
    .1949032
    .1856797
    .1849713
    .1750589
    .1725622
    .1671684
    .1661161
    .1645905
    .1627377
    .1641411
    .1597064
    .1551109
    .1450056
    .1382498
    .1291266
    .1243348
    .1150452
    .1080011
    .1028239
    .0978555
    .0915895
    .0876808
    .0838441
    .0745566
    .0711168
    .0627735
    .0552778
    .0511299
    .0492985
    .0447395
    .0418646
    .0390364
    .0351218
    .0310847
    .0296883
    .0252194
    .0241808
    .0193869
    .0161028
    .0142047
    .0079736
    .0040635
    .0015594
   -.0003704
   -.0020359
   -.0112636
   -.0210325
   -.0258131
   -.0292693
   -.0317879
   -.0360570
   -.0387604
   -.0402573
   -.0420889
   -.0431082
   -.0434591
   -.0437718
   -.0423138
   -.0389337
   -.0373713
   -.0375490
   -.0368123
   -.0374396
   -.0360712
   -.0314391
   -.0292275
   -.0300773
   -.0295103
   -.0258219
   -.0236703
   -.0184960
   -.0169347
   -.0110585
   -.0075641
   -.0009560
    .0052833
    .0116849
    .0181715
    .0249677
    .0315245
    .0363260
    .0435925
    .0511685
    .0525263
    .0562529
    .0598461
    .0677673
    .0693731
    .0715299
    .0723230
    .0774563
    .0875659
    .0933637
    .1036804
    .1128488
    .1221954
    .1293906
    .1336265
    .1334646
    .1350012
    .1366660
    .1381163
    .1390529
    .1380446
    .1376782
    .1373912
    .1369918
    .1361486
    .1339267
    .1324828
    .1297309
    .1265330
    .1224746
    .1188789
    .1147155
    .1103572
    .1068828
    .1019059
    .0966584
    .0873966
    .0809570
    .0747477
    .0691160
    .0629133
    .0542755
    .0496043
    .0411738
    .0375806
    .0305506
    .0270736
    .0247392
    .0166162
    .0067430
    .0043739
   -.0056791
   -.0100018
   -.0134597
   -.0198059
   -.0227530
   -.0299681
   -.0353302
   -.0388439
   -.0425565
   -.0466505
   -.0510458
   -.0567844
   -.0601882
   -.0667227
   -.0716091
   -.0780162
   -.0813994
   -.0863266
   -.0901554
   -.0943344
   -.0990753
   -.1047933
   -.1078353
   -.1122432
   -.1162100
   -.1184666
   -.1230800
   -.1248692
   -.1264888
   -.1279344
   -.1287575
   -.1295071
   -.1304575
   -.1309941
   -.1295880
   -.1290368
   -.1270942
   -.1224667
   -.1209768
   -.1156099
   -.1135929
   -.1070151
   -.1033998
   -.0960200
   -.0892776
   -.0801095
   -.0721308
   -.0642581
   -.0533043
   -.0445290
   -.0323214
   -.0258846
   -.0214572
   -.0117963
   -.0170539
   -.0168160
   -.0105488
   -.0123586
   -.0147605
   -.0071225
   -.0043862
   -.0018880
    .0034262
    .0050224
    .0032753
    .0053751
    .0060441
    .0078047
    .0059472
    .0002595
   -.0041951
   -.0311136
   -.0369659
   -.0519718
   -.0579894
   -.0634816
   -.0681500
   -.0725351
   -.0775627
   -.0779963
   -.0789895
   -.0810829
   -.0809084
   -.0780317
   -.0880243
   -.0863744
   -.0830935
   -.0811780
   -.0659585
   -.0411258
   -.0370698
   -.0378092
   -.0357866
   -.0366040
   -.0378858
   -.0543399
   -.0638497
   -.0651364
   -.0770032
   -.0751625
   -.0714664
   -.0679924
   -.0444066
   -.0423880
   -.0341229
   -.0329414
   -.0273165
   -.0287149
   -.0308120
   -.0513029
   -.0537723
   -.0580140
   -.0673978
   -.0648823
   -.0642461
   -.0638731
   -.0724095
   -.0696613
   -.0665425
   -.0578456
   -.0456170
   -.0486743
   -.0511620
   -.0526475
   -.0526389
   -.0544498
   -.0566531
   -.0584552
   -.0607328
   -.0772897
   -.0754724
   -.0817824
   -.0772720
   -.0731844
   -.0679722
   -.0591071
   -.0328925
   -.0254859
   -.0114612
   -.0142320
   -.0063560
    .0013199
    .0037140
    .0051023
    .0096429
    .0112655
    .0080816
    .0106195
    .0145196
    .0179852
    .0201384
    .0224504
    .0421155
    .0515214
    .0553247
    .0572434
    .0563342
    .0602098
    .0544678
    .0496494
    .0417337
    .0333162
    .0206532
    .0107620
    .0028135
   -.0033180
   -.0165472
   -.0211375
   -.0202717
   -.0094605
   -.0086821
   -.0061056
   -.0028296
   -.0002996
    .0139623
    .0233999
    .0256940
    .0258491
    .0244399
    .0232298
    .0273009
    .0264884
    .0267823
    .0284216
    .0264471
    .0232912
   -.0074111
   -.0080835
   -.0085915
   -.0038321
    .0014509
    .0099208
    .0207855
    .0269011
    .0380634
    .0426495
    .0778861
    .0861270
    .0945235
    .1008639
    .1023159
    .1064877
    .1075091
    .0920370
    .0858001
    .0785947
    .0660794
    .0576422
    .0511673
    .0452272
    .0245978
    .0144759
    .0085310
    .0142619
    .0613888
    .0647168
    .0648344
    .0673105
    .0706787
    .0708904
    .0518847
    .0483150
    .0447034
    .0399236
    .0359032
    .0294430
    .0264917
    .0235653
    .0162427
    .0149639
    .0145305
    .0099685
   -.0079966
   -.0067220
   -.0042873
    .0114866
    .0185039
    .0478020
    .0624539
    .0716362
    .0748955
    .0800757
    .0626435
    .0603502
    .0482307
    .0373986
    .0347390
    .0364896
    .0311521
    .0336310
    .0479569
    .0551483
    .0567746
    .0623486
    .0602605
    .0581743
    .0500790
    .0454911
    .0385783
    .0370601
    .0297842
    .0269648
    .0257616
    .0243768
    .0241464
    .0204018
    .0205882
    .0202208
    .0217372
    .0234487
    .0235840
    .0241406
    .0248953
    .0249293
    .0259301
    .0281919
    .0297353
    .0321104
    .0342121
    .0347795
    .0370322
    .0385157
    .0398257
    .0404353
    .0428593
    .0437701
    .0478702
    .0487096
    .0494776
    .0500968
    .0507881
    .0503202
    .0495708
    .0488686
    .0473376
    .0473495
    .0470651
    .0454116
    .0429170
    .0421307
    .0411113
    .0401917
    .0380386
    .0351614
    .0306742
    .0281702
    .0253264
    .0228979
    .0188017
    .0168113
    .0135862
    .0101793
    .0091520
    .0083379
    .0055706
    .0052253
    .0049972
    .0057021
    .0079340
    .0091331
    .0099535
    .0106077
    .0097413
    .0112495
    .0180686
    .0202140
    .0229289
    .0249489
    .0260789
    .0266352
    .0268655
    .0275472
    .0316723
    .0326704
    .0340439
    .0354438
    .0358839
    .0362507
    .0359388
    .0352739
    .0349906
    .0335824
    .0330218
    .0326582
    .0324215
    .0315632
    .0300688
    .0266547
    .0258965
    .0242866
    .0171684
    .0136979
    .0116625
    .0107635
    .0076495
    .0050500
    .0026947
    .0008016
    .0004821
   -.0009229
   -.0009131
   -.0004263
    .0020301
    .0049081
    .0057429
    .0072358
    .0101867
    .0121657
    .0139183
    .0143793
    .0149817
    .0171864
    .0188364
    .0198971
    .0211088
    .0230031
    .0259340
    .0279385
    .0323424
    .0372751
    .0371896
    .0378978
    .0376405
    .0363900
    .0362256
    .0345434
    .0333570
    .0322649
    .0311743
    .0281545
    .0270660
    .0250520
    .0221276
    .0203283
    .0187391
    .0179633
    .0163370
    .0152633
    .0133134
    .0119287
    .0108234
    .0090483
    .0078909
    .0073380
    .0064835
    .0051480
    .0041399
    .0036345
    .0034500
    .0032751
    .0023701
    .0018760
    .0009133
    .0002136
   -.0016901
   -.0025502
   -.0045279
   -.0065032
   -.0090173
   -.0113972
   -.0138750
   -.0166976
   -.0189169
   -.0214611
   -.0236101
   -.0259985
   -.0286225
   -.0307495
   -.0336176
   -.0361043
   -.0385287
   -.0405818
   -.0433444
   -.0477859
   -.0498620
   -.0521189
   -.0554399
   -.0580397
   -.0604988
   -.0627464
   -.0647513
   -.0674302
   -.0710502
   -.0698922
   -.0720265
   -.0754473
   -.0780998
   -.0808466
   -.0851358
   -.0918767
   -.0991639
   -.1029553
   -.1106252
   -.1145204
   -.1177998
   -.1207745
   -.1233814
   -.1253321
   -.1176002
   -.1180681
   -.1158107
   -.1136996
   -.1128023
   -.1091606
   -.1037419
   -.1045105
   -.0964314
   -.0937926
   -.0935346
   -.0916671
   -.0898989
   -.0862806
   -.0852068
   -.0848040
   -.0840689
   -.0847670
   -.0900600
   -.0881245
   -.0879665
   -.0866757
   -.0853556
   -.0838396
   -.0803737
   -.0792439
   -.0780545
   -.0775244
   -.0787045
   -.0781510
   -.0775855
   -.0762015
   -.0653732
   -.0643062
   -.0634002
   -.0646212
   -.0635592
   -.0648083
   -.0660120
   -.0677722
   -.0691627
   -.0716370
   -.0726894
   -.0771388
   -.0849657
   -.0857865
   -.0856376
   -.0852765
   -.0831187
   -.0808966
   -.0787871
   -.0767245
   -.0699277
   -.0673032
   -.0663168
   -.0658161
   -.0649873
   -.0632867
   -.0557594
   -.0542411
   -.0523628
   -.0517094
   -.0500155
   -.0488446
   -.0477092
   -.0458449
   -.0458018
   -.0455307
   -.0446461
   -.0443204
   -.0431691
   -.0428746
   -.0450041
   -.0461360
   -.0467713
   -.0466147
   -.0472347
   -.0490639
   -.0501602
   -.0525269
   -.0542974
   -.0551839
   -.0567209
   -.0588158
   -.0621631
   -.0634470
   -.0650505
   -.0663847
   -.0679317
   -.0681574
   -.0690319
   -.0689636
   -.0689797
   -.0687878
   -.0686254
   -.0681683
   -.0677084
   -.0675418
   -.0671516
   -.0665137
   -.0656533
   -.0650422
   -.0641413
   -.0633149
   -.0624365
   -.0609071
   -.0585497
   -.0568745
   -.0560027
   -.0525959
   -.0506768
   -.0483349
   -.0451978
   -.0440695
   -.0409230
   -.0391834
   -.0352922
   -.0347255
   -.0324340
   -.0283036
   -.0258451
   -.0223177
   -.0209586
   -.0141290
   -.0127621
   -.0105382
   -.0088446
   -.0065961
   -.0050343
   -.0042646
   -.0027447
   -.0005954
    .0015884
    .0040534
    .0054588
    .0072521
    .0100127
    .0121280
    .0141748
    .0160568
    .0176737
    .0197329
    .0213698
    .0242803
    .0257208
    .0268568
    .0282944
    .0297294
    .0317126
    .0334586
    .0348800
    .0358805
    .0364167
    .0375575
    .0380785
    .0381992
    .0385416
    .0385258
    .0392260
    .0396626
    .0394132
    .0396077
    .0380920
    .0371718
    .0370345
    .0363524
    .0361478
    .0348893
    .0344524
    .0345389
    .0354885
    .0362534
    .0366888
    .0363389
    .0367856
    .0371836
    .0383198
    .0389414
    .0382037
    .0384053
    .0373955
    .0362247
    .0330959
    .0321863
    .0329068
    .0326438
    .0317249
    .0317551
    .0321034
    .0328278
    .0326134
    .0328641
    .0331292
    .0335018
    .0329002
    .0324568
    .0323695
    .0328459
    .0327294
    .0330066
    .0335872
    .0333398
    .0334918
    .0339928
    .0339953
    .0335637
    .0334773
    .0349523
    .0365041
    .0378172
    .0386916
    .0404054
    .0417144
    .0443135
    .0463639
    .0476795
    .0504176
    .0523422
    .0545390
    .0557330
    .0588504
    .0615973
    .0653744
    .0683032
    .0716144
    .0742673
    .0781975
    .0817476
    .0872644
    .0938219
    .0950156
    .0985734
    .1002849
    .1037357
    .1058162
    .1068839
    .1080271
    .1087094
    .1120299
    .1134210
    .1139747
    .1147854
    .1145711
    .1147759
    .1171856
    .1182715
    .1186294
    .1186708
    .1177119
    .1169366
    .1164862
    .1164597
    .1159403
    .1159766
    .1153437
    .1147563
    .1143324
    .1144143
    .1129231
    .1116711
    .1103927
    .1098531
    .1080230
    .1078377
    .1091483
    .1072261
    .1042144
    .1002601
    .0978004
    .0951536
    .0925462
    .0887989
    .0822096
    .0781814
    .0731155
    .0699667
    .0671204
    .0635655
    .0604454
    .0574504
    .0542766
    .0511772
    .0474925
    .0448024
    .0410151
    .0383479
    .0345021
    .0318595
    .0276089
    .0250819
    .0215119
    .0184647
    .0149502
    .0119641
    .0094346
    .0063625
    .0042757
    .0019332
   -.0006339
   -.0022015
   -.0032836
   -.0050493
   -.0061419
   -.0071129
   -.0082459
   -.0095050
   -.0105352
   -.0114736
   -.0122846
   -.0128969
   -.0138870
   -.0145777
   -.0147458
   -.0143623
   -.0137263
   -.0133635
   -.0134931
   -.0141403
   -.0156964
   -.0180324
   -.0202572
   -.0220629
   -.0237832
   -.0253518
   -.0265571
   -.0277299
   -.0292675
   -.0312240
   -.0334987
   -.0359509
   -.0383727
   -.0405611
   -.0425288
   -.0441469
   -.0457771
   -.0480326
   -.0509495
   -.0537890
   -.0563576
   -.0589160
   -.0612051
   -.0636624
   -.0666331
   -.0701368
   -.0737788
   -.0771917
   -.0804475
   -.0834855
   -.0859102
   -.0883968
   -.0917622
   -.0955502
   -.0991753
   -.1026671
   -.1055838
   -.1074405
   -.1083287
   -.1090807
   -.1106448
   -.1126372
   -.1140120
   -.1146651
   -.1145315
   -.1135847
   -.1125874
   -.1123721
   -.1118526
   -.1111601
   -.1096237
   -.1081908
   -.1077194
   -.1069988
   -.1057556
   -.1037515
   -.1016498
   -.1002708
   -.0994439
   -.0983348
   -.0969907
   -.0953384
   -.0934051
   -.0918518
   -.0905922
   -.0894254
   -.0886788
   -.0881461
   -.0872401
   -.0859582
   -.0837611
   -.0816368
   -.0802891
   -.0785450
   -.0765354
   -.0740391
   -.0718191
   -.0710180
   -.0709253
   -.0707855
   -.0706812
   -.0704708
   -.0698564
   -.0696644
   -.0700909
   -.0702782
   -.0700227
   -.0694375
   -.0684422
   -.0672098
   -.0659442
   -.0649938
   -.0646284
   -.0642463
   -.0632906
   -.0618853
   -.0598576
   -.0574970
   -.0551300
   -.0527997
   -.0506581
   -.0485687
   -.0456879
   -.0421265
   -.0376826
   -.0335642
   -.0309159
   -.0273111
   -.0232246
   -.0190870
   -.0161556
   -.0133322
   -.0102706
   -.0073540
   -.0043005
   -.0013749
    .0011567
    .0031468
    .0046618
    .0063539
    .0078655
    .0092593
    .0104991
    .0109775
    .0108526
    .0109777
    .0108186
    .0105053
    .0102566
    .0101684
    .0100959
    .0100016
    .0098910
    .0097452
    .0095556
    .0093531
    .0094224
    .0095488
    .0100462
    .0107750
    .0108889
    .0109547
    .0117890
    .0131836
    .0155957
    .0171943
    .0187494
    .0207779
    .0232966
    .0252953
    .0264534
    .0279831
    .0299784
    .0328412
    .0356683
    .0377604
    .0390901
    .0401538
    .0417139
    .0439825
    .0468399
    .0490403
    .0506460
    .0521032
    .0533068
    .0547346
    .0565564
    .0587052
    .0611014
    .0632381
    .0647384
    .0656198
    .0660581
    .0662471
    .0662813
    .0661733
    .0658263
    .0654093
    .0651761
    .0644236
    .0624899
    .0603854
    .0583510
    .0565069
    .0547801
    .0522244
    .0492142
    .0465547
    .0441349
    .0423718
    .0407108
    .0390579
    .0374628
    .0355912
    .0334981
    .0317565
    .0304587
    .0293174
    .0286678
    .0280771
    .0268290
    .0253134
    .0243210
    .0235488
    .0233507
    .0224018
    .0210158
    .0201736
    .0198701
    .0196637
    .0189087
    .0176559
    .0166593
    .0158025
    .0146121
    .0131211
    .0113309
    .0096488
    .0078662
    .0057647
    .0035127
    .0018133
   -.0002020
   -.0027169
   -.0053631
   -.0082416
   -.0115609
   -.0149420
   -.0179865
   -.0205839
   -.0223852
   -.0241011
   -.0265305
   -.0293853
   -.0312773
   -.0323055
   -.0327527
   -.0328874
   -.0325353
   -.0324581
   -.0330161
   -.0332546
   -.0332140
   -.0331231
   -.0328985
   -.0330485
   -.0340939
   -.0358124
   -.0370100
   -.0378174
   -.0380843
   -.0383475
   -.0393496
   -.0406050
   -.0414663
   -.0427632
   -.0443749
   -.0458190
   -.0469599
   -.0480717
   -.0489011
   -.0495886
   -.0503109
   -.0514414
   -.0532039
   -.0552282
   -.0571059
   -.0587979
   -.0602832
   -.0612367
   -.0617131
   -.0620911
   -.0627584
   -.0631900
   -.0630356
   -.0625717
   -.0615144
   -.0610239
   -.0606021
   -.0597784
   -.0583705
   -.0564292
   -.0546003
   -.0529945
   -.0515766
   -.0502194
   -.0486938
   -.0467207
   -.0442354
   -.0412372
   -.0382784
   -.0360396
   -.0346088
   -.0335777
   -.0322423
   -.0303566
   -.0282676
   -.0260556
   -.0234461
   -.0210410
   -.0196572
   -.0186677
   -.0173765
   -.0163280
   -.0150237
   -.0140849
   -.0133858
   -.0127163
   -.0124615
   -.0124067
   -.0120922
   -.0121829
   -.0120116
   -.0116081
   -.0114882
   -.0119111
   -.0122489
   -.0121553
   -.0117583
   -.0109998
   -.0104661
   -.0103178
   -.0107146
   -.0113569
   -.0117595
   -.0117856
   -.0110285
   -.0101210
   -.0099545
   -.0104552
   -.0104334
   -.0096492
   -.0082861
   -.0063875
   -.0049269
   -.0045726
   -.0051059
   -.0057594
   -.0060715
   -.0061765
   -.0062326
   -.0064372
   -.0065915
   -.0066020
   -.0066536
   -.0068217
   -.0065893
   -.0065890
   -.0072266
   -.0077906
   -.0081271
   -.0079304
   -.0074397
   -.0068942
   -.0063077
   -.0056926
   -.0050075
   -.0040815
   -.0028050
   -.0012611
    .0005621
    .0019854
    .0025193
    .0025603
    .0032065
    .0043660
    .0057414
    .0066620
    .0071953
    .0076809
    .0082810
    .0088832
    .0101635
    .0116607
    .0123871
    .0126059
    .0128900
    .0135305
    .0145737
    .0161270
    .0166720
    .0169257
    .0170494
    .0178868
    .0184656
    .0185553
    .0188328
    .0192673
    .0205911
    .0217040
    .0223736
    .0226078
    .0221014
    .0219272
    .0226803
    .0244603
    .0266317
    .0283971
    .0297489
    .0303196
    .0303567
    .0303170
    .0301253
    .0297403
    .0293108
    .0291053
    .0293537
    .0297715
    .0299274
    .0295987
    .0287826
    .0276002
    .0263017
    .0251222
    .0242036
    .0236481
    .0231692
    .0223645
    .0211495
    .0195598
    .0177102
    .0160538
    .0147669
    .0138374
    .0128396
    .0109006
    .0095670
    .0082595
    .0073913
    .0066996
    .0057761
    .0042786
    .0033341
    .0030585
    .0037557
    .0042345
    .0040313
    .0036787
    .0034785
    .0035155
    .0037107
    .0040852
    .0046793
    .0044763
    .0035859
    .0030033
    .0026366
    .0020966
    .0017255
    .0015525
    .0010217
    .0001528
   -.0006823
   -.0014366
   -.0022618
   -.0030443
   -.0038231
   -.0046767
   -.0053149
   -.0056391
   -.0062746
   -.0075104
   -.0090534
   -.0105966
   -.0120141
   -.0132171
   -.0138706
   -.0134516
   -.0123332
   -.0113070
   -.0117111
   -.0135828
   -.0153991
   -.0163917
   -.0162120
   -.0155206
   -.0155001
   -.0162042
   -.0172440
   -.0182811
   -.0191147
   -.0196784
   -.0197730
   -.0192754
   -.0185498
   -.0180692
   -.0180661
   -.0182775
   -.0182037
   -.0179398
   -.0170522
   -.0164520
   -.0166132
   -.0169356
   -.0170828
   -.0170854
   -.0168672
   -.0162824
   -.0154149
   -.0146976
   -.0145805
   -.0149318
   -.0152447
   -.0152375
   -.0147194
   -.0135313
   -.0125509
   -.0124560
   -.0127312
   -.0131516
   -.0140721
   -.0147771
   -.0146441
   -.0135711
   -.0121906
   -.0117182
   -.0119914
   -.0132397
   -.0146108
   -.0155478
   -.0160674
   -.0161684
   -.0159628
   -.0157305
   -.0156058
   -.0156400
   -.0157921
   -.0157917
   -.0153848
   -.0145730
   -.0134712
   -.0135252
   -.0131789
   -.0130135
   -.0125518
   -.0123876
   -.0125219
   -.0122895
   -.0114741
   -.0109822
   -.0100882
   -.0092725
   -.0077773
   -.0071223
   -.0065925
   -.0058001
   -.0045272
   -.0031120
   -.0029349
   -.0025981
   -.0021464
   -.0012521
   -.0003293
   -.0000784
   -.0005805
   -.0012128
   -.0021065
   -.0024174
   -.0028393
   -.0043054
   -.0060289
   -.0071057
   -.0076034
   -.0076554
   -.0080674
   -.0089099
   -.0106038
   -.0126240
   -.0137378
   -.0141383
   -.0141260
   -.0146858
   -.0148395
   -.0146605
   -.0144881
   -.0143910
   -.0144261
   -.0143985
   -.0142479
   -.0141218
   -.0141082
   -.0138591
   -.0135662
   -.0133936
   -.0134652
   -.0137419
   -.0139883
   -.0140154
   -.0136544
   -.0131429
   -.0121876
   -.0117400
   -.0119279
   -.0116599
   -.0115936
   -.0119952
   -.0124695
   -.0125999
   -.0127355
   -.0123313
   -.0121834
   -.0126481
   -.0133623
   -.0135506
   -.0131897
   -.0122191
   -.0106795
   -.0092935
   -.0083086
   -.0076664
   -.0071240
   -.0065146
   -.0057307
   -.0048050
   -.0037722
   -.0026803
   -.0015300
   -.0003181
    .0009984
    .0024077
    .0036585
    .0043639
    .0044749
    .0042699
    .0042862
    .0045560
    .0050506
    .0057757
    .0065095
    .0070063
    .0071924
    .0071099
    .0068773
    .0065696
    .0062344
    .0057845
    .0054479
    .0055403
    .0054340
    .0051073
    .0046460
    .0043701
    .0043413
    .0038422
    .0028619
    .0024586
    .0021190
    .0024282
    .0028206
    .0030048
    .0029843
    .0028699
    .0032315
    .0040257
    .0048937
    .0060300
    .0066502
    .0068062
    .0068625
    .0078047
    .0098203
    .0112770
    .0124577
    .0141548
    .0147697
    .0145569
    .0144194
    .0150481
    .0158906
    .0164922
    .0178281
    .0184385
    .0175218
    .0161234
    .0148525
    .0133959
    .0117358
    .0099823
    .0081212
    .0062497
    .0046732
    .0036203
    .0030235
    .0022575
    .0010889
   -.0006683
   -.0025319
   -.0046974
   -.0062189
   -.0068688
   -.0067993
   -.0067350
   -.0063732
   -.0067543
   -.0080255
   -.0092012
   -.0101249
   -.0105559
   -.0107842
   -.0119911
   -.0132175
   -.0139862
   -.0143695
   -.0147697
   -.0153711
   -.0165050
   -.0182020
   -.0196589
   -.0212920
   -.0225793
   -.0242628
   -.0262479
   -.0282002
   -.0298166
   -.0311183
   -.0314737
   -.0318126
   -.0329265
   -.0337362
   -.0343028
   -.0344024
   -.0344185
   -.0355720
   -.0359928
   -.0357331
   -.0346600
   -.0340095
   -.0333843
   -.0330271
   -.0328933
   -.0327378
   -.0324257
   -.0321757
   -.0319674
   -.0318711
   -.0316313
   -.0313039
   -.0312191
   -.0311901
   -.0311421
   -.0313089
   -.0311769
   -.0308865
   -.0306564
   -.0306016
   -.0307535
   -.0311729
   -.0317244
   -.0319286
   -.0315682
   -.0304966
   -.0289960
   -.0278070
   -.0272629
   -.0271874
   -.0270643
   -.0263727
   -.0251595
   -.0233624
   -.0212979
   -.0196177
   -.0181490
   -.0163069
   -.0143207
   -.0124339
   -.0102518
   -.0083266
   -.0065098
   -.0046851
   -.0029033
   -.0014014
   -.0001753
    .0013236
    .0027934
    .0045966
    .0060508
    .0067483
    .0069137
    .0074284
    .0078950
    .0087575
    .0094965
    .0098456
    .0099289
    .0097551
    .0096284
    .0091887
    .0081880
    .0074922
    .0078368
    .0084357
    .0102246
    .0105428
    .0103159
    .0101344
    .0108521
    .0116683
    .0125048
    .0134597
    .0141943
    .0147076
    .0147527
    .0142189
    .0131852
    .0118029
    .0103839
    .0089332
    .0075656
    .0063494
    .0045136
    .0017327
   -.0012868
   -.0037253
   -.0056849
   -.0069532
   -.0082579
   -.0101472
   -.0120852
   -.0132959
   -.0143042
   -.0145989
   -.0149115
   -.0153584
   -.0149926
   -.0142966
   -.0137187
   -.0131378
   -.0123356
   -.0109214
   -.0094261
   -.0079731
   -.0064944
   -.0045933
   -.0025873
   -.0006767
    .0011726
    .0026648
    .0035607
    .0039723
    .0039775
    .0044245
    .0048237
    .0050984
    .0053832
    .0058941
    .0060579
    .0059339
    .0058225
    .0059281
    .0060977
    .0061507
    .0059362
    .0057234
    .0056571
    .0054945
    .0052921
    .0047995
    .0035013
    .0020165
    .0012693
    .0009275
    .0010437
    .0014907
    .0011593
    .0002644
   -.0012860
   -.0021154
   -.0023790
   -.0021631
   -.0014829
   -.0012701
   -.0011454
   -.0013587
   -.0011818
   -.0014315
   -.0020459
   -.0021593
   -.0022588
   -.0029527
   -.0040180
   -.0047442
   -.0053657
   -.0054767
   -.0066259
   -.0082390
   -.0092134
   -.0099820
   -.0101875
   -.0110276
   -.0124776
   -.0134232
   -.0140307
   -.0141897
   -.0150896
   -.0169525
   -.0184905
   -.0199593
   -.0208197
   -.0216344
   -.0228498
   -.0240847
   -.0249581
   -.0255723
   -.0260951
   -.0264321
   -.0272710
   -.0281737
   -.0286101
   -.0289869
   -.0293794
   -.0292093
   -.0288036
   -.0285563
   -.0284474
   -.0284039
   -.0285092
   -.0287341
   -.0290595
   -.0294590
   -.0298585
   -.0300239
   -.0297984
   -.0290915
   -.0282324
   -.0278650
   -.0282963
   -.0291015
   -.0294509
   -.0294130
   -.0289620
   -.0283869
   -.0280601
   -.0281043
   -.0283255
   -.0288141
   -.0292843
   -.0293112
   -.0287095
   -.0273970
   -.0263080
   -.0256146
   -.0255491
   -.0261500
   -.0271509
   -.0277085
   -.0277693
   -.0276379
   -.0271992
   -.0264401
   -.0261191
   -.0265230
   -.0268431
   -.0266640
   -.0263178
   -.0253876
   -.0238108
   -.0223909
   -.0219411
   -.0224282
   -.0227428
   -.0222287
   -.0214052
   -.0204557
   -.0190613
   -.0178513
   -.0179576
   -.0183437
   -.0178953
   -.0170865
   -.0160258
   -.0149281
   -.0141920
   -.0138168
   -.0136934
   -.0137077
   -.0133584
   -.0126684
   -.0121786
   -.0116829
   -.0108543
   -.0100414
   -.0094062
   -.0081417
   -.0068228
   -.0057128
   -.0048855
   -.0043950
   -.0041491
   -.0036260
   -.0023657
   -.0008025
    .0011584
    .0037442
    .0053850
    .0050771
    .0041410
    .0038936
    .0040994
    .0044461
    .0049502
    .0055332
    .0062649
    .0074287
    .0089446
    .0100081
    .0101432
    .0099745
    .0106068
    .0118743
    .0135810
    .0151157
    .0160930
    .0164657
    .0168304
    .0177497
    .0189580
    .0210193
    .0228981
    .0239560
    .0254937
    .0272906
    .0293093
    .0305402
    .0309174
    .0308970
    .0309291
    .0310529
    .0313281
    .0318692
    .0327372
    .0337552
    .0340173
    .0331771
    .0319193
    .0309562
    .0305201
    .0305311
    .0307261
    .0309605
    .0308378
    .0305292
    .0302912
    .0304018
    .0305568
    .0310657
    .0310514
    .0302095
    .0294290
    .0289131
    .0284627
    .0284767
    .0285313
    .0278753
    .0265526
    .0252936
    .0243575
    .0236738
    .0232706
    .0222676
    .0202952
    .0179034
    .0156563
    .0137666
    .0122913
    .0113976
    .0098418
    .0071163
    .0044328
    .0021925
    .0001603
   -.0013629
   -.0027473
   -.0052960
   -.0077805
   -.0098033
   -.0110456
   -.0123233
   -.0137835
   -.0151028
   -.0163553
   -.0170336
   -.0172265
   -.0172357
   -.0171860
   -.0166291
   -.0158536
   -.0145761
   -.0130392
   -.0120488
   -.0115186
   -.0106203
   -.0095618
   -.0078694
   -.0062385
   -.0055543
   -.0052304
   -.0048190
   -.0046027
   -.0043746
   -.0043246
   -.0048219
   -.0062008
   -.0081074
   -.0097010
   -.0109139
   -.0115058
   -.0121620
   -.0139593
   -.0168731
   -.0195164
   -.0215840
   -.0228599
   -.0236332
   -.0252259
   -.0266043
   -.0275916
   -.0282620
   -.0286955
   -.0293899
   -.0301746
   -.0307507
   -.0314710
   -.0318560
   -.0311305
   -.0296816
   -.0276475
   -.0254266
   -.0231995
   -.0214499
   -.0202758
   -.0192665
   -.0182941
   -.0174825
   -.0167842
   -.0160283
   -.0148041
   -.0135734
   -.0141284
   -.0141562
   -.0134035
   -.0120626
   -.0112293
   -.0115425
   -.0120628
   -.0120177
   -.0119860
   -.0112932
   -.0111220
   -.0114006
   -.0110429
   -.0105917
   -.0097994
   -.0094840
   -.0102308
   -.0113868
   -.0125245
   -.0134972
   -.0143233
   -.0151060
   -.0159326
   -.0166131
   -.0168887
   -.0170241
   -.0173712
   -.0181374
   -.0193026
   -.0206682
   -.0216651
   -.0220103
   -.0216797
   -.0207773
   -.0203275
   -.0206156
   -.0211982
   -.0217541
   -.0221566
   -.0224211
   -.0226316
   -.0228034
   -.0227068
   -.0222375
   -.0217083
   -.0214129
   -.0215611
   -.0219330
   -.0220286
   -.0218673
   -.0211753
   -.0216270
   -.0219051
   -.0215759
   -.0203720
   -.0191687
   -.0185003
   -.0183236
   -.0184486
   -.0184416
   -.0180866
   -.0172673
   -.0158774
   -.0149229
   -.0146601
   -.0144634
   -.0140333
   -.0134863
   -.0128043
   -.0119465
   -.0110991
   -.0104271
   -.0100436
   -.0098627
   -.0092225
   -.0085128
   -.0073088
   -.0064122
   -.0062795
   -.0063925
   -.0059614
   -.0054970
   -.0043164
   -.0035847
   -.0028981
   -.0022736
   -.0004078
   -.0002263
   -.0009065
   -.0005107
    .0004168
    .0018517
    .0035136
    .0048027
    .0055194
    .0060335
    .0071465
    .0085014
    .0103211
    .0116358
    .0124966
    .0135265
    .0148803
    .0160726
    .0174663
    .0185487
    .0192725
    .0197133
    .0205007
    .0211211
    .0214070
    .0221878
    .0225195
    .0224225
    .0223342
    .0221594
    .0213995
    .0203966
    .0200028
    .0199801
    .0199837
    .0196510
    .0194355
    .0192029
    .0195551
    .0192303
    .0186217
    .0179541
    .0172171
    .0169766
    .0173205
    .0182870
    .0187622
    .0182236
    .0175768
    .0163998
    .0151875
    .0142563
    .0136600
    .0135942
    .0133139
    .0123631
    .0109744
    .0099351
    .0090959
    .0086551
    .0080695
    .0070389
    .0056264
    .0038011
    .0013515
   -.0008612
   -.0022291
   -.0029613
   -.0029864
   -.0035409
   -.0053082
   -.0073198
   -.0093175
   -.0112568
   -.0129781
   -.0144141
   -.0152263
   -.0160311
   -.0177064
   -.0190938
   -.0198334
   -.0203295
   -.0204386
   -.0209542
   -.0221971
   -.0229791
   -.0233709
   -.0231099
   -.0231171
   -.0237472
   -.0242724
   -.0244502
   -.0244408
   -.0243434
   -.0239934
   -.0237644
   -.0239955
   -.0247720
   -.0250752
   -.0252580
   -.0256838
   -.0262586
   -.0261164
   -.0260399
   -.0260491
   -.0262505
   -.0264651
   -.0267094
   -.0271095
   -.0278718
   -.0288624
   -.0299182
   -.0306841
   -.0313334
   -.0315127
   -.0315366
   -.0319398
   -.0329415
   -.0342707
   -.0352820
   -.0359701
   -.0361849
   -.0360606
   -.0361557
   -.0365257
   -.0370131
   -.0374211
   -.0374899
   -.0372088
   -.0367873
   -.0360957
   -.0352977
   -.0349196
   -.0348916
   -.0348100
   -.0346980
   -.0343705
   -.0335441
   -.0319236
   -.0305264
   -.0303804
   -.0306252
   -.0306845
   -.0304934
   -.0298805
   -.0287417
   -.0277591
   -.0273614
   -.0274324
   -.0276214
   -.0278146
   -.0281767
   -.0285987
   -.0289968
   -.0294101
   -.0297660
   -.0301042
   -.0304029
   -.0307587
   -.0310900
   -.0314438
   -.0317583
   -.0320996
   -.0324295
   -.0327420
   -.0327800
   -.0325898
   -.0318946
   -.0309822
   -.0302558
   -.0298877
   -.0297714
   -.0297944
   -.0297597
   -.0293355
   -.0283602
   -.0268312
   -.0247919
   -.0227907
   -.0212463
   -.0201615
   -.0193774
   -.0186218
   -.0177172
   -.0164761
   -.0147855
   -.0126715
   -.0105347
   -.0086260
   -.0072114
   -.0064847
   -.0062620
   -.0058183
   -.0049749
   -.0040113
   -.0028907
   -.0017592
   -.0014428
   -.0017656
   -.0018376
   -.0016218
   -.0014852
   -.0010843
   -.0008588
   -.0007887
   -.0007534
   -.0002019
    .0001141
    .0002731
    .0003604
    .0006224
    .0010537
    .0015561
    .0020316
    .0025129
    .0029116
    .0033242
    .0036947
    .0041178
    .0044935
    .0050686
    .0056871
    .0061244
    .0061203
    .0060791
    .0064942
    .0069557
    .0073547
    .0078447
    .0082840
    .0088003
    .0096613
    .0103980
    .0107629
    .0109736
    .0111997
    .0120090
    .0126854
    .0128167
    .0135257
    .0143323
    .0154428
    .0151245
    .0149624
    .0149197
    .0151873
    .0156039
    .0155874
    .0151688
    .0148902
    .0148641
    .0148559
    .0152372
    .0152454
    .0147145
    .0136703
    .0123808
    .0108862
    .0097094
    .0089687
    .0085300
    .0085615
    .0088765
    .0089543
    .0084141
    .0076858
    .0075065
    .0075612
    .0080750
    .0087516
    .0090528
    .0087804
    .0082046
    .0078015
    .0078000
    .0079939
    .0085895
    .0089868
    .0090394
    .0087471
    .0084537
    .0079582
    .0075404
    .0071584
    .0068079
    .0063192
    .0058828
    .0052610
    .0047897
    .0040886
    .0035612
    .0026849
    .0017926
    .0012082
    .0005020
    .0006253
   -.0001411
   -.0012168
    .0005709
    .0040982
    .0052308
    .0061412
    .0060842
    .0060587
    .0063292
    .0070252
    .0077970
    .0090131
    .0102316
    .0110553
    .0112450
    .0110875
    .0104525
    .0097242
    .0090665
    .0087285
    .0083527
    .0082595
    .0072577
    .0057697
    .0044657
    .0030267
    .0011588
   -.0010963
   -.0027320
   -.0040083
   -.0046264
   -.0049245
   -.0050330
   -.0051428
   -.0056378
   -.0061949
   -.0064837
   -.0063080
   -.0059303
   -.0054520
   -.0048148
   -.0041542
   -.0034977
   -.0028205
   -.0020684
   -.0014339
   -.0012279
   -.0014538
   -.0017650
   -.0014147
   -.0011531
   -.0004026
    .0003066
    .0007257
    .0009176
    .0010862
    .0011759
    .0012652
    .0013259
    .0014792
    .0015380
    .0015484
    .0014281
    .0012655
    .0009533
    .0005501
    .0000349
   -.0000585
   -.0001744
   -.0003370
   -.0003992
   -.0000749
   -.0002260
   -.0008121
   -.0018407
   -.0028058
   -.0032150
   -.0039209
   -.0050611
   -.0061642
   -.0070727
   -.0077384
   -.0082597
   -.0086995
   -.0090304
   -.0091991
   -.0093041
   -.0093297
   -.0092531
   -.0092485
   -.0096089
   -.0102141
   -.0109549
   -.0115690
   -.0117830
   -.0121444
   -.0121076
   -.0123524
   -.0128791
   -.0135281
   -.0140411
   -.0142810
   -.0143062
   -.0144650
   -.0148529
   -.0153034
   -.0155556
   -.0159193
   -.0162826
   -.0166695
   -.0168935
   -.0170002
   -.0170373
   -.0172636
   -.0176203
   -.0180904
   -.0184999
   -.0188942
   -.0190031
   -.0191491
   -.0192506
   -.0194357
   -.0195952
   -.0198356
   -.0200351
   -.0202885
   -.0204844
   -.0207260
   -.0208966
   -.0211289
   -.0213579
   -.0214076
   -.0212629
   -.0212493
   -.0212172
   -.0212954
   -.0213290
   -.0213903
   -.0213731
   -.0214308
   -.0211166
   -.0208249
   -.0205222
   -.0203474
   -.0201647
   -.0200737
   -.0199511
   -.0199565
   -.0199498
   -.0199024
   -.0195010
   -.0191306
   -.0187711
   -.0185538
   -.0183670
   -.0182840
   -.0181933
   -.0180557
   -.0177368
   -.0174820
   -.0172361
   -.0170888
   -.0169127
   -.0167342
   -.0164590
   -.0161605
   -.0158030
   -.0155100
   -.0152492
   -.0150603
   -.0148647
   -.0146543
   -.0143379
   -.0139506
   -.0135371
   -.0131801
   -.0128577
   -.0125704
   -.0122870
   -.0119988
   -.0116976
   -.0113787
   -.0110569
   -.0107224
   -.0104008
   -.0100645
   -.0097478
   -.0094079
   -.0090931
   -.0087487
   -.0084378
   -.0080924
   -.0077886
   -.0074430
   -.0071461
   -.0067993
   -.0065068
   -.0061530
   -.0058635
   -.0055282
   -.0052725
   -.0049366
   -.0046759
   -.0043398
   -.0040808
   -.0037273
   -.0034721
   -.0031295
   -.0028938
   -.0025669
   -.0023590
   -.0020280
   -.0017979
   -.0014411
   -.0012114
   -.0008559
   -.0006401
   -.0002874
   -.0000805
    .0002764
    .0004870
    .0008612
    .0010758
    .0014514
    .0016492
    .0020175
    .0022071
    .0025834
    .0027739
    .0031516
    .0033288
    .0036989
    .0038643
    .0042324
    .0043877
    .0047512
    .0048963
    .0052545
    .0053861
    .0057355
    .0058533
    .0061969
    .0063051
    .0066432
    .0067392
    .0070716
    .0071570
    .0074837
    .0075584
    .0078799
    .0079452
    .0082614
    .0083172
    .0086263
    .0086711
    .0089711
    .0090058
    .0092959
    .0093210
    .0095994
    .0096155
    .0098792
    .0098867
    .0101323
    .0101323
    .0103551
    .0103495
    .0105418
    .0105316
    .0106805
    .0106685
    .0107554
    .0107467
    .0107389
    .0107404
    .0105700
    .0105810
    .0100084
    .0097964
    .0078607
    .0077060