    .402674E-02
    .544541E-02
    .723730E-02
    .855151E-02
    .876402E-02
    .886494E-02
    .896241E-02
    .905112E-02
    .913137E-02
    .922356E-02
    .933280E-02
    .944632E-02
    .955413E-02
    .963429E-02
    .962915E-02
    .954648E-02
    .942152E-02
    .933175E-02
    .944769E-02
    .966209E-02
    .986846E-02
    .992664E-02
    .954337E-02
    .908650E-02
    .874382E-02
    .867976E-02
    .874749E-02
    .866520E-02
    .860338E-02
    .869356E-02
    .914596E-02
    .944473E-02
    .932933E-02
    .871577E-02
    .770352E-02
    .703383E-02
    .679870E-02
    .697496E-02
    .743683E-02
    .773677E-02
    .761807E-02
    .704043E-02
    .599455E-02
    .521822E-02
    .526045E-02
    .602648E-02
    .734228E-02
    .791929E-02
    .756697E-02
    .665123E-02
    .551357E-02
    .482640E-02
    .459055E-02
    .450258E-02
    .430819E-02
    .337011E-02
    .188509E-02
    .292942E-03
   -.116370E-02
   -.210664E-02
   -.158098E-02
   -.190464E-04
    .211415E-02
    .399367E-02
    .478451E-02
    .496625E-02
    .460972E-02
    .376677E-02
    .278840E-02
    .224832E-02
    .169465E-02
    .655041E-03
   -.204141E-02
   -.424587E-02
   -.535784E-02
   -.518304E-02
   -.493293E-02
   -.558818E-02
   -.646068E-02
   -.712211E-02
   -.682887E-02
   -.530940E-02
   -.297414E-02
   -.182440E-03
    .237664E-02
    .269810E-02
    .512927E-03
   -.386300E-02
   -.984961E-02
   -.147064E-01
   -.164561E-01
   -.141002E-01
   -.684267E-02
    .198614E-02
    .347861E-02
   -.240937E-02
   -.146487E-01
   -.226615E-01
   -.183966E-01
   -.777700E-02
    .437012E-02
    .632733E-02
   -.338129E-03
   -.709612E-02
   -.113561E-01
   -.123791E-01
   -.169795E-01
   -.214502E-01
   -.231564E-01
   -.180628E-01
   -.981330E-02
   -.478347E-02
   -.337481E-02
   -.542810E-02
   -.727619E-02
   -.795293E-02
   -.761938E-02
   -.637200E-02
   -.309081E-02
    .612576E-03
    .289788E-02
    .252224E-02
   -.221740E-02
   -.855043E-02
   -.153713E-01
   -.219607E-01
   -.269803E-01
   -.261958E-01
   -.206909E-01
   -.120683E-01
   -.360115E-02
   -.132565E-02
   -.437390E-02
   -.118740E-01
   -.225973E-01
   -.301486E-01
   -.304904E-01
   -.238155E-01
   -.108202E-01
    .200239E-02
    .793205E-02
    .733688E-02
    .949316E-03
   -.702881E-02
   -.139503E-01
   -.194687E-01
   -.220829E-01
   -.152245E-01
   -.130136E-02
    .707651E-02
    .525598E-02
   -.110448E-01
   -.250927E-01
   -.315352E-01
   -.307903E-01
   -.249919E-01
   -.156866E-01
   -.629971E-02
    .129230E-02
    .518426E-02
    .540483E-02
    .430841E-02
    .152734E-02
   -.304253E-02
   -.733918E-02
   -.723220E-02
   -.343051E-02
    .287039E-02
    .642680E-02
    .382207E-02
   -.130226E-02
   -.717547E-02
   -.115351E-01
   -.173235E-01
   -.232130E-01
   -.268336E-01
   -.235018E-01
   -.108783E-01
    .127121E-02
    .906424E-02
    .837835E-02
    .418963E-03
   -.642331E-02
   -.108425E-01
   -.117271E-01
   -.667676E-02
    .231807E-02
    .114193E-01
    .171653E-01
    .101893E-01
   -.618314E-02
   -.224515E-01
   -.324739E-01
   -.251336E-01
   -.805265E-02
    .472977E-02
    .866408E-02
    .214816E-03
   -.627911E-02
   -.648741E-02
   -.225240E-02
    .240030E-02
    .167766E-02
    .390003E-03
    .105541E-03
    .221018E-02
    .324991E-02
    .288175E-03
   -.542608E-02
   -.127305E-01
   -.191320E-01
   -.219781E-01
   -.193697E-01
   -.107751E-01
    .179861E-02
    .866628E-02
    .106984E-01
    .945622E-02
    .921550E-02
    .110375E-01
    .111464E-01
    .891189E-02
    .431048E-02
    .362116E-02
    .517212E-02
    .642424E-02
    .426903E-02
   -.263799E-02
   -.950060E-02
   -.155695E-01
   -.201758E-01
   -.220371E-01
   -.214258E-01
   -.183152E-01
   -.129032E-01
   -.672580E-02
   -.408165E-02
   -.323494E-02
   -.227682E-02
    .403412E-02
    .144999E-01
    .210338E-01
    .207173E-01
    .105132E-01
    .140413E-02
   -.194800E-02
   -.865727E-03
    .175804E-02
    .147516E-02
    .126063E-02
    .135088E-02
    .176836E-02
   -.139439E-02
   -.877344E-02
   -.182643E-01
   -.273883E-01
   -.258079E-01
   -.121680E-01
    .290853E-02
    .124050E-01
    .379172E-02
   -.643043E-02
   -.736840E-02
    .192629E-02
    .157700E-01
    .191939E-01
    .181085E-01
    .154970E-01
    .153147E-01
    .144023E-01
    .116749E-01
    .757064E-02
    .273177E-02
   -.535828E-02
   -.153410E-01
   -.245391E-01
   -.302735E-01
   -.248191E-01
   -.111400E-01
    .424323E-02
    .165727E-01
    .168520E-01
    .114760E-01
    .631343E-02
    .334980E-02
    .292229E-02
    .398378E-02
    .680059E-02
    .107353E-01
    .142330E-01
    .133816E-01
    .957162E-02
    .399999E-02
   -.177509E-02
   -.240812E-02
    .352577E-03
    .332022E-02
    .332623E-02
   -.377334E-02
   -.909599E-02
   -.925141E-02
   -.247209E-02
    .845214E-02
    .121545E-01
    .921339E-02
    .157236E-02
   -.283812E-02
    .114929E-02
    .707627E-02
    .116555E-01
    .100848E-01
    .490497E-02
    .119150E-02
    .532405E-04
    .224998E-02
    .603537E-02
    .956870E-02
    .124833E-01
    .144855E-01
    .152280E-01
    .144798E-01
    .111909E-01
    .456547E-02
   -.598884E-02
   -.140255E-01
   -.175278E-01
   -.156593E-01
   -.921148E-02
   -.234681E-02
    .297151E-02
    .612427E-02
    .698411E-02
    .875664E-02
    .956347E-02
    .831776E-02
    .341142E-02
    .137027E-03
    .762244E-03
    .456626E-02
    .102750E-01
    .144191E-01
    .153100E-01
    .121509E-01
    .428620E-02
   -.951600E-02
   -.221232E-01
   -.284692E-01
   -.250856E-01
   -.773568E-02
    .108857E-01
    .221799E-01
    .222496E-01
    .790540E-02
   -.426954E-02
   -.764427E-02
   -.221339E-02
    .841167E-02
    .119920E-01
    .924906E-02
    .248810E-02
   -.469823E-02
   -.531030E-02
   -.796100E-03
    .673703E-02
    .148933E-01
    .164651E-01
    .132309E-01
    .721895E-02
   -.126329E-03
   -.873084E-02
   -.156223E-01
   -.163351E-01
   -.873765E-02
    .793944E-02
    .181310E-01
    .183792E-01
    .895114E-02
   -.644043E-02
   -.177139E-01
   -.202898E-01
   -.126335E-01
    .687617E-02
    .281566E-01
    .395476E-01
    .379409E-01
    .208499E-01
   -.772267E-02
   -.280987E-01
   -.349916E-01
   -.244946E-01
    .113461E-02
    .245931E-01
    .394272E-01
    .409810E-01
    .210597E-01
   -.377959E-02
   -.214045E-01
   -.267320E-01
   -.158504E-01
    .814983E-04
    .126774E-01
    .189193E-01
    .155969E-01
    .319139E-02
   -.108384E-01
   -.223631E-01
   -.263989E-01
   -.140571E-01
    .541731E-02
    .254997E-01
    .395278E-01
    .329761E-01
    .171020E-01
   -.389439E-04
   -.126505E-01
   -.152057E-01
   -.155409E-01
   -.146569E-01
   -.120143E-01
   -.312167E-02
    .827324E-02
    .134652E-01
    .933325E-02
   -.689245E-02
   -.203260E-01
   -.229100E-01
   -.140131E-01
    .548943E-02
    .217443E-01
    .255356E-01
    .182589E-01
    .257620E-02
   -.245313E-02
    .622657E-02
    .221422E-01
    .385168E-01
    .338999E-01
    .131776E-01
   -.101915E-01
   -.284987E-01
   -.352167E-01
   -.369353E-01
   -.293530E-01
   -.116990E-01
    .141051E-01
    .203355E-01
    .108068E-01
   -.732113E-02
   -.200922E-01
   -.187433E-01
   -.107609E-01
    .410821E-02
    .269772E-01
    .487237E-01
    .527288E-01
    .403942E-01
    .147268E-01
   -.101533E-02
   -.201447E-02
    .209353E-02
    .413944E-02
   -.726380E-02
   -.204415E-01
   -.272641E-01
   -.246272E-01
   -.123457E-01
   -.200962E-02
    .422521E-02
    .675841E-02
    .790229E-02
    .131364E-01
    .205605E-01
    .272274E-01
    .286487E-01
    .190407E-01
    .836539E-02
   -.679506E-04
   -.329968E-02
   -.536220E-02
   -.770879E-02
   -.669420E-02
   -.119059E-03
    .787270E-02
    .438580E-02
   -.658433E-02
   -.205670E-01
   -.229879E-01
   -.114473E-01
    .110379E-02
    .860089E-02
    .327229E-02
   -.337745E-02
   -.304371E-02
    .492798E-02
    .191934E-01
    .315142E-01
    .394487E-01
    .424531E-01
    .401900E-01
    .307696E-01
    .185147E-01
    .563559E-02
   -.578368E-02
   -.123554E-01
   -.138891E-01
   -.100987E-01
   -.123191E-02
    .984586E-02
    .161119E-01
    .166456E-01
    .111124E-01
   -.522830E-03
   -.130393E-01
   -.215148E-01
   -.222809E-01
   -.887319E-02
    .233561E-01
    .556565E-01
    .768979E-01
    .732162E-01
    .424891E-01
    .161989E-01
    .158822E-04
   -.173249E-02
    .739115E-02
    .187008E-01
    .296000E-01
    .375153E-01
    .342206E-01
    .253169E-01
    .209091E-01
    .258495E-01
    .430752E-01
    .490186E-01
    .388485E-01
    .156748E-01
   -.773194E-02
   -.538894E-02
    .139394E-01
    .434716E-01
    .730349E-01
    .873455E-01
    .898042E-01
    .836076E-01
    .725690E-01
    .630382E-01
    .557541E-01
    .513312E-01
    .503759E-01
    .554019E-01
    .628945E-01
    .694132E-01
    .723435E-01
    .662171E-01
    .529264E-01
    .362647E-01
    .183225E-01
    .231020E-02
   -.590079E-02
   -.444607E-02
    .702713E-02
    .285873E-01
    .469808E-01
    .519573E-01
    .438797E-01
    .248119E-01
    .207522E-01
    .331905E-01
    .496689E-01
    .572452E-01
    .295821E-01
   -.637130E-02
   -.378146E-01
   -.561779E-01
   -.552769E-01
   -.379591E-01
   -.681001E-02
    .342007E-01
    .716089E-01
    .839364E-01
    .781215E-01
    .588028E-01
    .340598E-01
    .105101E-01
   -.119095E-01
   -.312245E-01
   -.440665E-01
   -.364242E-01
   -.184778E-01
   -.763118E-03
    .534065E-02
   -.197227E-01
   -.488995E-01
   -.704650E-01
   -.752083E-01
   -.552752E-01
   -.216643E-01
    .205351E-01
    .654375E-01
    .930192E-01
    .829786E-01
    .549704E-01
    .218542E-01
    .729695E-02
    .918793E-02
    .104173E-01
    .718992E-02
   -.239419E-02
   -.165087E-01
   -.374123E-01
   -.622510E-01
   -.869643E-01
   -.879579E-01
   -.741336E-01
   -.553838E-01
   -.413741E-01
   -.493472E-01
   -.681553E-01
   -.883051E-01
   -.103112E+00
   -.102946E+00
   -.935987E-01
   -.785318E-01
   -.601212E-01
   -.430865E-01
   -.459356E-01
   -.646432E-01
   -.922573E-01
   -.113626E+00
   -.116078E+00
   -.110917E+00
   -.995748E-01
   -.823518E-01
   -.602749E-01
   -.460492E-01
   -.413387E-01
   -.469113E-01
   -.538696E-01
   -.555913E-01
   -.527511E-01
   -.463159E-01
   -.410145E-01
   -.415055E-01
   -.461279E-01
   -.533333E-01
   -.588107E-01
   -.605969E-01
   -.588564E-01
   -.517727E-01
   -.336588E-01
   -.352675E-02
    .234084E-01
    .398617E-01
    .363242E-01
    .152613E-01
   -.237590E-02
   -.114941E-01
   -.783358E-02
    .288304E-02
    .240767E-01
    .630962E-01
    .124035E+00
    .183593E+00
    .202174E+00
    .191072E+00
    .160667E+00
    .140582E+00
    .129963E+00
    .121551E+00
    .115447E+00
    .120955E+00
    .139278E+00
    .154733E+00
    .162076E+00
    .156205E+00
    .145554E+00
    .134383E+00
    .122307E+00
    .108164E+00
    .852721E-01
    .539304E-01
    .185140E-01
   -.162765E-01
   -.400464E-01
   -.552820E-01
   -.617355E-01
   -.597833E-01
   -.537460E-01
   -.574501E-01
   -.694745E-01
   -.867581E-01
   -.975655E-01
   -.894563E-01
   -.703369E-01
   -.460550E-01
   -.275705E-01
   -.172768E-01
   -.619102E-02
    .520061E-02
    .139091E-01
    .479830E-02
   -.131076E-01
   -.341301E-01
   -.522254E-01
   -.619265E-01
   -.662919E-01
   -.637637E-01
   -.529859E-01
   -.303273E-01
   -.116182E-02
    .308828E-01
    .622604E-01
    .823092E-01
    .873014E-01
    .876464E-01
    .887927E-01
    .986809E-01
    .111256E+00
    .118652E+00
    .117652E+00
    .104302E+00
    .731317E-01
    .343592E-01
   -.324630E-02
   -.289957E-01
   -.210501E-01
   -.328891E-02
    .124704E-01
    .157540E-01
    .348594E-02
   -.388937E-02
   -.555604E-02
   -.235302E-02
   -.446414E-02
   -.189051E-01
   -.436497E-01
   -.762814E-01
   -.109601E+00
   -.124917E+00
   -.120234E+00
   -.965964E-01
   -.577347E-01
   -.460377E-01
   -.679710E-01
   -.105350E+00
   -.127199E+00
   -.898817E-01
   -.543972E-01
   -.395404E-01
   -.617221E-01
   -.104234E+00
   -.129377E+00
   -.138236E+00
   -.132320E+00
   -.117638E+00
   -.869738E-01
   -.542976E-01
   -.319832E-01
   -.528174E-01
   -.742315E-01
   -.676982E-01
   -.321233E-01
    .111398E-01
    .109247E-01
   -.122905E-01
   -.435386E-01
   -.597758E-01
   -.472203E-01
   -.247181E-01
    .346802E-02
    .335141E-01
    .521912E-01
    .441409E-01
    .105920E-01
   -.448452E-01
   -.908992E-01
   -.107987E+00
   -.976413E-01
   -.605278E-01
    .448211E-02
    .617856E-01
    .894577E-01
    .797623E-01
    .316895E-01
   -.104863E-01
   -.335077E-01
   -.357118E-01
   -.193930E-01
    .748725E-02
    .384151E-01
    .683315E-01
    .906337E-01
    .840250E-01
    .654837E-01
    .474928E-01
    .424313E-01
    .656971E-01
    .952903E-01
    .123608E+00
    .145666E+00
    .161240E+00
    .173889E+00
    .180716E+00
    .179378E+00
    .164390E+00
    .140942E+00
    .112578E+00
    .779016E-01
    .302307E-01
   -.226730E-01
   -.560785E-01
   -.641048E-01
   -.424144E-01
   -.251177E-01
   -.294626E-01
   -.508935E-01
   -.822266E-01
   -.872868E-01
   -.632363E-01
   -.227074E-01
    .219022E-01
    .413246E-01
    .440542E-01
    .376364E-01
    .255238E-01
    .581285E-02
   -.145770E-01
   -.308982E-01
   -.407674E-01
   -.409868E-01
   -.244421E-01
    .441152E-02
    .403985E-01
    .740005E-01
    .816381E-01
    .723332E-01
    .538038E-01
    .358392E-01
    .225866E-01
    .173277E-01
    .273835E-01
    .586222E-01
    .996207E-01
    .109370E+00
    .869038E-01
    .348814E-01
   -.208868E-01
   -.589879E-01
   -.820389E-01
   -.877128E-01
   -.614513E-01
    .511130E-02
    .770357E-01
    .129949E+00
    .120295E+00
    .456185E-01
   -.372395E-01
   -.110559E+00
   -.156573E+00
   -.151567E+00
   -.117452E+00
   -.731326E-01
   -.389046E-01
   -.457161E-01
   -.621890E-01
   -.779143E-01
   -.851053E-01
   -.811715E-01
   -.690671E-01
   -.489869E-01
   -.228971E-01
   -.139138E-02
    .387833E-02
    .187147E-02
   -.311555E-02
   -.542539E-02
   -.103417E-01
   -.164720E-01
   -.209419E-01
   -.183808E-01
   -.105708E-01
   -.103222E-01
   -.218294E-01
   -.489819E-01
   -.851048E-01
   -.104403E+00
   -.970151E-01
   -.555759E-01
    .131438E-01
    .558076E-01
    .615158E-01
    .269797E-01
   -.276611E-01
   -.603578E-01
   -.745804E-01
   -.740402E-01
   -.688746E-01
   -.586030E-01
   -.404524E-01
   -.178244E-01
   -.495549E-03
   -.140433E-01
   -.429722E-01
   -.765453E-01
   -.100684E+00
   -.110917E+00
   -.121811E+00
   -.130700E+00
   -.133859E+00
   -.111271E+00
   -.752054E-01
   -.387655E-01
   -.128487E-01
   -.180061E-01
   -.356216E-01
   -.493287E-01
   -.507009E-01
   -.325293E-01
   -.618779E-02
    .275692E-01
    .690790E-01
    .119948E+00
    .154355E+00
    .160957E+00
    .142674E+00
    .108102E+00
    .878038E-01
    .752858E-01
    .650194E-01
    .508267E-01
    .457804E-01
    .531529E-01
    .616218E-01
    .603820E-01
    .259061E-01
   -.164223E-01
   -.490246E-01
   -.624766E-01
   -.546070E-01
   -.521768E-01
   -.523439E-01
   -.506701E-01
   -.341777E-01
   -.145479E-01
   -.722426E-02
   -.157944E-01
   -.418237E-01
   -.683816E-01
   -.795000E-01
   -.701782E-01
   -.357039E-01
    .897704E-02
    .379053E-01
    .461970E-01
    .302190E-01
   -.116848E-01
   -.590020E-01
   -.104637E+00
   -.142861E+00
   -.162218E+00
   -.157738E+00
   -.132935E+00
   -.905462E-01
   -.370116E-01
   -.374020E-02
   -.268330E-02
   -.316047E-01
   -.765998E-01
   -.943720E-01
   -.906586E-01
   -.685293E-01
   -.320567E-01
    .111548E-01
    .317482E-01
    .213684E-01
   -.264578E-01
   -.810616E-01
   -.106588E+00
   -.103745E+00
   -.737651E-01
   -.197522E-01
    .410252E-01
    .922644E-01
    .121945E+00
    .105491E+00
    .649380E-01
    .305007E-01
    .158238E-01
    .367955E-01
    .705987E-01
    .930084E-01
    .935899E-01
    .590969E-01
   -.799857E-02
   -.690293E-01
   -.113305E+00
   -.131096E+00
   -.134880E+00
   -.133187E+00
   -.118037E+00
   -.826272E-01
   -.285930E-01
    .571124E-02
    .123415E-01
   -.119218E-01
   -.570687E-01
   -.907333E-01
   -.109028E+00
   -.110221E+00
   -.930674E-01
   -.561463E-01
   -.159441E-01
    .125851E-01
    .516176E-03
   -.612796E-01
   -.127237E+00
   -.179480E+00
   -.197865E+00
   -.157708E+00
   -.912233E-01
   -.193732E-01
    .360054E-01
    .310641E-01
    .860760E-03
   -.309044E-01
   -.460032E-01
   -.262420E-01
   -.329260E-02
    .133047E-01
    .199127E-01
    .195840E-01
    .156792E-01
    .200318E-02
   -.255525E-01
   -.745298E-01
   -.132292E+00
   -.183819E+00
   -.224721E+00
   -.250939E+00
   -.253861E+00
   -.237494E+00
   -.206680E+00
   -.167463E+00
   -.133939E+00
   -.100209E+00
   -.671849E-01
   -.371984E-01
   -.351781E-01
   -.544719E-01
   -.781441E-01
   -.948856E-01
   -.892747E-01
   -.654612E-01
   -.252474E-01
    .267264E-01
    .749466E-01
    .719761E-01
    .288203E-01
   -.441101E-01
   -.127704E+00
   -.196055E+00
   -.233949E+00
   -.236592E+00
   -.199571E+00
   -.141291E+00
   -.752103E-01
   -.769623E-02
    .527867E-01
    .322754E-01
   -.483964E-01
   -.129391E+00
   -.164043E+00
   -.780333E-01
    .320190E-01
    .115877E+00
    .152730E+00
    .141262E+00
    .115657E+00
    .794442E-01
    .373770E-01
    .506292E-03
    .550890E-02
    .345882E-01
    .696232E-01
    .825477E-01
    .385266E-01
   -.203208E-01
   -.705418E-01
   -.877967E-01
   -.403068E-01
    .192415E-01
    .720123E-01
    .102456E+00
    .964226E-01
    .770284E-01
    .584635E-01
    .490710E-01
    .570098E-01
    .645373E-01
    .684559E-01
    .705137E-01
    .802545E-01
    .950319E-01
    .100549E+00
    .936147E-01
    .728029E-01
    .455741E-01
    .160306E-01
   -.864022E-02
   -.191322E-01
    .125054E-01
    .634058E-01
    .122981E+00
    .180619E+00
    .213916E+00
    .208522E+00
    .167281E+00
    .962946E-01
    .301065E-01
    .164838E-01
    .497160E-01
    .120682E+00
    .198704E+00
    .235064E+00
    .233643E+00
    .196642E+00
    .127357E+00
    .436028E-01
   -.259173E-01
   -.705394E-01
   -.785031E-01
   -.664943E-01
   -.713971E-01
   -.982543E-01
   -.149809E+00
   -.206089E+00
   -.242250E+00
   -.256638E+00
   -.248914E+00
   -.225725E+00
   -.202865E+00
   -.182247E+00
   -.164175E+00
   -.145482E+00
   -.119527E+00
   -.889082E-01
   -.570515E-01
   -.325917E-01
   -.123838E-01
    .181695E-01
    .632242E-01
    .126429E+00
    .194368E+00
    .252186E+00
    .296101E+00
    .323024E+00
    .324320E+00
    .306204E+00
    .273986E+00
    .232907E+00
    .189441E+00
    .133848E+00
    .689793E-01
   -.357831E-03
   -.512992E-01
   -.805089E-01
   -.104598E+00
   -.133152E+00
   -.181436E+00
   -.240731E+00
   -.288162E+00
   -.312987E+00
   -.300524E+00
   -.268541E+00
   -.247452E+00
   -.243397E+00
   -.260625E+00
   -.288746E+00
   -.313354E+00
   -.329211E+00
   -.331400E+00
   -.309027E+00
   -.284729E+00
   -.271084E+00
   -.275987E+00
   -.295795E+00
   -.293822E+00
   -.267946E+00
   -.219259E+00
   -.157894E+00
   -.892828E-01
   -.176767E-01
    .475988E-01
    .822920E-01
    .578641E-01
    .945342E-02
   -.463290E-01
   -.881830E-01
   -.109770E+00
   -.119430E+00
   -.116447E+00
   -.997628E-01
   -.740376E-01
   -.460581E-01
   -.130996E-01
    .264664E-01
    .665205E-01
    .908824E-01
    .106204E+00
    .119636E+00
    .155135E+00
    .210680E+00
    .271514E+00
    .329914E+00
    .374888E+00
    .396494E+00
    .408281E+00
    .420328E+00
    .449491E+00
    .496501E+00
    .535045E+00
    .559760E+00
    .566728E+00
    .567868E+00
    .565664E+00
    .548213E+00
    .502409E+00
    .374203E+00
    .223907E+00
    .118827E+00
    .106803E+00
    .243836E+00
    .389335E+00
    .478347E+00
    .483363E+00
    .394633E+00
    .296009E+00
    .224412E+00
    .190751E+00
    .201204E+00
    .211138E+00
    .183508E+00
    .110370E+00
   -.135594E-01
   -.141703E+00
   -.236824E+00
   -.309667E+00
   -.375149E+00
   -.463103E+00
   -.519055E+00
   -.530903E+00
   -.492953E+00
   -.436189E+00
   -.384062E+00
   -.330611E+00
   -.276914E+00
   -.245016E+00
   -.257552E+00
   -.278468E+00
   -.283909E+00
   -.229520E+00
   -.133090E+00
   -.446990E-01
    .198792E-01
    .454632E-01
    .300228E-01
   -.950323E-02
   -.618453E-01
   -.113678E+00
   -.128324E+00
   -.110500E+00
   -.528045E-01
    .498246E-01
    .187710E+00
    .253999E+00
    .223505E+00
    .872410E-01
   -.116182E+00
   -.247977E+00
   -.280717E+00
   -.213821E+00
   -.858806E-01
    .453008E-01
    .201248E+00
    .366350E+00
    .490172E+00
    .418462E+00
    .262700E+00
    .888198E-01
   -.186939E-01
   -.522085E-01
   -.792619E-01
   -.962489E-01
   -.968395E-01
   -.682145E-01
   -.299327E-01
    .151528E-01
    .639271E-01
    .105144E+00
    .133622E+00
    .153976E+00
    .168989E+00
    .182759E+00
    .203918E+00
    .235455E+00
    .277550E+00
    .328361E+00
    .353774E+00
    .335252E+00
    .271811E+00
    .166844E+00
    .492650E-01
   -.687237E-01
   -.176954E+00
   -.264358E+00
   -.279261E+00
   -.268599E+00
   -.251760E+00
   -.243508E+00
   -.223129E+00
   -.176402E+00
   -.118741E+00
   -.596869E-01
   -.887183E-02
    .592816E-01
    .161008E+00
    .289427E+00
    .398666E+00
    .372904E+00
    .288740E+00
    .199717E+00
    .194864E+00
    .264879E+00
    .317714E+00
    .340399E+00
    .327585E+00
    .321641E+00
    .319291E+00
    .302109E+00
    .252072E+00
    .151313E+00
    .665976E-01
    .241399E-01
    .411585E-01
    .125053E+00
    .206610E+00
    .249195E+00
    .237533E+00
    .169267E+00
    .144100E+00
    .179761E+00
    .268210E+00
    .375013E+00
    .450689E+00
    .509243E+00
    .548894E+00
    .563234E+00
    .505398E+00
    .378673E+00
    .184094E+00
   -.742015E-01
   -.270480E+00
   -.301588E+00
   -.218219E+00
   -.738582E-01
   -.318059E-01
   -.575264E-01
   -.877853E-01
   -.879260E-01
   -.343329E-01
    .190965E-01
    .612384E-01
    .894161E-01
    .105954E+00
    .919571E-01
    .546396E-01
    .625627E-02
   -.298765E-01
   -.199492E-01
    .197342E-01
    .817949E-01
    .157657E+00
    .235256E+00
    .309559E+00
    .370911E+00
    .407459E+00
    .346460E+00
    .194549E+00
    .125844E-01
   -.146374E+00
   -.147133E+00
   -.256576E-01
    .113790E+00
    .212356E+00
    .183218E+00
    .851226E-01
    .304498E-02
   -.385438E-01
   -.250745E-01
   -.235375E-01
   -.671719E-01
   -.160410E+00
   -.303750E+00
   -.423601E+00
   -.461742E+00
   -.429343E+00
   -.343998E+00
   -.268731E+00
   -.199194E+00
   -.144537E+00
   -.117079E+00
   -.182168E+00
   -.283756E+00
   -.363536E+00
   -.394180E+00
   -.369506E+00
   -.366402E+00
   -.384031E+00
   -.413960E+00
   -.430360E+00
   -.434760E+00
   -.454605E+00
   -.496117E+00
   -.563044E+00
   -.608261E+00
   -.604347E+00
   -.545763E+00
   -.429473E+00
   -.253422E+00
   -.924048E-01
    .600537E-02
    .883141E-03
   -.148797E+00
   -.283026E+00
   -.344386E+00
   -.302311E+00
   -.160619E+00
   -.307101E-01
    .690648E-01
    .133413E+00
    .166117E+00
    .137606E+00
    .541138E-01
   -.626907E-01
   -.164412E+00
   -.162803E+00
   -.111669E+00
   -.434046E-01
    .137007E-02
    .427831E-02
    .714899E-02
    .122283E-01
    .200170E-01
    .167376E-01
    .228895E-01
    .495179E-01
    .101735E+00
    .161088E+00
    .182404E+00
    .173584E+00
    .141244E+00
    .101958E+00
    .526669E-01
    .596247E-02
   -.248459E-01
   -.103502E-01
    .386811E-01
    .789803E-01
    .100613E+00
    .966353E-01
    .945618E-01
    .109846E+00
    .137492E+00
    .170051E+00
    .171810E+00
    .149409E+00
    .117238E+00
    .888264E-01
    .917010E-01
    .114777E+00
    .145549E+00
    .175392E+00
    .189611E+00
    .184452E+00
    .170323E+00
    .155483E+00
    .157752E+00
    .186746E+00
    .217054E+00
    .233597E+00
    .213416E+00
    .152596E+00
    .897252E-01
    .423861E-01
    .300193E-01
    .699744E-01
    .118357E+00
    .162256E+00
    .190231E+00
    .195012E+00
    .194717E+00
    .195972E+00
    .202423E+00
    .211161E+00
    .210803E+00
    .209254E+00
    .212822E+00
    .236032E+00
    .262737E+00
    .275787E+00
    .270116E+00
    .242660E+00
    .211950E+00
    .188850E+00
    .175582E+00
    .173563E+00
    .191481E+00
    .221125E+00
    .251423E+00
    .270102E+00
    .241075E+00
    .189170E+00
    .136151E+00
    .100465E+00
    .112010E+00
    .148001E+00
    .193947E+00
    .240175E+00
    .270014E+00
    .265609E+00
    .239935E+00
    .204072E+00
    .182027E+00
    .185827E+00
    .197991E+00
    .213125E+00
    .226147E+00
    .245313E+00
    .271367E+00
    .297351E+00
    .314207E+00
    .277805E+00
    .196434E+00
    .891249E-01
   -.236753E-01
   -.822996E-01
   -.939894E-01
   -.787170E-01
   -.490461E-01
   -.149251E-01
    .218959E-01
    .616695E-01
    .106332E+00
    .163288E+00
    .205306E+00
    .200132E+00
    .143928E+00
    .436411E-01
   -.270803E-01
   -.762393E-01
   -.120564E+00
   -.184734E+00
   -.255919E+00
   -.288995E+00
   -.282846E+00
   -.239147E+00
   -.166295E+00
   -.707920E-01
    .195990E-01
    .791962E-01
    .383408E-01
   -.264838E-01
   -.683723E-01
   -.709192E-01
   -.526546E-01
   -.661485E-01
   -.940045E-01
   -.125417E+00
   -.141703E+00
   -.152752E+00
   -.171787E+00
   -.199992E+00
   -.235931E+00
   -.256830E+00
   -.257657E+00
   -.243941E+00
   -.223169E+00
   -.220835E+00
   -.231976E+00
   -.246507E+00
   -.254848E+00
   -.237645E+00
   -.207406E+00
   -.175869E+00
   -.150468E+00
   -.140030E+00
   -.130666E+00
   -.113924E+00
   -.877624E-01
   -.547066E-01
   -.344409E-01
   -.302291E-01
   -.397396E-01
   -.563461E-01
   -.648786E-01
   -.703058E-01
   -.760442E-01
   -.863220E-01
   -.105860E+00
   -.130073E+00
   -.156101E+00
   -.181190E+00
   -.203257E+00
   -.226568E+00
   -.247092E+00
   -.259813E+00
   -.243097E+00
   -.198969E+00
   -.142772E+00
   -.820925E-01
   -.241068E-01
    .256683E-01
    .495285E-01
    .355000E-01
   -.378678E-01
   -.158770E+00
   -.288410E+00
   -.407036E+00
   -.489255E+00
   -.464740E+00
   -.355258E+00
   -.178762E+00
    .434067E-01
    .265917E+00
    .426606E+00
    .497506E+00
    .459958E+00
    .325741E+00
    .189752E+00
    .583060E-01
   -.618666E-01
   -.149522E+00
   -.157045E+00
   -.106699E+00
   -.165309E-01
    .748259E-01
    .136871E+00
    .178910E+00
    .202111E+00
    .205529E+00
    .177174E+00
    .128948E+00
    .701178E-01
    .119524E-01
   -.206233E-01
   -.311075E-01
   -.193236E-01
    .143641E-01
    .694780E-01
    .117646E+00
    .147106E+00
    .151602E+00
    .134891E+00
    .132597E+00
    .124494E+00
    .813536E-01
   -.881652E-01
   -.344967E+00
   -.525792E+00
   -.575947E+00
   -.446362E+00
   -.311211E+00
   -.206909E+00
   -.981774E-01
    .784361E-01
    .307227E+00
    .417523E+00
    .390754E+00
    .221652E+00
    .672707E-01
   -.136302E-02
   -.308908E-01
   -.600742E-01
   -.152287E+00
   -.263856E+00
   -.359632E+00
   -.417378E+00
   -.401994E+00
   -.323561E+00
   -.211692E+00
   -.805143E-01
    .511965E-01
    .160495E+00
    .213705E+00
    .184040E+00
    .295951E-01
   -.213369E+00
   -.415168E+00
   -.543743E+00
   -.572513E+00
   -.515748E+00
   -.450244E+00
   -.372132E+00
   -.276012E+00
   -.124774E+00
    .399827E-01
    .193922E+00
    .319072E+00
    .381976E+00
    .362852E+00
    .289421E+00
    .179752E+00
    .676964E-01
   -.253426E-01
   -.952800E-01
   -.129355E+00
   -.994470E-01
    .460059E-01
    .202769E+00
    .303272E+00
    .263545E+00
    .804845E-01
   -.103058E+00
   -.255886E+00
   -.348379E+00
   -.272930E+00
   -.100771E+00
    .786401E-01
    .195189E+00
    .134895E+00
    .714353E-02
   -.115785E+00
   -.204938E+00
   -.262747E+00
   -.336984E+00
   -.403690E+00
   -.448067E+00
   -.444803E+00
   -.410202E+00
   -.360603E+00
   -.299277E+00
   -.228059E+00
   -.174271E+00
   -.145349E+00
   -.134013E+00
   -.130719E+00
   -.110389E+00
   -.786831E-01
   -.488975E-01
   -.346828E-01
   -.806000E-01
   -.160580E+00
   -.234587E+00
   -.276652E+00
   -.248927E+00
   -.179545E+00
   -.924058E-01
   -.369629E-03
    .772586E-01
    .109960E+00
    .105863E+00
    .714748E-01
    .175495E-01
   -.485602E-01
   -.127950E+00
   -.210118E+00
   -.280455E+00
   -.263699E+00
   -.184435E+00
   -.685167E-01
    .561475E-01
    .109636E+00
    .773151E-01
    .874259E-03
   -.859239E-01
   -.112609E+00
   -.102851E+00
   -.650885E-01
   -.386999E-02
    .745712E-01
    .847280E-01
    .466088E-01
   -.121978E-01
   -.311866E-01
    .647282E-03
    .283267E-01
    .381964E-01
    .188549E-01
   -.152737E-01
   -.298057E-01
   -.635514E-02
    .718256E-01
    .181050E+00
    .222630E+00
    .199775E+00
    .123438E+00
    .811272E-01
    .997251E-01
    .137783E+00
    .167664E+00
    .141231E+00
    .724852E-01
   -.184312E-01
   -.124262E+00
   -.239940E+00
   -.336628E+00
   -.370422E+00
   -.307862E+00
   -.960753E-01
    .142334E+00
    .259221E+00
    .278154E+00
    .245448E+00
    .252675E+00
    .245497E+00
    .232160E+00
    .223278E+00
    .272375E+00
    .328426E+00
    .348869E+00
    .308046E+00
    .190140E+00
    .771479E-01
   -.836053E-02
   -.622166E-01
   -.988730E-01
   -.139431E+00
   -.167077E+00
   -.174931E+00
   -.154627E+00
   -.137507E+00
   -.132971E+00
   -.133386E+00
   -.125467E+00
   -.681550E-01
    .283693E-01
    .129851E+00
    .198440E+00
    .114876E+00
   -.131196E-01
   -.127367E+00
   -.191563E+00
   -.226838E+00
   -.283549E+00
   -.329131E+00
   -.341730E+00
   -.281108E+00
   -.210602E+00
   -.177743E+00
   -.189940E+00
   -.233086E+00
   -.231035E+00
   -.190030E+00
   -.122656E+00
   -.504533E-01
   -.210262E-01
   -.333446E-01
   -.719553E-01
   -.117625E+00
   -.109396E+00
   -.765152E-01
   -.461571E-01
   -.417447E-01
   -.887073E-01
   -.142799E+00
   -.190590E+00
   -.224643E+00
   -.241195E+00
   -.228258E+00
   -.174878E+00
   -.719070E-01
    .101026E+00
    .258868E+00
    .319660E+00
    .283612E+00
    .184904E+00
    .181253E+00
    .212179E+00
    .235027E+00
    .197435E+00
    .120442E+00
    .722662E-01
    .503824E-01
    .496122E-01
    .508145E-01
    .539293E-01
    .542024E-01
    .452929E-01
   -.165044E-02
   -.827008E-01
   -.167201E+00
   -.235916E+00
   -.255729E+00
   -.240556E+00
   -.211617E+00
   -.174802E+00
   -.132499E+00
   -.902863E-01
   -.501769E-01
   -.124851E-01
    .226989E-01
    .312116E-01
    .949190E-02
   -.346371E-01
   -.912018E-01
   -.124197E+00
   -.122570E+00
   -.965856E-01
   -.569451E-01
   -.363986E-01
   -.259099E-01
   -.930049E-02
    .228926E-01
    .811449E-01
    .150111E+00
    .208350E+00
    .241794E+00
    .224479E+00
    .164203E+00
    .973847E-01
    .353625E-01
   -.111230E-01
   -.504699E-01
   -.833764E-01
   -.991406E-01
   -.840383E-01
   -.135314E-01
    .698731E-01
    .153140E+00
    .224117E+00
    .263003E+00
    .270234E+00
    .254011E+00
    .221844E+00
    .194673E+00
    .191148E+00
    .208462E+00
    .244435E+00
    .294042E+00
    .337821E+00
    .367994E+00
    .385771E+00
    .398268E+00
    .430505E+00
    .470046E+00
    .503483E+00
    .511890E+00
    .473180E+00
    .418460E+00
    .353553E+00
    .283131E+00
    .189904E+00
    .754867E-01
   -.578847E-01
   -.206504E+00
   -.349845E+00
   -.413858E+00
   -.374374E+00
   -.229508E+00
   -.248162E-01
    .629023E-01
    .478533E-01
   -.308050E-01
   -.655805E-01
    .139514E-01
    .103813E+00
    .165613E+00
    .156140E+00
    .109700E+00
    .684863E-01
    .302591E-01
   -.111388E-01
   -.329235E-01
    .189308E-01
    .133357E+00
    .289768E+00
    .336876E+00
    .256048E+00
    .132923E+00
    .237747E-01
    .369344E-02
    .101954E-01
    .207091E-01
    .320044E-01
    .597675E-01
    .981411E-01
    .124581E+00
    .130950E+00
    .108494E+00
    .601695E-01
    .498425E-02
   -.469983E-01
   -.838254E-01
   -.846185E-01
   -.689729E-01
   -.475584E-01
   -.313051E-01
   -.461469E-01
   -.913775E-01
   -.156655E+00
   -.231449E+00
   -.281249E+00
   -.292211E+00
   -.275172E+00
   -.232481E+00
   -.155194E+00
   -.620632E-01
    .568698E-02
    .349964E-01
    .172168E-01
   -.212292E-02
   -.145392E-01
   -.236864E-01
   -.380118E-01
   -.628749E-01
   -.873306E-01
   -.107586E+00
   -.120188E+00
   -.132354E+00
   -.161522E+00
   -.196643E+00
   -.224189E+00
   -.180580E+00
   -.100393E+00
   -.367298E-01
   -.192879E-01
   -.711699E-01
   -.125677E+00
   -.170353E+00
   -.202830E+00
   -.227871E+00
   -.224435E+00
   -.193081E+00
   -.142458E+00
   -.906698E-01
   -.702174E-01
   -.735401E-01
   -.953990E-01
   -.129183E+00
   -.156785E+00
   -.171208E+00
   -.170331E+00
   -.152258E+00
   -.107751E+00
   -.582288E-01
   -.207680E-01
   -.760002E-02
   -.363484E-01
   -.807810E-01
   -.124072E+00
   -.156711E+00
   -.164683E+00
   -.142550E+00
   -.107456E+00
   -.721257E-01
   -.595496E-01
   -.801532E-01
   -.101676E+00
   -.115170E+00
   -.112359E+00
   -.129802E+00
   -.195595E+00
   -.298078E+00
   -.420689E+00
   -.468736E+00
   -.462671E+00
   -.438810E+00
   -.421788E+00
   -.398504E+00
   -.307833E+00
   -.199901E+00
   -.117973E+00
   -.173798E+00
   -.278050E+00
   -.336772E+00
   -.326862E+00
   -.257307E+00
   -.200905E+00
   -.146861E+00
   -.948154E-01
   -.474173E-01
   -.697306E-01
   -.129633E+00
   -.195787E+00
   -.231610E+00
   -.205639E+00
   -.164503E+00
   -.114237E+00
   -.605203E-01
   -.116261E-01
    .252615E-01
    .560650E-01
    .855738E-01
    .124724E+00
    .174761E+00
    .228441E+00
    .278732E+00
    .307915E+00
    .310257E+00
    .304068E+00
    .289338E+00
    .257176E+00
    .172551E+00
    .814348E-01
    .964508E-02
   -.113318E-01
   -.254165E-02
   -.132270E-01
   -.282231E-01
   -.282460E-01
    .700540E-01
    .184281E+00
    .246514E+00
    .212034E+00
    .738556E-01
   -.317072E-01
   -.917158E-01
   -.102698E+00
   -.742413E-01
   -.208116E-01
    .228201E-01
    .378617E-01
   -.478244E-02
   -.542109E-01
   -.595254E-01
   -.136507E-01
    .831904E-01
    .190925E+00
    .285370E+00
    .353290E+00
    .381506E+00
    .345476E+00
    .305659E+00
    .274280E+00
    .259022E+00
    .235951E+00
    .187969E+00
    .133834E+00
    .899464E-01
    .997349E-01
    .139119E+00
    .161525E+00
    .149485E+00
    .925938E-01
    .543164E-01
    .417983E-01
    .454610E-01
    .414642E-01
    .109294E-01
   -.212399E-01
   -.464099E-01
   -.557723E-01
   -.261189E-01
    .385493E-01
    .119132E+00
    .194508E+00
    .194305E+00
    .154809E+00
    .113601E+00
    .957747E-01
    .120744E+00
    .162490E+00
    .227293E+00
    .313575E+00
    .403757E+00
    .412035E+00
    .366326E+00
    .295412E+00
    .258700E+00
    .266893E+00
    .268671E+00
    .254466E+00
    .219026E+00
    .188494E+00
    .167339E+00
    .152111E+00
    .138609E+00
    .123608E+00
    .109216E+00
    .984186E-01
    .948948E-01
    .116537E+00
    .165547E+00
    .222846E+00
    .273873E+00
    .286593E+00
    .286711E+00
    .298919E+00
    .324850E+00
    .346850E+00
    .314520E+00
    .249783E+00
    .171519E+00
    .110685E+00
    .100202E+00
    .116413E+00
    .153118E+00
    .204175E+00
    .269274E+00
    .322177E+00
    .347129E+00
    .330838E+00
    .264900E+00
    .192275E+00
    .125381E+00
    .725275E-01
    .436276E-01
    .285195E-01
    .183754E-01
    .903457E-02
   -.381963E-02
   -.238749E-01
   -.494360E-01
   -.747933E-01
   -.868078E-01
   -.553218E-01
   -.421732E-02
    .512094E-01
    .912053E-01
    .113129E+00
    .140481E+00
    .169587E+00
    .194982E+00
    .185018E+00
    .154678E+00
    .113632E+00
    .676658E-01
    .863466E-02
   -.602051E-01
   -.121466E+00
   -.165214E+00
   -.178933E+00
   -.185385E+00
   -.185968E+00
   -.169009E+00
   -.983860E-01
    .489846E-01
    .189704E+00
    .282441E+00
    .272777E+00
    .178106E+00
    .741507E-01
   -.255882E-01
   -.110681E+00
   -.128754E+00
   -.913789E-01
   -.333033E-01
    .129159E-01
   -.105071E-01
   -.484137E-01
   -.858993E-01
   -.120178E+00
   -.183081E+00
   -.259207E+00
   -.304774E+00
   -.302559E+00
   -.241207E+00
   -.188607E+00
   -.168986E+00
   -.183706E+00
   -.225563E+00
   -.251943E+00
   -.242709E+00
   -.192834E+00
   -.983540E-01
   -.505934E-02
    .284882E-01
    .676043E-02
   -.607167E-01
   -.107670E+00
   -.115573E+00
   -.100294E+00
   -.735194E-01
   -.500403E-01
   -.299402E-01
   -.173209E-01
   -.112671E-01
   -.106475E-03
    .391913E-01
    .802602E-01
    .108836E+00
    .102968E+00
    .763804E-01
    .483213E-01
    .214778E-01
   -.388262E-02
   -.285813E-01
   -.398741E-01
   -.360319E-01
   -.166028E-01
   -.101395E-01
   -.233137E-01
   -.445624E-01
   -.632175E-01
   -.565113E-01
   -.264084E-01
    .184109E-01
    .708933E-01
    .113807E+00
    .130999E+00
    .123242E+00
    .922243E-01
    .429146E-01
    .495552E-03
   -.372067E-01
   -.735236E-01
   -.114668E+00
   -.134596E+00
   -.125605E+00
   -.969438E-01
   -.621700E-01
   -.461762E-01
   -.203384E-01
    .233256E-01
    .897380E-01
    .149735E+00
    .184602E+00
    .206509E+00
    .223303E+00
    .241136E+00
    .240806E+00
    .222632E+00
    .189349E+00
    .152082E+00
    .121276E+00
    .855420E-01
    .376980E-01
   -.342641E-01
   -.112618E+00
   -.176931E+00
   -.223307E+00
   -.249444E+00
   -.244808E+00
   -.217341E+00
   -.174620E+00
   -.125133E+00
   -.891578E-01
   -.783151E-01
   -.947346E-01
   -.137490E+00
   -.184067E+00
   -.203613E+00
   -.199613E+00
   -.173974E+00
   -.128937E+00
   -.778299E-01
   -.399773E-01
   -.251010E-01
   -.471935E-01
   -.815295E-01
   -.109620E+00
   -.131522E+00
   -.152858E+00
   -.180073E+00
   -.191270E+00
   -.175148E+00
   -.120352E+00
   -.196076E-01
    .865352E-01
    .175540E+00
    .226367E+00
    .195913E+00
    .146721E+00
    .108204E+00
    .957137E-01
    .107058E+00
    .114000E+00
    .106852E+00
    .796076E-01
    .217572E-01
   -.428578E-01
   -.878509E-01
   -.105795E+00
   -.912857E-01
   -.561834E-01
   -.500800E-02
    .594352E-01
    .133494E+00
    .176498E+00
    .176586E+00
    .143094E+00
    .877311E-01
    .520886E-01
    .284391E-01
    .828955E-03
   -.395885E-01
   -.801151E-01
   -.861062E-01
   -.719852E-01
   -.503757E-01
   -.537077E-01
   -.820335E-01
   -.112440E+00
   -.134094E+00
   -.132328E+00
   -.110704E+00
   -.929997E-01
   -.877115E-01
   -.104186E+00
   -.129481E+00
   -.141743E+00
   -.135136E+00
   -.104792E+00
   -.404302E-01
    .404867E-01
    .116470E+00
    .166088E+00
    .124470E+00
    .394438E-01
   -.441146E-01
   -.101789E+00
   -.119673E+00
   -.137545E+00
   -.154652E+00
   -.165493E+00
   -.151619E+00
   -.129643E+00
   -.122252E+00
   -.131452E+00
   -.152889E+00
   -.162362E+00
   -.162443E+00
   -.153319E+00
   -.135110E+00
   -.882498E-01
   -.231756E-01
    .477970E-01
    .112141E+00
    .142470E+00
    .146897E+00
    .133406E+00
    .106046E+00
    .589218E-01
   -.124758E-01
   -.775428E-01
   -.114292E+00
   -.773163E-01
   -.236328E-01
   -.625026E-02
   -.345286E-01
   -.101774E+00
   -.142505E+00
   -.152586E+00
   -.137299E+00
   -.106353E+00
   -.412597E-01
    .602143E-01
    .173905E+00
    .271598E+00
    .262017E+00
    .204312E+00
    .131781E+00
    .675547E-01
    .147489E-02
   -.849276E-01
   -.152534E+00
   -.173986E+00
   -.971543E-01
    .241170E-03
    .579419E-01
    .566054E-01
   -.115167E-01
   -.543266E-01
   -.442066E-01
    .901687E-02
    .769031E-01
    .106047E+00
    .116810E+00
    .117956E+00
    .118976E+00
    .120079E+00
    .118116E+00
    .113138E+00
    .105333E+00
    .956892E-01
    .866632E-01
    .780182E-01
    .690676E-01
    .558713E-01
    .368990E-01
    .164530E-01
   -.221822E-02
   -.120798E-01
   -.140775E-01
   -.165038E-01
   -.211869E-01
   -.284224E-01
   -.264001E-01
   -.126317E-01
    .108823E-01
    .405642E-01
    .609958E-01
    .744991E-01
    .861448E-01
    .101204E+00
    .126115E+00
    .145807E+00
    .152784E+00
    .141686E+00
    .107986E+00
    .661300E-01
    .192942E-01
   -.321311E-01
   -.927602E-01
   -.143616E+00
   -.161886E+00
   -.138237E+00
   -.622835E-01
    .216938E-01
    .743018E-01
    .871019E-01
    .550182E-01
    .199274E-01
    .342806E-02
   -.591860E-03
   -.132969E-02
   -.179027E-01
   -.362675E-01
   -.513114E-01
   -.590756E-01
   -.603184E-01
   -.550779E-01
   -.367707E-01
   -.202299E-02
    .491932E-01
    .843115E-01
    .989687E-01
    .948284E-01
    .829426E-01
    .740769E-01
    .635214E-01
    .485310E-01
    .249269E-01
   -.917858E-02
   -.422215E-01
   -.671472E-01
   -.756091E-01
   -.623437E-01
   -.488801E-01
   -.397856E-01
   -.386022E-01
   -.395610E-01
   -.363502E-01
   -.283721E-01
   -.140552E-01
    .168780E-01
    .591531E-01
    .956731E-01
    .116773E+00
    .108933E+00
    .868024E-01
    .556555E-01
    .152551E-01
   -.384541E-01
   -.804810E-01
   -.907869E-01
   -.704577E-01
   -.258329E-01
    .124537E-01
    .453624E-01
    .723005E-01
    .923980E-01
    .831522E-01
    .587665E-01
    .307609E-01
    .802091E-02
   -.575183E-02
   -.254739E-01
   -.492824E-01
   -.731061E-01
   -.787205E-01
   -.623890E-01
   -.423794E-01
   -.271493E-01
   -.271270E-01
   -.235626E-01
   -.592115E-02
    .237446E-01
    .575918E-01
    .652174E-01
    .526173E-01
    .289766E-01
    .597847E-02
    .296422E-02
    .666355E-02
    .129853E-01
    .186376E-01
    .284261E-01
    .409211E-01
    .478274E-01
    .427942E-01
    .135790E-01
   -.203006E-01
   -.471019E-01
   -.632372E-01
   -.712346E-01
   -.803857E-01
   -.848090E-01
   -.811461E-01
   -.641158E-01
   -.454713E-01
   -.329571E-01
   -.254056E-01
   -.195503E-01
   -.154969E-01
   -.211635E-01
   -.367997E-01
   -.617384E-01
   -.814638E-01
   -.845559E-01
   -.745194E-01
   -.558733E-01
   -.489667E-01
   -.595756E-01
   -.725390E-01
   -.776214E-01
   -.560047E-01
   -.220165E-01
    .950071E-02
    .332148E-01
    .449238E-01
    .470329E-01
    .446442E-01
    .397505E-01
    .346799E-01
    .292097E-01
    .246817E-01
    .246519E-01
    .332009E-01
    .525189E-01
    .606640E-01
    .519845E-01
    .231668E-01
   -.114811E-01
   -.254405E-01
   -.191180E-01
    .486720E-02
    .305188E-01
    .381681E-01
    .329521E-01
    .189464E-01
    .518103E-02
   -.148412E-02
   -.404023E-02
   -.371228E-02
   -.196502E-02
    .136916E-02
    .526804E-02
    .893348E-02
    .113488E-01
    .113765E-01
    .102851E-01
    .790394E-02
    .403726E-02
   -.220390E-02
   -.935565E-02
   -.161606E-01
   -.214812E-01
   -.223014E-01
   -.202162E-01
   -.179143E-01
   -.168755E-01
   -.189835E-01
   -.214152E-01
   -.228195E-01
   -.229567E-01
   -.220763E-01
   -.198932E-01
   -.170758E-01
   -.141856E-01
   -.120526E-01
   -.122987E-01
   -.138520E-01
   -.156928E-01
   -.167168E-01
   -.166637E-01
   -.170303E-01
   -.176845E-01
   -.184814E-01
   -.189225E-01
   -.190619E-01
   -.187742E-01
   -.180845E-01
   -.175094E-01
   -.172606E-01
   -.169362E-01
   -.165738E-01
   -.167176E-01
   -.169315E-01
   -.168573E-01
   -.165870E-01
   -.164495E-01
   -.165611E-01
   -.164680E-01
   -.162655E-01
   -.161367E-01
   -.163020E-01
   -.162381E-01
   -.160993E-01
   -.160325E-01
   -.160137E-01
   -.158598E-01
   -.157000E-01
   -.156310E-01
   -.158163E-01
   -.158899E-01
   -.157890E-01
   -.155412E-01
   -.153640E-01
   -.153010E-01
   -.153850E-01
   -.154807E-01
   -.152195E-01
   -.150411E-01
   -.151612E-01
   -.153035E-01
   -.149758E-01
   -.147118E-01
   -.147637E-01
   -.149301E-01
   -.149792E-01
   -.147296E-01
   -.145457E-01
   -.144823E-01
   -.145538E-01
   -.145114E-01
   -.143931E-01
   -.142856E-01
   -.142292E-01
   -.142307E-01
   -.142135E-01
   -.141325E-01
   -.139759E-01
   -.137456E-01
   -.138005E-01
   -.138638E-01
   -.138198E-01
   -.135268E-01
   -.136562E-01
   -.137392E-01
   -.136308E-01
   -.131958E-01
   -.131334E-01
   -.132581E-01
   -.133712E-01
   -.133069E-01
   -.130858E-01
   -.129970E-01
   -.129493E-01
   -.128938E-01
   -.128352E-01
   -.128541E-01
   -.127757E-01
   -.125876E-01
   -.124710E-01
   -.124578E-01
   -.124457E-01
   -.124048E-01
   -.123128E-01
   -.121966E-01
   -.122176E-01
   -.122337E-01
   -.120063E-01
   -.119446E-01
   -.119094E-01
   -.118162E-01
   -.115997E-01
   -.116566E-01
   -.117235E-01
   -.117254E-01
   -.116025E-01
   -.112496E-01
   -.112784E-01
   -.113701E-01
   -.113599E-01
   -.110857E-01
   -.110663E-01
   -.110649E-01
   -.109933E-01
   -.107699E-01
   -.106848E-01
   -.107870E-01
   -.109267E-01
   -.108189E-01
   -.103551E-01
   -.102414E-01
   -.103760E-01
   -.105820E-01
   -.102643E-01
   -.101537E-01
   -.101386E-01
   -.101194E-01
   -.996364E-02
   -.984628E-02
   -.985478E-02
   -.998531E-02
   -.994190E-02
   -.948260E-02
   -.925906E-02
   -.940308E-02
   -.966004E-02
   -.939361E-02
   -.920406E-02
   -.919580E-02
   -.935756E-02
   -.913728E-02
   -.892389E-02
   -.881296E-02
   -.888742E-02
   -.882243E-02
   -.880819E-02
   -.875108E-02
   -.856361E-02
   -.828630E-02
   -.835494E-02
   -.847689E-02
   -.846408E-02
   -.822693E-02
   -.813803E-02
   -.807756E-02
   -.799773E-02
   -.788878E-02
   -.784873E-02
   -.782928E-02
   -.780390E-02
   -.773158E-02
   -.746299E-02
   -.733117E-02
   -.735259E-02
   -.748419E-02
   -.731794E-02
   -.731686E-02
   -.734602E-02
   -.723281E-02
   -.690167E-02
   -.682246E-02
   -.681839E-02
   -.676807E-02
   -.676631E-02
   -.666744E-02
   -.655678E-02
   -.647863E-02
   -.645988E-02
   -.621996E-02
   -.619319E-02
   -.636495E-02
   -.628280E-02
   -.597181E-02
   -.598206E-02
   -.614724E-02
   -.594588E-02
   -.562741E-02
   -.557375E-02
   -.563745E-02
   -.558787E-02
   -.552116E-02
   -.548229E-02
   -.540589E-02
   -.524216E-02
   -.510702E-02
   -.505984E-02
   -.506509E-02
   -.507862E-02
   -.492475E-02
   -.477356E-02
   -.473634E-02
   -.479439E-02
   -.471424E-02
   -.454906E-02
   -.442206E-02
   -.434756E-02
   -.429736E-02
   -.431857E-02
   -.425785E-02
   -.410869E-02
   -.388799E-02
   -.392962E-02
   -.397591E-02
   -.392895E-02
   -.370718E-02
   -.356067E-02
   -.366504E-02
   -.372828E-02
   -.354538E-02
   -.303193E-02
   -.319122E-02
   -.347901E-02
   -.356918E-02
   -.298806E-02
   -.280337E-02
   -.281213E-02
   -.290068E-02
   -.288836E-02
   -.288879E-02
   -.279201E-02
   -.260579E-02
   -.237516E-02
   -.232151E-02
   -.238220E-02
   -.244708E-02
   -.238853E-02
   -.205465E-02
   -.193171E-02
   -.199720E-02
   -.219286E-02
   -.199636E-02
   -.180665E-02
   -.166373E-02
   -.158833E-02
   -.158071E-02
   -.160816E-02
   -.151059E-02
   -.132638E-02
   -.138729E-02
   -.134088E-02
   -.115528E-02
   -.970830E-03
   -.111953E-02
   -.946506E-03
   -.785046E-03
   -.777717E-03
   -.108175E-02
   -.817166E-03
   -.551173E-03
   -.414517E-03
   -.500671E-03
   -.409716E-03
   -.303565E-03
   -.425167E-02
   -.403952E-02
   -.382137E-02
   -.366079E-02
   -.339498E-02
   -.301194E-02
   -.275089E-02
   -.267005E-02
   -.236245E-02
   -.189521E-02
   -.171931E-02
   -.168788E-02
   -.144218E-02
   -.107334E-02
   -.820629E-03
   -.516414E-03
   -.290002E-03
   -.120274E-03
    .280056E-04
    .388650E-03
    .669234E-03
    .896149E-03
    .109197E-02
    .128064E-02
    .157580E-02
    .183209E-02
    .201250E-02
    .230225E-02
    .262603E-02
    .273759E-02
    .275320E-02
    .330636E-02
    .366657E-02
    .372947E-02
    .371723E-02
    .412705E-02
    .427665E-02
    .441771E-02
    .467109E-02
    .516702E-02
    .537305E-02
    .548978E-02
    .562073E-02
    .583897E-02
    .583690E-02
    .605953E-02
    .647953E-02
    .699083E-02
    .691510E-02
    .696730E-02
    .712696E-02
    .733892E-02
    .740646E-02
    .780125E-02
    .811879E-02
    .827747E-02
    .829042E-02
    .852336E-02
    .867475E-02
    .878055E-02
    .895254E-02
    .909241E-02
    .926582E-02
    .949688E-02
    .979948E-02
    .987922E-02
    .994508E-02
    .999762E-02
    .100564E-01
    .103204E-01
    .106273E-01
    .107215E-01
    .105951E-01
    .107809E-01
    .111919E-01
    .113366E-01
    .112195E-01
    .112504E-01
    .114145E-01
    .115417E-01
    .116442E-01
    .117945E-01
    .119223E-01
    .120062E-01
    .120655E-01
    .121255E-01
    .123237E-01
    .123769E-01
    .123934E-01
    .124608E-01
    .125546E-01
    .125535E-01
    .126242E-01
    .128154E-01
    .128769E-01
    .128142E-01
    .128323E-01
    .129577E-01
    .130394E-01
    .130541E-01
    .130330E-01
    .130203E-01
    .131029E-01
    .132245E-01
    .132270E-01
    .131720E-01
    .131715E-01
    .132089E-01
    .132408E-01
    .132656E-01
    .132797E-01
    .131939E-01
    .131559E-01
    .132033E-01
    .133171E-01
    .131308E-01
    .130657E-01
    .131144E-01
    .132209E-01
    .131412E-01
    .131420E-01
    .130665E-01
    .129257E-01
    .128531E-01
    .128886E-01
    .128662E-01
    .127841E-01
    .126770E-01
    .126904E-01
    .127323E-01
    .126934E-01
    .124622E-01
    .122802E-01
    .122965E-01
    .123540E-01
    .123281E-01
    .121276E-01
    .120121E-01
    .119287E-01
    .118481E-01
    .117474E-01
    .117427E-01
    .116596E-01
    .114774E-01
    .112973E-01
    .112905E-01
    .112118E-01
    .110559E-01
    .108993E-01
    .108312E-01
    .107512E-01
    .106487E-01
    .105212E-01
    .103428E-01
    .102132E-01
    .101095E-01
    .100064E-01
    .982901E-02
    .971457E-02
    .961794E-02
    .950380E-02
    .929721E-02
    .912267E-02
    .901702E-02
    .895746E-02
    .879656E-02
    .854503E-02
    .836772E-02
    .826905E-02
    .817297E-02
    .803773E-02
    .789365E-02
    .772867E-02
    .751792E-02
    .735960E-02
    .721237E-02
    .706491E-02
    .690782E-02
    .675610E-02
    .658236E-02
    .643798E-02
    .634016E-02
    .610701E-02
    .586835E-02
    .572270E-02
    .567023E-02
    .549665E-02
    .525984E-02
    .507605E-02
    .495204E-02
    .481682E-02
    .459321E-02
    .443010E-02
    .431007E-02
    .415862E-02
    .393903E-02
    .377135E-02
    .362452E-02
    .345138E-02
    .330282E-02
    .312965E-02
    .295614E-02
    .280159E-02
    .266256E-02
    .246027E-02
    .227716E-02
    .214486E-02
    .199481E-02
    .181956E-02
    .167571E-02
    .155477E-02
    .135847E-02
    .117255E-02
    .102257E-02
    .894023E-03
    .744604E-03
    .603338E-03
    .441032E-03
    .277302E-03
    .143680E-03
   -.280513E-05
   -.156027E-03
   -.305160E-03
   -.440718E-03
   -.567032E-03
   -.691156E-03
   -.833682E-03
   -.999551E-03
   -.112614E-02
   -.126380E-02
   -.139976E-02
   -.152479E-02
   -.161851E-02
   -.173306E-02
   -.185946E-02
   -.199537E-02
   -.214192E-02
   -.224903E-02
   -.234472E-02
   -.244153E-02
   -.255379E-02
   -.266554E-02
   -.277980E-02
   -.288419E-02
   -.296604E-02
   -.307079E-02
   -.317270E-02
   -.326358E-02
   -.334065E-02
   -.343856E-02
   -.352995E-02
   -.361003E-02
   -.367985E-02
   -.375635E-02
   -.384289E-02
   -.391812E-02
   -.398005E-02
   -.404073E-02
   -.410091E-02
   -.416292E-02
   -.422704E-02
   -.429347E-02
   -.434030E-02
   -.438578E-02
   -.443383E-02
   -.448724E-02
   -.452308E-02
   -.456124E-02
   -.460312E-02
   -.464750E-02
   -.465567E-02
   -.467850E-02
   -.471428E-02
   -.475612E-02
   -.476434E-02
   -.477230E-02
   -.478818E-02
   -.480912E-02
   -.481613E-02
   -.481364E-02
   -.481632E-02
   -.482301E-02
   -.482554E-02
   -.481761E-02
   -.480909E-02
   -.479997E-02
   -.478876E-02
   -.476917E-02
   -.474999E-02
   -.473165E-02
   -.471379E-02
   -.468493E-02
   -.465362E-02
   -.462215E-02
   -.459120E-02
   -.455784E-02
   -.451965E-02
   -.447818E-02
   -.443443E-02
   -.438987E-02
   -.434230E-02
   -.429377E-02
   -.424350E-02
   -.418890E-02
   -.413101E-02
   -.407328E-02
   -.401422E-02
   -.395159E-02
   -.388771E-02
   -.382256E-02
   -.375502E-02
   -.368450E-02
   -.361315E-02
   -.354036E-02
   -.346570E-02
   -.338917E-02
   -.331129E-02
   -.323205E-02
   -.315135E-02
   -.306918E-02
   -.298560E-02
   -.290086E-02
   -.281494E-02
   -.272787E-02
   -.263971E-02
