    .0007374
    .0008682
    .0012051
    .0012543
    .0012684
    .0012342
    .0012155
    .0011898
    .0011686
    .0011489
    .0011238
    .0011074
    .0010797
    .0010651
    .0010370
    .0010234
    .0009914
    .0009766
    .0009464
    .0009341
    .0009026
    .0008902
    .0008586
    .0008448
    .0008115
    .0007969
    .0007627
    .0007470
    .0007101
    .0006915
    .0006559
    .0006409
    .0006055
    .0005887
    .0005518
    .0005343
    .0004975
    .0004806
    .0004431
    .0004238
    .0003862
    .0003661
    .0003216
    .0002759
    .0001702
    .0000210
   -.0001933
   -.0004201
   -.0006571
   -.0008507
   -.0009784
   -.0010069
   -.0009417
   -.0008024
   -.0006082
   -.0004096
   -.0002242
   -.0001133
   -.0000371
   -.0000169
   -.0000036
   -.0000369
   -.0000683
   -.0001021
   -.0001461
   -.0001802
   -.0002130
   -.0001599
   -.0000638
    .0000986
    .0002951
    .0005464
    .0009117
    .0013632
    .0019999
    .0027929
    .0039546
    .0055172
    .0076004
    .0099221
    .0122825
    .0142768
    .0157176
    .0163425
    .0162622
    .0155185
    .0142968
    .0125340
    .0104121
    .0079089
    .0052219
    .0022250
   -.0010955
   -.0051962
   -.0099997
   -.0151046
   -.0194827
   -.0224940
   -.0237524
   -.0237539
   -.0230727
   -.0220851
   -.0206825
   -.0188891
   -.0167011
   -.0142314
   -.0115478
   -.0088774
   -.0063377
   -.0041131
   -.0021683
   -.0006475
    .0003916
    .0006903
    .0003775
   -.0004806
   -.0015569
   -.0028078
   -.0040331
   -.0053113
   -.0065507
   -.0077922
   -.0089263
   -.0100439
   -.0111219
   -.0121359
   -.0129354
   -.0134498
   -.0135777
   -.0132845
   -.0125495
   -.0114069
   -.0098701
   -.0079160
   -.0054399
   -.0024886
    .0006216
    .0034059
    .0053834
    .0061505
    .0055468
    .0038321
    .0015269
   -.0007983
   -.0028344
   -.0044904
   -.0058747
   -.0069495
   -.0076517
   -.0079508
   -.0079589
   -.0077899
   -.0074691
   -.0069963
   -.0063709
   -.0056422
   -.0048137
   -.0038923
   -.0028332
   -.0015717
   -.0000396
    .0017237
    .0035640
    .0053473
    .0069722
    .0084267
    .0097640
    .0111749
    .0128683
    .0149848
    .0174134
    .0197640
    .0214631
    .0218516
    .0203287
    .0168377
    .0122082
    .0076265
    .0040100
    .0015635
   -.0000010
   -.0011409
   -.0021138
   -.0030623
   -.0039966
   -.0048891
   -.0056621
   -.0062648
   -.0066294
   -.0063475
   -.0045938
   -.0006956
    .0049386
    .0113342
    .0177306
    .0241666
    .0304337
    .0353493
    .0374191
    .0365827
    .0340827
    .0310548
    .0277295
    .0241070
    .0201189
    .0157522
    .0110843
    .0066569
    .0029646
    .0004058
   -.0009509
   -.0013479
   -.0013369
   -.0012443
   -.0012322
   -.0013019
   -.0016305
   -.0021325
   -.0025641
   -.0025721
   -.0023140
   -.0019617
   -.0009890
    .0016026
    .0059671
    .0105348
    .0132423
    .0135027
    .0123291
    .0107531
    .0089633
    .0069965
    .0049263
    .0027550
    .0003326
   -.0021434
   -.0041462
   -.0051380
   -.0049514
   -.0038345
   -.0023160
   -.0009776
   -.0003644
   -.0007413
   -.0019151
   -.0031507
   -.0041497
   -.0047679
   -.0043808
   -.0024521
    .0004514
    .0031729
    .0045947
    .0043439
    .0027626
    .0007558
   -.0012561
   -.0031608
   -.0044483
   -.0048116
   -.0045561
   -.0040782
   -.0034883
   -.0027951
   -.0020153
   -.0012522
   -.0005218
    .0001956
    .0009355
    .0017637
    .0027191
    .0038122
    .0051103
    .0067500
    .0088214
    .0112325
    .0137891
    .0162154
    .0183262
    .0198693
    .0206696
    .0205058
    .0193854
    .0174484
    .0150260
    .0123850
    .0098191
    .0075265
    .0055176
    .0036217
    .0017662
    .0000286
   -.0014316
   -.0025250
   -.0031595
   -.0033959
   -.0033736
   -.0032564
   -.0031069
   -.0030612
   -.0033835
   -.0044355
   -.0062150
   -.0083423
   -.0102413
   -.0116082
   -.0118460
   -.0088239
   -.0008953
    .0083691
    .0138824
    .0160662
    .0163801
    .0165334
    .0169517
    .0169352
    .0165255
    .0158889
    .0148942
    .0134298
    .0113197
    .0084396
    .0049280
    .0012036
   -.0022263
   -.0049602
   -.0063695
   -.0052138
   -.0005748
    .0060837
    .0111160
    .0126179
    .0119071
    .0107159
    .0096134
    .0086713
    .0080898
    .0080336
    .0082602
    .0085109
    .0085106
    .0078313
    .0059946
    .0032281
    .0003129
   -.0020814
   -.0039868
   -.0057583
   -.0074728
   -.0089564
   -.0100824
   -.0107889
   -.0110055
   -.0106003
   -.0096700
   -.0083639
   -.0068319
   -.0051773
   -.0035342
   -.0019821
   -.0005295
    .0008663
    .0021906
    .0032826
    .0039750
    .0042166
    .0041624
    .0039799
    .0037302
    .0033767
    .0029440
    .0024608
    .0019393
    .0013992
    .0008303
    .0002131
   -.0005298
   -.0014980
   -.0026703
   -.0038047
   -.0046156
   -.0048935
   -.0046303
   -.0039718
   -.0030939
   -.0021049
   -.0011384
   -.0003330
    .0001451
    .0001056
   -.0005585
   -.0016682
   -.0028617
   -.0037608
   -.0041601
   -.0040453
   -.0035904
   -.0028993
   -.0020239
   -.0010344
   -.0000265
    .0009692
    .0019988
    .0030919
    .0041762
    .0050994
    .0057138
    .0059083
    .0056157
    .0049238
    .0038714
    .0025637
    .0010892
   -.0004948
   -.0021254
   -.0037493
   -.0054613
   -.0073516
   -.0094062
   -.0115295
   -.0136951
   -.0159856
   -.0183661
   -.0206178
   -.0222074
   -.0224167
   -.0204687
   -.0165383
   -.0120658
   -.0086667
   -.0065481
   -.0049484
   -.0034035
   -.0020979
   -.0010940
   -.0002413
    .0006081
    .0014375
    .0022230
    .0028646
    .0033372
    .0036587
    .0039690
    .0044054
    .0051115
    .0061856
    .0078010
    .0100474
    .0129213
    .0162730
    .0198649
    .0234860
    .0269248
    .0299820
    .0325071
    .0344595
    .0358859
    .0369283
    .0376032
    .0379585
    .0379582
    .0374133
    .0360826
    .0340188
    .0313823
    .0282949
    .0247400
    .0207210
    .0163876
    .0120559
    .0080094
    .0044292
    .0013244
   -.0013371
   -.0035315
   -.0050804
   -.0058108
   -.0057132
   -.0050346
   -.0039736
   -.0025778
   -.0008857
    .0010806
    .0033219
    .0057633
    .0082414
    .0105599
    .0125477
    .0140309
    .0149844
    .0154825
    .0156258
    .0155558
    .0153396
    .0149992
    .0140677
    .0109806
    .0046884
   -.0035481
   -.0112805
   -.0171922
   -.0217007
   -.0256875
   -.0297934
   -.0345918
   -.0406312
   -.0476227
   -.0539615
   -.0577251
   -.0584499
   -.0573428
   -.0556294
   -.0535040
   -.0508965
   -.0428482
   -.0373826
   -.0257286
   -.0205163
   -.0170325
   -.0133341
   -.0130865
   -.0139200
   -.0201788
   -.0364124
   -.0449430
   -.0551162
   -.0684616
   -.0690399
   -.0664962
   -.0612295
   -.0496967
   -.0381846
   -.0185037
   -.0095127
   -.0038644
   -.0015961
   -.0036240
   -.0116798
   -.0145038
   -.0179628
   -.0244233
   -.0212339
   -.0140083
    .0075356
    .0124893
    .0189594
    .0232310
    .0253330
    .0234557
    .0216762
    .0169855
    .0117488
    .0086661
    .0085716
    .0103614
    .0136480
    .0130849
    .0133767
    .0116160
    .0101501
    .0102745
    .0064529
    .0026405
    .0016811
   -.0005664
    .0001269
   -.0014615
   -.0004386
    .0005346
   -.0000958
   -.0006484
   -.0001291
   -.0024781
   -.0084778
   -.0091383
   -.0062506
   -.0025590
    .0042504
    .0068302
    .0107956
    .0123710
    .0151972
    .0173404
    .0231469
    .0273916
    .0297161
    .0260347
    .0229267
    .0229477
    .0236641
    .0252165
    .0288570
    .0304500
    .0369035
    .0401463
    .0425917
    .0465919
    .0502123
    .0536495
    .0556489
    .0555866
    .0506278
    .0428777
    .0363387
    .0291603
    .0155596
    .0054470
   -.0051844
   -.0054988
   -.0050378
    .0001209
    .0073653
    .0127822
    .0179837
    .0254044
    .0266565
    .0232814
    .0208552
    .0041742
   -.0008438
   -.0045851
   -.0059580
   -.0104354
   -.0067516
   -.0023595
   -.0064384
   -.0243027
   -.0337374
   -.0410524
   -.0399643
   -.0378095
   -.0363128
   -.0302931
   -.0208613
   -.0122631
   -.0056089
   -.0037551
    .0002530
   -.0045966
   -.0160860
   -.0199990
   -.0209137
   -.0166236
   -.0075460
   -.0051391
   -.0030993
   -.0025347
   -.0028978
   -.0046672
   -.0085534
   -.0121972
   -.0142104
   -.0150992
   -.0164503
   -.0201152
   -.0216102
   -.0120017
   -.0048451
    .0021328
    .0133695
    .0160997
    .0173871
    .0185255
    .0193234
    .0172551
    .0155831
    .0111964
    .0135115
    .0212077
    .0209896
    .0176700
    .0157938
    .0133865
    .0095099
    .0054717
    .0014656
   -.0042970
   -.0072989
   -.0072474
   -.0068022
   -.0059283
   -.0056340
   -.0047095
   -.0030789
   -.0006125
    .0032425
    .0059301
    .0074099
    .0034448
    .0010460
   -.0087453
   -.0063911
   -.0049361
   -.0002754
    .0086377
    .0106106
    .0117754
    .0115259
    .0108087
    .0049233
    .0007730
   -.0021292
   -.0102690
   -.0135178
   -.0102007
   -.0059509
    .0027465
    .0093903
    .0130382
    .0154367
    .0152421
    .0136545
    .0056309
   -.0000749
   -.0028633
   -.0021296
   -.0004820
    .0052278
    .0103571
    .0139254
    .0144396
    .0120280
    .0102337
    .0100268
    .0093330
    .0084555
    .0058947
    .0006975
   -.0105512
   -.0130896
   -.0164655
   -.0164968
   -.0127268
   -.0040030
    .0026874
    .0045608
    .0013778
   -.0025137
   -.0045471
   -.0097751
   -.0113744
   -.0132516
   -.0137634
   -.0133946
   -.0096100
   -.0064692
   -.0060642
   -.0082473
   -.0175653
   -.0208584
   -.0211120
   -.0206179
   -.0150383
   -.0132745
   -.0068319
   -.0004809
    .0028737
    .0074619
    .0132635
    .0146967
    .0162366
    .0166540
    .0161322
    .0135876
    .0079021
    .0052991
   -.0005478
   -.0057985
   -.0065071
   -.0083460
   -.0090490
   -.0082042
   -.0067144
   -.0066296
   -.0066325
   -.0061727
   -.0067266
   -.0098870
   -.0115931
   -.0107319
   -.0151249
   -.0144978
   -.0124958
   -.0084535
   -.0039853
    .0011170
    .0006405
   -.0018848
   -.0078705
   -.0108727
   -.0159880
   -.0176048
   -.0161472
   -.0157358
   -.0165176
   -.0156321
   -.0168465
   -.0160634
   -.0167094
   -.0189916
   -.0200504
   -.0208627
   -.0177348
   -.0145198
   -.0096521
   -.0053753
    .0001601
    .0037728
    .0084612
    .0154308
    .0211276
    .0209603
    .0215980
    .0202458
    .0214312
    .0223540
    .0237426
    .0276388
    .0288764
    .0284516
    .0268391
    .0254972
    .0175833
    .0124761
    .0079084
    .0028397
   -.0009936
   -.0045159
   -.0070547
   -.0085883
   -.0066827
   -.0074732
   -.0110127
   -.0139776
   -.0183561
   -.0218420
   -.0215580
   -.0197366
   -.0186614
   -.0109085
   -.0077314
   -.0016834
   -.0002227
   -.0001185
   -.0010057
   -.0054955
   -.0100050
   -.0139272
   -.0168593
   -.0187774
   -.0243225
   -.0288396
   -.0282521
   -.0300303
   -.0256532
   -.0209194
   -.0133798
   -.0127170
   -.0150948
   -.0181259
   -.0258939
   -.0275742
   -.0252007
   -.0187221
   -.0135489
   -.0031335
   -.0006229
    .0045736
    .0043491
    .0021539
   -.0032495
   -.0095830
   -.0141515
   -.0159019
   -.0147997
   -.0127216
   -.0063012
   -.0018076
    .0008036
    .0030832
    .0009215
   -.0050290
   -.0093061
   -.0092153
   -.0028864
    .0044827
    .0164539
    .0265809
    .0343677
    .0391978
    .0385378
    .0391698
    .0428749
    .0443885
    .0506190
    .0567647
    .0629114
    .0700623
    .0767509
    .0845713
    .0881880
    .0836591
    .0772072
    .0661406
    .0498911
    .0391778
    .0239071
    .0097843
    .0013018
   -.0046644
   -.0098503
   -.0132641
   -.0179993
   -.0218407
   -.0233332
   -.0200223
   -.0169886
   -.0168457
   -.0147988
   -.0147551
   -.0097665
   -.0008753
    .0058830
    .0116333
    .0203608
    .0246034
    .0275884
    .0307200
    .0253321
    .0262330
    .0223311
    .0166530
    .0107018
    .0020466
   -.0060659
   -.0135759
   -.0213935
   -.0157585
   -.0076557
   -.0042994
   -.0013052
   -.0015580
   -.0037847
   -.0015111
    .0169601
    .0252686
    .0340466
    .0507010
    .0584659
    .0617998
    .0652605
    .0676368
    .0658126
    .0563846
    .0511901
    .0479799
    .0367170
    .0168145
    .0031812
   -.0015458
   -.0205161
   -.0204140
   -.0164576
   -.0112245
   -.0007151
    .0112197
    .0224135
    .0266282
    .0392937
    .0471584
    .0531184
    .0704693
    .0819888
    .0949591
    .1058124
    .1013735
    .0846299
    .0675421
    .0446226
    .0358696
    .0150297
    .0010950
   -.0042107
   -.0026759
    .0034683
    .0145652
    .0289569
    .0404913
    .0612644
    .1173911
    .1352149
    .1408317
    .1347545
    .1242439
    .0995789
    .0607586
    .0488233
    .0400547
    .0079459
    .0048307
   -.0006714
   -.0036464
   -.0049817
   -.0022337
    .0074117
    .0089515
    .0122138
    .0207582
    .0181175
    .0413132
    .0342690
    .0331727
    .0238743
    .0140301
    .0038412
   -.0109542
   -.0378061
   -.0548658
   -.0728125
   -.0949298
   -.1500750
   -.1521196
   -.1552907
   -.1573370
   -.1539626
   -.1542524
   -.1583822
   -.1509663
   -.1489956
   -.1489102
   -.1189212
   -.1132006
   -.0895208
   -.0577019
   -.0545899
   -.0507399
   -.0508525
   -.0671387
   -.0903938
   -.1044234
   -.1091781
   -.1045218
   -.0963501
   -.0798945
   -.0593577
   -.0435232
   -.0283089
   -.0144882
    .0040495
    .0163125
    .0159300
    .0200759
    .0215655
    .0227196
    .0214064
    .0329535
    .0386128
    .0502976
    .0641775
    .0658969
    .0700598
    .0673302
    .0588102
    .0505759
    .0491393
    .0569864
    .0656879
    .0739140
    .0939069
    .1116752
    .1212729
    .1362629
    .1656319
    .1723270
    .1816261
    .1615941
    .1430643
    .1258524
    .1085651
    .1011972
    .0877063
    .0768580
    .0646751
    .0562157
    .0466983
    .0373314
    .0259270
    .0041131
   -.0105387
   -.0246351
   -.0343906
   -.0391228
   -.0346571
   -.0353323
   -.0400097
   -.0349945
   -.0301815
   -.0252298
   -.0278109
   -.0339769
   -.0439547
   -.0453679
   -.0445553
   -.0298027
   -.0219372
    .0000197
    .0055678
    .0024854
   -.0052789
   -.0229965
   -.0303204
   -.0306449
   -.0285010
   -.0199042
   -.0042532
    .0129601
    .0143940
    .0118930
    .0011660
   -.0063911
   -.0188661
   -.0329904
   -.0391004
   -.0422598
   -.0447578
   -.0457052
   -.0503791
   -.0516103
   -.0539103
   -.0610990
   -.0612208
   -.0614148
   -.0697361
   -.0742996
   -.0767105
   -.0789077
   -.0829138
   -.0683640
   -.0476469
   -.0249668
   -.0253940
   -.0188808
   -.0339422
   -.0428355
   -.0462535
   -.0560937
   -.0669360
   -.0814579
   -.0838778
   -.0873443
   -.0525858
   -.0506716
   -.0418595
   -.0338023
   -.0282155
   -.0298162
   -.0349750
   -.0545019
   -.0718110
   -.0722864
   -.0799279
   -.0767772
   -.0765153
   -.0685752
   -.0583172
   -.0379410
   -.0144389
   -.0038231
    .0010252
   -.0011023
   -.0054400
   -.0090909
   -.0091131
   -.0098095
   -.0134111
   -.0194598
   -.0262401
   -.0333130
   -.0363584
   -.0346843
    .0164462
    .0279502
    .0196921
    .0170236
    .0102387
   -.0035703
   -.0044063
   -.0137556
   -.0108429
   -.0020935
    .0135801
    .0462725
    .0603250
    .0679579
    .0759569
    .0791191
    .0649324
    .0535469
    .0371180
    .0262322
    .0152794
    .0124833
    .0053607
    .0010173
   -.0015271
    .0003676
    .0034793
    .0058894
    .0081489
    .0121131
    .0127586
    .0143264
    .0088043
    .0047191
    .0022810
   -.0052266
   -.0103705
   -.0151420
   -.0190216
   -.0226522
   -.0250063
   -.0228143
   -.0217862
   -.0205138
   -.0170752
   -.0122858
   -.0034200
   -.0060403
   -.0116195
   -.0192496
   -.0213238
   -.0225946
   -.0198895
   -.0139411
   -.0017825
    .0045925
    .0120698
    .0172298
    .0182273
    .0170653
    .0151352
    .0104617
    .0041192
    .0012959
    .0016694
    .0018069
    .0017213
    .0003341
    .0002798
   -.0002806
   -.0020870
   -.0044847
   -.0077004
   -.0129206
   -.0162088
   -.0182409
   -.0217103
   -.0239714
   -.0275450
   -.0319728
   -.0338262
   -.0323954
   -.0291773
   -.0229155
   -.0171427
   -.0132932
   -.0033128
    .0089314
    .0226944
    .0357394
    .0503503
    .0577317
    .0613937
    .0604561
    .0601115
    .0534482
    .0475037
    .0394380
    .0354819
    .0350641
    .0316978
    .0303581
    .0287911
    .0220144
    .0149319
    .0019172
   -.0096280
   -.0152340
   -.0182882
   -.0184688
   -.0158969
   -.0187992
   -.0127364
   -.0137607
   -.0162751
   -.0170410
   -.0206340
   -.0247680
   -.0275961
   -.0308502
   -.0338345
   -.0359504
   -.0345807
   -.0360726
   -.0385357
   -.0403860
   -.0465573
   -.0487978
   -.0470793
   -.0442919
   -.0418019
   -.0387078
   -.0332083
   -.0305565
   -.0273999
   -.0220203
   -.0130625
   -.0016044
    .0087771
    .0229342
    .0326737
    .0379323
    .0427037
    .0433501
    .0427085
    .0360158
    .0222751
    .0155222
    .0136083
    .0093143
    .0103387
    .0114881
    .0133740
    .0128536
    .0130611
    .0169180
    .0198216
    .0227519
    .0225120
    .0202692
    .0218194
    .0261750
    .0364369
    .0401078
    .0449845
    .0483898
    .0544994
    .0579256
    .0606922
    .0623826
    .0615244
    .0570837
    .0541465
    .0478885
    .0401895
    .0347021
    .0270289
    .0199682
    .0153633
    .0085704
    .0056162
    .0088032
    .0230871
    .0267845
    .0232445
    .0104657
    .0049757
   -.0028809
   -.0100949
   -.0139157
   -.0178405
   -.0197929
   -.0170812
   -.0182270
   -.0186908
   -.0194302
   -.0189894
   -.0195286
   -.0224829
   -.0304807
   -.0383202
   -.0399178
   -.0406875
   -.0386305
   -.0315095
   -.0298943
   -.0252745
   -.0220116
   -.0222826
   -.0217929
   -.0208286
   -.0191197
   -.0177001
   -.0166812
   -.0148394
   -.0103993
   -.0074185
   -.0043230
   -.0022510
    .0002866
    .0021668
    .0037006
    .0045322
    .0046595
    .0038794
    .0011557
    .0010519
    .0022858
    .0037045
    .0092899
    .0127163
    .0174987
    .0214887
    .0243817
    .0232718
    .0228849
    .0155457
    .0146982
    .0091748
    .0125949
    .0175747
    .0144133
    .0081170
   -.0043178
   -.0100313
   -.0119305
   -.0120623
   -.0104897
   -.0070385
   -.0040836
   -.0019735
    .0097262
    .0149698
    .0202715
    .0266736
    .0289831
    .0236916
    .0131559
    .0113636
    .0105618
    .0067171
    .0090073
    .0063593
    .0028845
    .0006335
   -.0058303
   -.0053767
   -.0037191
   -.0116449
   -.0156958
   -.0325177
   -.0414501
   -.0398626
   -.0368090
   -.0305253
   -.0265400
   -.0123863
    .0088574
    .0297712
    .0332161
    .0312547
    .0249282
    .0232480
    .0112644
    .0039304
   -.0003606
    .0002714
   -.0076835
   -.0108385
   -.0120112
   -.0090104
   -.0045803
    .0000765
   -.0080016
   -.0196517
   -.0250780
   -.0325620
   -.0294601
   -.0276935
   -.0036973
    .0056011
    .0173026
    .0245985
    .0393424
    .0344274
    .0307998
    .0253516
    .0214756
    .0169569
    .0131488
    .0137519
    .0129031
    .0117187
    .0186620
    .0068396
    .0063825
   -.0151727
   -.0178336
   -.0252381
   -.0277395
   -.0160725
   -.0170760
   -.0139079
   -.0131458
   -.0104833
    .0002782
    .0253289
    .0454211
    .0589894
    .0604553
    .0586498
    .0559193
    .0539787
    .0376099
    .0319802
    .0226190
    .0267506
    .0075335
    .0016134
   -.0036434
   -.0104136
   -.0149149
   -.0214510
   -.0314067
   -.0330303
   -.0287217
   -.0259396
   -.0227825
   -.0092836
    .0073557
    .0292810
    .0427162
    .0534981
    .0572324
    .0576786
    .0527586
    .0430042
    .0357471
    .0306735
    .0243089
    .0209880
    .0098755
    .0118185
    .0090148
    .0129819
    .0118340
   -.0003906
   -.0116127
   -.0185462
   -.0354250
   -.0439465
   -.0437830
   -.0394006
   -.0347308
   -.0295976
   -.0271565
   -.0241341
   -.0144506
   -.0020225
    .0033627
    .0039148
    .0050031
    .0027783
   -.0006241
   -.0087567
   -.0122696
   -.0153162
   -.0238092
   -.0284930
   -.0330064
   -.0365800
   -.0396047
   -.0422866
   -.0408283
   -.0335858
   -.0250345
   -.0175287
   -.0089608
   -.0002636
    .0086207
    .0169838
    .0247147
    .0320093
    .0364836
    .0349623
    .0310811
    .0228153
    .0149251
    .0077029
    .0023759
   -.0012175
   -.0006574
    .0027011
    .0073931
    .0118261
    .0149873
    .0171976
    .0180166
    .0154108
    .0107330
    .0076377
    .0076052
    .0093153
    .0103647
    .0094068
    .0065800
    .0023934
   -.0029607
   -.0090463
   -.0149418
   -.0192576
   -.0211615
   -.0212105
   -.0201722
   -.0179444
   -.0144008
   -.0099286
   -.0053689
   -.0013455
    .0020987
    .0051694
    .0077722
    .0093036
    .0094207
    .0084770
    .0069213
    .0048772
    .0018718
   -.0033489
   -.0112803
   -.0198712
   -.0244400
   -.0240452
   -.0224333
   -.0238572
   -.0259919
   -.0253687
   -.0215070
   -.0151007
   -.0065780
    .0018747
    .0071217
    .0087302
    .0077972
    .0051614
    .0015327
   -.0020522
   -.0049584
   -.0073837
   -.0096570
   -.0115555
   -.0127526
   -.0131537
   -.0127005
   -.0113953
   -.0094929
   -.0071057
   -.0040076
   -.0000496
    .0045106
    .0093614
    .0143086
    .0192474
    .0236092
    .0268183
    .0285990
    .0291396
    .0288865
    .0283125
    .0276721
    .0272208
    .0268340
    .0264936
    .0262378
    .0260049
    .0256544
    .0250261
    .0237424
    .0217736
    .0192395
    .0161979
    .0121580
    .0066083
    .0001295
   -.0025982
    .0044888
    .0150381
    .0167249
    .0081177
    .0004061
    .0007965
    .0049481
    .0090265
    .0139264
    .0199263
    .0258039
    .0308199
    .0351505
    .0389492
    .0420003
    .0442413
    .0449017
    .0429610
    .0390295
    .0350507
    .0319732
    .0291990
    .0260116
    .0225710
    .0191743
    .0158393
    .0125949
    .0097318
    .0075731
    .0059977
    .0047762
    .0035177
    .0018775
    .0001990
   -.0009243
   -.0011363
   -.0003795
    .0007586
    .0013419
    .0013042
    .0008627
    .0002157
   -.0004205
   -.0009669
   -.0012270
   -.0008604
    .0007621
    .0040063
    .0080709
    .0112611
    .0123531
    .0118515
    .0098351
    .0079503
    .0066760
    .0051612
    .0045317
    .0055640
    .0074722
    .0083647
    .0082726
    .0080282
    .0074963
    .0064604
    .0052478
    .0040836
    .0030055
    .0020692
    .0014010
    .0010871
    .0009254
    .0002856
   -.0014864
   -.0044023
   -.0078583
   -.0113048
   -.0146254
   -.0179854
   -.0215198
   -.0251984
   -.0284859
   -.0305022
   -.0307469
   -.0292747
   -.0266335
   -.0231555
   -.0188723
   -.0141155
   -.0097310
   -.0066273
   -.0052216
   -.0049676
   -.0056532
   -.0071022
   -.0090325
   -.0111778
   -.0135667
   -.0163481
   -.0195509
   -.0229044
   -.0255270
   -.0264254
   -.0253896
   -.0230726
   -.0204770
   -.0180888
   -.0158198
   -.0135333
   -.0112004
   -.0089395
   -.0067897
   -.0047698
   -.0028692
   -.0010675
    .0006850
    .0024053
    .0042875
    .0063312
    .0081778
    .0091976
    .0091973
    .0084388
    .0073445
    .0060047
    .0042156
    .0019322
   -.0004202
   -.0025650
   -.0044120
   -.0060826
   -.0075900
   -.0088001
   -.0092121
   -.0087116
   -.0074055
   -.0055269
   -.0032901
   -.0010936
    .0006456
    .0015278
    .0015861
    .0009106
   -.0001884
   -.0015596
   -.0028624
   -.0042842
   -.0063192
   -.0091620
   -.0121130
   -.0143779
   -.0155789
   -.0160423
   -.0159388
   -.0153293
   -.0142319
   -.0128524
   -.0112483
   -.0095891
   -.0078582
   -.0061610
   -.0044261
   -.0026948
   -.0009003
    .0009333
    .0029341
    .0049698
    .0068518
    .0081589
    .0087987
    .0088301
    .0086147
    .0081303
    .0072606
    .0059009
    .0043251
    .0027806
    .0014781
    .0002749
   -.0009047
   -.0021224
   -.0033139
   -.0045039
   -.0054993
   -.0062153
   -.0065813
   -.0066944
   -.0066386
   -.0066401
   -.0067436
   -.0070664
   -.0074874
   -.0078821
   -.0080411
   -.0078399
   -.0071482
   -.0060560
   -.0045831
   -.0027278
   -.0006091
    .0012844
    .0025425
    .0031649
    .0034446
    .0036112
    .0037710
    .0038443
    .0039085
    .0038584
    .0034719
    .0026644
    .0016055
    .0004391
   -.0008550
   -.0021837
   -.0034587
   -.0045620
   -.0054422
   -.0061933
   -.0068820
   -.0073639
   -.0076258
   -.0077203
   -.0076790
   -.0075038
   -.0072373
   -.0069006
   -.0065527
   -.0061230
   -.0056529
   -.0050973
   -.0045123
   -.0037745
   -.0028037
   -.0016994
   -.0008170
    .0002219
    .0012175
    .0021545
    .0029149
    .0035670
    .0040250
    .0044089
    .0046531
    .0048867
    .0050126
    .0051182
    .0051122
    .0051331
    .0050847
    .0050859
    .0049922
    .0049307
    .0047946
    .0047814
    .0047026
    .0046874
    .0045554
    .0044999
    .0043444
    .0042735
    .0041102
    .0040134
    .0038174
    .0037014
    .0034900
    .0033548
    .0031430
    .0030074
    .0028019
    .0026830
    .0024997
    .0023949
    .0022298
    .0021378
    .0019840
    .0019018
    .0017603
    .0016844
    .0015526
    .0014823
    .0013571
    .0012870
    .0011658
    .0010942
    .0009777
    .0009064
    .0007988
    .0007304
    .0006334
    .0005662
    .0004789
    .0004106
    .0003321
    .0002596
    .0001895
    .0001104
    .0000491
   -.0000394
   -.0000932
   -.0001950
   -.0002482
   -.0003717
   -.0004519
   -.0005483
   -.0008533