   -.0264248
   -.0338360
   -.0403446
   -.0112636
   -.0123498
   -.0123969
   -.0073070
    .0043518
    .0124316
    .0177480
    .0291128
   -.0032891
   -.0013313
   -.0004856
    .0000769
   -.0010437
   -.0024638
   -.0041053
   -.0059690
   -.0076517
   -.0088330
   -.0081974
   -.0158971
   -.0120198
   -.0041867
   -.0030424
    .0019862
    .0088131
    .0015020
    .0032397
    .0049949
    .0066834
    .0281662
    .0252881
    .0239526
    .0172329
    .0039273
    .0149204
    .0158549
    .0166933
    .0172633
   -.0398788
   -.0370763
    .0175608
    .0172176
    .0168467
    .0364403
    .0471359
    .0502031
    .0581142
    .0672065
    .0696799
    .0692818
    .0668723
    .0282485
    .0332896
    .0391981
    .0452742
    .0505039
    .0539151
    .0011743
   -.0195905
    .0500206
    .0435510
    .0339310
    .0223863
    .0120138
    .0036018
   -.0023013
   -.0050224
   -.0064331
   -.0067031
   -.0031558
    .0027614
    .0082565
    .0543156
    .0215852
   -.0152057
   -.0476540
   -.0769365
    .0316764
    .0362679
    .0400153
    .0422681
    .0436513
    .0440629
    .0430186
    .1050682
    .1277802
    .1582879
    .1838511
    .1754369
    .1501340
    .1339817
    .1184307
    .0891552
    .0512750
    .0122063
    .0291700
   -.0477617
   -.0585962
   -.0698268
   -.0889888
   -.1124700
   -.1017768
    .0414154
    .0361838
    .0314518
    .0804434
    .1020694
    .1255229
    .1590814
    .1755987
    .0268772
    .0277595
    .0306977
    .0287890
    .0284742
    .0217061
    .0223952
    .0253080
    .0292044
    .0326533
    .0361177
    .0401388
    .0426728
    .0421050
    .0342576
    .0410626
    .0709381
    .1156020
    .1385163
    .1283785
    .1031053
    .0908807
    .1015557
    .1117287
    .1049350
    .0769055
    .0337783
   -.0011355
   -.0169271
   -.0267458
   -.0375859
   -.0524909
   -.0606925
   -.0199108
   -.0171212
   -.0146047
   -.0116836
   -.0077548
   -.0017574
    .0045081
    .0104727
    .0163334
    .0213015
    .0445183
    .0540783
    .0585019
    .0344982
    .0359341
    .0377694
    .0402703
    .0427211
    .0281518
    .0181173
    .0086117
    .0477006
    .0523047
    .0587109
    .0679308
    .0801241
    .0936234
    .1078917
    .1699338
    .1982282
    .2388705
    .1433364
    .1458347
    .1375962
    .1177377
    .0963669
    .0856480
    .0792354
    .0381496
    .0172206
    .0019681
   -.0088570
   -.0222315
   -.0314302
   -.0267889
   -.0103389
    .0127597
   -.0025465
    .0697850
    .0829875
    .0798620
    .0903807
    .1215978
    .1500062
    .1856046
    .2154147
    .1937100
    .1549335
    .1427235
    .1193634
    .0827207
    .0436867
   -.0044166
   -.0547497
   -.0953873
   -.1188978
   -.1315839
    .1010652
   -.1378029
   -.0817325
   -.0116329
    .0393769
    .0937646
    .1566198
    .2119923
    .2610947
    .3003082
    .3006892
    .2609163
    .2598758
    .3052960
    .2825405
    .1526264
    .0362552
    .0264511
   -.0066537
   -.0103121
    .0175577
   -.0229681
   -.1010053
   -.1529652
   -.1629336
   -.1772775
   -.1957736
   -.1966700
   -.2127757
   -.0907933
   -.0849544
   -.0807587
   -.0723186
   -.0483783
   -.1058906
   -.0037791
    .1191084
    .2456012
    .3648332
    .0790109
    .0713512
    .4886601
    .4031795
    .3225564
    .2880251
    .2108106
    .1003313
    .0206598
   -.0739256
   -.1829565
   -.2197055
   -.2261020
   -.3291917
   -.4440784
   -.4583076
   -.3762778
   -.2827836
   -.2181557
   -.1495284
   -.0661413
    .0099407
    .0662074
    .0980531
    .1102922
    .1157273
    .1218524
    .0463403
    .0717462
    .0942010
    .1102895
    .1160191
    .1157598
    .1136173
    .1062326
    .0903569
    .0680879
    .0414850
    .0137520
   -.0114028
   -.0341437
   -.0597343
   -.1023970
   -.0897121
   -.0659042
   -.1192518
   -.1110444
   -.0959266
   -.0783615
   -.0587475
   -.0359315
   -.0113028
    .0107919
    .0269383
    .0378920
    .0431677
    .0440853
    .0413923
   -.0015640
   -.0418118
   -.0476330
   -.0133849
   -.0367979
   -.0604014
   -.0814825
   -.1061930
   -.1365985
   -.1675770
   -.1985254
   -.0750719
   -.1258303
   -.1550424
   -.2161510
   -.3135164
   -.4189157
   -.5237767
   -.6646485
   -.8387429
   -.8901077
   -.6744893
   -.4039107
   -.3738019
   -.2298911
    .1904789
    .2151885
    .2061183
    .1778746
    .1279813
    .1681806
   -.0266739
   -.0852786
   -.1139938
   -.1137072
   -.1055489
   -.1019809
   -.1342793
   -.1781946
   -.2917975
   -.1514275
   -.1431104
   -.1091808
   -.0579056
   -.0051666
    .0410199
    .0790650
    .1156743
    .1449157
    .1550090
    .1544330
    .1545555
    .1576071
    .1642093
    .1710352
    .1721608
    .1720711
    .1253313
    .0616911
    .0182818
    .0126156
   -.0119146
    .0610853
    .0410376
    .0225618
   -.0021956
   -.0365969
   -.0629472
   -.0645874
   -.0427825
   -.0147440
    .0122634
    .0385407
    .0662429
    .1061047
    .1525527
    .1895149
    .2006997
    .1918220
   -.0690150
   -.0182987
   -.0264152
   -.0631620
   -.0958145
   -.0946855
    .1227159
    .0912244
    .0582131
    .0354733
    .0207362
   -.0552506
   -.0881626
   -.1120380
   -.1235683
   -.1259104
   -.1319971
   -.0963409
   -.1285364
   -.1739163
   -.2599880
   -.3218700
   -.3397172
   -.3412609
   -.1566788
   -.1196621
   -.0791557
   -.0406496
   -.0085506
    .0217784
    .0483905
    .0605564
    .0565331
    .0375635
    .0021409
    .0530842
   -.0041404
    .0037147
   -.1384498
   -.1643296
   -.1894285
   -.2109284
   -.2225502
   -.2239287
   -.2200902
   -.2124156
   -.3879676
   -.3194780
   -.2695611
   -.1897230
   -.1513341
   -.1363878
   -.1222665
   -.1084855
   -.0933005
    .1796117
    .0648027
    .0941201
    .1482923
    .1368103
    .0882077
    .0125165
   -.0424446
   -.0645668
   -.1024844
   -.0546826
   -.0624516
   -.1748795
   -.1627370
   -.1520063
   -.0956262
   -.1044674
   -.1122651
   -.1180114
   -.1091735
   -.0871582
    .0524286
   -.0293717
    .0034846
    .0287407
    .0427938
    .0376030
    .0374164
    .0544947
    .0365687
    .0391103
    .0566935
    .0539453
    .0427017
    .0311469
    .0530384
   -.0147631
   -.0168820
    .0582251
    .1601252
    .1982068
    .1882134
    .1964902
    .2459845
    .3851566
    .4922647
    .4515969
    .3588359
    .3597999
    .3609227
    .2859010
    .1917305
    .0780517
   -.0587463
    .1725327
    .1696586
    .1541460
   -.2847631
   -.2199323
   -.1383934
    .0219450
   -.0126769
   -.0483060
   -.0843939
   -.1102548
   -.1245572
   -.1272523
   -.1180980
   -.1032031
   -.0233903
   -.0602266
   -.0361551
   -.0204263
   -.0114508
   -.0045272
    .0001457
   -.1309399
   -.1660323
   -.1912532
   -.1425222
   -.0580722
   -.0058050
   -.0065631
    .0048134
   -.0051195
   -.0101225
   -.0159527
   -.0217368
   -.0243780
   -.0236969
   -.0213020
   -.0151872
   -.0057432
    .0049176
    .0192650
    .0368202
    .0553999
    .0747411
    .0932072
    .1085868
    .1204597
    .1278718
    .1257534
    .1133010
    .0945059
    .0733408
    .2568245
    .2541796
    .2327462
    .0011581
   -.0087297
   -.0116243
   -.0657536
   -.1138847
   -.1391862
   -.1035759
   -.0441118
   -.0389070
    .0389616
    .0517207
    .0632074
    .0707587
    .0751700
    .0759786
    .0707393
    .0656160
    .0614515
    .0530434
    .0413534
    .0276418
    .0145912
    .0015047
   -.0140788
   -.0303711
   -.0445614
   -.0522398
   -.0566386
   -.0666429
   -.0773098
   -.0796782
   -.0721453
   -.0597359
   -.0453074
   -.0220787
    .0060378
    .0293288
    .0454626
    .0514004
    .0481863
    .0378492
    .0182578
    .0120664
   -.0516635
   -.1354681
   -.2244369
   -.1142997
   -.1085651
   -.0945430
   -.3330632
   -.2558707
   -.2522589
   -.2515579
   -.1285500
   -.1385970
   -.1429927
    .1013581
    .0743643
    .0405335
    .0245755
    .0353174
    .1165208
    .1826336
    .2454158
    .2581583
   -.0351118
   -.0101177
    .0100940
    .0207963
   -.1390501
   -.2235982
   -.3748384
   -.4844551
   -.4750945
   -.4323922
   -.4195620
   -.3270752
   -.0194265
   -.0206071
   -.0141778
    .0042009
    .2906966
   -.0123983
   -.0365062
   -.0683874
   -.1044463
   -.1314133
   -.1464266
   -.1534979
   -.2355813
   -.2758180
   -.1076125
   -.0953494
   -.0797325
   -.0601799
   -.2030987
   -.0927865
    .0207241
    .0173427
    .0267026
    .0271792
    .0240516
    .1564062
    .0973361
    .0532526
   -.0139706
   -.0241334
   -.0293510
   -.0387512
   -.0370403
   -.0412648
   -.0433131
   -.1169259
   -.1273391
   -.1309832
   -.1147996
   -.0175401
   -.0354616
    .0144756
    .0644481
    .1059398
    .1238853
    .1353618
    .1675608
    .1940309
    .1895141
    .1636573
    .0706703
    .0794550
    .0847977
    .0842834
    .0794875
    .0719959
    .0630339
    .0563871
    .0514374
    .0471048
    .0429893
    .0365908
    .0280003
    .1269320
    .1593596
    .1788280
    .1719449
    .1432157
    .1104821
    .0795118
    .0423101
   -.0017776
   -.0435176
   -.0797146
   -.1059368
    .0013781
    .0063135
    .0086980
    .0122337
    .0206768
    .0321961
    .0455177
    .0583225
    .0677260
    .1694780
    .2118324
    .0731051
    .0647162
    .0548943
    .1781334
    .0963017
    .0474575
    .0275820
   -.0282161
   -.0866522
    .0066872
   -.1532231
   -.1507018
   -.1123138
   -.0968778
   -.0895049
   -.0548357
   -.0192806
    .0163709
    .0324456
    .0398323
    .0452734
    .1334078
    .1316730
    .1462049
    .1624579
    .1566135
    .1315690
    .0887183
    .0198010
    .0102702
    .0025175
   -.0594583
   -.0709874
   -.0956418
   -.1112074
   -.1047275
   -.1066621
   -.0932964
   -.0000839
    .0061513
    .0036762
    .0198317
    .0410094
    .0577344
    .0577961
    .0667712
    .0320734
    .0328356
    .0329011
    .0840391
    .0816622
    .0294987
    .0257777
    .0209242
    .0160285
   -.0667630
   -.0896709
   -.1110451
   -.1214798
    .0029354
    .0030940
   -.0520883
   -.0220811
    .0025377
    .0449729
    .0261718
    .0384642
    .0504734
    .2392163
    .2492208
    .0756176
    .0772182
    .0722136
    .0610851
    .0471926
    .0322767
   -.1026766
   -.1119389
   -.1197100
   -.1085598
   -.0925998
   -.0758218
   -.0560753
   -.0479228
   -.0381218
   -.0136003
   -.0089404
    .0015327
    .0115642
    .0205797
    .0282393
    .0339976
    .0362048
    .0323438
    .0249850
    .0167510
   -.0225723
   -.0371073
   -.0467680
   -.0180946
   -.0256438
   -.0320607
   -.0365197
   -.0400198
   -.0442057
   -.0472473
   -.0473855
   -.0449514
   -.0410464
   -.0375120
   -.0348771
   -.0320147
   -.0283222
   -.0244278
   -.0212194
   -.0188958
   -.0694863
   -.0720875
   -.0688176
   -.0639349
   -.0576918
   -.0475015
   -.0346060
   -.0235728
   -.0148952
   -.0051439
   -.0168107
   -.0149655
   -.0130854
   -.0105953
   -.0067602
   -.0027574
    .0026483
    .0090817
    .0143290
    .0191824
    .0236835
    .0262249
    .0273348
    .0269756
    .0248224
    .0222354
    .0082717
    .0242154
    .0325379
    .0185207
    .0222083
    .0309929
    .0364276
    .0432076
    .0486329
    .0523752
    .0548568
    .0672212
    .0430731
    .0452107
    .0348042
    .0141466
    .0028303
    .0161794
    .0287099
    .0266580
    .0406512
    .1048708
    .0973434
    .0881336
    .0778537
    .0677791
    .0593852
    .0538401
    .0489545
    .0419276
    .0365050
    .0334944
    .0326350
    .0349559
   -.0075343
    .0435788
    .0493746
    .0545953
    .0586968
    .0631544
    .0677027
    .0714609
    .0739808
    .0756404
    .1424331
    .1518827
    .1878085
    .2084650
    .1965476
    .1738190
    .1657283
    .1719070
    .1694445
    .1535697
    .1348051
    .1140124
    .0928603
    .0770490
    .0559738
    .0217942
   -.0113240
   -.0349927
    .0532558
    .0461038
   -.0631574
   -.0475755
   -.0393768
   -.0262335
   -.0096874
   -.0136043
   -.0116188
    .0304416
    .0440112
    .0687963
    .1013388
    .1221698
    .1253259
    .1074827
    .0422916
    .0455072
    .0437249
   -.0208127
   -.0261388
   -.0338432
   -.0200262
    .0220859
    .0176822
    .0221606
    .0238697
    .0088291
    .0095297
    .0137983
    .0738472
    .0796833
    .1034719
    .1305042
    .1396658
    .0342539
    .0366250
    .0384887
    .0393767
    .0393936
    .0389392
    .0376602
   -.0263636
   -.0227246
   -.0223195
   -.0044996
    .0216209
    .0164104
    .0121282
    .0061739
   -.0011689
   -.0075314
   -.0113930
    .0336803
    .0466085
    .0753821
   -.0008935
    .0021838
    .0065683
    .0107659
    .0104285
   -.0040604
   -.0133251
   -.0176973
   -.0207413
   -.0206435
   -.0238999
   -.0247661
   -.0379105
   -.0517216
   -.0317070
   -.0127065
   -.0016392
    .0012536
    .0262922
    .0578861
    .0601289
    .0379387
    .0262278
    .0425094
    .0559867
    .0218498
    .0300166
    .0362016
    .0383930
   -.0029130
   -.0012830
   -.0059877
    .0275212
   -.0229307
   -.0208905
   -.0135331
   -.0095699
   -.0075020
    .0072497
   -.0295693
   -.0385998
   -.0418772
   -.0430204
   -.0384466
   -.0338633
   -.0265079
   -.0221640
   -.0159011
   -.0426662
   -.0546768
   -.0078417
    .0001258
    .0055307
   -.0273642
   -.0101687
    .0188267
    .0154193
    .0159362
    .0131731
    .0148211
    .0095125
    .0066949
    .0346055
    .0179502
    .0094151
   -.0157871
   -.0237654
   -.0265225
   -.0334616
   -.0354244
   -.0829774
   -.0750294
   -.0664702
   -.0523616
   -.0493292
   -.0252649
   -.0201874
   -.0089235
   -.0046149
    .0294481
    .0413335
    .0554379
    .0701363
    .0901547
    .0910521
    .0719890
    .0025665
    .0022689
    .0131346
   -.0124758
   -.0301217
   -.0394509
   -.0423702
   -.0500739
   -.0630175
   -.0609917
   -.0449755
   -.0188962
   -.0220278
   -.0240673
   -.0264026
   -.0269437
   -.0076327
    .0079260
    .0244200
   -.0045978
    .0024453
    .0077942
    .0281071
    .0344105
    .0213788
    .0237235
    .0240931
    .0186676
    .0236161
    .0229444
    .0217055
    .0203331
    .0225185
    .0174921
    .0171757
    .0497586
    .0651656
    .0661602
    .0629172
    .0684847
    .0246036
    .0279939
    .0316861
    .0340945
    .0365912
    .0389012
    .0230959
    .0359056
    .0297027
    .0221225
   -.0433366
   -.0443576
   -.0326994
   -.0099712
    .0081991
    .0180613
    .0300944
    .0424289
    .0545921
    .0668614
   -.0086892
   -.0087100
    .0535635
    .0291037
    .0097303
    .0007787
   -.0056544
   -.0178647
   -.0316762
   -.0052450
   -.0056415
   -.0053957
   -.0332632
   -.0266114
   -.0225264
   -.0190925
   -.0169210
   -.0146122
   -.0141892
   -.0165145
   -.0063699
   -.0098897
   -.0130433
   -.0126190
   -.0271880
   -.0150572
   -.0201633
   -.0219188
   -.0233514
   -.0272583
   -.0304465
   -.0319203
   -.0336191
   -.0362017
   -.0398425
   -.0420341
   -.0394760
   -.0322268
   -.0318856
   -.0391038
   -.0374647
   -.0351915
   -.0344903
   -.0329982
   -.0323255
   -.0304459
   -.0295762
   -.0317785
   -.0330809
   -.0300100
   -.0246302
   -.0328506
   -.0280876
   -.0342423
   -.0276886
   -.0338094
   -.0264646
   -.0318168
   -.0246182
   -.0308395
   -.0235849
   -.0305598
   -.0239128
   -.0317562
   -.0241534
   -.0324046
   -.0242517
   -.0347789
   -.0343528
   -.0461798