    .0082496
    .0083857
    .0122442
    .0153145
    .0129545
    .0057294
   -.0035313
   -.0083817
   -.0073428
   -.0017142
    .0046679
    .0101620
    .0139066
    .0167269
    .0200503
    .0241670
    .0278175
    .0286669
    .0249461
    .0169944
    .0078394
    .0005099
   -.0023285
   -.0021521
   -.0032100
   -.0061831
   -.0126495
   -.0255794
   -.0425175
   -.0569078
   -.0641291
   -.0622789
   -.0528539
   -.0383472
   -.0211295
   -.0011372
    .0203408
    .0419186
    .0608524
    .0740783
    .0792045
    .0762911
    .0667831
    .0525707
    .0351018
    .0163401
   -.0011610
   -.0152136
   -.0245302
   -.0285652
   -.0280321
   -.0247661
   -.0217621
   -.0195905
   -.0166427
   -.0114754
   -.0050725
    .0012378
    .0063704
    .0105284
    .0146402
    .0202797
    .0280459
    .0371353
    .0451614
    .0498634
    .0506662
    .0486067
    .0445615
    .0389630
    .0318506
    .0242959
    .0167612
    .0088070
   -.0001885
   -.0094693
   -.0176482
   -.0227711
   -.0232796
   -.0184990
   -.0110938
   -.0043895
   -.0004647
    .0001968
   -.0026833
   -.0079664
   -.0115900
   -.0068530
    .0095565
    .0326199
    .0546743
    .0710093
    .0752040
    .0651920
    .0457155
    .0237598
    .0042346
   -.0106293
   -.0215645
   -.0308575
   -.0408928
   -.0511895
   -.0594643
   -.0634131
   -.0615804
   -.0529881
   -.0378243
   -.0174718
    .0053920
    .0266700
    .0418757
    .0475305
    .0417278
    .0253470
    .0021194
   -.0218299
   -.0403360
   -.0494723
   -.0481959
   -.0378451
   -.0219745
   -.0047909
    .0107760
    .0244046
    .0377575
    .0528466
    .0702981
    .0882133
    .1020497
    .1061244
    .0976068
    .0785060
    .0536634
    .0276656
    .0024892
   -.0221113
   -.0467722
   -.0705180
   -.0899664
   -.1000214
   -.0972737
   -.0829062
   -.0632587
   -.0454834
   -.0329691
   -.0233491
   -.0110527
    .0079193
    .0323896
    .0568469
    .0749286
    .0824618
    .0785031
    .0658653
    .0493989
    .0329572
    .0172000
    .0003514
   -.0186214
   -.0380325
   -.0547366
   -.0664276
   -.0727884
   -.0742248
   -.0704053
   -.0604503
   -.0436548
   -.0215335
    .0012479
    .0188744
    .0266994
    .0222223
    .0059735
   -.0192579
   -.0490475
   -.0786913
   -.1053519
   -.1287088
   -.1488007
   -.1644375
   -.1739927
   -.1762729
   -.1705789
   -.1574370
   -.1382804
   -.1156878
   -.0940581
   -.0781888
   -.0697355
   -.0661869
   -.0640178
   -.0641228
   -.0674781
   -.0706502
   -.0713901
   -.0701403
   -.0683698
   -.0671137
   -.0669330
   -.0679312
   -.0699831
   -.0731674
   -.0779315
   -.0826725
   -.0820839
   -.0785506
   -.0713680
   -.0572957
   -.0381313
   -.0159384
    .0084857
    .0350054
    .0634251
    .0937425
    .1254099
    .1574441
    .1890624
    .2198762
    .2494600
    .2775131
    .3050433
    .3326636
    .3600917
    .3864077
    .4100034
    .4298503
    .4463837
    .4601588
    .4711078
    .4785734
    .4817551
    .4801531
    .4731492
    .4610386
    .4459259
    .4306638
    .4169604
    .4051750
    .3959663
    .3895698
    .3852907
    .3828288
    .3817718
    .3808498
    .3785652
    .3744757
    .3679119
    .3573441
    .3411050
    .3164202
    .2803580
    .2344805
    .1836695
    .1308643
    .0846422
    .0213241
   -.0375521
   -.0824098
   -.1005535
   -.1453415
   -.1807194
   -.2126762
   -.2229888
   -.2205369
   -.1916464
   -.1538464
   -.1427016
   -.0903081
    .0061209
    .0737247
    .2449542
    .3003129
    .3243896
    .3301854
    .3393912
    .3307193
    .3214998
    .2935838
    .2516610
    .1862611
    .1131104
    .0407570
   -.1566169
   -.2189399
   -.2676893
   -.3032956
   -.3672454
   -.2605797
   -.2585290
   -.3083211
   -.2900500
   -.2909956
   -.2358826
   -.3139037
   -.3445115
   -.3688088
   -.4015823
   -.4237317
   -.5369791
   -.6136398
   -.6246617
   -.6840724
   -.7917185
   -.7304316
   -.7206731
   -.6783195
   -.5776320
   -.4168490
   -.3307235
   -.0925841
   -.0077895
    .0522587
    .0996591
    .1124426
    .0830069
    .0451543
   -.1090682
   -.1744967
   -.2770482
   -.3343845
   -.3819172
   -.4259930
   -.5167794
   -.5381466
   -.5677035
   -.6047599
   -.6069510
   -.5691325
   -.5979193
   -.4479452
   -.3970138
   -.2445866
   -.2203300
   -.2292437
   -.1549542
   -.1082619
   -.0698702
   -.0521798
    .0208039
    .0477160
    .0783494
    .0757533
    .0867325
    .0802539
    .0235704
   -.0023029
    .0059363
    .0262588
    .0121697
   -.0320350
    .0371848
    .0181110
   -.0039021
    .0302023
    .0438984
    .0422921
    .0102126
    .0148584
    .0184352
    .0227168
    .0363418
    .1048603
    .1400904
    .1872889
    .2038612
    .1693040
    .2056414
    .1953716
    .2163374
    .2166322
    .2259808
    .2592753
    .2750372
    .2979306
    .3011300
    .3292481
    .3215664
    .3471801
    .3433643
    .3305905
    .3128591
    .2669658
    .2218311
    .1500846
    .0936548
    .0408941
   -.0510850
   -.1160574
   -.1637661
   -.1911375
   -.2337758
   -.2501885
   -.2506994
   -.2481715
   -.2471378
   -.2425854
   -.2306029
   -.2249750
   -.2128262
   -.1801133
   -.1648970
   -.1507986
   -.1113860
   -.0973433
   -.0603405
   -.0452242
   -.0264682
   -.0206372
   -.0164505
   -.0105634
    .0048338
    .0034780
    .0009242
   -.0077618
   -.0170251
   -.0356546
   -.0466149
   -.0703741
   -.0849542
   -.1132492
   -.1622933
   -.1727317
   -.1703783
   -.1710369
   -.1671038
   -.1603268
   -.1504765
   -.1392445
   -.1207402
   -.1073442
   -.0896119
   -.0731496
   -.0574421
   -.0346304
   -.0101631
    .0010987
    .0187184
    .0384189
    .0458494
    .0453684
    .0442726
    .0263255
    .0207069
   -.0022079
   -.0021463
    .0060360
    .0148175
    .0245149
    .0323572
    .0374080
    .0363964
    .0466337
    .0603021
    .0725360
    .0850953
    .0911539
    .1009106
    .0990394
    .0992276
    .1007908
    .0977791
    .0992110
    .1053542
    .1114624
    .1180035
    .1236606
    .1271765
    .1350694
    .1392310
    .1442532
    .1483207
    .1538791
    .1554135
    .1561079
    .1555521
    .1584341
    .1604774
    .1618017
    .1629429
    .1631565
    .1635695
    .1617334
    .1606233
    .1528674
    .1513474
    .1474398
    .1501888
    .1538227
    .1625216
    .1666393
    .1718757
    .1772125
    .1838005
    .1910865
    .1967383
    .2021608
    .2090047
    .2141548
    .2223487
    .2288788
    .2335990
    .2351897
    .2362358
    .2400458
    .2477234
    .2494429
    .2498138
    .2345050
    .2188875
    .2065705
    .1942598
    .1641304
    .1432864
    .1237661
    .1189444
    .1277962
    .1195900
    .1120218
    .1457965
    .1652807
    .1660167
    .1519459
    .1436663
    .1419069
    .1319431
    .1232796
    .1116329
    .0939369
    .0721291
    .0530904
    .0475433
    .0348679
    .0172125
    .0330195
    .0410318
    .0362053
    .0301843
    .0404517
    .0342607
    .0216101
    .0034328
    .0418056
    .0502940
    .0772984
    .0959628
    .1049493
    .1019596
    .0848337
    .0680787
    .0504130
    .0232801
    .0071896
   -.0571802
   -.1335997
   -.1693740
   -.1992239
   -.2075893
   -.2130397
   -.2132963
   -.2016529
   -.1895661
   -.1607904
   -.1395391
   -.1016037
   -.0844715
   -.0638893
   -.0448008
   -.0277618
   -.0171805
   -.0438950
   -.0456405
   -.0551790
   -.0355812
   -.0392415
   -.0434921
   -.0468248
   -.0627971
   -.0700551
   -.0740870
   -.0760554
   -.0840165
   -.0963015
   -.1094643
   -.1156077
   -.1214564
   -.1254702
   -.1291263
   -.1352462
   -.1452706
   -.1428310
   -.1391196
   -.1309185
   -.1235665
   -.1168599
   -.1100822
   -.0904823
   -.0775937
   -.0649639
   -.0582710
   -.0458938
   -.0366911
   -.0323451
   -.0263308
   -.0172524
   -.0089436
   -.0008126
    .0086101
    .0115942
    .0135881
    .0351506
    .0452368
    .0580838
    .0684925
    .0885139
    .1094011
    .1129051
    .1044711
    .1119652
    .0646790
    .0651925
    .0629544
    .0570948
    .0457899
   -.0082496
   -.0279890
   -.0435722
   -.0559244
   -.0631560
   -.0674935
   -.0619901
   -.0572400
   -.0514640
   -.0302523
    .0089797
    .0396297
    .0663952
    .0808994
    .0928781
    .1045175
    .1334672
    .1383769
    .1632711
    .1719760
    .2038175
    .2001248
    .2042939
    .1948662
    .1868462
    .1662283
    .1568694
    .1479499
    .1358152
    .1118851
    .1037078
    .0447684
    .0268590
    .0123203
    .0021082
   -.0027263
    .0065532
    .0130954
    .0284697
    .0548995
    .0709525
    .0856685
    .1268906
    .1551465
    .1905008
    .2008734
    .2059616
    .2078629
    .2046222
    .1951907
    .1842300
    .1628141
    .1456797
    .1279186
    .0966999
    .0766157
    .0546652
    .0405372
    .0272196
    .0185440
    .0120186
    .0237340
    .0169200
    .0051145
    .0293188
    .0161677
    .0090122
    .0042107
   -.0003563
   -.0049074
   -.0107858
   -.0143233
   -.0268095
   -.0307470
   -.0431386
   -.0442539
   -.0384160
   -.0426431
   -.0456200
   -.0465806
   -.0510257
   -.0534955
   -.0512492
   -.0477550
   -.0333366
   -.0257224
    .0005539
   -.0012010
   -.0122082
   -.0213113
   -.0443693
   -.0539700
   -.0796228
   -.0975945
   -.1126148
   -.1279056
   -.1490149
   -.1607326
   -.1832350
   -.2091106
   -.2203580
   -.2306587
   -.2384695
   -.2383882
   -.2353483
   -.2298580
   -.2131649
   -.1964036
   -.1852756
   -.1674956
   -.1561663
   -.1407531
   -.1238004
   -.1094496
   -.0983120
   -.0861045
   -.0775155
   -.0659743
   -.0490837
   -.0416496
   -.0328665
   -.0283252
   -.0224876
   -.0174485
   -.0112686
   -.0040651
   -.0010651
   -.0007110
    .0029280
   -.0091944
   -.0071263
   -.0036615
   -.0007880
    .0014391
    .0063757
    .0096694
    .0084131
    .0073092
    .0093050
    .0095063
    .0114557
    .0140305
    .0160310
    .0133582
    .0131689
    .0071894
    .0067737
    .0050606
    .0029100
    .0045433
    .0050538
    .0035380
    .0074674
    .0024885
   -.0015897
   -.0018877
   -.0070269
   -.0115641
   -.0053306
   -.0044869
   -.0075291
   -.0086393
   -.0105767
   -.0147355
   -.0163205
   -.0316556
   -.0370670
   -.0460219
   -.0592340
   -.0663553
   -.0746074
   -.0803061
   -.0870231
   -.0874761
   -.0857457
   -.0872931
   -.0872975
   -.0785400
   -.0616256
   -.0538257
   -.0487474
   -.0447809
   -.0445232
   -.0401942
   -.0409374
   -.0435578
   -.0470353
   -.0511630
   -.0560631
   -.0631476
   -.0742815
   -.0850569
   -.0968645
   -.1009009
   -.1007309
   -.1019195
   -.1007287
   -.1023965
   -.1060538
   -.1014853
   -.1034323
   -.1037370
   -.1049670
   -.1064930
   -.1124530
   -.1136481
   -.1144722
   -.1116539
   -.1092930
   -.1066182
   -.1029733
   -.0987252
   -.0949597
   -.0901645
   -.0851970
   -.0790320
   -.0725416
   -.0679759
   -.0633485
   -.0596909
   -.0543415
   -.0488286
   -.0441088
   -.0399907
   -.0353296
   -.0306395
   -.0266766
   -.0255653
   -.0239200
   -.0193757
   -.0166290
   -.0114664
   -.0062144
   -.0015938
    .0037392
    .0053344
    .0106566
    .0177227
    .0243275
    .0276649
    .0337592
    .0396337
    .0470241
    .0543728
    .0616304
    .0691553
    .0771470
    .0882075
    .0963410
    .1036980
    .1092202
    .1154693
    .1189670
    .1206572
    .1217848
    .1231456
    .1226637
    .1209254
    .1181038
    .1125091
    .1085638
    .1023989
    .0958434
    .0906831
    .0867061
    .0816505
    .0771258
    .0714534
    .0661209
    .0609118
    .0553036
    .0506858
    .0467557
    .0437680
    .0419028
    .0404725
    .0391387
    .0374440
    .0347112
    .0344521
    .0341338
    .0327258
    .0319367
    .0328021
    .0327075
    .0323661
    .0315483
    .0299155
    .0332378
    .0351125
    .0339555
    .0326434
    .0301363
    .0295601
    .0260899
    .0220952
    .0139433
    .0079682
   -.0004433
   -.0060571
   -.0138442
   -.0242051
   -.0329137
   -.0442476
   -.0551109
   -.0589722
   -.0642177
   -.0694595
   -.0713551
   -.0749712
   -.0788658
   -.0787248
   -.0800766
   -.0834577
   -.0841955
   -.0842099
   -.0743539
   -.0686298
   -.0635193
   -.0561723
   -.0484105
   -.0405347
   -.0292162
   -.0191561
   -.0230669
   -.0192251
   -.0314674
   -.0425579
   -.0485196
   -.0476701
   -.0404696
   -.0037705
    .0188512
    .0279518
    .0391526
    .0441760
    .0509842
    .0583449
    .0626698
    .0662810
    .0697940
    .0789891
    .0708511
    .0748389
    .0729415
    .0801930
    .0863702
    .0937490
    .0999965
    .1105729
    .1210048
    .1307727
    .1429509
    .1491747
    .1691248
    .1669398
    .1647562
    .1578137
    .1490251
    .1361160
    .1284443
    .1157485
    .1059789
    .0941565
    .0810303
    .0610222
    .0551699
    .0476877
    .0444396
    .0418940
    .0410533
    .0405183
    .0397137
    .0390534
    .0404798
    .0462361
    .0468495
    .0463909
    .0453785
    .0473205
    .0467997
    .0472323
    .0479939
    .0482361
    .0467600
    .0430386
    .0422591
    .0411574
    .0401323
    .0383948
    .0363298
    .0334933
    .0305416
    .0297163
    .0293976
    .0301881
    .0297472
    .0286717
    .0277925
    .0279276
    .0278682
    .0271011
    .0265440
    .0258105
    .0251664
    .0245257
    .0250608
    .0268365
    .0302619
    .0314404
    .0340321
    .0362476
    .0384796
    .0400921
    .0409085
    .0409943
    .0412673
    .0424682
    .0435981
    .0434998
    .0415563
    .0420688
    .0429430
    .0439128
    .0445545
    .0452479
    .0487913
    .0539568
    .0626166
    .0689714
    .0745922
    .0805075
    .0865614
    .0924330
    .0986238
    .1030065
    .1069919
    .1111402
    .1146454
    .1172677
    .1194298
    .1221084
    .1234035
    .1236545
    .1233847
    .1226260
    .1218286
    .1200027
    .1162739
    .1115380
    .1066059
    .1013168
    .0949272
    .0880024
    .0800051
    .0717907
    .0648510
    .0569666
    .0496591
    .0417123
    .0340841
    .0269495
    .0208854
    .0160503
    .0104318
    .0044663
   -.0029071
   -.0089049
   -.0140351
   -.0190453
   -.0244446
   -.0292123
   -.0333816
   -.0359970
   -.0399530
   -.0434586
   -.0486744
   -.0535478
   -.0567275
   -.0582206
   -.0599039
   -.0611115
   -.0612824
   -.0628811
   -.0646996
   -.0665612
   -.0677835
   -.0694293
   -.0718233
   -.0741996
   -.0778765
   -.0816626
   -.0858292
   -.0891128
   -.0939507
   -.0989889
   -.1054365
   -.1112584
   -.1170255
   -.1212162
   -.1259211
   -.1302119
   -.1337105
   -.1362456
   -.1373748
   -.1371858
   -.1362319
   -.1348001
   -.1327996
   -.1301672
   -.1271352
   -.1239944
   -.1197680
   -.1141775
   -.1086976
   -.1041947
   -.0989636
   -.0934543
   -.0879944
   -.0814994
   -.0748944
   -.0687272
   -.0627682
   -.0568104
   -.0510984
   -.0462245
   -.0422558
   -.0390905
   -.0362114
   -.0325528
   -.0278200
   -.0220323
   -.0152256
   -.0092011
   -.0047925
   -.0022680
   -.0012450
   -.0011124
   -.0018213
   -.0033183
   -.0050932
   -.0065961
   -.0073371
   -.0074405
   -.0059121
   -.0029332
   -.0001470
    .0021502
    .0043184
    .0068573
    .0100411
    .0127716
    .0147390
    .0162080
    .0175391
    .0199797
    .0228710
    .0252320
    .0271559
    .0291861
    .0322833
    .0360931
    .0400365
    .0437250
    .0470556
    .0510753
    .0554201
    .0589934
    .0614294
    .0628951
    .0656578
    .0684508
    .0706707
    .0724092
    .0739362
    .0751879
    .0775313
    .0788578
    .0792065
    .0783863
    .0760577
    .0727310
    .0704075
    .0667226
    .0614843
    .0547859
    .0472961
    .0393665
    .0311800
    .0232330
    .0158314
    .0089481
    .0027595
   -.0029497
   -.0083614
   -.0136521
   -.0186702
   -.0230240
   -.0263935
   -.0299206
   -.0332237
   -.0356155
   -.0375101
   -.0382973
   -.0382813
   -.0379393
   -.0382657
   -.0397197
   -.0415424
   -.0431452
   -.0446072
   -.0457349
   -.0466480
   -.0478079
   -.0491214
   -.0502449
   -.0510643
   -.0511081
   -.0498583
   -.0475290
   -.0445464
   -.0411960
   -.0376989
   -.0339331
   -.0294974
   -.0246911
   -.0204212
   -.0168312
   -.0129612
   -.0087094
   -.0035197
    .0019686
    .0060468
    .0087624
    .0109668
    .0129669
    .0138593
    .0139026
    .0130774
    .0116285
    .0097317
    .0084182
    .0073146
    .0055871
    .0032875
    .0005203
   -.0012455
   -.0034441
   -.0067493
   -.0109959
   -.0151477
   -.0182808
   -.0212169
   -.0240870
   -.0267745
   -.0291625
   -.0302700
   -.0307814
   -.0314287
   -.0319844
   -.0318691
   -.0312437
   -.0305734
   -.0295792
   -.0278598
   -.0263615
   -.0251383
   -.0239184
   -.0224438
   -.0205596
   -.0182805
   -.0157658
   -.0132143
   -.0107028
   -.0073547
   -.0035768
   -.0000976
    .0031502
    .0066862
    .0104702
    .0139234
    .0172776
    .0207117
    .0241233
    .0269709
    .0292744
    .0315000
    .0347522
    .0388555
    .0427422
    .0463538
    .0503616
    .0545522
    .0579465
    .0599265
    .0620669
    .0637533
    .0637100
    .0616887
    .0585220
    .0568649
    .0546317
    .0541278
    .0537045
    .0518328
    .0491215
    .0461537
    .0436954
    .0420388
    .0409952
    .0407864
    .0417642
    .0435145
    .0454169
    .0472207
    .0487324
    .0499984
    .0514396
    .0532348
    .0553933
    .0578626
    .0603616
    .0627523
    .0650711
    .0674353
    .0697061
    .0718651
    .0740576
    .0764021
    .0787633
    .0809432
    .0829622
    .0851805
    .0877682
    .0906977
    .0933719
    .0953050
    .0968815
    .0990844
    .1023326
    .1058621
    .1085870
    .1101096
    .1106925
    .1106483
    .1101842
    .1095705
    .1090276
    .1082852
    .1070252
    .1053943
    .1032778
    .1006047
    .0979502
    .0956099
    .0929081
    .0892269
    .0851901
    .0819191
    .0785091
    .0739094
    .0686267
    .0635488
    .0585673
    .0533605
    .0479566
    .0426568
    .0377539
    .0333865
    .0295160
    .0261492
    .0230284
    .0201946
    .0181756
    .0174774
    .0179960
    .0192194
    .0206970
    .0227898
    .0258333
    .0295561
    .0331765
    .0351624
    .0344547
    .0323420
    .0312769
    .0318238
    .0323085
    .0330648
    .0335921
    .0334393
    .0327746
    .0319247
    .0312896
    .0309603
    .0304580
    .0295518
    .0281423
    .0262199
    .0240602
    .0216139
    .0183334
    .0142079
    .0092612
    .0035118
   -.0030540
   -.0103537
   -.0175764
   -.0236902
   -.0297359
   -.0357236
   -.0413266
   -.0464759
   -.0498992
   -.0521185
   -.0541292
   -.0560902
   -.0580911
   -.0596692
   -.0604910
   -.0613832
   -.0630515
   -.0650286
   -.0667339
   -.0679295
   -.0687726
   -.0693015
   -.0696205
   -.0700000
   -.0701454
   -.0689423
   -.0677351
   -.0670800
   -.0667394
   -.0656383
   -.0638052
   -.0621567
   -.0607467
   -.0593914
   -.0581865
   -.0573839
   -.0565209
   -.0554157
   -.0546732
   -.0540520
   -.0534160
   -.0533975
   -.0550957
   -.0575283
   -.0583041
   -.0595774
   -.0597807
   -.0605434
   -.0634071
   -.0677526
   -.0724579
   -.0759305
   -.0793388
   -.0813568
   -.0822842
   -.0841894
   -.0872186
   -.0903768
   -.0929471
   -.0942934
   -.0946838
   -.0937299
   -.0909802
   -.0879172
   -.0851346
   -.0820724
   -.0784308
   -.0742472
   -.0697655
   -.0652416
   -.0604488
   -.0548927
   -.0485297
   -.0417987
   -.0345044
   -.0266958
   -.0194858
   -.0136152
   -.0098358
   -.0080988
   -.0066024
   -.0022240
    .0026351
    .0081907
    .0125174
    .0150977
    .0176423
    .0203608
    .0225441
    .0238548
    .0245859
    .0251435
    .0253244
    .0249982
    .0245157
    .0239062
    .0232440
    .0223840
    .0218192
    .0223520
    .0231308
    .0230640
    .0225732
    .0223552
    .0213760
    .0207254
    .0204839
    .0201719
    .0198116
    .0195596
    .0197315
    .0204702
    .0218436
    .0236242
    .0259396
    .0288824
    .0319234
    .0348396
    .0375808
    .0398727
    .0422565
    .0449165
    .0473019
    .0495193
    .0511266
    .0519441
    .0522380
    .0522316
    .0529690
    .0544026
    .0549753
    .0546838
    .0538751
    .0526204
    .0510147
    .0497764
    .0483552
    .0466695
    .0447462
    .0425273
    .0394211
    .0350201
    .0303012
    .0267795
    .0226531
    .0195206
    .0156217
    .0108850
    .0059939
    .0013074
   -.0029960
   -.0072107
   -.0116129
   -.0153170
   -.0166626
   -.0163641
   -.0153051
   -.0140791
   -.0146401
   -.0157080
   -.0164336
   -.0163167
   -.0166943
   -.0184130
   -.0211446
   -.0244781
   -.0272700
   -.0296068
   -.0319182
   -.0341250
   -.0356533
   -.0364482
   -.0355000
   -.0335922
   -.0314828
   -.0286492
   -.0250001
   -.0207740
   -.0162321
   -.0113512
   -.0062895
   -.0005819
    .0062776
    .0138494
    .0206107
    .0273919
    .0332563
    .0387299
    .0433907
    .0470627
    .0495801
    .0515202
    .0532581
    .0536206
    .0520312
    .0501131
    .0514483
    .0530592
    .0548678
    .0560046
    .0541122
    .0518975
    .0506343
    .0488282
    .0470666
    .0453442
    .0438209
    .0425677
    .0416776
    .0411321
    .0406846
    .0402494
    .0398440
    .0395822
    .0396594
    .0398167
    .0394569
    .0386914
    .0393856
    .0403588
    .0412285
    .0425218
    .0443163
    .0465475
    .0484311
    .0512883
    .0537053
    .0552775
    .0561734
    .0573312
    .0596094
    .0614134
    .0622897
    .0626063
    .0631260
    .0634405
    .0631900
    .0622510
    .0606010
    .0585073
    .0557447
    .0528936
    .0503786
    .0470461
    .0425505
    .0373123
    .0321023
    .0279136
    .0233733
    .0188328
    .0142804
    .0095390
    .0044397
   -.0006306
   -.0054058
   -.0096560
   -.0130419
   -.0154316
   -.0174932
   -.0193883
   -.0208732
   -.0217969
   -.0224461
   -.0223382
   -.0218821
   -.0217744
   -.0218634
   -.0217689
   -.0212386
   -.0199711
   -.0178577
   -.0154755
   -.0129803
   -.0104644
   -.0077310
   -.0049942
   -.0020262
    .0012813
    .0042479
    .0064165
    .0080860
    .0094922
    .0118723
    .0142207
    .0161074
    .0174263
    .0182925
    .0192712
    .0201015
    .0202577
    .0197178
    .0187622
    .0176825
    .0169533
    .0160698
    .0150124
    .0137560
    .0124587
    .0109626
    .0097633
    .0089102
    .0080879
    .0069916
    .0058129
    .0045080
    .0036902
    .0028997
    .0020139
    .0008229
   -.0003337
   -.0015297
   -.0025466
   -.0033662
   -.0036483
   -.0038704
   -.0041114
   -.0046787
   -.0051380
   -.0055002
   -.0054420
   -.0053741
   -.0050427
   -.0047425
   -.0042334
   -.0039970
   -.0036595
   -.0034303
   -.0029300
   -.0025860
   -.0019555
   -.0015752
   -.0010782
   -.0008425
   -.0003241
    .0000614
    .0007390
    .0011030
    .0016873
    .0019868
    .0026602
    .0031166
    .0038733
    .0042880
    .0049947
    .0053830
    .0061227
    .0065286
    .0072485
    .0076164
    .0083148
    .0086936
    .0094100
    .0097426
    .0103641
    .0106235
    .0112133
    .0114771
    .0120365
    .0122425
    .0127160
    .0128779
    .0132971
    .0134459
    .0138113
    .0139415
    .0142362
    .0143553
    .0145666
    .0146676
    .0147273
    .0147834
    .0146026
    .0145779
    .0138505
    .0133213
    .0109446
    .0092751