    .0082496
    .0083857
    .0122442
    .0153145
    .0129545
    .0057294
   -.0035313
   -.0083817
   -.0073428
   -.0017142
    .0046679
    .0101620
    .0139066
    .0167269
    .0200503
    .0241670
    .0278175
    .0286669
    .0249461
    .0169944
    .0078394
    .0005099
   -.0023285
   -.0021521
   -.0032100
   -.0061831
   -.0126495
   -.0255794
   -.0425175
   -.0569078
   -.0641291
   -.0622789
   -.0528539
   -.0383472
   -.0211295
   -.0011372
    .0203408
    .0419186
    .0608524
    .0740783
    .0792045
    .0762911
    .0667831
    .0525707
    .0351018
    .0163401
   -.0011610
   -.0152136
   -.0245302
   -.0285652
   -.0280321
   -.0247661
   -.0217621
   -.0195905
   -.0166427
   -.0114754
   -.0050725
    .0012378
    .0063704
    .0105284
    .0146402
    .0202797
    .0280459
    .0371353
    .0451614
    .0498634
    .0506662
    .0486067
    .0445615
    .0389630
    .0318506
    .0242959
    .0167612
    .0088070
   -.0001885
   -.0094693
   -.0176482
   -.0227711
   -.0232796
   -.0184990
   -.0110938
   -.0043895
   -.0004647
    .0001968
   -.0026833
   -.0079664
   -.0115900
   -.0068530
    .0095565
    .0326199
    .0546743
    .0710093
    .0752040
    .0651920
    .0457155
    .0237598
    .0042346
   -.0106293
   -.0215645
   -.0308575
   -.0408928
   -.0511895
   -.0594643
   -.0634131
   -.0615804
   -.0529881
   -.0378243
   -.0174718
    .0053920
    .0266700
    .0418757
    .0475305
    .0417278
    .0253470
    .0021194
   -.0218299
   -.0403360
   -.0494723
   -.0481959
   -.0378451
   -.0219745
   -.0047909
    .0107760
    .0244046
    .0377575
    .0528466
    .0702981
    .0882133
    .1020497
    .1061244
    .0976068
    .0785060
    .0536634
    .0276656
    .0024892
   -.0221113
   -.0467722
   -.0705180
   -.0899664
   -.1000214
   -.0972737
   -.0829062
   -.0632587
   -.0454834
   -.0329691
   -.0233491
   -.0110527
    .0079193
    .0323896
    .0568469
    .0749286
    .0824618
    .0785031
    .0658653
    .0493989
    .0329572
    .0172000
    .0003514
   -.0186214
   -.0380325
   -.0547366
   -.0664276
   -.0727884
   -.0742248
   -.0704053
   -.0604503
   -.0436548
   -.0215335
    .0012479
    .0188744
    .0266994
    .0222223
    .0059735
   -.0192579
   -.0490475
   -.0786913
   -.1053519
   -.1287088
   -.1488007
   -.1644375
   -.1739927
   -.1762729
   -.1705789
   -.1574370
   -.1382804
   -.1156878
   -.0940581
   -.0781888
   -.0697355
   -.0661869
   -.0640178
   -.0641228
   -.0674781
   -.0706502
   -.0713901
   -.0701403
   -.0683698
   -.0671137
   -.0669330
   -.0679312
   -.0699831
   -.0731674
   -.0779315
   -.0826725
   -.0820839
   -.0785506
   -.0713680
   -.0572957
   -.0381313
   -.0159384
    .0084857
    .0350054
    .0634251
    .0937425
    .1254099
    .1574441
    .1890624
    .2198762
    .2494600
    .2775131
    .3050433
    .3326636
    .3600917
    .3864077
    .4100034
    .4298503
    .4463837
    .4601588
    .4711078
    .4785734
    .4817551
    .4801531
    .4731492
    .4610386
    .4459259
    .4306638
    .4169604
    .4051750
    .3959663
    .3895698
    .3852907
    .3828288
    .3817718
    .3808498
    .3785652
    .3744757
    .3679119
    .3573441
    .3411050
    .3164202
    .2803580
    .2344805
    .1836695
    .1308643
    .0946918
    .0572766
    .0089491
   -.0334635
   -.0760868
   -.1210157
   -.1507451
   -.1662450
   -.1788998
   -.1751588
   -.1287524
   -.1019455
   -.0816554
   -.0156254
    .0354081
    .3548000
    .3794151
    .3884118
    .3855795
    .3883060
    .3451492
    .3211721
    .2977406
    .2386586
    .1759848
    .0892175
   -.1235551
   -.2976686
   -.3603586
   -.4211811
   -.4907821
   -.5381053
   -.5977727
   -.6478983
   -.6515693
   -.6642523
   -.6306929
   -.5504309
   -.5261201
   -.4679559
   -.4126325
   -.3639843
   -.2982376
   -.2464614
   -.2191688
   -.1760264
   -.1287185
   -.1090592
   -.0278970
   -.0396901
   -.0399908
   -.0827892
   -.0795396
   -.0965567
   -.3248707
   -.4588906
   -.5797008
   -.6679481
   -.7813986
   -.8274720
   -.8093252
   -.7801974
   -.7601329
   -.7236179
   -.6693598
   -.5220159
   -.4629817
   -.4232321
   -.3735975
   -.3589470
   -.3682913
   -.3620704
   -.3694328
   -.3557371
   -.3482017
   -.3245526
   -.2923722
   -.3195607
   -.2571209
   -.1948300
   -.1498238
   -.1035401
    .0101501
    .0413106
    .0785521
    .1195237
    .1138655
    .1518674
    .1294479
    .1394145
    .1361907
    .1026623
    .0741372
    .0378677
   -.0589942
   -.1044038
   -.2020214
   -.2695017
   -.3059629
   -.3081681
   -.2879022
   -.2526189
   -.2077965
   -.1147668
   -.0525036
    .0553531
    .1686545
    .2049931
    .2652020
    .3298901
    .3471911
    .3559471
    .3835833
    .3759400
    .3782784
    .3018349
    .2817298
    .2814657
    .2850590
    .2859036
    .2823208
    .2810839
    .2765062
    .2676946
    .2545261
    .2246409
    .2543373
    .2108869
    .1445571
    .0588708
    .0140157
   -.0314551
   -.0778520
   -.1464642
   -.1889910
   -.2158988
   -.2465046
   -.2777320
   -.2716167
   -.2378540
   -.2003954
   -.1837114
   -.1651766
   -.1398000
   -.0969624
   -.0579484
   -.0474955
   -.0268166
    .0005288
    .0056614
    .0102435
    .0158811
    .0154898
    .0171558
    .0079440
    .0037090
   -.0020532
   -.0425839
   -.0673433
   -.0814626
   -.1137585
   -.1226227
   -.1365634
   -.1450332
   -.1533806
   -.1622210
   -.1616505
   -.1644411
   -.1650307
   -.1723841
   -.1646870
   -.1537706
   -.1424809
   -.1380046
   -.1311677
   -.1229003
   -.1142863
   -.0908942
   -.0657215
   -.0556580
   -.0443252
   -.0274373
   -.0214951
   -.0111241
    .0055292
    .0216717
    .0338937
    .0583660
    .0696697
    .0783414
    .0531742
    .0598289
    .0464330
    .0362533
    .0113897
   -.0018629
   -.0029973
   -.0036289
   -.0010772
    .0084418
    .0166827
    .0276569
    .0428827
    .0568600
    .0712118
    .0835412
    .0987625
    .1115754
    .1256079
    .1461555
    .1594757
    .1665299
    .1721475
    .1774948
    .1754095
    .1737586
    .1685907
    .1619194
    .1575374
    .1517037
    .1474232
    .1442074
    .1400156
    .1345587
    .1287830
    .1239474
    .1220610
    .1199736
    .1197701
    .1218559
    .1254821
    .1323752
    .1449075
    .1569843
    .1685193
    .1807906
    .1905262
    .1980416
    .2048867
    .2118371
    .2175569
    .2260506
    .2310619
    .2392651
    .2464986
    .2525737
    .2574109
    .2572108
    .2392882
    .2304666
    .2103401
    .1755454
    .1519823
    .1265714
    .1039001
    .0874802
    .0810488
    .0828359
    .0736488
    .0822143
    .0940889
    .1017341
    .1273516
    .1368118
    .1551430
    .1690539
    .1714003
    .1695463
    .1753183
    .1706798
    .1709006
    .1081728
    .0873490
    .0923371
    .0673598
    .0537311
    .0497096
    .0456272
    .0755387
    .0890188
    .0992629
    .1183281
    .1176001
    .1113494
    .0987958
    .1068023
    .1153619
    .1139560
    .1096082
    .0821329
    .0528652
    .0197387
   -.0048539
   -.0356492
   -.1228744
   -.1577558
   -.1757779
   -.1825040
   -.1846939
   -.1629068
   -.1402928
   -.0775588
   -.0641741
   -.0078566
   -.0042902
    .0159924
    .0150533
    .0075617
   -.0012271
   -.0451668
   -.0513184
   -.0556013
   -.0578193
   -.0533481
   -.0558972
   -.0554270
   -.0538063
   -.0493223
   -.0478167
   -.0457301
   -.0253014
   -.0402695
   -.0655226
   -.0743521
   -.0854006
   -.1068484
   -.1244020
   -.1368145
   -.1552612
   -.1658683
   -.1668173
   -.1659538
   -.1636794
   -.1580448
   -.1464825
   -.1403411
   -.1330038
   -.1250891
   -.1190384
   -.0968799
   -.0922391
   -.0860696
   -.0726661
   -.0656744
   -.0419285
   -.0334536
   -.0245545
   -.0155775
   -.0045543
    .0119423
    .0341010
    .0460705
    .0511984
    .0572585
    .0585333
    .0714039
    .0786878
    .0851826
    .0843246
    .0842246
    .0403739
    .0100744
   -.0567690
   -.0764306
   -.1015092
   -.1013387
   -.1001444
   -.0991973
   -.0806275
   -.0706643
   -.0473982
   -.0201705
    .0267342
    .0479997
    .0703247
    .0954761
    .1183759
    .1371685
    .1426523
    .1425015
    .1441640
    .1499420
    .1178278
    .1098818
    .0956452
    .0849183
    .0924328
    .0831007
    .0887091
    .1401525
    .1436490
    .1513804
    .1506212
    .1578983
    .1602839
    .1658402
    .1627486
    .1407887
    .1123429
    .0919096
    .0661870
    .0503707
    .0408527
   -.0046185
   -.0045294
    .0028558
    .0079430
    .0475644
    .0642250
    .0819620
    .0924670
    .1005691
    .1116585
    .1186556
    .1233376
    .1313302
    .1364180
    .1322546
    .1373748
    .1343677
    .1300342
    .1354432
    .1416046
    .1464406
    .1385807
    .1283544
    .1194770
    .1082380
    .1014072
    .0908358
    .0718775
    .0640740
    .0596297
    .0487023
    .0389162
    .0372050
    .0187334
    .0120903
   -.0023579
   -.0097569
   -.0175660
   -.0290596
   -.0688685
   -.0787796
   -.0842408
   -.0911263
   -.0916088
   -.0982661
   -.0997980
   -.0955815
   -.0915562
   -.0833599
   -.0797053
   -.0674010
   -.0632355
   -.0236406
   -.0143577
   -.0129992
   -.0125282
   -.0221951
   -.0250525
   -.0357106
   -.0436964
   -.0532204
   -.0637614
   -.0855260
   -.0978241
   -.1320678
   -.1518882
   -.1838130
   -.1923302
   -.2091916
   -.2302627
   -.2325344
   -.2261829
   -.2088982
   -.1748307
   -.1583223
   -.1492622
   -.1341244
   -.1228485
   -.1040861
   -.0751796
   -.0666435
   -.0535945
   -.0503388
   -.0496165
   -.0497246
   -.0521319
   -.0523935
   -.0663641
   -.0726092
   -.0691799
   -.0654015
   -.0620939
   -.0570237
   -.0665239
   -.0621824
   -.0556945
   -.0489047
   -.0417136
   -.0336917
   -.0224473
   -.0131666
   -.0051550
    .0044053
    .0254098
    .0340678
    .0502500
    .0611660
    .0722781
    .0758820
    .0753902
    .0741577
    .0725708
    .0684932
    .0623021
    .0578270
    .0522823
    .0442978
    .0379641
    .0335335
    .0265092
    .0202798
    .0141712
    .0069232
   -.0028906
   -.0085609
   -.0168659
   -.0240816
   -.0358072
   -.0423822
   -.0488381
   -.0564913
   -.0607404
   -.0597814
   -.0626729
   -.0677724
   -.0702359
   -.0689390
   -.0674104
   -.0665267
   -.0604618
   -.0550746
   -.0504774
   -.0484270
   -.0482237
   -.0358133
   -.0341094
   -.0336915
   -.0409783
   -.0462778
   -.0561003
   -.0809071
   -.0871582
   -.0974180
   -.0983931
   -.1012159
   -.1014325
   -.0995202
   -.0889606
   -.0858851
   -.0841278
   -.0822138
   -.0838052
   -.0846421
   -.0857415
   -.0878564
   -.0942201
   -.0976822
   -.1004266
   -.1017102
   -.0996458
   -.0979327
   -.0956844
   -.0932629
   -.0924146
   -.0903557
   -.0887617
   -.0874955
   -.0884281
   -.0879979
   -.0850497
   -.0834863
   -.0820514
   -.0814370
   -.0796644
   -.0769333
   -.0738498
   -.0716150
   -.0733967
   -.0707884
   -.0676082
   -.0638008
   -.0595895
   -.0536401
   -.0448443
   -.0354275
   -.0290174
   -.0206182
   -.0125062
   -.0051362
    .0009230
    .0072031
    .0179334
    .0257000
    .0329151
    .0434081
    .0517520
    .0578167
    .0645415
    .0707481
    .0757113
    .0766753
    .0796685
    .0798020
    .0811605
    .0816491
    .0852492
    .0894235
    .0921427
    .0952192
    .0974391
    .0984964
    .1001891
    .1016462
    .1023597
    .1006092
    .0987466
    .0968476
    .0944335
    .0911686
    .0857834
    .0825225
    .0809500
    .0778050
    .0735881
    .0702163
    .0675094
    .0674741
    .0641524
    .0610633
    .0581704
    .0568721
    .0560717
    .0552505
    .0544596
    .0512983
    .0493182
    .0474646
    .0450457
    .0409439
    .0367940
    .0301429
    .0264513
    .0231861
    .0199995
    .0165264
    .0128734
    .0104949
    .0079264
    .0063307
    .0051702
    .0039548
    .0017586
   -.0004146
   -.0022847
   -.0039753
   -.0063280
   -.0099244
   -.0137601
   -.0156528
   -.0195879
   -.0257503
   -.0321850
   -.0386238
   -.0440077
   -.0481209
   -.0530608
   -.0581600
   -.0632148
   -.0634946
   -.0652990
   -.0662812
   -.0712062
   -.0739621
   -.0758041
   -.0740049
   -.0721234
   -.0721861
   -.0685568
   -.0629563
   -.0580555
   -.0616984
   -.0605834
   -.0587412
   -.0536140
   -.0481092
   -.0483482
   -.0404904
   -.0297732
   -.0166368
   -.0065287
    .0045617
    .0169019
    .0292875
    .0448693
    .0618893
    .0785593
    .0903702
    .1045303
    .1251756
    .1333007
    .1392536
    .1429310
    .1441872
    .1441551
    .1435117
    .1412424
    .1397299
    .1340170
    .1298066
    .1247999
    .1120389
    .1076527
    .0913189
    .0818044
    .0741142
    .0712647
    .0667596
    .0639700
    .0609676
    .0589820
    .0645529
    .0736338
    .0782319
    .0851123
    .0883456
    .0845608
    .0800749
    .0718852
    .0653117
    .0599832
    .0546463
    .0497163
    .0468884
    .0423325
    .0404005
    .0393215
    .0394368
    .0409161
    .0420222
    .0430676
    .0425788
    .0425426
    .0400677
    .0384046
    .0350504
    .0325499
    .0307888
    .0292524
    .0283789
    .0272172
    .0259229
    .0259305
    .0271084
    .0273024
    .0278074
    .0276014
    .0271907
    .0256730
    .0256373
    .0265406
    .0283661
    .0280655
    .0284307
    .0300622
    .0316166
    .0327816
    .0347001
    .0370778
    .0384526
    .0397728
    .0406978
    .0409821
    .0406556
    .0413828
    .0424533
    .0439583
    .0432321
    .0404333
    .0404596
    .0412120
    .0418845
    .0433014
    .0465932
    .0512949
    .0578971
    .0643517
    .0709792
    .0782278
    .0846295
    .0920263
    .0961321
    .1011801
    .1064605
    .1105704
    .1142952
    .1170130
    .1209701
    .1225748
    .1250996
    .1264252
    .1262460
    .1240861
    .1221697
    .1201073
    .1167030
    .1131636
    .1078723
    .1025236
    .0965824
    .0901932
    .0842654
    .0756230
    .0676088
    .0602816
    .0530842
    .0456519
    .0378528
    .0305243
    .0224134
    .0165634
    .0113145
    .0061456
   -.0014514
   -.0081625
   -.0136418
   -.0187178
   -.0233757
   -.0294760
   -.0334645
   -.0363950
   -.0400186
   -.0446373
   -.0498075
   -.0547915
   -.0575370
   -.0588933
   -.0604191
   -.0616963
   -.0629423
   -.0650785
   -.0662125
   -.0681777
   -.0695516
   -.0704562
   -.0725163
   -.0761167
   -.0799302
   -.0828942
   -.0868473
   -.0919199
   -.0970461
   -.1033309
   -.1082373
   -.1127712
   -.1178893
   -.1243110
   -.1297144
   -.1339745
   -.1370070
   -.1387141
   -.1395751
   -.1397384
   -.1389517
   -.1372480
   -.1352045
   -.1332152
   -.1305085
   -.1265616
   -.1220377
   -.1171639
   -.1113464
   -.1046744
   -.0980929
   -.0914337
   -.0857128
   -.0820987
   -.0789951
   -.0755285
   -.0716362
   -.0674216
   -.0623986
   -.0560182
   -.0484485
   -.0402257
   -.0319042
   -.0248050
   -.0201205
   -.0170263
   -.0142709
   -.0123947
   -.0111266
   -.0098051
   -.0086357
   -.0080357
   -.0077978
   -.0077053
   -.0078986
   -.0082717
   -.0085409
   -.0080290
   -.0069363
   -.0054276
   -.0028756
    .0000705
    .0030481
    .0060619
    .0081618
    .0098362
    .0116972
    .0139685
    .0165741
    .0184644
    .0201553
    .0224631
    .0252527
    .0281831
    .0306358
    .0334000
    .0370680
    .0414965
    .0460961
    .0494951
    .0524134
    .0556307
    .0590315
    .0623537
    .0639102
    .0651207
    .0669811
    .0695247
    .0723259
    .0750569
    .0758695
    .0755442
    .0750289
    .0746500
    .0740046
    .0723779
    .0677012
    .0625109
    .0572530
    .0518499
    .0459142
    .0394783
    .0327146
    .0254677
    .0178595
    .0101510
    .0024105
   -.0049433
   -.0115287
   -.0170375
   -.0214641
   -.0252740
   -.0286949
   -.0308854
   -.0322517
   -.0333067
   -.0343881
   -.0370428
   -.0410732
   -.0452413
   -.0482663
   -.0498022
   -.0506478
   -.0512221
   -.0514144
   -.0513388
   -.0509694
   -.0499765
   -.0486401
   -.0471340
   -.0455831
   -.0443648
   -.0438758
   -.0436284
   -.0430163
   -.0417017
   -.0395936
   -.0369425
   -.0342229
   -.0310797
   -.0267314
   -.0212578
   -.0155515
   -.0098856
   -.0049056
   -.0008607
    .0031293
    .0069255
    .0098358
    .0111527
    .0116476
    .0114508
    .0109054
    .0101308
    .0092788
    .0075068
    .0051560
    .0032207
    .0018331
    .0005898
   -.0021372
   -.0054954
   -.0088589
   -.0120561
   -.0154976
   -.0195485
   -.0231282
   -.0258638
   -.0279161
   -.0294965
   -.0313836
   -.0329821
   -.0336138
   -.0334972
   -.0331403
   -.0325870
   -.0315651
   -.0304868
   -.0298158
   -.0288295
   -.0273309
   -.0255817
   -.0236846
   -.0217968
   -.0198531
   -.0177833
   -.0152449
   -.0121868
   -.0090885
   -.0055092
   -.0010845
    .0035532
    .0076015
    .0109603
    .0140168
    .0165030
    .0184285
    .0202942
    .0228225
    .0260563
    .0296379
    .0328325
    .0359090
    .0398854
    .0444813
    .0487317
    .0523426
    .0557769
    .0590980
    .0606854
    .0605136
    .0600609
    .0600831
    .0600330
    .0579693
    .0564027
    .0526588
    .0488660
    .0461196
    .0438462
    .0416199
    .0391393
    .0363321
    .0338085
    .0316180
    .0298939
    .0293519
    .0309812
    .0348123
    .0400612
    .0457006
    .0511790
    .0563288
    .0610926
    .0655525
    .0700666
    .0746928
    .0792620
    .0836094
    .0878924
    .0921151
    .0960734
    .0996348
    .1029309
    .1061338
    .1091788
    .1116926
    .1135510
    .1148125
    .1159956
    .1173954
    .1185450
    .1185908
    .1172820
    .1153519
    .1136278
    .1121999
    .1107857
    .1091911
    .1071786
    .1043381
    .1007325
    .0970100
    .0933991
    .0895290
    .0856446
    .0818983
    .0776494
    .0726571
    .0678491
    .0638885
    .0600883
    .0553159
    .0506705
    .0471850
    .0443219
    .0412737
    .0382216
    .0355372
    .0332670
    .0313463
    .0296247
    .0281101
    .0268330
    .0259348
    .0255906
    .0257769
    .0260499
    .0259635
    .0257194
    .0257965
    .0264536
    .0270755
    .0272413
    .0269734
    .0266828
    .0275815
    .0302032
    .0329480
    .0338445
    .0331200
    .0324683
    .0314267
    .0305976
    .0302679
    .0301683
    .0300262
    .0295882
    .0288357
    .0281048
    .0274211
    .0265974
    .0254285
    .0233977
    .0203947
    .0167484
    .0121394
    .0066808
    .0006058
   -.0056612
   -.0119472
   -.0185014
   -.0259654
   -.0327133
   -.0384358
   -.0432288
   -.0472124
   -.0513364
   -.0551583
   -.0577454
   -.0590197
   -.0594878
   -.0610056
   -.0630424
   -.0639806
   -.0648720
   -.0662201
   -.0677724
   -.0695808
   -.0710788
   -.0721858
   -.0724550
   -.0719063
   -.0708878
   -.0708940
   -.0706627
   -.0697519
   -.0682389
   -.0672035
   -.0663726
   -.0649881
   -.0631431
   -.0613802
   -.0597607
   -.0582744
   -.0573884
   -.0573680
   -.0573402
   -.0573423
   -.0572921
   -.0570359
   -.0565683
   -.0561821
   -.0573767
   -.0587093
   -.0620178
   -.0653260
   -.0673234
   -.0688139
   -.0707910
   -.0744397
   -.0780277
   -.0828294
   -.0876331
   -.0903793
   -.0911403
   -.0909683
   -.0908205
   -.0913680
   -.0920676
   -.0931848
   -.0944903
   -.0942648
   -.0921568
   -.0888218
   -.0845058
   -.0792979
   -.0731121
   -.0660374
   -.0585334
   -.0512007
   -.0443394
   -.0383118
   -.0323741
   -.0266940
   -.0225564
   -.0191753
   -.0150692
   -.0097707
   -.0044898
   -.0011664
    .0027688
    .0061254
    .0099649
    .0133677
    .0163714
    .0186923
    .0206284
    .0222346
    .0233902
    .0235971
    .0234092
    .0230158
    .0225863
    .0220440
    .0215953
    .0212654
    .0210970
    .0206197
    .0206385
    .0205473
    .0206805
    .0211624
    .0209652
    .0199062
    .0184890
    .0174133
    .0169634
    .0171119
    .0179329
    .0191564
    .0207646
    .0227162
    .0249723
    .0273010
    .0301761
    .0334266
    .0365223
    .0391837
    .0418979
    .0441330
    .0458024
    .0468249
    .0477812
    .0490282
    .0502837
    .0515412
    .0519621
    .0516536
    .0518409
    .0524475
    .0526443
    .0519055
    .0507713
    .0489862
    .0467176
    .0441929
    .0415649
    .0388809
    .0366620
    .0349290
    .0323603
    .0277846
    .0230453
    .0169322
    .0116221
    .0069379
    .0025012
   -.0018198
   -.0057809
   -.0089407
   -.0108721
   -.0123275
   -.0143413
   -.0159259
   -.0172977
   -.0183580
   -.0179258
   -.0172692
   -.0168380
   -.0172847
   -.0185212
   -.0202614
   -.0223979
   -.0248438
   -.0280262
   -.0314760
   -.0341111
   -.0357095
   -.0365054
   -.0365610
   -.0362081
   -.0354000
   -.0333608
   -.0307342
   -.0275229
   -.0236538
   -.0187533
   -.0127691
   -.0058734
    .0011683
    .0075973
    .0138359
    .0201310
    .0256144
    .0312492
    .0364112
    .0408876
    .0449598
    .0483726
    .0507944
    .0514296
    .0510882
    .0501458
    .0489892
    .0498215
    .0529909
    .0539674
    .0549954
    .0537502
    .0516557
    .0489673
    .0469890
    .0451445
    .0437186
    .0425330
    .0415822
    .0407471
    .0400060
    .0394938
    .0391580
    .0389558
    .0387226
    .0383448
    .0380121
    .0379972
    .0382650
    .0377873
    .0380867
    .0393761
    .0413729
    .0434243
    .0456693
    .0480576
    .0495365
    .0506829
    .0524321
    .0544774
    .0566763
    .0579668
    .0592988
    .0605949
    .0617260
    .0619185
    .0616049
    .0610566
    .0604386
    .0594619
    .0577317
    .0554319
    .0523838
    .0481978
    .0442692
    .0409475
    .0379530
    .0341940
    .0291333
    .0239571
    .0184339
    .0126752
    .0073159
    .0024476
   -.0018874
   -.0060279
   -.0098414
   -.0135157
   -.0169206
   -.0195068
   -.0210930
   -.0220646
   -.0226906
   -.0229375
   -.0233673
   -.0238679
   -.0239139
   -.0235151
   -.0229310
   -.0220275
   -.0209383
   -.0197613
   -.0180930
   -.0156766
   -.0127274
   -.0094837
   -.0062147
   -.0030374
   -.0006073
    .0017600
    .0040943
    .0064918
    .0087197
    .0104035
    .0120669
    .0141231
    .0161282
    .0177662
    .0184366
    .0184739
    .0184089
    .0182448
    .0179333
    .0172591
    .0161633
    .0148950
    .0137501
    .0125831
    .0115261
    .0104858
    .0093821
    .0079791
    .0068435
    .0059009
    .0051589
    .0042982
    .0031139
    .0016876
    .0005144
   -.0004888
   -.0012714
   -.0021125
   -.0027950
   -.0036130
   -.0045055
   -.0054738
   -.0060106
   -.0062629
   -.0061932
   -.0062512
   -.0062199
   -.0062685
   -.0061143
   -.0060735
   -.0058265
   -.0055826
   -.0050803
   -.0047666
   -.0043347
   -.0040888
   -.0037338
   -.0035026
   -.0029745
   -.0025748
   -.0020334
   -.0017845
   -.0013928
   -.0011174
   -.0005987
   -.0002507
    .0001987
    .0003941
    .0007732
    .0010132
    .0014572
    .0017157
    .0021211
    .0023385
    .0027394
    .0029546
    .0033385
    .0035094
    .0038521
    .0040388
    .0044351
    .0046483
    .0050206
    .0051824
    .0055208
    .0056863
    .0060432
    .0062196
    .0065695
    .0067349
    .0070681
    .0072339
    .0075517
    .0077231
    .0080192
    .0082204
    .0085154
    .0087935
    .0090878
    .0095185
    .0098041
    .0105784
    .0106189
    .0129824