   -.0114445
   -.0119263
   -.0077104
   -.0010988
   -.0099564
   -.0198504
   -.0077228
    .0026800
   -.0128152
   -.0230838
   -.0083258
   -.0004596
   -.0120832
   -.0184958
   -.0098687
   -.0066076
   -.0057624
   -.0029949
    .0014669
    .0016358
   -.0024494
   -.0069757
   -.0038512
    .0075249
    .0121052
    .0069703
    .0008973
   -.0004256
    .0017737
    .0052412
    .0038618
   -.0003574
    .0038008
    .0069878
   -.0055346
   -.0055710
    .0070062
   -.0047244
   -.0158359
   -.0033908
    .0093957
    .0106664
    .0083329
    .0061680
    .0097059
    .0144957
    .0142137
    .0102596
    .0017604
   -.0148386
   -.0230834
   -.0108585
    .0050901
   -.0010702
   -.0046029
    .0150873
    .0255970
    .0021740
   -.0117408
    .0061441
    .0083624
   -.0166287
   -.0200872
   -.0042254
   -.0023130
   -.0104999
   -.0005814
    .0100583
    .0037040
    .0002233
    .0069985
    .0119105
    .0131772
    .0017679
   -.0126985
   -.0156682
   -.0055848
    .0040836
    .0098486
    .0103815
    .0022506
    .0019763
    .0098775
    .0088363
   -.0049581
    .0001328
    .0058958
    .0001036
    .0026669
   -.0005199
   -.0220069
   -.0089843
    .0128338
    .0063077
   -.0106732
   -.0146524
   -.0059486
    .0062576
    .0060064
   -.0002965
   -.0033349
   -.0063036
   -.0082559
    .0023564
    .0139381
    .0008909
   -.0157560
   -.0160529
   -.0060847
   -.0012993
    .0003791
    .0008510
    .0048274
    .0033000
   -.0107907
   -.0216520
   -.0135099
    .0074402
    .0153808
    .0074624
   -.0019360
   -.0086759
   -.0120261
   -.0123430
    .0029096
    .0068029
   -.0077088
   -.0208784
   -.0200281
   -.0241015
   -.0223240
    .0104858
    .0360593
    .0033142
   -.0375107
   -.0259938
    .0179964
    .0402332
    .0242893
   -.0180664
   -.0298021
    .0044731
    .0313338
    .0159382
    .0066129
    .0027937
   -.0243687
   -.0380296
   -.0164208
    .0054558
    .0081213
    .0168117
    .0252302
    .0177003
   -.0091715
   -.0047953
    .0187054
    .0250413
    .0057498
   -.0131876
   -.0270374
   -.0263821
   -.0107280
    .0101908
    .0390924
    .0358460
   -.0098893
   -.0428987
   -.0114980
    .0257000
    .0295626
    .0198940
    .0005206
   -.0205822
   -.0261479
   -.0099423
    .0131492
    .0338636
    .0230444
   -.0175469
   -.0410126
   -.0255479
    .0008391
    .0148154
    .0245775
   -.0006000
   -.0332546
   -.0208834
    .0124800
    .0302778
    .0086584
   -.0148480
   -.0158407
   -.0064310
    .0161495
    .0122514
   -.0261238
   -.0490259
   -.0228003
   -.0040683
   -.0055111
   -.0051547
   -.0029352
    .0078910
    .0077067
    .0012731
    .0091230
    .0099561
   -.0089551
   -.0224221
   -.0366736
   -.0579099
   -.0399375
    .0016378
    .0216852
    .0212216
    .0262086
    .0412040
    .0745642
    .1162107
    .1395280
    .1180548
    .0901136
    .1067955
    .1144553
    .1083680
    .1115574
    .1123514
    .1031088
    .0993497
    .1006908
    .0978626
    .0884397
    .0581732
    .0115843
   -.0436187
   -.1046797
   -.1632300
   -.2195442
   -.2737546
   -.3195286
   -.3513768
   -.3486003
   -.3053055
   -.2531840
   -.2280416
   -.2380993
   -.2632112
   -.2535644
   -.1908469
   -.1199945
   -.0662958
   -.0532791
   -.0722891
   -.0888692
   -.0273973
    .1643983
    .3420971
    .1892285
    .0317793
    .2126009
    .3728407
    .2752238
    .2519738
    .2751225
    .2795966
    .1927133
    .0666054
    .0355652
    .0449695
    .0535973
    .0496408
    .0279386
    .0215652
    .0408989
   -.0382113
   -.1037664
   -.0899599
   -.0593826
    .0171387
   -.0025738
   -.0709838
   -.0589504
    .0053361
   -.0259574
   -.1190427
   -.1572495
   -.1307635
   -.0918078
   -.0792314
   -.1233254
   -.1174111
   -.0610136
   -.0289856
   -.0200809
   -.0921779
   -.1358528
   -.0843760
   -.0605826
   -.0719231
   -.0668550
    .0207517
    .0988258
    .1744469
    .0884050
    .0514513
    .0923769
    .1042002
    .0752382
    .0080450
    .0250894
    .0443018
    .0727271
    .0662813
    .0447691
    .0315787
    .0135125
    .0361136
    .0370567
    .0300378
    .0769910
    .1661446
    .1950143
    .0992158
   -.0086404
   -.0405928
   -.0556338
   -.0704326
   -.0825090
   -.1077004
   -.0957082
   -.0583081
   -.0749251
   -.0951742
   -.1034036
   -.0221638
    .0000245
   -.0249015
   -.0451425
    .0195599
    .0944930
    .0210274
   -.0123736
    .0280034
    .0701507
    .0194187
    .0139790
    .0270761
    .0812612
    .0703321
    .0198789
    .0162305
    .0378986
    .0148164
    .0100532
    .0324013
    .0363796
    .0270514
    .0373871
    .0446033
    .0261049
   -.0141758
   -.0617750
   -.0592668
   -.0587299
   -.0749962
   -.0547678
   -.0272263
   -.0283440
   -.0841769
   -.1609626
   -.1906305
   -.1740129
   -.1869687
   -.1416217
   -.0615558
    .0663549
    .1132897
    .0954398
    .0989454
    .1377702
    .1368376
    .0632763
    .0538373
    .0451666
    .0606835
    .0092198
   -.0023192
    .0044661
    .0430810
    .0301360
   -.0187108
   -.0587420
   -.0288519
    .0035087
    .0012252
   -.0366615
    .0029567
    .1153928
    .1922428
    .1607216
    .1028983
    .0897409
    .0952381
    .1758240
    .0918306
    .0822258
    .2142017
    .3244096
    .2961492
    .0873057
   -.0270533
   -.0353618
   -.0010485
    .0146151
    .0064870
   -.0074057
   -.0128411
   -.0539331
   -.2342873
   -.3404160
   -.3711225
   -.2694768
   -.2035402
   -.1382424
   -.1256638
   -.0882457
   -.0661241
   -.1443585
   -.2493094
   -.2067804
   -.1430355
   -.1977941
   -.2110815
   -.0761934
    .0176712
    .0563708
    .0746680
    .0934193
    .1186773
    .1250730
    .1144257
    .1023354
    .1234139
    .2152560
    .3451347
    .3269294
    .2387633
    .2316739
    .2460890
    .1632986
    .0909358
    .1361341
    .2590787
    .2696111
    .1925385
    .0895624
    .0242142
    .0309539
   -.0250156
   -.1040499
   -.1515932
   -.1118039
   -.0670388
   -.0977957
   -.1342925
   -.1364893
   -.1254436
   -.1751732
   -.2593110
   -.1612966
   -.0385010
   -.0514175
   -.3244665
   -.3345541
   -.2403567
    .1376944
   -.1214422
   -.3242090
   -.3577662
    .1971496
    .3467336
    .1878598
   -.1667910
    .1916314
    .3017983
    .1664220
   -.1504934
   -.0112822
    .3927127
    .6888092
    .4844399
    .0843613
   -.3673843
   -.2117232
    .1185563
    .2522000
    .2937543
   -.0394802
   -.3545307
   -.3009068
    .2217813
   -.1419690
   -.5271766
   -.7935465
   -.7654862
    .0238390
    .6267992
    .3076567
   -.4520198
   -.6206714
   -.3039747
    .1820858
   -.1948004
   -.3173074
    .1720125
    .8625220
    .7370175
    .1475279
   -.0067394
    .4517227
    .1898232
   -.3314354
   -.0451547
    .3464734
    .7787062
    .7929257
    .3498951
   -.0533568
   -.1354996
   -.1633007
   -.2656445
    .0192303
    .3263084
    .4259837
    .3060092
    .0205270
   -.3847435
   -.6360640
   -.5711656
   -.4049778
   -.4406767
   -.5667660
   -.3407469
   -.0444564
    .0506016
   -.1792759
   -.2763061
   -.0765010
    .0191551
   -.1396045
   -.3110419
   -.3270324
   -.1961130
   -.1296838
   -.2815560
   -.4982835
   -.5784332
   -.4303214
   -.1360221
   -.3314704
   -.4707431
   -.2195797
    .1116235
    .4342186
    .1798312
   -.1292980
   -.1649862
   -.1269858
   -.1699719
   -.0861639
    .1500724
    .3793793
    .6420642
    .6650550
    .4504234
   -.1485170
   -.4090877
   -.3125652
    .0423521
    .4032650
    .4951598
    .4184251
    .1825982
   -.1056221
   -.3561334
   -.5117483
   -.1277080
    .1176690
    .3064230
    .4119819
    .4267103
    .1621639
   -.0519640
   -.2398922
   -.3808008
   -.1038462
    .3185454
    .6077735
    .5729096
    .4452608
    .2914910
    .2191835
    .1861897
    .1305904
   -.0245099
    .1518109
    .2869270
    .2789198
    .0532563
    .0318538
    .3365570
    .3960132
    .1824280
    .0146305
   -.0235858
    .0897744
    .1472959
    .1061400
    .0202367
   -.3108267
   -.2647112
   -.2060902
   -.3035071
   -.8623215
   -.5877706
    .0462186
    .1745565
   -.2387670
   -.2442904
   -.0817846
    .1951572
    .2221428
   -.0360288
   -.2239283
   -.0855024
    .0603389
    .3677046
    .4244759
    .1855912
    .0411550
    .1200048
    .1899107
    .2046209
    .1772458
    .0592038
    .3698460
    .3982687
    .1511147
   -.1621954
    .0768474
    .0208864
   -.1858147
   -.1938749
    .1472309
    .2942942
    .0850088
   -.3338336
   -.5065395
   -.4261901
   -.2858315
   -.1791903
   -.0117836
    .0461525
    .0634456
    .0175505
    .0148081
   -.2369184
   -.4289936
   -.0568191
    .5282081
    .2856887
   -.0331438
    .0923245
    .2318136
    .2911275
    .0193002
   -.3911998
   -.2659173
    .1115106
   -.0012333
   -.0732897
   -.1187883
    .1738863
    .1947170
   -.0027119
    .0305969
    .1914140
    .3429763
    .5106627
    .4325484
    .2192230
   -.1502176
   -.3089165
   -.2224213
   -.0400393
    .0945835
   -.0413835
   -.0585090
    .0775713
    .2344555
    .1778851
   -.1914053
   -.2285184
   -.0448632
    .1427795
    .1306721
    .0003851
    .0281623
    .1616008
    .1425811
   -.1015876
   -.3420319
   -.2428511
   -.0283797
    .1996966
    .1587693
    .0629364
    .0896219
    .1393486
    .1441594
   -.0131084
   -.1142401
    .0645986
    .0992758
    .0033650
   -.1131810
   -.1086693
   -.0818861
   -.1298284
   -.1661860
   -.2362128
   -.1273170
    .0934055
    .1448477
    .1354818
   -.0139946
    .0451560
    .0425899
   -.1172287
   -.2011167
   -.0886994
   -.0443329
    .0004107
   -.0456748
   -.0888794
   -.1535122
   -.2625997
   -.1993283
   -.1904522
   -.2039775
   -.0744952
    .1731734
    .2625715
    .0330366
   -.0800549
   -.0825432
   -.0118948
    .0211218
    .0933166
    .1792341
    .1707035
    .2188616
    .1882406
    .0426104
   -.0659705
   -.0084835
    .0700947
    .0415769
   -.0718068
   -.0991303
   -.1041311
   -.0747660
   -.0300670
    .0185369
    .0327624
    .1307237
    .1596559
    .0437768
   -.1193634
   -.0842135
    .0816722
    .1122201
    .0099598
   -.0848867
   -.0139771
    .1066341
    .0122465
   -.2252287
   -.1696378
   -.0075904
    .0903061
    .0680882
    .0966479
    .1647797
    .1443051
    .0204635
   -.0792983
   -.1475784
   -.1758500
   -.1527889
   -.1018462
   -.1374446
   -.1529367
   -.1878801
   -.2683977
   -.2979082
   -.1822458
   -.0713133
   -.0014057
   -.0170329
   -.0078757
    .0129738
    .0118697
   -.0445454
   -.1067733
   -.0703056
    .0666600
    .0738619
   -.0063671
   -.0676925
   -.1015043
   -.0534028
   -.0839387
   -.1351059
   -.1717248
   -.1282510
    .0658414
    .1659712
    .1471962
    .1398845
    .1388144
    .1081289
    .0476688
    .0180686
    .0849160
    .1210669
    .1239362
    .0636152
   -.0615888
   -.1295761
   -.1563504
   -.1924005
   -.1637929
   -.0655923
   -.0274083
   -.0353155
   -.0987105
   -.1293101
   -.1131994
   -.1323381
   -.1392282
   -.0836598
   -.0667253
   -.0412019
   -.0508222
   -.0662811
   -.0460895
   -.0155434
    .0002617
   -.0061755
    .0736685
    .1390966
    .2039429
    .1815941
    .1261122
    .0283109
    .0543256
    .0589146
    .1207568
    .1380187
    .1192818
    .1438658
    .1748036
    .1397559
    .0143738
   -.0521498
   -.0164826
    .0777781
    .0580211
   -.0124191
   -.0603729
   -.0115718
    .0219596
   -.0027190
   -.0364252
   -.0335627
    .0288610
    .1934086
    .2465832
    .1938581
    .0831393
    .0127679
   -.0391080
   -.0682411
   -.1257076
   -.2452647
   -.2273093
   -.1258280
   -.0071818
   -.0507543
   -.0224330
    .0647057
    .1544623
    .1052833
    .0190332
   -.0123692
    .0129015
    .0502773
    .1440233
    .2111078
    .1869205
    .1027937
    .0160509
   -.0219073
   -.0701699
   -.1385585
   -.1771061
   -.0912926
   -.0555100
   -.0398693
   -.0097069
    .0287127
    .0368530
    .0659892
    .1205023
    .2097223
    .2671236
    .2553377
    .2163217
    .2046109
    .1657448
    .1093774
    .0783205
    .1056379
    .1189832
    .1758489
    .1546491
    .0904274
    .0567544
    .0478320
   -.0172721
   -.0294946
    .0702431
    .1325292
    .1678729
    .1260844
    .0299646
   -.0531871
   -.0900238
   -.1026059
   -.1009944
   -.1411942
   -.1456275
   -.0997774
   -.0977645
   -.1471522
   -.1604460
   -.1716747
   -.1078391
   -.0967910
   -.1450425
   -.1570361
   -.0671937
    .0082648
    .0751383
   -.0441085
   -.0644704
    .0786475
    .0164304
   -.0759449
   -.0292668
    .1115011
    .1044997
    .0584137
    .0033101
    .0738991
    .0953549
   -.0291232
   -.0822870
    .0050126
    .0531844
   -.0103772
   -.0491142
   -.0851161
   -.0651656
   -.0548069
   -.0813915
   -.1099059
   -.0503859
    .0803185
    .1517773
    .0481382
   -.0245497
   -.0500553
    .0213645
   -.0152087
   -.0815869
   -.0041646
    .0688524
    .0742214
   -.0435543
   -.0545572
    .0507804
    .0814725
    .0615762
    .0620255
    .1517975
    .2576574
    .2369787
    .1616884
    .0127564
   -.0966779
   -.0669103
   -.1472505
   -.2651877
   -.1794835
    .0379690
    .0487725
   -.1467856
   -.2726447
   -.2217426
   -.0121342
    .0665500
    .0211965
    .0178012
    .0555044
    .0460675
   -.0114998
   -.1165307
   -.1307872
   -.1214750
   -.0825587
   -.0737374
   -.1092986
   -.1461032
   -.0482876
    .0058765
   -.0685674
   -.1530086
   -.1634831
   -.0853711
    .0821724
    .0952358
   -.0468242
   -.0699488
   -.0050792
   -.0084891
   -.1704253
   -.1749459
   -.0625433
   -.0171859
   -.0170974
   -.0605202
   -.0521053
   -.0005263
   -.0143286
   -.0728176
   -.0844282
   -.0167758
    .0478486
    .0866298
    .0961752
    .0934590
    .1479381
    .1436322
    .0594311
   -.0427969
   -.1267095
   -.1973416
   -.1594358
   -.0770906
   -.0992683
   -.0822869
   -.0422313
   -.0097389
   -.0085066
   -.1095015
   -.1364884
   -.0616914
   -.0680246
   -.0872705
   -.0145775
    .0999364
    .1932814
    .1705114
    .0409097
   -.0002553
    .0143003
   -.0139401
    .0024549
    .0094061
   -.0039715
   -.0146002
   -.0061331
   -.0064950
   -.0211006
   -.0313494
   -.0326840
   -.0351310
   -.0383431
   -.0268499
   -.0067743
   -.0079314
   -.0028655
    .0208230
    .0456167
    .0572733
    .0447066
    .0219650
    .0179844
    .0147535
    .0119990
    .0213710
    .0322414
    .0301639
    .0243045
    .0209823
    .0147935
    .0051320
   -.0073305
   -.0214717
   -.0374112
   -.0519425
   -.0622224
   -.0753171
   -.0952287
   -.1086469
   -.1086652
   -.1055225
   -.1034058
   -.1003089
   -.1027267
   -.1150440
   -.1235918
   -.1179436
   -.1097426
   -.1008403
   -.0895608
   -.0824793
   -.0766526
   -.0662245
   -.0591646
   -.0601674
   -.0670512
   -.0688661
   -.0617658
   -.0564816
   -.0564144
   -.0539654
   -.0447119
   -.0371876
   -.0412517
   -.0525824
   -.0519621
   -.0356310
   -.0232110
   -.0211630
   -.0151445
   -.0037185
    .0005468
    .0001912
    .0024441
    .0072277
    .0172289
    .0288074
    .0370814
    .0522385
    .0692438
    .0755524
    .0682892
    .0484615
    .0224015
   -.0041455
   -.0299177
   -.0526463
   -.0683180
   -.0751625
   -.0738777
   -.0693567
   -.0643015
   -.0514587
   -.0335833
   -.0247390
   -.0208837
   -.0019332
    .0205914
    .0287700
    .0267842
    .0371180
    .0628608
    .0842695
    .0957025
    .1047900
    .1224998
    .1331239
    .1293686
    .1301530
    .1317124
    .1261433
    .1220430
    .1254917
    .1304016
    .1284530
    .1207013
    .1127691
    .1066580
    .1008775
    .0960822
    .0932983
    .0907473
    .0873297
    .0824856
    .0754990
    .0676968
    .0602263
    .0525243
    .0450857
    .0357341
    .0222725
    .0078673
   -.0039120
   -.0171326
   -.0345920
   -.0511467
   -.0609842
   -.0685396
   -.0792622
   -.0910328
   -.1004357
   -.1088052
   -.1141530
   -.1179815
   -.1245470
   -.1270439
   -.1206606
   -.1097980
   -.0917932
   -.0620277
   -.0234350
    .0164350
    .0455736
    .0550266
    .0504640
    .0429703
    .0281100
    .0065530
   -.0108986
   -.0210786
   -.0288136
   -.0365835
   -.0408651
   -.0373169
   -.0272148
   -.0118234
    .0042480
    .0164694
    .0226491
    .0254797
    .0275132
    .0264697
    .0320980
    .0454379
    .0518433
    .0465340
    .0342277
    .0277862
    .0327060
    .0152453
   -.0192878
   -.0442119
   -.0276456
    .0132616
    .0480576
    .0560229
    .0133636
   -.0185730
    .0043709
    .0320160
    .0072220
   -.0014806
    .0240691
    .0421066
    .0212572
    .0254933
    .0585634
    .0934979
    .0781190
    .0230093
   -.0077737
   -.0011502
    .0049358
   -.0036554
   -.0348544
   -.0845900
   -.1271538
   -.1306010
   -.0910455
   -.0265405
    .0366291
    .0567758
    .0225376
   -.0325331
   -.0867034
   -.1462483
   -.1841705
   -.1853199
   -.1622343
   -.1357815
   -.1261826
   -.1271629
   -.1238976
   -.1203551
   -.1077027
   -.0577199
   -.0007153
    .0333156
    .0504664
    .0395340
    .0167201
    .0036505
    .0000644
    .0083495
    .0315308
    .0569709
    .0625893
    .0327824
   -.0192454
   -.0425603
   -.0392407
   -.0451931
   -.0130519
    .0336615
    .0464136
    .0437586
    .0402491
    .0220405
   -.0209210
   -.0635352
   -.0639005
   -.0581476
   -.0766668
   -.0596520
   -.0117339
    .0249836
    .0443248
    .0553859
    .0617708
    .0730431
    .0653858
    .0421727
    .0322326
    .0190408
   -.0098239
   -.0369387
   -.0454428
   -.0371285
   -.0279665
   -.0012494
    .0551750
    .0971206
    .0844719
    .0348625
   -.0170675
   -.0486034
   -.0572464
   -.0541543
   -.0403670
   -.0157356
    .0126629
    .0353745
    .0442551
    .0266266
   -.0190979
   -.0666166
   -.0879934
   -.0863360
   -.0861275
   -.0745515
   -.0235073
    .0341776
    .0452133
    .0003701
   -.0546992
   -.0715600
   -.0450049
    .0075654
    .0577457
    .0772083
    .0536923
    .0131738
   -.0198030
   -.0344821
   -.0083023
    .0271659
    .0205822
   -.0170649
   -.0280133
   -.0253976
   -.0557164
   -.0609134
   -.0252574
   -.0059345
   -.0181693
   -.0095609
    .0197578
    .0154192
    .0052774
   -.0017017
    .0093764
    .0395037
    .0559343
    .0497529
    .0338884
    .0142587
   -.0065356
   -.0273589
   -.0112441
    .0363407
    .0688066
    .0784689
    .0716709
    .0460392
    .0284525
    .0387765
    .0452658
    .0169418
   -.0295542
   -.0523797
   -.0277279
    .0135241
    .0262340
    .0297446
    .0290427
    .0139865
   -.0154490
   -.0198506
   -.0259529
   -.0401771
   -.0462812
   -.0295658
   -.0346157
   -.0588825
   -.0705971
   -.0432297
   -.0302317
   -.0065513
    .0086138
    .0191926
    .0311281
    .0262310
    .0065752
   -.0113157
   -.0187113
   -.0080887
    .0197362
    .0359061
    .0048925
   -.0535721
   -.0790133
   -.0623934
   -.0458716
   -.0723041
   -.1109206
   -.0816480
   -.0473753
   -.0351769
   -.0361424
   -.0446920
   -.0466981
   -.0427217
   -.0353818
   -.0161800
   -.0031734
   -.0085280
   -.0146412
   -.0052232
    .0129340
    .0342815
    .0464560
    .0069334
   -.0546697
   -.0593223
   -.0166585
   -.0060518
   -.0195810
    .0088099
    .0680804
    .0568738
    .0209396
    .0314424
    .0424467
    .0077845
   -.0193995
   -.0013995
    .0098495
   -.0112275
   -.0347950
   -.0306279
   -.0225667
   -.0136822
    .0118119
    .0481173
    .0551496
    .0488678
    .0508499
    .0302568
    .0219682
    .0299340
    .0165721
    .0147668
    .0322510
    .0255132
   -.0021870
   -.0083623
   -.0050748
   -.0123966
   -.0185353
   -.0269999
   -.0409778
   -.0413528
   -.0166778
    .0177636
    .0352779
    .0293437
    .0129774
   -.0040353
   -.0105377
   -.0166767
   -.0245402
   -.0219741
    .0050032
    .0303063
    .0246774
    .0235070
    .0375174
    .0397792
    .0178149
    .0070607
    .0214697
    .0301484
    .0184063
    .0154054
    .0297531
    .0364209
    .0276466
    .0210120
    .0262185
    .0310863
    .0164922
    .0021670
    .0148790
    .0324567
    .0355462
    .0422404
    .0494573
    .0393775
    .0226483
    .0152170
    .0152484
    .0065677
   -.0032825
   -.0007201
    .0009542
   -.0119181
   -.0150551
   -.0115575
   -.0193782
   -.0344441
   -.0435529
   -.0480704
   -.0510424
   -.0495684
   -.0410404
   -.0354372
   -.0357891
   -.0309889
   -.0231846
   -.0209720
   -.0200924
   -.0156454
   -.0066420
   -.0007731
   -.0019186
   -.0030202
    .0021169
    .0091241
    .0043582
   -.0061193
   -.0064626
    .0000036
   -.0005940
   -.0078600
   -.0096837
   -.0041097
   -.0046291
   -.0143654
   -.0158060
   -.0103085
   -.0106012
   -.0134055
   -.0103320
   -.0034580
   -.0048455
   -.0111695
   -.0115731
   -.0060047
   -.0037765
   -.0058754
   -.0055189
   -.0024632
   -.0008106
   -.0012543
   -.0023351
   -.0037277
   -.0040364
   -.0031707
   -.0018032
   -.0009003
   -.0008032
   -.0017305
   -.0028440
   -.0040856
   -.0050509
   -.0059734
   -.0062867
   -.0059469
   -.0049526
   -.0039942
   -.0032707
   -.0028673
   -.0025186
   -.0022976
   -.0020187
   -.0018222
   -.0016994
   -.0014855
   -.0014124
   -.0010028
   -.0009696
   -.0001375
   -.0010108