   -.0110892
   -.0113105
   -.0111068
   -.0111998
   -.0110776
   -.0111431
   -.0110792
   -.0111209
   -.0110832
   -.0111087
   -.0110865
   -.0111017
   -.0110892
   -.0110971
   -.0110912
   -.0110943
   -.0110927
   -.0110923
   -.0110939
   -.0110910
   -.0110947
   -.0110898
   -.0110952
   -.0110893
   -.0110956
   -.0110887
   -.0110959
   -.0110888
   -.0110968
   -.0110887
   -.0110975
   -.0110891
   -.0110982
   -.0110898
   -.0110987
   -.0110903
   -.0110986
   -.0110900
   -.0110981
   -.0110893
   -.0110982
   -.0110896
   -.0110975
   -.0110895
   -.0110985
   -.0110897
   -.0110996
   -.0110910
   -.0110998
   -.0110913
   -.0111001
   -.0110917
   -.0111003
   -.0110907
   -.0110989
   -.0110909
   -.0110993
   -.0110912
   -.0110995
   -.0110915
   -.0110997
   -.0110921
   -.0110995
   -.0110933
   -.0111018
   -.0110941
   -.0111019
   -.0110943
   -.0111022
   -.0110945
   -.0111024
   -.0110928
   -.0111001
   -.0110929
   -.0110999
   -.0110928
   -.0111005
   -.0110941
   -.0111004
   -.0110956
   -.0111033
   -.0110966
   -.0111040
   -.0110970
   -.0111035
   -.0110962
   -.0111042
   -.0110948
   -.0111007
   -.0110947
   -.0111012
   -.0110949
   -.0108365
   -.0110978
   -.0111028
   -.0110948
   -.0108399
   -.0108340
   -.0111054
   -.0110994
   -.0111051
   -.0111001
   -.0111026
   -.0110957
   -.0111019
   -.0110956
   -.0111017
   -.0110957
   -.0111011
   -.0110997
   -.0111078
   -.0111009
   -.0111073
   -.0111008
   -.0111100
   -.0110980
   -.0111066
   -.0111026
   -.0111083
   -.0111027
   -.0111081
   -.0111016
   -.0111082
   -.0110976
   -.0111010
   -.0110958
   -.0111013
   -.0106614
   -.0111024
   -.0110959
   -.0111074
   -.0111050
   -.0111103
   -.0111051
   -.0111102
   -.0111043
   -.0111107
   -.0110995
   -.0111010
   -.0110964
   -.0111007
   -.0110967
   -.0111012
   -.0110974
   -.0111009
   -.0111033
   -.0111122
   -.0111054
   -.0111159
   -.0111122
   -.0111143
   -.0111105
   -.0111091
   -.0110945
   -.0110954
   -.0110916
   -.0110961
   -.0110943
   -.0111004
   -.0110990
   -.0111034
   -.0111005
   -.0111033
   -.0111008
   -.0111019
   -.0111071
   -.0111153
   -.0111088
   -.0111194
   -.0111202
   -.0111231
   -.0111150
   -.0111032
   -.0110962
   -.0110977
   -.0110955
   -.0110973
   -.0110951
   -.0110992
   -.0103894
   -.0111089
   -.0111175
   -.0111400
   -.0111562
   -.0111927
   -.0112440
   -.0112551
   -.0112732
   -.0112818
   -.0112279
   -.0112237
   -.0112640
   -.0112728
   -.0113035
   -.0114724
   -.0117285
   -.0117036
   -.0114452
   -.0115648
   -.0115513
   -.0112662
   -.0110356
   -.0111623
   -.0117683
   -.0121783
   -.0120627
   -.0114468
   -.0112341
   -.0106691
   -.0091056
   -.0097576
   -.0116675
   -.0138584
   -.0124542
   -.0128242
   -.0135766
   -.0144434
   -.0116801
   -.0107659
   -.0122709
   -.0151558
   -.0131086
   -.0084828
   -.0076573
   -.0080671
   -.0042883
   -.0040470
   -.0078443
   -.0068776
   -.0056031
   -.0120304
   -.0182771
   -.0099732
   -.0012999
   -.0069485
   -.0160763
   -.0111084
   -.0010400
    .0074158
    .0152141
    .0148334
    .0032528
   -.0084858
   -.0131836
   -.0096839
    .0027799
   -.0092652
   -.0398679
   -.0523425
   -.0432948
   -.0300778
   -.0191058
   -.0125792
   -.0139810
   -.0272846
   -.0344042
   -.0289914
   -.0179830
   -.0045191
    .0000794
   -.0083044
   -.0199663
   -.0237423
   -.0223522
   -.0170223
   -.0104110
   -.0114235
   -.0164669
   -.0259075
   -.0354434
   -.0234806
    .0155775
    .0464061
    .0321797
   -.0103818
   -.0244376
    .0002803
    .0158622
    .0046885
   -.0181651
   -.0305459
   -.0281188
   -.0184046
   -.0201018
   -.0151402
   -.0023230
    .0088794
    .0198312
    .0250543
    .0214947
    .0170281
    .0049487
   -.0276769
   -.0521644
   -.0303823
    .0009544
   -.0010298
   -.0054345
    .0041085
    .0050862
    .0068745
   -.0040446
   -.0221953
   -.0315453
   -.0276476
   -.0291371
   -.0408513
   -.0332643
   -.0198699
   -.0205065
   -.0147679
    .0023123
    .0078682
    .0038525
   -.0088575
   -.0095084
    .0071172
    .0101692
   -.0040292
   -.0069430
    .0045627
   -.0047607
   -.0267904
   -.0178996
    .0136254
    .0071132
   -.0348543
   -.0454032
   -.0148029
   -.0006593
   -.0236051
   -.0417931
   -.0121236
    .0173324
   -.0051351
   -.0600385
   -.0668059
   -.0117939
    .0110242
   -.0172360
   -.0337877
    .0046700
    .0439855
    .0283919
   -.0210190
   -.0267213
    .0382137
    .0768217
    .0425963
    .0040397
    .0246716
    .0738841
    .0667026
    .0007506
   -.0354286
   -.0173313
    .0049785
   -.0032848
   -.0220200
   -.0090884
    .0356269
    .0937974
    .1496579
    .1886791
    .2117922
    .2366615
    .2638150
    .2901302
    .3126341
    .2717765
    .1581370
    .0148206
   -.0908845
   -.2154586
   -.3732546
   -.5131439
   -.5991162
   -.6339288
   -.6378719
   -.5228912
   -.4239011
   -.3516536
   -.1413379
    .0450058
    .2994702
    .4366591
    .1961202
    .1136165
    .0007153
   -.1140782
   -.1691285
   -.2299083
   -.2001163
    .0752643
   -.3771492
   -.8063154
   -.8232603
   -.7230798
   -.5779414
   -.4348038
   -.2927768
   -.1596934
    .0663219
    .3614790
    .0728425
    .0827044
    .1229945
    .1101827
    .0524004
   -.0645077
   -.2270038
   -.8243913
   -.9606204
   -.7787832
   -.3698732
   -.1550031
   -.1081218
   -.0764782
    .0580173
    .2428903
    .3048107
    .3955630
    .3953869
    .3220828
    .2379343
    .0334462
   -.0839737
   -.1795561
   -.2656948
   -.2277964
   -.2585170
   -.3268540
   -.3651147
   -.3736578
   -.3912372
   -.3343267
   -.2273564
   -.1246609
   -.0574146
    .0151906
    .0879164
    .1183366
    .1467437
    .1627028
    .2367300
    .1785059
    .0925948
   -.0090858
   -.0579924
   -.0611808
   -.0581881
   -.0696396
   -.0803132
   -.0924957
   -.0779840
   -.0850430
   -.0415417
   -.0279371
   -.0327941
   -.0184964
   -.0378367
    .0114179
    .0339255
    .1033709
    .1597933
    .2151574
    .2477617
    .2498099
    .2455880
    .2268063
    .2376887
    .2543504
    .2699358
    .2869488
    .2379859
    .1720819
    .1242429
    .0822246
    .0507800
    .0168562
    .0076523
    .0090092
    .0132058
    .0164064
    .0306762
    .0205877
    .0077102
   -.0091169
    .0062116
    .0265073
    .0457330
    .0534409
    .0146347
   -.0498462
   -.0965748
   -.1280323
   -.1544909
   -.1561353
   -.1293396
   -.0786144
    .0019986
    .0869876
    .1463817
    .1942464
    .2105209
    .1873348
    .1718400
    .1402114
    .0899814
   -.0853295
   -.2137029
   -.3448105
   -.4510949
   -.4875462
   -.5034218
   -.5010030
   -.4659288
   -.4313486
   -.2627380
   -.1616013
   -.0313593
    .0371010
    .0872872
    .1531481
    .0849536
    .1465581
    .1362435
    .0347742
   -.0627599
   -.2534414
   -.2853929
   -.3480538
   -.3498633
   -.0517270
    .0555078
    .2904220
    .4056242
    .6312932
    .5944347
    .5370061
    .3296484
    .2210252
    .1378555
    .1081516
    .0714659
   -.0258406
   -.1024169
   -.1919568
   -.2448649
   -.3173195
   -.3869167
   -.3897488
   -.4095494
   -.3104301
   -.1834747
   -.0834431
    .0798079
    .1553397
    .1761271
    .1420590
    .1689767
    .1969413
    .3031627
    .3864313
    .3549135
    .3133806
    .0856886
    .0127294
   -.0982309
   -.0011261
    .0609187
   -.1365208
   -.2856861
   -.3903932
   -.4458786
   -.5233266
   -.5593487
   -.3512514
   -.0408606
    .0691578
    .3495166
    .2696332
    .0840796
   -.0082004
    .0103242
    .0267592
    .0779209
    .2818705
    .2938839
    .1065938
   -.3323366
   -.5134593
   -.5262323
   -.3605513
   -.2463717
   -.0154086
    .0284137
   -.1248046
   -.2103828
   -.2179217
   -.0290826
    .1152525
    .2451427
    .4069896
    .4163269
    .3389185
    .2627854
    .1393898
   -.0212364
   -.0564896
   -.1407510
   -.2947399
   -.3245151
   -.3204402
   -.0341108
    .0647394
    .1860758
    .1408250
    .0769280
   -.2481731
   -.2790013
   -.1081923
   -.0295606
    .0101234
    .0319210
    .0471583
   -.0517850
   -.1637512
   -.4346434
   -.4527302
   -.4235392
   -.3741867
   -.3009583
   -.0920134
   -.0539377
   -.0135128
   -.0816020
   -.0494422
   -.0245195
   -.0203993
    .0425650
    .0357362
    .0398536
    .0680038
    .0534587
    .0616680
    .0556123
    .0543806
    .0636895
    .0867371
    .1259997
    .1878040
    .3148902
    .3044587
    .3057539
    .2977830
    .2963293
    .2927263
    .2688351
    .2044301
    .1271284
    .0397754
   -.0294126
   -.0866493
   -.1304335
   -.1540275
   -.1582680
   -.1664856
   -.1698707
   -.1789383
   -.1827811
   -.1613283
   -.1427804
   -.1116740
   -.0722799
   -.0352386
    .0281728
    .0796735
    .1247574
    .1730158
    .1231499
    .0899192
    .0701479
    .0782345
    .0779023
    .0668198
    .0642729
    .0794952
    .0730685
    .0423441
    .0324410
   -.0855705
   -.1862112
   -.1413252
    .0232211
    .0969238
   -.0600885
   -.2017494
   -.1544955
   -.1101794
    .0764967
    .0331845
   -.0793593
   -.2325826
   -.1815714
    .0656634
    .1213717
   -.0235876
   -.1027575
   -.2017903
   -.1848504
   -.1695589
   -.1265698
   -.0844955
   -.0002132
    .0750634
    .1793111
    .2013713
    .2061010
    .1302399
   -.0868433
   -.1518261
    .0798297
    .1910870
    .1438991
    .0970573
    .0497455
   -.0321557
   -.1029348
   -.1490288
   -.1318203
    .1008717
    .1377680
    .1640420
    .2085066
    .0614054
   -.0111319
   -.0435520
   -.0639023
   -.0910603
   -.0801238
   -.0570852
    .1100838
    .1725777
    .0638383
   -.0542418
   -.1254716
   -.1310415
   -.0991880
    .0105617
    .0797238
    .0548964
   -.0412308
   -.0643663
   -.0670465
   -.0609466
    .0214550
    .0567338
    .0614191
    .0931697
    .0191556
   -.0176600
   -.0595779
   -.0431811
   -.0281794
   -.0135146
   -.0191356
   -.0347113
   -.0479927
   -.0904386
   -.0906197
   -.0867418
   -.0715057
   -.0446348
   -.0250012
    .0101288
    .0413059
    .0536339
    .0656475
    .0673613
    .0649949
    .0649052
    .0614281
    .0559788
    .0487401
    .0378496
    .0187400
   -.0020985
   -.0189450
   -.0458018
   -.0628937
   -.0749896
   -.0749872
   -.0855185
   -.0953555
   -.0916354
   -.0780163
   -.0665831
   -.0628419
   -.0645959
   -.0639748
   -.0577027
   -.0527909
   -.0577700
   -.0579774
   -.0434690
   -.0253774
   -.0123486
   -.0074354
   -.0005028
    .0131947
    .0306303
    .0432728
    .0524028
    .0610631
    .0647015
    .0646958
    .0670176
    .0614159
    .0388639
    .0119252
   -.0105156
   -.0346993
   -.0554705
   -.0682911
   -.0793546
   -.0874085
   -.0848868
   -.0742725
   -.0707448
   -.0631363
   -.0371592
   -.0033297
    .0262019
    .0470999
    .0522842
    .0419389
    .0272959
    .0150577
    .0004307
   -.0194196
   -.0437970
   -.0680871
   -.0842003
   -.0768307
   -.0478482
   -.0278931
   -.0118823
    .0037021
    .0245204
    .0500137
    .0522416
    .0375409
    .0345797
    .0376642
    .0425615
    .0363785
    .0337511
    .0269599
    .0158015
    .0147670
    .0139157
    .0093678
    .0005643
   -.0082140
   -.0119821
   -.0123335
   -.0165031
   -.0329501
   -.0531805
   -.0611538
   -.0532472
   -.0357998
   -.0111914
    .0185036
    .0454198
    .0653131
    .0829636
    .0994688
    .1090968
    .1073464
    .0968055
    .0815736
    .0685557
    .0565779
    .0318758
   -.0022201
   -.0286257
   -.0413223
   -.0489857
   -.0560754
   -.0535284
   -.0346498
   -.0097366
    .0065530
    .0100307
    .0064283
    .0033798
   -.0006968
   -.0071466
   -.0172470
   -.0348827
   -.0523446
   -.0596267
   -.0558323
   -.0429702
   -.0207825
    .0082716
    .0423082
    .0837805
    .1242521
    .1536694
    .1632647
    .1663353
    .1713509
    .1611139
    .1327557
    .0965464
    .0566438
    .0158912
   -.0251844
   -.0633591
   -.0926201
   -.1118860
   -.1196296
   -.1159031
   -.1069945
   -.0906875
   -.0658938
   -.0394742
   -.0264666
   -.0234886
   -.0121742
   -.0016422
   -.0024301
   -.0163493
   -.0269191
   -.0222895
   -.0153675
   -.0183487
   -.0220407
   -.0126134
    .0092984
    .0303893
    .0462299
    .0599779
    .0716831
    .0786188
    .0759171
    .0596554
    .0336834
    .0054854
   -.0224959
   -.0534941
   -.0841686
   -.1056229
   -.1122959
   -.1053945
   -.0873753
   -.0569360
   -.0179581
    .0230587
    .0543733
    .0660066
    .0686228
    .0698931
    .0709661
    .0645216
    .0479121
    .0276954
    .0088398
   -.0012941
   -.0005131
   -.0029189
   -.0121042
   -.0289751
   -.0385015
   -.0465444
   -.0581001
   -.0666224
   -.0745916
   -.0832508
   -.0914193
   -.1002937
   -.0969712
   -.0747438
   -.0470960
   -.0350011
   -.0320701
   -.0278506
   -.0211566
   -.0124333
   -.0118440
   -.0217579
   -.0280308
   -.0249874
   -.0134247
    .0011219
    .0104678
    .0128416
    .0171887
    .0199329
    .0117064
    .0023205
   -.0021129
   -.0041047
   -.0145531
   -.0223298
   -.0243509
   -.0244781
   -.0241609
   -.0239717
   -.0191240
   -.0073549
    .0057228
    .0170563
    .0234622
    .0179057
    .0033550
   -.0125426
   -.0291661
   -.0379122
   -.0375216
   -.0352460
   -.0382407
   -.0368441
   -.0299403
   -.0218213
   -.0207804
   -.0166690
   -.0105994
   -.0031525
   -.0030572
   -.0029013
   -.0032054
   -.0069433
   -.0065740
   -.0041819
   -.0030772
   -.0046527
   -.0094888
   -.0158497
   -.0226895
   -.0354161
   -.0470835
   -.0468969
   -.0342776
   -.0130096
    .0116212
    .0324328
    .0454134
    .0500225
    .0480990
    .0416115
    .0287717
    .0098742
   -.0100889
   -.0281724
   -.0442510
   -.0533245
   -.0505250
   -.0381625
   -.0198725
    .0012204
    .0229050
    .0457126
    .0691928
    .0887789
    .1014047
    .1070022
    .1015518
    .0834839
    .0571174
    .0234056
   -.0184399
   -.0601118
   -.0922524
   -.1134897
   -.1299940
   -.1455839
   -.1500388
   -.1361680
   -.1076883
   -.0696104
   -.0247030
    .0160816
    .0428917
    .0575448
    .0624546
    .0575705
    .0468596
    .0298488
    .0031265
   -.0294888
   -.0604211
   -.0833465
   -.0926807
   -.0877366
   -.0727932
   -.0514043
   -.0258298
   -.0007360
    .0203345
    .0388849
    .0522123
    .0543100
    .0456848
    .0323877
    .0171878
   -.0016304
   -.0203984
   -.0309114
   -.0305165
   -.0233611
   -.0153980
   -.0068702
    .0023172
    .0077621
    .0054265
   -.0059526
   -.0256830
   -.0461244
   -.0511052
   -.0344419
   -.0071980
    .0094812
    .0160023
    .0273565
    .0419154
    .0525298
    .0533885
    .0417903
    .0207905
    .0000511
   -.0133684
   -.0204237
   -.0215303
   -.0141580
   -.0024835
    .0032172
   -.0010653
   -.0102035
   -.0146079
   -.0123493
   -.0083406
   -.0109912
   -.0194865
   -.0254095
   -.0244042
   -.0180560
   -.0107176
   -.0076143
   -.0073729
   -.0042145
    .0020777
    .0106560
    .0197807
    .0250986
    .0244688
    .0213750
    .0174538
    .0119479
    .0044855
   -.0086555
   -.0292616
   -.0463156
   -.0498858
   -.0431157
   -.0358069
   -.0348849
   -.0375180
   -.0379529
   -.0344548
   -.0257679
   -.0119558
    .0024887
    .0141978
    .0222618
    .0266048
    .0267847
    .0184593
    .0057028
   -.0002464
    .0014142
    .0007918
   -.0007025
    .0027876
    .0067588
    .0017513
   -.0034970
   -.0037955
   -.0025984
   -.0065112
   -.0069744
   -.0078523
   -.0186876
   -.0250332
   -.0251211
   -.0223153
   -.0193143
   -.0146839
   -.0083892
   -.0118583
   -.0175258
   -.0187936
   -.0188082
   -.0205144
   -.0185412
   -.0152978
   -.0160011
   -.0161675
   -.0173991
   -.0158460
   -.0141086
   -.0134292
   -.0119840
   -.0119489
   -.0084907
   -.0071849
   -.0089476
   -.0109237
   -.0124835
   -.0141944
   -.0159656
   -.0157178
   -.0117195
   -.0051737
    .0014204
    .0079018
    .0126040
    .0140899
    .0135654
    .0099431
    .0012937
   -.0111896
   -.0259136
   -.0389771
   -.0467671
   -.0505937
   -.0520205
   -.0492322
   -.0417014
   -.0313020
   -.0199557
   -.0082343
    .0032373
    .0129346
    .0171034
    .0148546
    .0101623
    .0046211
   -.0036541
   -.0124093
   -.0186247
   -.0214684
   -.0194522
   -.0124650
   -.0050802
   -.0028220
   -.0043645
   -.0061229
   -.0067731
   -.0063221
   -.0037704
   -.0020681
   -.0025258
   -.0033422
   -.0028975
   -.0014901
    .0003319
    .0035536
    .0078664
    .0115084
    .0156671
    .0213320
    .0269682
    .0287299
    .0251365
    .0191149
    .0122495
    .0039435
   -.0055939
   -.0149052
   -.0224745
   -.0274279
   -.0302213
   -.0315058
   -.0290459
   -.0201931
   -.0077411
    .0025033
    .0070412
    .0045864
   -.0032063
   -.0109175
   -.0165066
   -.0216660
   -.0253115
   -.0252026
   -.0211628
   -.0147838
   -.0080118
   -.0010535
    .0031858
    .0015908
   -.0034101
   -.0080629
   -.0118945
   -.0149637
   -.0155226
   -.0142270
   -.0130461
   -.0105308
   -.0061663
   -.0016159
   -.0001101
   -.0025470
   -.0064144
   -.0111084
   -.0136097
   -.0111739
   -.0053374
    .0010897
    .0050316
    .0070322
    .0074529
    .0058112
    .0021684
   -.0032887
   -.0083724
   -.0107615
   -.0107805
   -.0086030
   -.0037116
    .0016724
    .0044388
    .0037640
   -.0003673
   -.0075371
   -.0149987
   -.0202810
   -.0269092
   -.0371606
   -.0483939
   -.0561332
   -.0581799
   -.0569396
   -.0529156
   -.0448804
   -.0340348
   -.0207105
   -.0053225
    .0099104
    .0221235
    .0299524
    .0327107
    .0307791
    .0243527
    .0132033
   -.0003464
   -.0131735
   -.0228506
   -.0259064
   -.0226930
   -.0182579
   -.0144871
   -.0105117
   -.0065650
   -.0018223
    .0031113
    .0058566
    .0050372
    .0010590
   -.0042269
   -.0087713
   -.0116189
   -.0129123
   -.0140462
   -.0136111
   -.0099800
   -.0051186
   -.0017400
   -.0010937
   -.0033403
   -.0090325
   -.0171328
   -.0244521
   -.0280311
   -.0261829
   -.0199362
   -.0116236
   -.0035047
    .0023220
    .0045362
    .0031968
   -.0014158
   -.0088562
   -.0172472
   -.0250500
   -.0316411
   -.0340160
   -.0303403
   -.0231089
   -.0147200
   -.0052380
    .0040732
    .0122895
    .0181251
    .0186820
    .0129563
    .0058979
    .0026215
    .0022209
    .0025285
   -.0007817
   -.0078606
   -.0124271
   -.0139921
   -.0131818
   -.0121299
   -.0140144
   -.0151115
   -.0145783
   -.0131112
   -.0112066
   -.0093279
   -.0073757
   -.0062092
   -.0061757
   -.0057882
   -.0048383
   -.0035090
   -.0025531
   -.0074374
   -.0180848
   -.0271754
   -.0306608
   -.0290631
   -.0257627
   -.0246439
   -.0243929
   -.0219528
   -.0159672
   -.0086464
   -.0029238
    .0022657
    .0070955
    .0112129
    .0138708
    .0139898
    .0129138
    .0101820
    .0052408
   -.0006340
   -.0060508
   -.0099322
   -.0118840
   -.0119398
   -.0104618
   -.0074236
   -.0038310
   -.0014901
   -.0025055
   -.0082614
   -.0145977
   -.0178129
   -.0185365
   -.0182227
   -.0174425
   -.0164819
   -.0138808
   -.0091828
   -.0061606
   -.0069830
   -.0068582
   -.0048538
   -.0051739
   -.0071961
   -.0067505
   -.0052013
   -.0048428
   -.0064709
   -.0082667
   -.0090200
   -.0079542
   -.0057773
   -.0053989
   -.0093445
   -.0145790
   -.0172154
   -.0181776
   -.0193862
   -.0200342
   -.0192952
   -.0171950
   -.0125819
   -.0079882
   -.0081437
   -.0128789
   -.0173112
   -.0189658
   -.0174969
   -.0133511
   -.0083965
   -.0065717
   -.0057289
   -.0031658
   -.0011535
   -.0058270
   -.0092957
   -.0086627
   -.0073685
   -.0105761
   -.0160146
   -.0180157
   -.0160960
   -.0110585
   -.0061971
   -.0054871
   -.0050270
   -.0033482
   -.0019854
   -.0013206
   -.0007581
   -.0004140
   -.0020055
   -.0053170
   -.0075787
   -.0081985
   -.0086610
   -.0092038
   -.0100353
   -.0098728
   -.0077366
   -.0043625
   -.0018090
   -.0010704
   -.0016070
   -.0039794
   -.0089371
   -.0147788
   -.0189660
   -.0203075
   -.0192163
   -.0167334
   -.0133321
   -.0104303
   -.0098857
   -.0108543
   -.0126021
   -.0146090
   -.0139368
   -.0128139
   -.0128827
   -.0150640
   -.0173571
   -.0185743
   -.0190846
   -.0190960
   -.0185187
   -.0169777
   -.0132683
   -.0084678
   -.0035160
   -.0021437
   -.0023232
   -.0015731
    .0005170
    .0031995
    .0053622
    .0068754
    .0079918
    .0084289
    .0065177
    .0015292
   -.0044982
   -.0100820
   -.0145291
   -.0164435
   -.0168474
   -.0176606
   -.0173983
   -.0153762
   -.0124511
   -.0093051
   -.0059754
   -.0031265
   -.0021485
   -.0035002
   -.0066955
   -.0110594
   -.0147256
   -.0163810
   -.0161996
   -.0132366
   -.0085417
   -.0040146
   -.0001643
    .0013645
    .0005838
   -.0017201
   -.0057967
   -.0091797
   -.0089774
   -.0070938
   -.0039719
   -.0033171
   -.0047017
   -.0052842
   -.0049296
   -.0056759
   -.0068690
   -.0068084
   -.0073462
   -.0091271
   -.0097409
   -.0095041
   -.0101554
   -.0114311
   -.0122246
   -.0128300
   -.0122601
   -.0106389
   -.0093482
   -.0101828
   -.0119587
   -.0129496
   -.0143319
   -.0151164
   -.0140463
   -.0113903
   -.0074993
   -.0047741
   -.0049289
   -.0054292
   -.0048477
   -.0035652
   -.0041339
   -.0058334
   -.0062421
   -.0059786
   -.0053186
   -.0066990
   -.0083306
   -.0097733
   -.0103585
   -.0100203
   -.0104364
   -.0116143
   -.0150038
   -.0196585
   -.0222810
   -.0232949
   -.0225141
   -.0197891
   -.0183704
   -.0189185
   -.0181940
   -.0159726
   -.0137130
   -.0133228
   -.0145640
   -.0146287
   -.0148541
   -.0146998
   -.0145370
   -.0142884
   -.0128369
   -.0099546
   -.0061699
   -.0017272
    .0017260
    .0027271
    .0019732
    .0011845
   -.0004354
   -.0022994
   -.0053588
   -.0098208
   -.0133170
   -.0140460
   -.0118744
   -.0088468
   -.0085769
   -.0093136
   -.0098777
   -.0097931
   -.0088579
   -.0082487
   -.0094772
   -.0112983
   -.0123045
   -.0121856
   -.0117893
   -.0100386
   -.0077223
   -.0057765
   -.0035917
   -.0021338
   -.0036174
   -.0070885
   -.0099040
   -.0119493
   -.0140665
   -.0161458
   -.0173977
   -.0173301
   -.0165212
   -.0144648
   -.0107376
   -.0071277
   -.0040147
   -.0019371
   -.0012106
   -.0028397
   -.0061043
   -.0096897
   -.0132377
   -.0162544
   -.0175438
   -.0165800
   -.0144003
   -.0115543
   -.0084714
   -.0053096
   -.0038701
   -.0037294
   -.0044993
   -.0040020
   -.0036433
   -.0027174
   -.0019697
   -.0021831
   -.0029119
   -.0034362
   -.0038317
   -.0039042
   -.0045815
   -.0047480
   -.0041105
   -.0056721
   -.0090493
   -.0134188
   -.0176678
   -.0203412
   -.0223380
   -.0225709
   -.0224267
   -.0207454
   -.0165448
   -.0119932
   -.0089877
   -.0079558
   -.0078436
   -.0079208
   -.0081880
   -.0079134
   -.0097618
   -.0089360
   -.0063781
   -.0028156
   -.0013760
   -.0007703
    .0008082
    .0017142
   -.0016019
   -.0063844
   -.0085106
   -.0089648
   -.0089610
   -.0098980
   -.0106831
   -.0098820
   -.0091013
   -.0077694
   -.0086440
   -.0092608
   -.0092302
   -.0085550
   -.0096666
   -.0113136
   -.0119070
   -.0118212
   -.0112100
   -.0102770
   -.0095894
   -.0099579
   -.0111364
   -.0127047
   -.0141381
   -.0139876
   -.0126666
   -.0113333
   -.0114725
   -.0140571
   -.0171262
   -.0172900
   -.0154153
   -.0125587
   -.0114375
   -.0103400
   -.0075193
   -.0045219
   -.0021432
   -.0002565
    .0008322
    .0014287
    .0033873
    .0058433
    .0068787
    .0061772
    .0031431
   -.0019234
   -.0073508
   -.0125129
   -.0178463
   -.0231670
   -.0275109
   -.0293840
   -.0276255
   -.0234218
   -.0190832
   -.0146913
   -.0103597
   -.0069827
   -.0049327
   -.0050946
   -.0077741
   -.0109648
   -.0125022
   -.0129741
   -.0134007
   -.0145738
   -.0168336
   -.0196836
   -.0225642
   -.0245073
   -.0245661
   -.0225320
   -.0188800
   -.0144845
   -.0096915
   -.0048137
   -.0016701
   -.0015749
   -.0033607
   -.0049419
   -.0059145
   -.0068732
   -.0075195
   -.0070979
   -.0062034
   -.0051857
   -.0042539
   -.0039174
   -.0037739
   -.0046816
   -.0074386
   -.0098668
   -.0095543
   -.0074342
   -.0055810
   -.0048188
   -.0077321
   -.0103481
   -.0116020
   -.0118829
   -.0134255
   -.0156454
   -.0150903
   -.0134245
   -.0105783
   -.0092210
   -.0098341
   -.0097471
   -.0093598
   -.0077391
   -.0081162
   -.0102714
   -.0123258
   -.0142768
   -.0161156
   -.0175721
   -.0181874
   -.0169408
   -.0141237
   -.0110379
   -.0088583
   -.0075362
   -.0064029
   -.0059241
   -.0072227
   -.0102670
   -.0127268
   -.0124645
   -.0096301
   -.0061677
   -.0032591
   -.0009158
    .0007010
    .0012001
    .0004647
   -.0013975
   -.0045870
   -.0083046
   -.0114570
   -.0134862
   -.0136077
   -.0121826
   -.0107710
   -.0093015
   -.0070488
   -.0043757
   -.0020227
   -.0007452
   -.0012862
   -.0036279
   -.0069228
   -.0102342
   -.0130300
   -.0146788
   -.0155069
   -.0161870
   -.0162457
   -.0156480
   -.0147070
   -.0133069
   -.0118865
   -.0109183
   -.0106415
   -.0103251
   -.0095663
   -.0092306
   -.0097319
   -.0108830
   -.0124741
   -.0139729
   -.0155609
   -.0169008
   -.0176275
   -.0173309
   -.0159650
   -.0141344
   -.0113231
   -.0084772
   -.0075771
   -.0085629
   -.0102027
   -.0116944
   -.0126963
   -.0133844
   -.0138652
   -.0135893
   -.0118065
   -.0088426
   -.0059755
   -.0038196
   -.0018560
   -.0000330
    .0011759
    .0012926
    .0001407
   -.0025793
   -.0068538
   -.0120763
   -.0168011
   -.0194955
   -.0194704
   -.0174083
   -.0147389
   -.0123595
   -.0102447
   -.0086432
   -.0084712
   -.0100030
   -.0108811
   -.0101363
   -.0090857
   -.0075585
   -.0070991
   -.0085577
   -.0076098
   -.0089786
   -.0087342
   -.0050572
   -.0024820
   -.0069965
   -.0116032
   -.0099153
   -.0039344
   -.0078228
   -.0175421
   -.0200187
   -.0137166
   -.0045428
   -.0071501
   -.0157557
   -.0175861
   -.0112764
   -.0064583
   -.0111214
   -.0139338
   -.0088218
   -.0026344
   -.0025182
   -.0057525
   -.0065629
   -.0056887
   -.0062186
   -.0110204
   -.0140417
   -.0130347
   -.0103880
   -.0102335
   -.0130667
   -.0125142
   -.0102915
   -.0076321
   -.0077886
   -.0121557
   -.0143538
   -.0146947
   -.0152033
   -.0176447
   -.0170727
   -.0148091
   -.0118097
   -.0111716
   -.0122563
   -.0103305
   -.0085112
   -.0083886
   -.0102768
   -.0113234
   -.0110597
   -.0107636
   -.0088080
   -.0063065
   -.0045976
   -.0028352
   -.0027701
   -.0018071
   -.0010619
   -.0013822
   -.0046180
   -.0094346
   -.0134075
   -.0136715
   -.0099687
   -.0065626
   -.0091826
   -.0107345
   -.0095718
   -.0084598
   -.0065222
   -.0061386
   -.0083183
   -.0112245
   -.0138284
   -.0157686
   -.0154474
   -.0115777
   -.0074556
   -.0054475
   -.0063942
   -.0064319
   -.0070617
   -.0083562
   -.0134788
   -.0192145
   -.0210631
   -.0174544
   -.0107563
   -.0080317
   -.0110215
   -.0087960
   -.0020091
    .0024489
    .0007823
   -.0017910
   -.0028511
   -.0038536
   -.0085615
   -.0108373
   -.0116287
   -.0143180
   -.0206929
   -.0238311
   -.0217777
   -.0158909
   -.0129793
   -.0166803
   -.0199181
   -.0168796
   -.0086049
   -.0005392
    .0034037
    .0048485
    .0062873
    .0060349
    .0030311
   -.0023343
   -.0098761
   -.0178980
   -.0234899
   -.0253406
   -.0236422
   -.0196677
   -.0140207
   -.0072033
   -.0013044
    .0023656
    .0027807
   -.0030605
   -.0148543
   -.0270767
   -.0326156
   -.0272849
   -.0134169
    .0024843
    .0145116
    .0198487
    .0167787
    .0060159
   -.0086871
   -.0234201
   -.0353468
   -.0414556
   -.0386603
   -.0270063
   -.0119688
    .0004713
    .0072852
    .0081153
    .0039992
   -.0038726
   -.0112147
   -.0134118
   -.0121013
   -.0109261
   -.0105417
   -.0112349
   -.0130329
   -.0152355
   -.0168404
   -.0164063
   -.0135062
   -.0100401
   -.0073416
   -.0058333
   -.0053403
   -.0069039
   -.0107990
   -.0147276
   -.0173141
   -.0183727
   -.0168748
   -.0126177
   -.0076020
   -.0038446
   -.0023871
   -.0037983
   -.0067220
   -.0088999
   -.0098349
   -.0101057
   -.0095060
   -.0079368
   -.0059815
   -.0046701
   -.0050052
   -.0074611
   -.0112951
   -.0156844
   -.0195045
   -.0214973
   -.0214192
   -.0202224
   -.0184435
   -.0164331
   -.0146701
   -.0132181
   -.0127223
   -.0139045
   -.0158833
   -.0168509
   -.0160888
   -.0142224
   -.0115056
   -.0082722
   -.0055122
   -.0039773
   -.0036684
   -.0043333
   -.0058620
   -.0074554
   -.0086352
   -.0092514
   -.0092964
   -.0092429
   -.0090495
   -.0086570
   -.0084283
   -.0090536
   -.0108953
   -.0130213
   -.0145231
   -.0148980
   -.0135221
   -.0109366
   -.0082358
   -.0059200
   -.0041943
   -.0028680
   -.0024517
   -.0034458
   -.0053665
   -.0082321
   -.0117228
   -.0148895
   -.0169868
   -.0177672
   -.0172189
   -.0158278
   -.0138620
   -.0116495
   -.0095971
   -.0079619
   -.0073790
   -.0080416
   -.0093647
   -.0106493
   -.0113649
   -.0114419
   -.0103619
   -.0080299
   -.0050563
   -.0028719
   -.0023035
   -.0020431
   -.0016653
   -.0020027
   -.0032611
   -.0051014
   -.0074347
   -.0099683
   -.0121824
   -.0139853
   -.0153206
   -.0164239
   -.0172738
   -.0172238
   -.0157755
   -.0135494
   -.0112783
   -.0094939
   -.0083716
   -.0082855
   -.0080772
   -.0077863
   -.0089736
   -.0109118
   -.0126733
   -.0136687
   -.0138861
   -.0142311
   -.0145131
   -.0145083
   -.0148185
   -.0154160
   -.0161422
   -.0163443
   -.0154195
   -.0140771
   -.0126993
   -.0114485
   -.0102433
   -.0096146
   -.0095600
   -.0104067
   -.0114336
   -.0117999
   -.0118322
   -.0111391
   -.0106770
   -.0108030
   -.0100626
   -.0082492
   -.0066908
   -.0064105
   -.0071134
   -.0087139
   -.0110104
   -.0134586
   -.0154843
   -.0159289
   -.0146641
   -.0126948
   -.0107693
   -.0091579
   -.0080569
   -.0073012
   -.0067451
   -.0070427
   -.0074884
   -.0084996
   -.0093985
   -.0100834
   -.0101846
   -.0099214
   -.0105902
   -.0103303
   -.0107366
   -.0110266
   -.0105338
   -.0099310
   -.0096002
   -.0095923
   -.0098541
   -.0100695
   -.0102437
   -.0104410
   -.0103785
   -.0100348
   -.0095595
   -.0090454
   -.0086486
   -.0084427
   -.0085269
   -.0089803
   -.0095876
   -.0101520
   -.0108339
   -.0113891
   -.0118150
   -.0122094
   -.0125213
   -.0122409
   -.0116985
   -.0113443
   -.0110140
   -.0115208
   -.0122449
   -.0122325
   -.0126895
   -.0130153
   -.0132635
   -.0139534
   -.0139850
   -.0139926
   -.0140760
   -.0138257
   -.0130330
   -.0121387
   -.0116628
   -.0111507
   -.0109267
   -.0110720
   -.0115272
   -.0121246
   -.0126669
   -.0129171
   -.0130261
   -.0131029
   -.0130650
   -.0128414
   -.0125966
   -.0125840
   -.0125065
   -.0124089
   -.0124543
   -.0125747
   -.0127245
   -.0128344
   -.0128929
   -.0128409
   -.0127347
   -.0126671
   -.0126887
   -.0127326
   -.0128040
   -.0128917
   -.0130051
   -.0131388
   -.0132654
   -.0133681
   -.0134051
   -.0134291
   -.0134071
   -.0134338
   -.0134158
   -.0134707
   -.0134748
   -.0136051
   -.0136467
   -.0138729
   -.0139411
   -.0143657
   -.0144610
   -.0157514