   -.548238E-03
    .235222E-03
    .112374E-02
    .517962E-03
    .116066E-02
    .201858E-02
    .207274E-02
    .170870E-02
    .131712E-02
    .169767E-02
    .107455E-02
    .193247E-02
    .180405E-02
    .246816E-02
    .194908E-02
    .119132E-02
    .197783E-02
    .112419E-02
    .193824E-02
    .168232E-02
    .149576E-02
    .147545E-02
   -.788855E-03
   -.977461E-03
   -.115587E-02
   -.171881E-02
   -.195740E-02
   -.261011E-02
   -.249475E-02
   -.157258E-02
   -.438249E-03
    .189143E-03
    .902950E-04
   -.143193E-03
   -.424622E-03
   -.367411E-03
   -.135366E-02
   -.859890E-03
   -.459959E-03
   -.121875E-02
   -.210900E-03
    .108663E-02
    .235866E-02
    .279837E-02
    .245370E-02
    .948265E-03
    .786173E-03
    .221181E-03
    .687409E-03
    .109856E-02
    .203500E-02
    .413290E-03
   -.140732E-02
   -.372978E-02
   -.501897E-02
   -.267492E-02
   -.724599E-03
   -.191587E-02
   -.310511E-02
   -.194936E-02
    .172812E-04
    .317223E-02
    .456053E-02
    .260323E-02
   -.132323E-03
    .215580E-03
   -.103180E-02
   -.104293E-02
    .167035E-02
    .293625E-02
    .521705E-02
    .455720E-02
    .146770E-02
    .201246E-02
    .278672E-02
    .741701E-03
   -.194579E-03
    .118642E-03
   -.237212E-02
   -.307788E-02
   -.300436E-02
   -.493106E-02
   -.516456E-02
   -.323974E-02
   -.405872E-02
   -.567228E-02
   -.400655E-02
   -.443607E-03
    .215849E-02
    .332035E-02
    .560319E-02
    .534112E-02
    .359802E-02
    .358790E-02
    .197127E-02
   -.421312E-04
    .117073E-02
    .926604E-04
   -.105476E-02
    .194309E-02
    .259597E-02
    .409748E-02
    .482278E-02
    .264107E-02
    .129372E-02
    .646975E-04
   -.416669E-03
   -.278504E-02
   -.454038E-02
   -.624269E-02
   -.623752E-02
   -.305198E-02
   -.306109E-02
   -.134028E-02
   -.423228E-03
   -.106576E-02
   -.518649E-02
   -.748957E-02
   -.609924E-02
   -.429377E-02
   -.874662E-03
   -.514532E-03
   -.429356E-02
   -.535021E-02
   -.142314E-02
    .603667E-03
    .109028E-02
    .248366E-02
    .217671E-02
    .181366E-02
    .156893E-02
    .122730E-02
    .755106E-03
    .699073E-03
    .426801E-03
   -.112863E-02
   -.129177E-02
   -.109994E-02
    .344448E-03
   -.247579E-02
   -.561936E-02
   -.209213E-02
    .229393E-02
    .413102E-02
    .796526E-02
    .923421E-02
    .723303E-02
    .595300E-02
    .459136E-02
    .700126E-03
   -.342061E-02
   -.590833E-02
   -.134848E-01
   -.179085E-01
   -.143313E-01
   -.100707E-01
   -.512975E-02
   -.169739E-02
    .231025E-02
    .636176E-02
    .879860E-02
    .113507E-01
    .909146E-02
    .100901E-01
    .101748E-01
    .359690E-02
   -.473848E-02
   -.120090E-01
   -.169161E-01
   -.154901E-01
   -.131940E-01
   -.129002E-01
   -.730953E-02
    .151964E-02
    .606482E-02
    .104264E-01
    .126888E-01
    .922496E-02
    .101114E-01
    .872527E-02
    .805621E-02
    .635185E-02
    .418237E-02
    .245761E-02
    .179874E-02
    .525252E-02
    .615324E-02
    .312797E-02
    .167249E-02
    .333821E-02
    .299248E-02
    .234382E-02
   -.266025E-02
   -.793971E-02
   -.490210E-02
    .212780E-02
    .243691E-02
   -.342532E-03
   -.403284E-02
   -.942960E-02
   -.781387E-02
   -.408878E-02
   -.386228E-02
   -.627453E-02
   -.587157E-02
   -.796456E-02
   -.120353E-01
   -.759521E-02
    .178170E-02
    .688175E-02
    .955420E-02
    .117309E-01
    .136058E-01
    .161895E-01
    .139649E-01
    .898632E-02
    .621503E-02
    .440152E-02
    .247377E-02
    .311948E-02
    .291247E-02
   -.105222E-02
   -.198241E-02
   -.280652E-02
   -.542685E-02
   -.172318E-02
    .418675E-02
    .884412E-02
    .132779E-02
   -.556226E-02
   -.723332E-03
    .496526E-02
    .396876E-02
   -.268267E-03
   -.543248E-02
   -.958893E-02
   -.492748E-02
   -.559452E-02
   -.844231E-02
   -.628292E-02
   -.437854E-02
   -.388379E-02
   -.235782E-02
    .347265E-03
    .433245E-02
    .102638E-01
    .105607E-01
    .418673E-02
   -.412406E-03
    .929960E-03
    .329539E-02
   -.124765E-02
   -.524804E-02
   -.226654E-02
   -.119958E-02
    .301908E-03
    .221241E-02
    .194420E-02
    .130878E-02
   -.279872E-02
   -.969812E-03
    .677407E-02
    .107470E-01
    .118986E-01
    .768302E-02
    .136926E-02
   -.448243E-02
   -.954465E-02
   -.952523E-02
   -.453637E-02
   -.495249E-02
   -.841738E-02
   -.681084E-02
   -.889466E-02
   -.109112E-01
   -.923832E-02
   -.918626E-02
   -.281836E-02
    .358320E-02
    .673811E-02
    .885159E-02
    .375061E-02
   -.276817E-02
   -.530691E-02
   -.562205E-02
   -.415219E-02
    .986605E-03
    .203284E-03
   -.108797E-03
   -.322486E-02
   -.453348E-02
    .616598E-04
   -.867522E-03
   -.158658E-02
   -.568286E-02
   -.971999E-02
   -.130513E-01
   -.140875E-01
   -.118109E-01
   -.973820E-02
   -.715450E-02
   -.242880E-02
   -.341844E-03
   -.176879E-02
   -.263983E-02
   -.587523E-02
   -.732972E-02
   -.509588E-02
   -.100157E-02
    .229715E-02
    .534291E-02
    .796128E-02
    .875998E-02
    .502885E-02
   -.148381E-02
   -.785775E-02
   -.127088E-01
   -.111788E-01
   -.810857E-02
   -.757916E-02
   -.416008E-02
    .239928E-04
    .610527E-03
    .384090E-02
    .640011E-02
    .612781E-02
    .440914E-02
    .276698E-02
    .833893E-04
   -.402718E-02
   -.579480E-02
   -.639963E-02
   -.337122E-02
   -.882386E-03
   -.990473E-03
   -.459021E-03
    .591611E-03
   -.283250E-02
   -.364540E-02
   -.468169E-02
   -.912682E-02
   -.883405E-02
   -.856270E-02
   -.108842E-01
   -.611974E-02
    .136506E-02
    .381105E-02
    .789006E-02
    .133848E-01
    .142978E-01
    .121619E-01
    .868884E-02
    .344250E-03
   -.218124E-02
   -.125607E-02
   -.304512E-02
    .109917E-02
    .763638E-02
    .137217E-01
    .166410E-01
    .138503E-01
    .698268E-02
    .264985E-03
   -.621505E-02
   -.128501E-01
   -.150819E-01
   -.118423E-01
   -.499093E-02
   -.820124E-03
    .179518E-02
    .587113E-02
    .106325E-01
    .118861E-01
    .115383E-01
    .589062E-02
    .243387E-02
    .484008E-02
    .441272E-02
    .467693E-02
    .334280E-02
    .778545E-03
   -.244871E-02
   -.470594E-02
   -.396846E-02
   -.134805E-02
    .150696E-02
    .416816E-02
    .439361E-02
    .768925E-02
    .152516E-01
    .230342E-01
    .309239E-01
    .362086E-01
    .375234E-01
    .336137E-01
    .286576E-01
    .248754E-01
    .246592E-01
    .277233E-01
    .274163E-01
    .236179E-01
    .164279E-01
    .421344E-02
   -.142169E-01
   -.313570E-01
   -.448179E-01
   -.545599E-01
   -.561215E-01
   -.417955E-01
   -.807025E-02
    .294097E-01
    .527371E-01
    .604381E-01
    .660022E-01
    .700435E-01
    .718030E-01
    .669142E-01
    .487868E-01
    .155338E-01
   -.265830E-01
   -.606877E-01
   -.855737E-01
   -.106086E+00
   -.117911E+00
   -.120553E+00
   -.116335E+00
   -.104254E+00
   -.821147E-01
   -.451254E-01
    .279218E-02
    .506455E-01
    .776694E-01
    .732538E-01
    .384372E-01
   -.812376E-02
   -.426079E-01
   -.602610E-01
   -.626794E-01
   -.448478E-01
   -.114652E-01
    .150926E-01
    .285168E-01
    .337229E-01
    .307058E-01
    .209148E-01
    .198061E-01
    .298868E-01
    .404571E-01
    .504398E-01
    .492546E-01
    .137668E-01
   -.370904E-01
   -.734218E-01
   -.909137E-01
   -.851589E-01
   -.548332E-01
   -.109967E-01
    .324625E-01
    .714867E-01
    .868989E-01
    .643273E-01
    .298218E-01
    .131417E-01
    .201002E-01
    .381675E-01
    .553361E-01
    .703353E-01
    .779832E-01
    .806353E-01
    .754598E-01
    .608422E-01
    .487113E-01
    .466550E-01
    .555392E-01
    .689941E-01
    .762269E-01
    .748285E-01
    .613492E-01
    .422559E-01
    .266387E-01
    .206982E-01
    .270967E-01
    .329556E-01
    .184073E-01
   -.145621E-01
   -.587862E-01
   -.107133E+00
   -.141694E+00
   -.154040E+00
   -.130781E+00
   -.806815E-01
   -.344520E-01
   -.166612E-02
    .203506E-01
    .360647E-01
    .497246E-01
    .461444E-01
    .233076E-01
   -.912631E-02
   -.450966E-01
   -.795695E-01
   -.108209E+00
   -.121656E+00
   -.120673E+00
   -.109336E+00
   -.691950E-01
   -.159928E-01
    .106710E-01
    .613100E-02
   -.985545E-02
   -.158541E-01
   -.222872E-01
   -.375219E-01
   -.624476E-01
   -.821989E-01
   -.798049E-01
   -.568794E-01
   -.321189E-01
   -.143382E-01
    .336593E-02
    .183977E-01
    .250328E-01
    .191321E-01
    .630766E-02
   -.129234E-01
   -.245697E-01
   -.114974E-01
    .201665E-01
    .418292E-01
    .440488E-01
    .348371E-01
    .122309E-01
   -.182243E-01
   -.444729E-01
   -.613192E-01
   -.672240E-01
   -.577727E-01
   -.321176E-01
   -.293641E-02
    .217088E-01
    .464642E-01
    .633657E-01
    .689308E-01
    .725538E-01
    .786208E-01
    .838463E-01
    .792767E-01
    .625987E-01
    .450700E-01
    .333400E-01
    .286388E-01
    .323639E-01
    .336073E-01
    .319692E-01
    .329790E-01
    .346202E-01
    .363297E-01
    .393795E-01
    .424038E-01
    .385329E-01
    .268611E-01
    .126392E-01
    .762370E-03
   -.108779E-01
   -.267776E-01
   -.422847E-01
   -.558353E-01
   -.669972E-01
   -.709272E-01
   -.674572E-01
   -.540320E-01
   -.371295E-01
   -.222630E-01
   -.975372E-02
    .627661E-02
    .219397E-01
    .310218E-01
    .322642E-01
    .254516E-01
    .150079E-01
    .454572E-02
   -.587561E-02
   -.190856E-01
   -.296661E-01
   -.337899E-01
   -.227239E-01
   -.849003E-03
    .152650E-01
    .230618E-01
    .247500E-01
    .250386E-01
    .204670E-01
    .919703E-02
   -.361314E-02
   -.172485E-01
   -.313306E-01
   -.430973E-01
   -.475170E-01
   -.409563E-01
   -.290672E-01
   -.228340E-01
   -.249168E-01
   -.316804E-01
   -.367835E-01
   -.308379E-01
   -.101472E-01
    .157874E-01
    .414791E-01
    .604175E-01
    .695750E-01
    .718894E-01
    .661030E-01
    .498799E-01
    .264087E-01
    .164206E-02
   -.176451E-01
   -.283367E-01
   -.336132E-01
   -.322709E-01
   -.217128E-01
   -.612316E-02
    .676455E-02
    .166300E-01
    .205958E-01
    .151082E-01
    .333533E-02
   -.696156E-02
   -.107713E-01
   -.115648E-01
   -.126389E-01
   -.154561E-01
   -.169157E-01
   -.173094E-01
   -.152103E-01
   -.388213E-02
    .862002E-02
    .222319E-01
    .397076E-01
    .551147E-01
    .646058E-01
    .692631E-01
    .662358E-01
    .579962E-01
    .531961E-01
    .510623E-01
    .522914E-01
    .465437E-01
    .246198E-01
   -.589451E-02
   -.334345E-01
   -.545954E-01
   -.623056E-01
   -.620955E-01
   -.602248E-01
   -.587397E-01
   -.544220E-01
   -.436630E-01
   -.328837E-01
   -.234629E-01
   -.181763E-01
   -.920434E-02
    .678314E-02
    .224391E-01
    .350035E-01
    .441794E-01
    .465723E-01
    .374138E-01
    .180379E-01
   -.168997E-02
   -.104375E-01
   -.112851E-01
   -.865757E-02
   -.946031E-02
   -.154151E-01
   -.185261E-01
   -.218604E-01
   -.250255E-01
   -.226346E-01
   -.147449E-01
   -.753452E-02
   -.588517E-02
   -.601165E-02
   -.906042E-02
   -.115941E-01
   -.738150E-02
   -.138472E-03
    .382015E-02
   -.143896E-02
   -.860854E-02
   -.149611E-01
   -.195164E-01
   -.181506E-01
   -.195062E-01
   -.203232E-01
   -.175305E-01
   -.436429E-02
    .966275E-02
    .143446E-01
    .171853E-01
    .183481E-01
    .193426E-01
    .184419E-01
    .160327E-01
    .193324E-01
    .276617E-01
    .349863E-01
    .378933E-01
    .325485E-01
    .228269E-01
    .108235E-01
    .129064E-02
   -.382364E-02
   -.528428E-02
   -.171325E-02
   -.417851E-03
    .556251E-03
    .201689E-02
    .180780E-02
    .229944E-02
    .953043E-03
   -.239663E-02
   -.699785E-02
   -.119153E-01
   -.939179E-02
   -.200290E-02
    .407222E-02
    .761468E-02
    .396921E-02
   -.175707E-02
   -.650313E-02
   -.883893E-02
   -.987015E-02
   -.135931E-01
   -.167735E-01
   -.188920E-01
   -.203363E-01
   -.203047E-01
   -.197478E-01
   -.132239E-01
   -.693457E-02
   -.358794E-02
    .598374E-02
    .140387E-01
    .156115E-01
    .164469E-01
    .264521E-01
    .392888E-01
    .427996E-01
    .371121E-01
    .240775E-01
    .887852E-02
   -.714160E-02
   -.212798E-01
   -.307821E-01
   -.361534E-01
   -.372387E-01
   -.359749E-01
   -.358067E-01
   -.328599E-01
   -.190797E-01
   -.108278E-02
    .834508E-02
    .957010E-02
    .104463E-01
    .986794E-02
    .113500E-01
    .174965E-01
    .211716E-01
    .209258E-01
    .144447E-01
    .230669E-02
   -.122915E-01
   -.236288E-01
   -.304506E-01
   -.288441E-01
   -.916320E-02
    .104891E-01
    .200210E-01
    .249548E-01
    .213532E-01
    .118458E-01
   -.751181E-02
   -.304577E-01
   -.507139E-01
   -.631283E-01
   -.679193E-01
   -.656191E-01
   -.524805E-01
   -.348519E-01
   -.185421E-01
   -.532084E-02
    .619292E-02
    .725270E-02
    .882801E-03
   -.178960E-02
    .174062E-02
    .805136E-02
    .139011E-01
    .116581E-01
    .280143E-02
    .211191E-02
    .716601E-02
    .152260E-01
    .169213E-01
    .106534E-01
    .137195E-01
    .225782E-01
    .281658E-01
    .350936E-01
    .389849E-01
    .353211E-01
    .290430E-01
    .202424E-01
    .157136E-01
    .195305E-01
    .205923E-01
    .674884E-02
   -.799322E-02
   -.683144E-02
   -.931718E-02
   -.207636E-01
   -.275191E-01
   -.243183E-01
   -.155228E-01
   -.101464E-01
   -.397339E-02
    .299387E-03
   -.289321E-02
   -.589507E-02
   -.749341E-02
   -.137440E-01
   -.158727E-01
   -.119182E-01
   -.349501E-02
    .558605E-02
    .178760E-01
    .335749E-01
    .421592E-01
    .474214E-01
    .423928E-01
    .292643E-01
    .162838E-01
    .740063E-02
    .406493E-03
   -.106972E-01
   -.191071E-01
   -.255964E-01
   -.320601E-01
   -.292031E-01
   -.141050E-01
   -.696606E-02
   -.599225E-03
    .810240E-02
    .796980E-02
    .141377E-01
    .232188E-01
    .333596E-01
    .363217E-01
    .359249E-01
    .355822E-01
    .332893E-01
    .330761E-01
    .288390E-01
    .184585E-01
    .428250E-02
   -.678552E-02
   -.193886E-01
   -.306097E-01
   -.359167E-01
   -.382219E-01
   -.323171E-01
   -.223232E-01
   -.188399E-01
   -.211073E-01
   -.175934E-01
   -.392034E-02
    .923970E-02
    .136298E-01
    .924684E-02
    .472110E-02
    .860424E-02
    .123150E-01
    .137277E-01
    .149915E-01
    .128301E-01
    .508116E-02
   -.752910E-02
   -.175506E-01
   -.236757E-01
   -.253577E-01
   -.259901E-01
   -.301853E-01
   -.373835E-01
   -.414971E-01
   -.404955E-01
   -.344245E-01
   -.301415E-01
   -.277526E-01
   -.222783E-01
   -.182228E-01
   -.142417E-01
   -.627858E-02
    .162029E-02
    .596039E-02
    .134951E-01
    .217857E-01
    .231861E-01
    .224885E-01
    .230729E-01
    .195743E-01
    .153913E-01
    .147049E-01
    .146753E-01
    .146100E-01
    .162379E-01
    .219622E-01
    .286891E-01
    .317511E-01
    .323825E-01
    .306852E-01
    .253179E-01
    .184431E-01
    .185482E-01
    .253261E-01
    .236574E-01
    .133319E-01
    .269843E-02
   -.309517E-02
   -.189157E-02
    .323087E-02
    .276881E-02
   -.557412E-03
    .250055E-02
    .688145E-02
    .863687E-02
    .129127E-01
    .182238E-01
    .171692E-01
    .102087E-01
    .754305E-03
   -.651320E-02
   -.105095E-01
   -.126985E-01
   -.163185E-01
   -.220794E-01
   -.236166E-01
   -.228291E-01
   -.234789E-01
   -.219744E-01
   -.227720E-01
   -.245835E-01
   -.251894E-01
   -.265511E-01
   -.293071E-01
   -.325008E-01
   -.322396E-01
   -.327343E-01
   -.351507E-01
   -.347121E-01
   -.295326E-01
   -.244815E-01
   -.199242E-01
   -.164766E-01
   -.118162E-01
   -.555950E-02
   -.133364E-02
    .179674E-02
    .179776E-02
   -.780241E-04
   -.161210E-02
    .518675E-03
    .348483E-02
    .579615E-02
    .101770E-01
    .146497E-01
    .186645E-01
    .252271E-01
    .345806E-01
    .407016E-01
    .419113E-01
    .385565E-01
    .316205E-01
    .251527E-01
    .211421E-01
    .186339E-01
    .151893E-01
    .106085E-01
    .593691E-02
    .551055E-02
    .713847E-02
    .104800E-01
    .139837E-01
    .141000E-01
    .158289E-01
    .159227E-01
    .138929E-01
    .913869E-02
    .291975E-02
   -.715533E-03
   -.574413E-02
   -.114327E-01
   -.153005E-01
   -.185105E-01
   -.167153E-01
   -.110247E-01
   -.669477E-02
   -.560236E-02
   -.418150E-02
   -.197932E-02
    .678803E-03
    .532898E-02
    .102770E-01
    .132544E-01
    .141734E-01
    .155167E-01
    .168560E-01
    .161655E-01
    .830840E-02
    .232041E-03
   -.396832E-02
   -.645100E-02
   -.108390E-01
   -.179586E-01
   -.223395E-01
   -.224885E-01
   -.190419E-01
   -.139194E-01
   -.106401E-01
   -.108288E-01
   -.131320E-01
   -.144611E-01
   -.170151E-01
   -.205576E-01
   -.195968E-01
   -.161665E-01
   -.119610E-01
   -.962320E-02
   -.999142E-02
   -.934984E-02
   -.762400E-02
   -.441712E-02
   -.201463E-03
    .464048E-02
    .760868E-02
    .862358E-02
    .101097E-01
    .103178E-01
    .108482E-01
    .128770E-01
    .119274E-01
    .100240E-01
    .979045E-02
    .796364E-02
    .500054E-02
    .168860E-02
   -.176411E-02
   -.506686E-02
   -.566662E-02
   -.338692E-02
   -.987885E-03
    .236179E-02
    .455072E-02
    .233935E-02
   -.138773E-02
   -.634595E-02
   -.779230E-02
   -.588797E-02
   -.501077E-02
   -.179062E-02
   -.107969E-02
   -.189467E-02
   -.198749E-02
   -.313702E-02
   -.424679E-02
   -.612155E-02
   -.617969E-02
   -.678251E-02
   -.597262E-02
   -.425698E-02
    .331995E-03
    .490771E-02
    .734857E-02
    .869191E-02
    .111256E-01
    .135604E-01
    .125138E-01
    .102229E-01
    .528104E-02
    .292687E-02
    .230774E-02
    .341954E-02
    .417026E-02
    .431815E-02
    .156555E-03
   -.611950E-02
   -.107972E-01
   -.173069E-01
   -.238808E-01
   -.244040E-01
   -.201465E-01
   -.125455E-01
   -.504340E-02
   -.217618E-02
   -.112723E-03
   -.700243E-03
   -.311866E-02
   -.596242E-02
   -.648568E-02
   -.459052E-02
   -.155806E-02
    .529878E-03
    .814458E-03
    .179672E-02
    .442934E-02
    .655400E-02
    .772496E-02
    .806462E-02
    .764846E-02
    .582776E-02
    .145808E-02
    .147800E-04
    .868520E-03
   -.819580E-03
   -.125512E-02
    .391161E-03
    .189260E-02
    .475064E-02
    .757400E-02
    .908156E-02
    .960992E-02
    .962930E-02
    .102699E-01
    .123048E-01
    .117387E-01
    .978230E-02
    .815744E-02
    .537080E-02
    .345015E-02
   -.246335E-03
   -.568191E-02
   -.987514E-02
   -.138440E-01
   -.182126E-01
   -.191633E-01
   -.178056E-01
   -.152240E-01
   -.142081E-01
   -.153382E-01
   -.155219E-01
   -.149731E-01
   -.115908E-01
   -.838491E-02
   -.430287E-02
    .428911E-03
    .413253E-02
    .500463E-02
    .453441E-02
    .375615E-02
    .401319E-02
    .550137E-02
    .513010E-02
    .555237E-02
    .469456E-02
    .517804E-02
    .521782E-02
    .733432E-02
    .112889E-01
    .143183E-01
    .166184E-01
    .174945E-01
    .195978E-01
    .189093E-01
    .169937E-01
    .171610E-01
    .170682E-01
    .185584E-01
    .202659E-01
    .203628E-01
    .205117E-01
    .185033E-01
    .155494E-01
    .151496E-01
    .148119E-01
    .167469E-01
    .177567E-01
    .170294E-01
    .127281E-01
    .695591E-02
    .115619E-02
   -.498931E-02
   -.758317E-02
   -.923353E-02
   -.110889E-01
   -.130249E-01
   -.123068E-01
   -.127444E-01
   -.130157E-01
   -.149843E-01
   -.166163E-01
   -.183391E-01
   -.190643E-01
   -.174211E-01
   -.173293E-01
   -.170661E-01
   -.166540E-01
   -.153341E-01
   -.130045E-01
   -.107431E-01
   -.106911E-01
   -.108890E-01
   -.852258E-02
   -.808704E-02
   -.770556E-02
   -.467310E-02
   -.461516E-03
    .501181E-02
    .990678E-02
    .134839E-01
    .145304E-01
    .144988E-01
    .171233E-01
    .161431E-01
    .123354E-01
    .116653E-01
    .117714E-01
    .107452E-01
    .819727E-02
    .483943E-02
    .138469E-02
   -.177323E-02
   -.501172E-02
   -.651928E-02
   -.865618E-02
   -.109706E-01
   -.147986E-01
   -.187073E-01
   -.212817E-01
   -.234625E-01
   -.262216E-01
   -.288797E-01
   -.283116E-01
   -.268336E-01
   -.246794E-01
   -.215796E-01
   -.196416E-01
   -.181850E-01
   -.163460E-01
   -.167142E-01
   -.166876E-01
   -.165673E-01
   -.184716E-01
   -.194080E-01
   -.173150E-01
   -.137654E-01
   -.113888E-01
   -.892035E-02
   -.546867E-02
   -.316040E-02
   -.160898E-02
    .423877E-03
    .224968E-02
    .493840E-02
    .768016E-02
    .941620E-02
    .100721E-01
    .111951E-01
    .152067E-01
    .183902E-01
    .224610E-01
    .261564E-01
    .296958E-01
    .346194E-01
    .369766E-01
    .388687E-01
    .407210E-01
    .410250E-01
    .410107E-01
    .392716E-01
    .356333E-01
    .333230E-01
    .315074E-01
    .302517E-01
    .304629E-01
    .299284E-01
    .289023E-01
    .256709E-01
    .220173E-01
    .178598E-01
    .145642E-01
    .110992E-01
    .962022E-02
    .989256E-02
    .917652E-02
    .756390E-02
    .701514E-02
    .708246E-02
    .782298E-02
    .585745E-02
    .437742E-02
    .372259E-02
    .169381E-02
    .169075E-02
   -.158243E-02
   -.520445E-02
   -.935381E-02
   -.142773E-01
   -.190418E-01
   -.223792E-01
   -.250149E-01
   -.271202E-01
   -.293009E-01
   -.295875E-01
   -.296202E-01
   -.294090E-01
   -.311512E-01
   -.323007E-01
   -.296732E-01
   -.267907E-01
   -.225995E-01
   -.194722E-01
   -.153392E-01
   -.121843E-01
   -.988522E-02
   -.760450E-02
   -.673240E-02
   -.483418E-02
   -.419974E-02
   -.456184E-02
   -.324808E-02
   -.204549E-02
   -.177335E-04
    .146841E-02
    .120321E-02
    .185397E-02
    .873288E-04
   -.244431E-02
   -.550023E-02
   -.867447E-02
   -.108216E-01
   -.148638E-01
   -.183298E-01
   -.203810E-01
   -.211083E-01
   -.180116E-01
   -.132971E-01
   -.847659E-02
   -.334599E-02
   -.168644E-02
    .595296E-03
    .597966E-04
   -.219848E-02
   -.576236E-02
   -.777890E-02
   -.879176E-02
   -.100402E-01
   -.982094E-02
   -.114060E-01
   -.130064E-01
   -.152932E-01
   -.155574E-01
   -.139530E-01
   -.972404E-02
   -.362852E-02
    .451516E-02
    .114308E-01
    .178017E-01
    .210881E-01
    .200416E-01
    .172876E-01
    .116409E-01
    .580240E-02
   -.143858E-02
   -.684356E-02
   -.756061E-02
   -.741169E-02
   -.848882E-02
   -.902329E-02
   -.675175E-02
   -.313993E-02
    .210797E-02
    .873797E-02
    .133545E-01
    .164716E-01
    .177905E-01
    .179853E-01
    .176069E-01
    .180985E-01
    .173396E-01
    .153506E-01
    .132831E-01
    .124691E-01
    .118612E-01
    .940097E-02
    .996809E-02
    .936833E-02
    .957947E-02
    .116011E-01
    .128731E-01
    .146846E-01
    .153608E-01
    .133168E-01
    .900521E-02
    .466817E-02
    .975768E-03
   -.119275E-02
   -.356935E-02
   -.531253E-02
   -.838987E-02
   -.115539E-01
   -.139162E-01
   -.157573E-01
   -.153636E-01
   -.156767E-01
   -.146343E-01
   -.135256E-01
   -.116151E-01
   -.978115E-02
   -.101779E-01
   -.115080E-01
   -.123108E-01
   -.939968E-02
   -.750044E-02
   -.750554E-02
   -.522278E-02
   -.306956E-02
   -.111558E-03
    .424996E-02
    .773428E-02
    .105219E-01
    .126405E-01
    .139257E-01
    .120815E-01
    .885934E-02
    .482728E-02
    .933938E-03
   -.291146E-02
   -.679562E-02
   -.781358E-02
   -.738212E-02
   -.432009E-02
    .860494E-03
    .599313E-02
    .954885E-02
    .134034E-01
    .146947E-01
    .158810E-01
    .162400E-01
    .131688E-01
    .123385E-01
    .119795E-01
    .139440E-01
    .147396E-01
    .145387E-01
    .146672E-01
    .129087E-01
    .108045E-01
    .781994E-02
    .349514E-02
   -.625662E-03
   -.342352E-02
   -.556858E-02
   -.801149E-02
   -.111429E-01
   -.133379E-01
   -.173272E-01
   -.174016E-01
   -.161052E-01
   -.161878E-01
   -.126892E-01
   -.952416E-02
   -.540336E-02
   -.289212E-02
   -.280746E-02
   -.202920E-02
   -.175788E-02
   -.178924E-03
   -.128946E-03
   -.141187E-03
   -.172321E-02
   -.264427E-02
   -.361225E-02
   -.666511E-02
   -.837872E-02
   -.973124E-02
   -.111399E-01
   -.112286E-01
   -.113683E-01
   -.114377E-01
   -.969045E-02
   -.786159E-02
   -.479139E-02
   -.193845E-02
   -.229953E-03
   -.837875E-03
   -.271366E-02
   -.348376E-02
   -.400702E-02
   -.596542E-02
   -.467003E-02
   -.350009E-02
   -.307577E-02
   -.359189E-02
   -.249335E-02
   -.303416E-03
    .170496E-02
    .474354E-02
    .793614E-02
    .104616E-01
    .113898E-01
    .131616E-01
    .134013E-01
    .141102E-01
    .135135E-01
    .132126E-01
    .131555E-01
    .151292E-01
    .178556E-01
    .187185E-01
    .189011E-01
    .187093E-01
    .190245E-01
    .193224E-01
    .182361E-01
    .166418E-01
    .146232E-01
    .131126E-01
    .131085E-01
    .118243E-01
    .105422E-01
    .118315E-01
    .129647E-01
    .123119E-01
    .130901E-01
    .130840E-01
    .141509E-01
    .155646E-01
    .155463E-01
    .155881E-01
    .157982E-01
    .145905E-01
    .137256E-01
    .146079E-01
    .136154E-01
    .150832E-01
    .143518E-01
    .135572E-01
    .126117E-01
    .102861E-01
    .847661E-02
    .523709E-02
    .346126E-02
    .718480E-03
   -.676884E-03
   -.832948E-03
   -.866612E-03
   -.127564E-02
   -.250540E-03
    .265576E-03
   -.105941E-02
   -.263429E-02
   -.563616E-02
   -.670308E-02
   -.840139E-02
   -.103292E-01
   -.132556E-01
   -.152068E-01
   -.145877E-01
   -.154486E-01
   -.155547E-01
   -.168409E-01
   -.175784E-01
   -.180975E-01
   -.211259E-01
   -.231680E-01
   -.259730E-01
   -.288392E-01
   -.309985E-01
   -.328315E-01
   -.341524E-01
   -.347277E-01
   -.334384E-01
   -.325755E-01
   -.314178E-01
   -.294920E-01
   -.273980E-01
   -.237127E-01
   -.207629E-01
   -.176152E-01
   -.146878E-01
   -.128416E-01
   -.105231E-01
   -.754473E-02
   -.670017E-02
   -.657880E-02
   -.670427E-02
   -.655637E-02
   -.700722E-02
   -.804966E-02
   -.691543E-02
   -.585565E-02
   -.255086E-02
    .145467E-02
    .382107E-02
    .593450E-02
    .703814E-02
    .520825E-02
    .135570E-02
   -.252948E-02
   -.533857E-02
   -.717968E-02
   -.824456E-02
   -.698079E-02
   -.490000E-02
   -.382594E-02
   -.374741E-02
   -.177882E-02
    .578397E-03
    .280199E-02
    .640666E-02
    .792850E-02
    .100991E-01
    .104764E-01
    .999704E-02
    .977467E-02
    .875466E-02
    .858125E-02
    .734399E-02
    .702472E-02
    .724299E-02
    .662690E-02
    .659528E-02
    .708487E-02
    .674316E-02
    .473273E-02
    .406055E-02
    .320476E-02
    .327105E-02
    .400544E-02
    .435937E-02
    .302827E-02
    .258252E-02
    .417677E-02
    .410638E-02
    .406149E-02
    .186951E-02
    .170426E-02
    .112591E-02
   -.105690E-02
   -.133843E-02
   -.134558E-02
   -.133539E-02
   -.141189E-02
   -.407204E-03
    .171070E-04
   -.223622E-03
   -.154249E-02
   -.174242E-02
   -.175875E-02
   -.531698E-03
    .443412E-03
   -.123552E-02
   -.104479E-02
   -.132530E-02
   -.113355E-02
   -.218722E-02
   -.180676E-02
   -.136103E-02
    .383156E-03
    .285563E-02
    .498130E-02
    .709065E-02
    .691520E-02
    .701005E-02
    .709776E-02
    .630827E-02
    .409689E-02
    .210176E-02
    .148771E-02
   -.214676E-03
   -.163555E-02
   -.948077E-03
   -.127041E-02
   -.116230E-02
   -.230573E-02
   -.384900E-02
   -.510973E-02
   -.683558E-02
   -.688557E-02
   -.583702E-02
   -.426624E-02
   -.441721E-02
   -.401840E-02
   -.236397E-02
   -.508602E-03
    .784746E-03
    .267275E-02
    .416194E-02
    .465969E-02
    .616928E-02
    .780025E-02
    .979128E-02
    .953932E-02
    .843975E-02
    .733508E-02
    .727795E-02
    .753293E-02
    .718612E-02
    .766449E-02
    .585499E-02
    .497778E-02
    .369563E-02
    .181780E-02
    .531841E-04
   -.783229E-03
   -.538442E-03
   -.651675E-03
    .163719E-02
    .340586E-02
    .463800E-02
    .274385E-02
    .383320E-02
    .478586E-02
    .618631E-02
    .797028E-02
    .923200E-02
    .106906E-01
    .116433E-01
    .143371E-01
    .147124E-01
    .138036E-01
    .118839E-01
    .108996E-01
    .111454E-01
    .979083E-02
    .854336E-02
    .854130E-02
    .734687E-02
    .591885E-02
    .422666E-02
    .100242E-02
   -.747114E-04
    .185715E-02
    .106154E-02
    .690242E-03
    .123797E-02
    .296379E-02
    .451621E-02
    .439686E-02
    .368386E-02
    .361755E-02
    .564733E-02
    .667344E-02
    .872362E-02
    .934580E-02
    .868075E-02
    .736085E-02
    .756381E-02
    .583286E-02
    .123468E-02
   -.288206E-02
   -.605325E-02
   -.762101E-02
   -.770569E-02
   -.895113E-02
   -.107178E-01
   -.869718E-02
   -.750890E-02
   -.771190E-02
   -.739367E-02
   -.753445E-02
   -.727641E-02
   -.773237E-02
   -.996007E-02
   -.102396E-01
   -.101009E-01
   -.103681E-01
   -.107976E-01
   -.116085E-01
   -.112046E-01
   -.104039E-01
   -.868215E-02
   -.757649E-02
   -.560383E-02
   -.491943E-02
   -.342413E-02
   -.169933E-02
   -.216243E-02
   -.186053E-02
   -.220939E-02
   -.422901E-02
   -.486347E-02
   -.503485E-02
   -.566625E-02
   -.482579E-02
   -.490435E-02
   -.501249E-02
   -.382115E-02
   -.211981E-02
   -.188319E-02
   -.218105E-02
   -.242893E-02
   -.390693E-02
   -.501671E-02
   -.502183E-02
   -.460876E-02
   -.290028E-02
   -.229952E-02
   -.229240E-02
   -.199560E-02
   -.156212E-02
   -.238733E-02
   -.240163E-02
   -.248427E-02
   -.140309E-02
   -.185599E-02
   -.132052E-02
   -.618779E-03
   -.272306E-02
   -.210803E-02
   -.309847E-02
   -.481821E-02
   -.625643E-02
   -.820874E-02
   -.994990E-02
   -.880140E-02
   -.694503E-02
   -.509069E-02
   -.316291E-02
   -.246628E-02
   -.255300E-02
   -.248673E-02
   -.318230E-03
    .294765E-03
    .162807E-04
    .405896E-03
   -.961948E-03
   -.890573E-03
    .165102E-03
   -.190903E-03
    .752918E-04
    .209793E-02
    .615546E-02
    .979786E-02
    .125508E-01
    .143919E-01
    .173244E-01
    .173152E-01
    .165766E-01
    .160809E-01
    .139521E-01
    .133442E-01
    .123527E-01
    .131146E-01
    .135042E-01
    .140826E-01
    .139683E-01
    .140438E-01
    .124994E-01
    .115141E-01
    .110153E-01
    .847750E-02
    .670573E-02
    .398026E-02
    .347023E-02
    .126191E-02
    .458117E-03
   -.532331E-03
   -.235306E-02
   -.191959E-02
   -.232456E-02
   -.194821E-02
   -.232564E-02
   -.218286E-02
   -.337323E-02
   -.451770E-02
   -.537555E-02
   -.764406E-02
   -.100227E-01
   -.112121E-01
   -.116252E-01
   -.129808E-01
   -.134174E-01
   -.113887E-01
   -.105339E-01
   -.105727E-01
   -.105085E-01
   -.105177E-01
   -.887248E-02
   -.740371E-02
   -.662446E-02
   -.581767E-02
   -.490888E-02
   -.512515E-02
   -.498136E-02
   -.527312E-02
   -.356261E-02
   -.219482E-02
   -.240395E-02
   -.220611E-02
   -.230100E-02
   -.212661E-02
   -.231432E-02
   -.921037E-03
    .178489E-03
   -.949664E-03
   -.162188E-02
   -.953811E-03
   -.430585E-03
   -.168318E-02
   -.230643E-02
   -.219529E-02
   -.314290E-02
   -.271556E-02
   -.233207E-02
   -.292370E-02
   -.230664E-02
   -.300232E-02
   -.514129E-02
   -.685594E-02
   -.819932E-02
   -.806676E-02
   -.791379E-02
   -.832795E-02
   -.817090E-02
   -.834128E-02
   -.832398E-02
   -.935523E-02
   -.948277E-02
   -.820883E-02
   -.820070E-02
   -.600876E-02
   -.422278E-02
   -.161366E-02
    .228427E-03
    .220230E-03
    .239572E-03
    .171194E-03
    .149736E-03
    .223138E-03
    .890179E-03
    .226510E-02
    .513126E-02
    .535052E-02
    .644902E-02
    .796879E-02
    .910094E-02
    .112388E-01
    .109603E-01
    .112867E-01
    .118589E-01
    .123464E-01
    .139692E-01
    .119148E-01
    .111243E-01
    .100431E-01
    .827332E-02
    .834672E-02
    .825488E-02
    .804268E-02
    .660342E-02
    .555890E-02
    .518452E-02
    .486113E-02
    .410935E-02
    .260175E-02
    .341669E-02
    .528426E-02
    .324626E-02
    .274132E-02
    .250055E-02
    .281977E-02
    .209961E-02
    .130965E-03
   -.965579E-03
   -.291382E-02
   -.277311E-02
   -.410425E-02
   -.522936E-02
   -.473062E-02
   -.542937E-02
   -.488514E-02
   -.511094E-02
   -.406944E-02
   -.278407E-02
   -.175953E-02
   -.224002E-03
    .168227E-02
    .312414E-02
    .445001E-02
    .516733E-02
    .568635E-02
    .777829E-02
    .830520E-02
    .868312E-02
    .839315E-02
    .839126E-02
    .722941E-02
    .555740E-02
    .590891E-02
    .508711E-02
    .400008E-02
    .520311E-02
    .559755E-02
    .560615E-02
    .452404E-02
    .267654E-02
    .272208E-02
    .264193E-02
    .241356E-02
    .417232E-02
    .510874E-02
    .660981E-02
    .753428E-02
    .856189E-02
    .795681E-02
    .753746E-02
    .736705E-02
    .651305E-02
    .668181E-02
    .439087E-02
    .394809E-02
    .343999E-02
    .146429E-02
    .942095E-03
    .108621E-02
    .562236E-03
    .697783E-03
    .103095E-02
    .202368E-02
    .262989E-02
    .261859E-02
    .204040E-02
    .255448E-03
    .257242E-03
   -.138792E-02
   -.266112E-02
   -.392190E-02
   -.520604E-02
   -.466495E-02
   -.577646E-02
   -.564446E-02
   -.471302E-02
   -.365729E-02
   -.260063E-02
   -.354182E-02
   -.507446E-02
   -.485299E-02
   -.605369E-02
   -.703962E-02
   -.698810E-02
   -.682621E-02
   -.731777E-02
   -.866880E-02
   -.871159E-02
   -.863421E-02
   -.845256E-02
   -.831950E-02
   -.815350E-02
   -.804548E-02
   -.791267E-02
   -.774616E-02
   -.756360E-02
   -.744152E-02
   -.713746E-02
   -.840200E-02
   -.876175E-02
   -.817394E-02
   -.831819E-02
   -.785989E-02
   -.778807E-02
   -.758470E-02
   -.742109E-02
   -.848781E-02
   -.727642E-02
   -.639554E-02
   -.607097E-02
   -.549921E-02
   -.494553E-02
   -.472748E-02
   -.506648E-02
   -.485613E-02
   -.458674E-02
   -.434187E-02
   -.410373E-02
   -.286765E-02
   -.181953E-02
   -.604204E-03
   -.411948E-03
    .672225E-03
    .126967E-03
    .543883E-03
    .148675E-02
    .119915E-02
    .154059E-02
    .139307E-02
    .173211E-02
    .171679E-02
    .178528E-02
    .177923E-02
    .192741E-02
    .191508E-02
    .233200E-02
    .302907E-02
    .358373E-02
    .424770E-02
    .405949E-02
    .464585E-02
    .496338E-02
    .544130E-02
    .581482E-02
    .577441E-02
    .594453E-02
    .533257E-02
    .508874E-02
    .427303E-02
    .370573E-02
    .363184E-02
    .378939E-02
    .413854E-02
    .382475E-02
    .419865E-02
    .424308E-02
    .425499E-02
    .459166E-02
    .427539E-02
    .407209E-02
    .377996E-02
    .353643E-02
    .324867E-02
    .288126E-02
    .240343E-02
    .202440E-02
    .142785E-02
    .106404E-02
    .933086E-03
    .832971E-03
    .567895E-03
    .977557E-04
    .165182E-04
   -.511555E-04
   -.129325E-03
   -.148788E-03
   -.188596E-03
   -.295705E-03
   -.333963E-03
   -.413775E-03
   -.442260E-03
   -.597510E-03
   -.540233E-03
   -.706239E-03
   -.948546E-03
   -.957588E-03
   -.955796E-03
   -.108876E-02
   -.123831E-02
   -.115990E-02
   -.117545E-02
   -.110996E-02
   -.111673E-02
   -.116466E-02
   -.116184E-02
   -.109430E-02
   -.104146E-02
   -.106630E-02
   -.109109E-02
   -.972270E-03
   -.886914E-03
   -.844104E-03
   -.707616E-03
   -.641371E-03
   -.558695E-03
   -.529148E-03
   -.497024E-03
   -.406689E-03
   -.332702E-03
   -.255148E-03
   -.159596E-03
   -.794188E-04
   -.512721E-04
   -.259848E-04
    .219579E-04
    .673528E-04
    .107199E-03
    .142341E-03
    .171742E-03
    .196385E-03
    .215316E-03
    .229916E-03
    .237889E-03
    .241087E-03
    .238551E-03
    .231252E-03
    .217964E-03
    .199919E-03
    .174475E-03
    .148063E-03
    .115494E-03
    .747838E-04
    .289457E-04
   -.218955E-04