   -.0001871
   -.0002995
    .0006560
    .0007484
    .0008732
    .0008070
    .0007959
    .0007220
    .0006961
    .0006542
    .0006250
    .0003610
    .0001560
    .0000220
    .0001783
    .0005683
    .0010629
    .0013726
    .0015139
    .0014491
    .0012897
    .0009637
    .0006619
    .0004454
    .0004256
    .0000691
   -.0005801
   -.0007188
   -.0002489
    .0003654
    .0004215
   -.0002197
   -.0008065
   -.0008085
   -.0003067
    .0002448
    .0003282
    .0000512
   -.0000609
    .0001533
    .0006615
    .0013338
    .0015732
    .0006438
   -.0013509
   -.0029754
   -.0026048
   -.0007382
    .0001915
   -.0010096
   -.0017278
    .0015128
    .0078900
    .0126101
    .0116282
    .0052264
   -.0022699
   -.0062979
   -.0056362
   -.0030502
   -.0020855
   -.0027817
   -.0033003
   -.0027682
   -.0014184
   -.0001275
    .0002023
   -.0002123
   -.0005884
   -.0001184
    .0012052
    .0021240
    .0013128
   -.0005197
   -.0031272
   -.0058866
   -.0063300
   -.0035396
   -.0003095
    .0007349
   -.0000259
   -.0009684
   -.0014966
    .0000153
    .0066906
    .0165631
    .0214990
    .0166842
    .0056699
   -.0033257
   -.0049119
    .0002406
    .0075469
    .0122213
    .0123409
    .0085857
    .0014899
   -.0077902
   -.0152400
   -.0175267
   -.0149206
   -.0074648
    .0031453
    .0097658
    .0078716
    .0011627
   -.0051623
   -.0097421
   -.0117629
   -.0095135
   -.0041295
   -.0001270
   -.0002296
   -.0021711
   -.0026666
    .0018476
    .0089454
    .0084274
    .0004745
   -.0060568
   -.0059832
   -.0018327
    .0005112
   -.0002433
   -.0011657
    .0021250
    .0114587
    .0216749
    .0234215
    .0129357
   -.0038529
   -.0170455
   -.0205021
   -.0152735
   -.0070818
   -.0010742
    .0007579
   -.0007734
   -.0034835
   -.0045647
   -.0026659
    .0020793
    .0089091
    .0160338
    .0237374
    .0329825
    .0396581
    .0385136
    .0281309
    .0111827
   -.0050191
   -.0110914
   -.0064456
   -.0018361
   -.0037111
   -.0090939
   -.0134016
   -.0122561
   -.0054553
   -.0007781
   -.0043707
   -.0112855
   -.0147943
   -.0105103
   -.0027311
    .0003449
    .0027850
    .0051090
    .0083795
    .0071848
    .0040348
    .0014212
    .0009876
    .0032947
    .0073060
    .0106708
    .0119290
    .0101483
    .0034462
   -.0059596
   -.0121728
   -.0108911
   -.0063365
   -.0080544
   -.0149916
   -.0216938
   -.0250252
   -.0214195
   -.0148657
   -.0156824
   -.0223942
   -.0277220
   -.0277847
   -.0207512
   -.0096288
   -.0017421
   -.0002000
   -.0024534
   -.0066168
   -.0126679
   -.0210979
   -.0315931
   -.0384415
   -.0346862
   -.0230462
   -.0136445
   -.0164254
   -.0299703
   -.0416377
   -.0439528
   -.0398751
   -.0352088
   -.0342024
   -.0378007
   -.0399535
   -.0334085
   -.0205959
   -.0100529
   -.0072215
   -.0102548
   -.0144839
   -.0167793
   -.0149823
   -.0093516
   -.0046125
   -.0045086
   -.0053825
   -.0045318
   -.0063541
   -.0125609
   -.0147615
   -.0083826
    .0019049
    .0080281
    .0059434
   -.0003848
   -.0042912
   -.0037000
   -.0014670
   -.0004965
   -.0017942
   -.0055248
   -.0088891
   -.0060638
    .0055609
    .0206090
    .0294861
    .0270313
    .0186219
    .0126699
    .0114120
    .0129903
    .0158844
    .0184612
    .0177883
    .0126649
    .0061243
    .0008924
   -.0011133
    .0038035
    .0144413
    .0223200
    .0226629
    .0173133
    .0078849
   -.0003228
   -.0003180
    .0074462
    .0168183
    .0234892
    .0266846
    .0263291
    .0220650
    .0169181
    .0180269
    .0249053
    .0307465
    .0276266
    .0165619
    .0055340
   -.0028282
   -.0106235
   -.0183449
   -.0220778
   -.0177776
   -.0076385
   -.0003161
   -.0030436
   -.0155895
   -.0298874
   -.0363750
   -.0339304
   -.0290199
   -.0265834
   -.0272665
   -.0300163
   -.0329153
   -.0316560
   -.0212896
   -.0036811
    .0118088
    .0160702
    .0084819
   -.0014804
   -.0053764
   -.0033751
    .0013601
    .0069431
    .0124658
    .0182366
    .0254164
    .0342795
    .0424527
    .0469555
    .0481694
    .0478707
    .0462615
    .0442038
    .0434445
    .0431341
    .0381314
    .0232167
    .0009635
   -.0167875
   -.0199758
   -.0112796
   -.0023646
   -.0012916
   -.0047941
   -.0095522
   -.0138591
   -.0159528
   -.0256953
   -.0412116
   -.0526830
   -.0583362
   -.0617250
   -.0649172
   -.0691237
   -.0627434
   -.0359567
    .0021494
    .0210176
    .0437054
    .0456130
    .0633130
    .0662109
    .0709499
    .0788412
    .0837971
    .0778609
    .0500762
    .0311692
    .0095039
    .0030191
    .0013927
    .0006502
    .0050237
    .0084511
    .0185197
    .0200157
    .0297322
    .0359539
    .0420187
    .0435429
    .0404150
    .0382390
    .0355903
    .0328961
    .0258268
    .0229303
    .0254165
    .0310728
    .0325890
    .0278211
    .0225897
    .0191810
    .0189784
    .0152385
    .0083155
   -.0017926
   -.0113304
   -.0218864
   -.0257511
   -.0289447
   -.0355747
   -.0448580
   -.0522840
   -.0644212
   -.0697525
   -.0650440
   -.0545398
   -.0480149
   -.0430160
   -.0409398
   -.0435960
   -.0455853
   -.0433959
   -.0396263
   -.0311181
   -.0256904
   -.0380771
   -.0519778
   -.0805909
   -.0802625
   -.0695570
   -.0642996
   -.0758486
   -.0671088
   -.0529561
   -.0388716
   -.0082110
    .0072576
    .0164272
    .0055647
   -.0092193
   -.0187700
   -.0291360
   -.0341096
   -.0341414
   -.0350962
   -.0311885
   -.0332983
   -.0403721
   -.0547626
   -.0599756
   -.0592547
   -.0554951
   -.0445150
   -.0354892
   -.0258745
   -.0250599
   -.0269743
   -.0327114
   -.0373837
   -.0334332
   -.0186272
   -.0085742
   -.0035756
   -.0015617
   -.0010148
   -.0061349
   -.0104860
   -.0085652
   -.0032618
    .0052739
    .0041369
    .0023789
   -.0024308
   -.0107448
   -.0196512
   -.0300096
   -.0373399
   -.0371276
   -.0384168
   -.0420076
   -.0438720
   -.0459498
   -.0477285
   -.0487640
   -.0494917
   -.0454461
   -.0375460
   -.0339128
   -.0362700
   -.0426967
   -.0537336
   -.0674803
   -.0814317
   -.0818784
   -.0760676
   -.0745756
   -.0744774
   -.0726800
   -.0718996
   -.0577956
   -.0352580
   -.0072635
    .0244030
    .0490723
    .0660298
    .0796968
    .0860311
    .0983200
    .1133752
    .1224288
    .1111805
    .1020016
    .0925748
    .0834348
    .0816413
    .0813362
    .0864423
    .0935666
    .0909909
    .0891316
    .0855000
    .0899151
    .0959584
    .1027730
    .1073085
    .1109010
    .1114841
    .1104207
    .1099708
    .1079405
    .1073904
    .1069528
    .1084453
    .1090782
    .1074513
    .1033631
    .0953422
    .0888367
    .0828594
    .0845987
    .0831458
    .0794669
    .0646524
    .0500840
    .0321651
    .0172671
    .0080668
    .0026241
    .0058928
    .0053202
    .0042280
    .0007831
   -.0070895
   -.0146934
   -.0241448
   -.0302038
   -.0309203
   -.0262868
   -.0240288
   -.0295379
   -.0342954
   -.0385799
   -.0441723
   -.0473679
   -.0401978
   -.0234525
   -.0102126
    .0026906
    .0029605
    .0015730
   -.0030094
   -.0076417
    .0016100
    .0207193
    .0221332
    .0154595
    .0073935
   -.0077637
   -.0149599
   -.0130474
   -.0123895
   -.0123003
   -.0109662
   -.0158428
   -.0273847
   -.0301071
   -.0288839
   -.0106329
    .0000205
    .0126277
    .0195777
    .0240718
    .0176518
    .0122187
    .0053519
   -.0089625
   -.0157433
   -.0188848
   -.0136236
   -.0011680
    .0045126
   -.0000976
   -.0069893
   -.0091404
   -.0173450
   -.0256403
   -.0317623
   -.0427076
   -.0485068
   -.0576472
   -.0643870
   -.0750899
   -.0850919
   -.0890636
   -.0931276
   -.0910914
   -.0864498
   -.0732383
   -.0608848
   -.0566923
   -.0644048
   -.0770765
   -.0898367
   -.0973234
   -.1079628
   -.1192203
   -.1320620
   -.1487878
   -.1521684
   -.1425783
   -.1035420
   -.0605365
   -.0173557
    .0006091
    .0028548
    .0223250
    .0542315
    .0940516
    .1608699
    .1786805
    .1757934
    .1594708
    .1385513
    .1312383
    .1312845
    .1361651
    .1443078
    .1418401
    .1323110
    .1258172
    .1135037
    .1097094
    .1157889
    .1142257
    .1039106
    .0798165
    .0656338
    .0469622
    .0264404
    .0204701
    .0183276
    .0183910
    .0162314
    .0116188
    .0082510
    .0231033
    .0327981
    .0439984
    .0484094
    .0393154
    .0328963
    .0122252
   -.0126497
   -.0283571
   -.0386738
   -.0785088
   -.0950156
   -.1177957
   -.1159765
   -.1088625
   -.1002941
   -.0817110
   -.0540386
   -.0305629
   -.0332342
   -.0434859
   -.0521527
   -.0583753
   -.0560672
   -.0502522
   -.0538873
   -.0692377
   -.0790757
   -.0766085
   -.0559835
   -.0128841
    .0300017
    .0400033
    .0328268
    .0193277
    .0124090
    .0102740
    .0127130
    .0175496
    .0151985
    .0037723
   -.0083768
   -.0193446
   -.0188262
   -.0194563
   -.0107065
    .0007634
    .0108244
    .0172040
    .0160781
    .0174956
    .0168588
    .0145559
    .0151089
    .0112500
    .0077005
   -.0070568
   -.0216942
   -.0271682
   -.0282846
   -.0259537
   -.0155715
   -.0053447
    .0026342
   -.0003989
   -.0092673
    .0088070
    .0192586
    .0285723
    .0236629
    .0145038
   -.0010967
   -.0122049
   -.0119872
   -.0097496
    .0090779
    .0208147
    .0186473
    .0040504
    .0003276
   -.0005097
   -.0018124
    .0003454
    .0094592
    .0250210
    .0336079
    .0138431
   -.0158671
   -.0382905
   -.0445080
   -.0303691
   -.0043420
   -.0133314
   -.0227069
   -.0368111
   -.0258011
   -.0018429
    .0021343
   -.0032379
   -.0131913
   -.0293207
   -.0407791
   -.0409922
   -.0374972
   -.0358131
   -.0318949
   -.0331396
   -.0397378
   -.0359425
   -.0312257
   -.0203953
   -.0042518
    .0064022
    .0138743
    .0195511
    .0226566
    .0246698
    .0250360
    .0236745
    .0155131
    .0176621
    .0141876
    .0120510
    .0187855
    .0218258
    .0273881
    .0354690
    .0451440
    .0474672
    .0441248
    .0397907
    .0280715
    .0185788
    .0113267
    .0088033
    .0070559
    .0015235
   -.0121428
   -.0209342
   -.0197690
   -.0130574
   -.0012373
    .0109769
    .0220713
    .0242157
    .0234060
    .0210547
    .0144470
    .0103968
    .0128611
    .0145308
    .0187042
    .0180742
    .0098069
    .0024777
   -.0039019
   -.0048467
   -.0017660
   -.0005815
   -.0004198
   -.0007902
   -.0024408
   -.0038632
   -.0034749
    .0018891
    .0086484
    .0098365
    .0105020
    .0077765
   -.0014353
   -.0049885
    .0000892
    .0087668
    .0254654
    .0289354
    .0281385
    .0138919
   -.0024564
   -.0046654
    .0017252
    .0108585
    .0149499
    .0106327
    .0014432
   -.0067414
   -.0112448
   -.0140337
   -.0064270
    .0061312
    .0230129
    .0240128
    .0192179
    .0126544
    .0068529
    .0071010
    .0060860
    .0024585
   -.0052718
   -.0187652
   -.0275941
   -.0335021
   -.0344023
   -.0308593
   -.0216633
   -.0136721
   -.0060677
    .0002565
    .0035302
    .0031385
   -.0018997
   -.0075603
   -.0128543
   -.0152371
   -.0284346
   -.0360078
   -.0385582
   -.0422674
   -.0426404
   -.0254115
   -.0146227
   -.0030392
   -.0006237
   -.0073975
   -.0165211
   -.0289119
   -.0287435
   -.0294835
   -.0268520
   -.0203556
   -.0142761
   -.0176810
   -.0160447
   -.0097898
   -.0090124
   -.0021342
    .0035335
    .0096958
    .0229768
    .0272280
    .0205616
   -.0037605
   -.0116882
   -.0144677
    .0020886
    .0108314
    .0109194
    .0076563
    .0054168
    .0055441
    .0130993
    .0210656
    .0289779
    .0429153
    .0617621
    .0513103
    .0407189
    .0411277
    .0459265
    .0483877
    .0493602
    .0478767
    .0403090
    .0305585
    .0254179
    .0235730
    .0248789
    .0283398
    .0269956
    .0276015
    .0278440
    .0294195
    .0266218
    .0224452
    .0178267
    .0127790
    .0063374
   -.0030909
   -.0149160
   -.0244874
   -.0336103
   -.0395943
   -.0408125
   -.0407586
   -.0381351
   -.0288726
   -.0213954
   -.0207599
   -.0223109
   -.0222267
   -.0218273
   -.0168553
   -.0164175
   -.0177593
   -.0266418
   -.0352972
   -.0392577
   -.0365938
   -.0303849
   -.0262763
   -.0228019
   -.0242547
   -.0228905
   -.0091207
    .0064434
    .0197587
    .0250465
    .0274177
    .0158608
    .0073952
   -.0158471
   -.0134745
   -.0104311
   -.0087470
   -.0047878
   -.0097773
   -.0151364
   -.0142629
   -.0033926
    .0103911
    .0316223
    .0382654
    .0357350
    .0193937
    .0016768
   -.0138825
   -.0159236
   -.0169508
   -.0033027
    .0011955
    .0013821
    .0136173
    .0094793
    .0086964
    .0150050
    .0129096
    .0260907
    .0328522
    .0277467
    .0113448
   -.0077152
   -.0181070
   -.0151778
   -.0047333
    .0087167
    .0230590
    .0354254
    .0386557
    .0336214
    .0214560
    .0101575
   -.0007586
   -.0077419
   -.0000219
    .0066364
    .0067123
   -.0115304
   -.0281576
   -.0368349
   -.0334060
   -.0240880
   -.0122330
   -.0003592
   -.0010693
   -.0082232
   -.0192112
   -.0189382
   -.0118708
   -.0051399
   -.0004223
    .0057261
    .0056354
    .0013145
   -.0039449
   -.0206162
   -.0262245
   -.0224109
   -.0110921
   -.0071533
   -.0081567
   -.0123716
   -.0167279
   -.0102331
   -.0066961
    .0013300
   -.0016311
   -.0119307
   -.0199091
   -.0259379
   -.0272428
   -.0262111
   -.0242351
   -.0216449
   -.0190294
   -.0180608
   -.0163092
   -.0162898
   -.0144453
   -.0106288
   -.0052593
   -.0001046
    .0025661
    .0022904
    .0025390
    .0016708
    .0015317
    .0037672
    .0071237
    .0090368
    .0104059
    .0111013
    .0143147
    .0205115
    .0349314
    .0461849
    .0488612
    .0484672
    .0471326
    .0433657
    .0395529
    .0376912
    .0312630
    .0246609
    .0129910
    .0030088
   -.0039656
   -.0083647
   -.0101721
   -.0087321
   -.0057871
   -.0064266
   -.0119991
   -.0213157
   -.0301436
   -.0329740
   -.0330722
   -.0283177
   -.0277562
   -.0264971
   -.0218739
   -.0180243
   -.0157042
   -.0113521
    .0002947
    .0123479
    .0265278
    .0351180
    .0408928
    .0414952
    .0358625
    .0387764
    .0415431
    .0439240
    .0474110
    .0521704
    .0532256
    .0550070
    .0629685
    .0651866
    .0684709
    .0689598
    .0702121
    .0697489
    .0664705
    .0544353
    .0385829
    .0277974
    .0221478
    .0206554
    .0171863
    .0131519
    .0099060
    .0091017
    .0117947
    .0154658
    .0162413
    .0169795
    .0163411
    .0119146
    .0024557
   -.0068357
   -.0134099
   -.0151924
   -.0182443
   -.0221814
   -.0269538
   -.0322904
   -.0384168
   -.0392638
   -.0404820
   -.0324680
   -.0227847
   -.0170869
   -.0068185
   -.0061751
   -.0119896
   -.0150102
   -.0207182
   -.0246894
   -.0322226
   -.0381563
   -.0436202
   -.0452686
   -.0440170
   -.0364769
   -.0305661
   -.0258506
   -.0172844
   -.0136287
   -.0135706
   -.0225387
   -.0298197
   -.0403317
   -.0527348
   -.0529286
   -.0434304
   -.0387994
   -.0329598
   -.0239950
   -.0199277
   -.0175785
   -.0121620
   -.0071699
   -.0002647
    .0048813
    .0084725
    .0085350
    .0041479
   -.0001244
   -.0044758
   -.0117116
   -.0150835
   -.0162656
   -.0150891
   -.0139540
   -.0185129
   -.0198584
   -.0149685
   -.0025629
    .0060298
    .0174709
    .0198556
    .0188609
    .0131467
    .0115831
    .0137716
    .0133046
    .0151183
    .0181176
    .0240422
    .0279805
    .0306953
    .0284591
    .0306360
    .0322628
    .0405221
    .0417971
    .0388176
    .0339635
    .0280802
    .0214149
    .0151568
    .0085617
   -.0014798
   -.0130330
   -.0276503
   -.0352699
   -.0391986
   -.0372101
   -.0293743
   -.0205406
   -.0107576
   -.0077502
   -.0070385
   -.0066209
   -.0062269
   -.0070018
   -.0084967
   -.0191747
   -.0273758
   -.0403330
   -.0497046
   -.0616800
   -.0638670
   -.0612143
   -.0509629
   -.0472309
   -.0374813
   -.0307383
   -.0250658
   -.0234679
   -.0187299
   -.0157112
   -.0201540
   -.0288428
   -.0361336
   -.0463807
   -.0653698
   -.0685563
   -.0717604
   -.0703545
   -.0677844
   -.0615584
   -.0520966
   -.0443183
   -.0373587
   -.0222201
   -.0156371
   -.0099494
   -.0081837
   -.0134068
   -.0202505
   -.0279493
   -.0323852
   -.0322169
   -.0329527
   -.0299329
   -.0268782
   -.0243537
   -.0156730
   -.0057628
    .0005777
    .0066233
    .0063550
    .0018749
   -.0014556
   -.0058603
   -.0110203
   -.0129195
   -.0134393
   -.0138260
   -.0122724
   -.0106155
   -.0095864
   -.0070294
   -.0050666
    .0002969
    .0084271
    .0134967
    .0159522
    .0147472
    .0138736
    .0149563
    .0167352
    .0210459
    .0219459
    .0199523
    .0184065
    .0187406
    .0205745
    .0223757
    .0247911
    .0240735
    .0208232
    .0180482
    .0161874
    .0153354
    .0159003
    .0173107
    .0161925
    .0130884
    .0084378
    .0049332
    .0026360
    .0021392
    .0034866
    .0037356
    .0018715
    .0008341
    .0015323
    .0029560
    .0059116
    .0083288
    .0124547
    .0155919
    .0168546
    .0167738
    .0155403
    .0161576
    .0159022
    .0146745
    .0145538
    .0122458
    .0100264
    .0086985
    .0082560
    .0081523
    .0080744
    .0074718
    .0053864
    .0042126
    .0037335
    .0044929
    .0033010
    .0010709
   -.0023797
   -.0052921
   -.0080937
   -.0094655
   -.0088684
   -.0081050
   -.0083473
   -.0081862
   -.0082385
   -.0084531
   -.0090426
   -.0103926
   -.0103764
   -.0107040
   -.0116485
   -.0130628
   -.0164825
   -.0207696
   -.0252621
   -.0282813
   -.0289039
   -.0281033
   -.0240708
   -.0206383
   -.0182044
   -.0186570
   -.0153762
   -.0105510
   -.0058401
   -.0025559
   -.0008675
   -.0022243
   -.0070294
   -.0072585
   -.0067461
   -.0064408
   -.0065474
   -.0067689
   -.0067703
   -.0064737
   -.0070874
   -.0079190
   -.0082134
   -.0080285
   -.0089348
   -.0096369
   -.0105752
   -.0121514
   -.0147743
   -.0166607
   -.0195804
   -.0215710
   -.0212085
   -.0200180
   -.0178014
   -.0168987
   -.0165553
   -.0152617
   -.0124729
   -.0088151
   -.0043736
    .0007649
    .0031374
    .0032272
    .0029622
    .0030751
    .0049068
    .0060638
    .0081651
    .0093175
    .0100586
    .0092071
    .0113841
    .0144453
    .0189351
    .0243359
    .0276537
    .0298105
    .0307007
    .0308675
    .0307837
    .0328813
    .0322473
    .0276835
    .0220272
    .0173755
    .0127269
    .0092733
    .0090024
    .0093832
    .0094572
    .0120648
    .0129599
    .0142188
    .0160997
    .0172360
    .0169634
    .0157934
    .0099869
    .0054797
   -.0018428
   -.0106440
   -.0184318
   -.0225378
   -.0234155
   -.0211292
   -.0219043
   -.0238142
   -.0303967
   -.0312711
   -.0323284
   -.0307336
   -.0309417
   -.0335699
   -.0387326
   -.0501605
   -.0569157
   -.0534701
   -.0408547
   -.0355002
   -.0339975
   -.0334176
   -.0274936
   -.0175183
   -.0066059
    .0004588
    .0036405
    .0039146
    .0035118
    .0051978
    .0076517
    .0108377
    .0143671
    .0184579
    .0219197
    .0246191
    .0283661
    .0311095
    .0345301
    .0390366
    .0430288
    .0458843
    .0459425
    .0459489
    .0452424
    .0462999
    .0482041
    .0506885
    .0519217
    .0533096
    .0545393
    .0529256
    .0512823
    .0534442
    .0562364
    .0561521
    .0551977
    .0531300
    .0504542
    .0470323
    .0444993
    .0438352
    .0438812
    .0438870
    .0434496
    .0423067
    .0420326
    .0419776
    .0419777
    .0426467
    .0425659
    .0403724
    .0375724
    .0322479
    .0281865
    .0261951
    .0237846
    .0209676
    .0177316
    .0132411
    .0080512
    .0026836
   -.0051483
   -.0069749
   -.0054793
   -.0045862
   -.0050509
   -.0065289
   -.0119025
   -.0164978
   -.0204687
   -.0224123
   -.0206433
   -.0173119
   -.0146408
   -.0141526
   -.0156821
   -.0178458
   -.0213128
   -.0243088
   -.0236818
   -.0199639
   -.0174924
   -.0165392
   -.0174150
   -.0193251
   -.0196995
   -.0184686
   -.0166240
   -.0144216
   -.0123705
   -.0108783
   -.0094156
   -.0077038
   -.0063981
   -.0052235
   -.0026437
   -.0006333
    .0012075
    .0028985
    .0030649
    .0020536
    .0023351
    .0038146
    .0054354
    .0086074
    .0101163
    .0095576
    .0077209
    .0051635
    .0035256
    .0036554
    .0042306
    .0041106
    .0023202
   -.0020276
   -.0053976
   -.0094545
   -.0131390
   -.0165431
   -.0192811
   -.0214343
   -.0235728
   -.0256010
   -.0245410
   -.0227754
   -.0227162
   -.0234589
   -.0234179
   -.0252943
   -.0267334
   -.0269937
   -.0260534
   -.0239807
   -.0211999
   -.0184817
   -.0162837
   -.0145741
   -.0132784
   -.0108381
   -.0083702
   -.0067318
   -.0062087
   -.0060729
   -.0066008
   -.0084395
   -.0090798
   -.0089416
   -.0084821
   -.0075628
   -.0062614
   -.0041073
   -.0002707
    .0045445
    .0102004
    .0158905
    .0209603
    .0237338
    .0247322
    .0251172
    .0242737
    .0227331
    .0222968
    .0197216
    .0154823
    .0096515
    .0041511
    .0009894
   -.0006429
   -.0019165
   -.0025304
   -.0029252
   -.0042474
   -.0046245
   -.0058664
   -.0060481
   -.0058886
   -.0050076
   -.0048928
   -.0052329
   -.0061926
   -.0075657
   -.0083110
   -.0086948
   -.0087475
   -.0090098
   -.0084568
   -.0068721
   -.0060513
   -.0078562
   -.0094349
   -.0112207
   -.0123057
   -.0103876
   -.0082381
   -.0068028
   -.0057421
   -.0060472
   -.0072604
   -.0064292
   -.0047902
   -.0021809
   -.0002681
    .0001912
   -.0010423
   -.0018302
   -.0037626
   -.0028767
   -.0009822
   -.0001487
    .0005469
   -.0015480
   -.0055345
   -.0110705
   -.0155733
   -.0199082
   -.0228780
   -.0220553
   -.0222711
   -.0240453
   -.0269710
   -.0278596
   -.0266345
   -.0216738
   -.0153227
   -.0135414
   -.0132224
   -.0133484
   -.0136223
   -.0114664
   -.0087819
   -.0113449
   -.0109524
   -.0191452
   -.0224397
   -.0268649
   -.0220172
   -.0156649
   -.0057953
    .0025095
    .0043921
    .0045710
    .0068714
    .0096485
    .0131226
    .0121330
    .0037183
   -.0009146
   -.0072205
   -.0085029
   -.0059545
   -.0020878
    .0034237
    .0083066
    .0089640
    .0121817
    .0148995
    .0163257
    .0181715
    .0189347
    .0179253
    .0172042
    .0124006
    .0102685
    .0051502
   -.0025389
   -.0055971
   -.0068751
   -.0065133
   -.0055037
   -.0046306
   -.0047959
   -.0012891
    .0017745
    .0105200
    .0136209
    .0164111
    .0155184
    .0112906
    .0066099
    .0038538
    .0014905
   -.0011390
   -.0080150
   -.0118842
   -.0148070
   -.0162062
   -.0140439
   -.0100661
   -.0082068
   -.0064613
   -.0030964
    .0031215
    .0046116
    .0010125
   -.0039323
   -.0088450
   -.0099608
   -.0192218
   -.0245222
   -.0306606
   -.0303884
   -.0280225
   -.0237541
   -.0149719
   -.0086149
    .0010429
    .0038356
    .0053505
    .0064820
    .0061711
   -.0017350
   -.0031321
   -.0063939
   -.0079569
   -.0101474
   -.0102024
   -.0072042
   -.0026901
    .0010696
    .0084933
    .0186625
    .0202490
    .0223784
    .0228000
    .0219997
    .0199249
    .0120591
    .0070130
   -.0048551
   -.0121944
   -.0154159
   -.0185729
   -.0193685
   -.0186299
   -.0154193
   -.0135963
   -.0096057
   -.0086727
    .0028539
    .0039892
    .0052938
   -.0018240
   -.0084968
   -.0196551
   -.0254497
   -.0342800
   -.0402934
   -.0411315
   -.0406560
   -.0387671
   -.0348803
   -.0286689
   -.0208557
   -.0191292
   -.0154612
   -.0124618
   -.0106613
   -.0148746
   -.0206383
   -.0260373
   -.0282940
   -.0287182
   -.0301462
   -.0271865
   -.0260283
   -.0265046
   -.0250518
   -.0227435
   -.0202879
   -.0165171
   -.0128799
   -.0075646
   -.0025790
   -.0022192
   -.0036403
   -.0066666
   -.0085136
   -.0104822
   -.0117959
   -.0125532
   -.0116921
   -.0117013
   -.0111821
   -.0100197
   -.0073291
   -.0049358
   -.0018648
    .0003658
    .0017420
    .0020431
    .0017660
    .0011948
    .0021684
    .0045050
    .0077090
    .0089109
    .0092431
    .0097764
    .0096973
    .0089120
    .0118772
    .0143998
    .0156848
    .0163305
    .0168974
    .0158776
    .0159145
    .0169001
    .0180879
    .0188025
    .0185151
    .0179651
    .0176391
    .0169442
    .0166767
    .0168552
    .0168769
    .0169669
    .0170414
    .0169097
    .0168731
    .0170418
    .0174756
    .0187245
    .0207725
    .0221061
    .0219756
    .0209665
    .0198775
    .0186268
    .0152562
    .0103342
    .0059528
    .0026746
   -.0005028
   -.0033492
   -.0047816
   -.0044056
   -.0037597
   -.0039285
   -.0039367
   -.0023220
    .0010502
    .0046198
    .0074451
    .0091982
    .0094383
    .0085586
    .0072666
    .0061287
    .0055800
    .0055562
    .0058171
    .0065512
    .0081338
    .0103590
    .0125071
    .0145933
    .0167884
    .0187800
    .0204160
    .0215425
    .0218295
    .0210287
    .0189238
    .0155236
    .0114528
    .0075825
    .0045781
    .0021882
   -.0006926
   -.0027988
   -.0014803
    .0032069
    .0084696
    .0122256
    .0149760
    .0179674
    .0207403
    .0222980
    .0223614
    .0211993
    .0196024
    .0181584
    .0174393
    .0170033
    .0159447
    .0146572
    .0130358
    .0121846
    .0119861
    .0124689
    .0142871
    .0162228
    .0173267
    .0168482
    .0168220
    .0164715
    .0150320
    .0133407
    .0133165
    .0137827
    .0137011
    .0121636
    .0104003
    .0090651
    .0080281
    .0064233
    .0054574
    .0060835
    .0058517
    .0025127
   -.0002657
   -.0008837
   -.0019931
   -.0026125
   -.0027985
   -.0028492
   -.0024245
   -.0005339
    .0031216
    .0055619
    .0063980
    .0079514
    .0109034
    .0137326
    .0137527
    .0111053
    .0080816
    .0065537
    .0058642
    .0049018
    .0033215
    .0009949
   -.0016278
   -.0043513
   -.0079332
   -.0122355
   -.0162509
   -.0198058
   -.0233122
   -.0265303
   -.0290522
   -.0301412
   -.0291392
   -.0266253
   -.0232960
   -.0191629
   -.0159650
   -.0155766
   -.0168843
   -.0176042
   -.0174040
   -.0167248
   -.0160442
   -.0158620
   -.0154798
   -.0140295
   -.0120683
   -.0099181
   -.0083664
   -.0083154
   -.0081656
   -.0075522
   -.0073616
   -.0077314
   -.0080616
   -.0063099
   -.0026762
   -.0003215
   -.0005702
   -.0007425
    .0007530
    .0033517
    .0049887
    .0052328
    .0050762
    .0050319
    .0052144
    .0054636
    .0055533
    .0053626
    .0050764
    .0051854
    .0060413
    .0076129
    .0091485
    .0093584
    .0082073
    .0071091
    .0066943
    .0059562
    .0031930
   -.0001863
   -.0015555
   -.0010340
   -.0005677
   -.0003711
    .0012060
    .0039030
    .0057138
    .0058478
    .0057303
    .0068132
    .0092051
    .0111849
    .0118524
    .0121003
    .0121524
    .0120041
    .0108735
    .0094494
    .0079971
    .0065188
    .0035475
    .0003295
   -.0014353
   -.0008962
    .0000703
    .0002702
   -.0001989
   -.0013070
   -.0026880
   -.0030180
   -.0017766
   -.0000230
    .0005138
   -.0011327
   -.0043452
   -.0076537
   -.0096892
   -.0100836
   -.0095832
   -.0095083
   -.0107721
   -.0126777
   -.0137040
   -.0133569
   -.0129720
   -.0137074
   -.0146022
   -.0136173
   -.0105659
   -.0084620
   -.0086393
   -.0097489
   -.0103860
   -.0095802
   -.0081129
   -.0074322
   -.0075262
   -.0071279
   -.0052721
   -.0024125
   -.0017182
   -.0028258
   -.0036338
   -.0037209
   -.0031981
   -.0026968
   -.0023254
   -.0019987
   -.0016594
   -.0012672
   -.0007454
   -.0000209
    .0007593
    .0012014
    .0012686
    .0010608
    .0003686
   -.0009482
   -.0028386
   -.0050650
   -.0072440
   -.0092702
   -.0112016
   -.0129817
   -.0139970
   -.0137168
   -.0124963
   -.0109734
   -.0093914
   -.0082051
   -.0077851
   -.0078577
   -.0081011
   -.0085389
   -.0090335
   -.0098657
   -.0116294
   -.0135209
   -.0139184
   -.0128201
   -.0126511
   -.0164393
   -.0226402
   -.0255712
   -.0245790
   -.0230747
   -.0237161
   -.0260230
   -.0274839
   -.0277335
   -.0276431
   -.0284297
   -.0304007
   -.0318304
   -.0315081
   -.0299636
   -.0283190
   -.0276646
   -.0276711
   -.0267902
   -.0245931
   -.0211495
   -.0166577
   -.0129226
   -.0116129
   -.0119506
   -.0125569
   -.0131147
   -.0137693
   -.0143675
   -.0144638
   -.0137642
   -.0133363
   -.0134356
   -.0136597
   -.0137238
   -.0135796
   -.0132367
   -.0134317
   -.0161074
   -.0211016
   -.0252378
   -.0273966
   -.0283027
   -.0292204
   -.0308242
   -.0319086
   -.0315159
   -.0301558
   -.0288761
   -.0285195
   -.0284541
   -.0272125
   -.0249714
   -.0228242
   -.0218169
   -.0228868
   -.0254065
   -.0272017
   -.0277044
   -.0275749
   -.0272571
   -.0272366
   -.0268855
   -.0249151
   -.0213334
   -.0172579
   -.0142862
   -.0126783
   -.0108931
   -.0085138
   -.0060658
   -.0036366
   -.0019390
   -.0013272
   -.0009737
   -.0005413
   -.0000332
    .0001007
   -.0002217
   -.0011285
   -.0021616
   -.0025874
   -.0024961
   -.0024171
   -.0028788
   -.0046171
   -.0071341
   -.0085141
   -.0076714
   -.0056132
   -.0050792
   -.0050872
   -.0026518
   -.0000618
    .0001600
   -.0004638
    .0018345
    .0056183
    .0081618
    .0100941
    .0112903
    .0116920
    .0112951
    .0103537
    .0090925
    .0085342
    .0091189
    .0104084
    .0109460
    .0103697
    .0101678
    .0115565
    .0138125
    .0149981
    .0141614
    .0129503
    .0131590
    .0148886
    .0174749
    .0194743
    .0196978
    .0187343
    .0177771
    .0167486
    .0150533
    .0138922
    .0133705
    .0120476
    .0089284
    .0052301
    .0032436
    .0028428
    .0022587
    .0005229
   -.0003796
   -.0007020
   -.0014643
   -.0029471
   -.0033871
   -.0012029
    .0027780
    .0056565
    .0050484
    .0013127
   -.0025551
   -.0040734
   -.0030981
   -.0002722
    .0032680
    .0058456
    .0063862
    .0055109
    .0046069
    .0041713
    .0037669
    .0032766
    .0030379
    .0032171
    .0035589
    .0038878
    .0042446
    .0043538
    .0042485
    .0040969
    .0042618
    .0042777
    .0042695
    .0050243
    .0068778
    .0095048
    .0120389
    .0138752
    .0145049
    .0137918
    .0122994
    .0117050
    .0126113
    .0137229
    .0133413
    .0122491
    .0121126
    .0130303
    .0139469
    .0135631
    .0113569
    .0087930
    .0070580
    .0058315
    .0034304
   -.0002539
   -.0033136
   -.0045156
   -.0041170
   -.0034466
   -.0033191
   -.0035656
   -.0038706
   -.0040765
   -.0034638
   -.0013722
    .0016542
    .0039688
    .0051704
    .0070057
    .0094646
    .0117759
    .0130851
    .0127225
    .0116462
    .0111022
    .0116575
    .0130485
    .0133763
    .0123987
    .0127225
    .0152061
    .0180208
    .0190376
    .0187925
    .0190090
    .0200379
    .0212626
    .0215922
    .0213430
    .0218227
    .0229528
    .0241011
    .0244048
    .0243518
    .0246181
    .0249180
    .0246103
    .0235634
    .0221531
    .0205455
    .0191166
    .0181189
    .0171706
    .0149949
    .0125556
    .0103949
    .0077555
    .0043678
    .0028257
    .0031849
    .0039858
    .0043032
    .0049705
    .0066892
    .0090380
    .0112757
    .0127605
    .0131022
    .0125218
    .0119442
    .0122459
    .0132700
    .0138878
    .0125980
    .0096143
    .0069138
    .0051712
    .0034677
    .0005192
   -.0026807
   -.0041598
   -.0037153
   -.0027997
   -.0026027
   -.0032477
   -.0038873
   -.0025607
    .0007397
    .0020831
    .0014642
    .0009978
    .0009143
    .0009159
    .0007698
    .0007939
    .0007367
    .0006367
    .0006386
    .0005308
    .0003999
    .0002704
    .0000871
   -.0001606
    .0001467
    .0021440
    .0048022
    .0064429
    .0063686
    .0063340
    .0081146
    .0114775
    .0147262
    .0153417
    .0141626
    .0135953
    .0144867
    .0151472
    .0138389
    .0126787
    .0120478
    .0113045
    .0095308
    .0068258
    .0038434
    .0006032
   -.0019895
   -.0028600
   -.0026625
   -.0022502
   -.0022936
   -.0025689
   -.0026783
   -.0026653
   -.0026926
   -.0027576
   -.0028422
   -.0031720
   -.0040276
   -.0049267
   -.0053946
   -.0052147
   -.0051876
   -.0051045
   -.0047120
   -.0036865
   -.0032432
   -.0030424
   -.0019727
    .0007318
    .0034396
    .0046002
    .0042021
    .0020469
   -.0015864
   -.0046568
   -.0057691
   -.0054649
   -.0048483
   -.0049026
   -.0054388
   -.0059096
   -.0053419
   -.0033707
   -.0009171
    .0011072
    .0017972
    .0028034
    .0036445
    .0038887
    .0028302
    .0005988
   -.0011478
   -.0020122
   -.0024274
   -.0026823
   -.0033090
   -.0051201
   -.0072078
   -.0081212
   -.0079902
   -.0077650
   -.0082073
   -.0097037
   -.0117002
   -.0126991
   -.0124912
   -.0119046
   -.0116606
   -.0118179
   -.0111005
   -.0103094
   -.0095358
   -.0091043
   -.0088250
   -.0084888
   -.0081548
   -.0080195
   -.0080693
   -.0080766
   -.0081584
   -.0085458
   -.0091962
   -.0103560
   -.0118306
   -.0133385
   -.0146017
   -.0155400
   -.0159596
   -.0160837
   -.0159510
   -.0166649
   -.0177548
   -.0179224
   -.0176408
   -.0176080
   -.0179113
   -.0181721
   -.0181653
   -.0182086
   -.0182246
   -.0185345
   -.0190272
   -.0194989
   -.0197418
   -.0197330
   -.0194080
   -.0188482
   -.0186837
   -.0188182
   -.0180983
   -.0165202
   -.0145368
   -.0130071
   -.0124609
   -.0121753
   -.0114148
   -.0103974
   -.0094196
   -.0086920
   -.0080142
   -.0074232
   -.0066086
   -.0053431
   -.0039746
   -.0028949
   -.0025316
   -.0017338
   -.0009458
   -.0003030
   -.0000383
   -.0000364
   -.0001282
   -.0000242
    .0003870
    .0007200
    .0010774
    .0009168
    .0010300
    .0013131
    .0015779
    .0014192
    .0009384
    .0008373
    .0007976
    .0009069
    .0007863
    .0004630
    .0005369
    .0009162
    .0013511
    .0016495
    .0018009
    .0018503
    .0019661
    .0024598
    .0028219
    .0031838
    .0030230
    .0028675
    .0027525
    .0026759
    .0025416
    .0024768
    .0023632
    .0022845
    .0021254
    .0020370
    .0019126
    .0018571
    .0017456
    .0016991
    .0015835
    .0015239
    .0014013
    .0013607
    .0012807
    .0012927
    .0012450
    .0012688
    .0012183
    .0012234
    .0011349
    .0011039
    .0009997
    .0009791
    .0009056
    .0009148
    .0008588
    .0008888
    .0008482
    .0008890
    .0008371
    .0008631
    .0008001
    .0008195
    .0007523
    .0007667
    .0006925
    .0006992
    .0006273
    .0006393
    .0005709
    .0005797
    .0005075
    .0005108
    .0004361
    .0004342
    .0003550
    .0003436
    .0002590
    .0002461
    .0001679
    .0001584
    .0000808
    .0000674
   -.0000119
   -.0000251
   -.0001029
   -.0001124
   -.0001866
   -.0001917
   -.0002655
   -.0002663
   -.0003386
   -.0003335
   -.0004050
   -.0003947
   -.0004646
   -.0004519
   -.0005179
   -.0005152
   -.0005784
   -.0006762
   -.0007789
   -.0012594
   -.0005993