   -.0110892
   -.0113105
   -.0111068
   -.0111998
   -.0110776
   -.0111431
   -.0110792
   -.0111209
   -.0110832
   -.0111087
   -.0110865
   -.0111017
   -.0110892
   -.0110971
   -.0110912
   -.0110943
   -.0110927
   -.0110923
   -.0110939
   -.0110910
   -.0110947
   -.0110898
   -.0110952
   -.0110893
   -.0110956
   -.0110887
   -.0110959
   -.0110888
   -.0110968
   -.0110887
   -.0110975
   -.0110891
   -.0110982
   -.0110898
   -.0110987
   -.0110903
   -.0110986
   -.0110900
   -.0110981
   -.0110893
   -.0110982
   -.0110896
   -.0110975
   -.0110895
   -.0110985
   -.0110897
   -.0110996
   -.0110910
   -.0110998
   -.0110913
   -.0111001
   -.0110917
   -.0111003
   -.0110907
   -.0110989
   -.0110909
   -.0110993
   -.0110912
   -.0110995
   -.0110915
   -.0110997
   -.0110921
   -.0110995
   -.0110933
   -.0111018
   -.0110941
   -.0111019
   -.0110943
   -.0111022
   -.0110945
   -.0111024
   -.0110928
   -.0111001
   -.0110929
   -.0110999
   -.0110928
   -.0111005
   -.0110941
   -.0111004
   -.0110956
   -.0111033
   -.0110966
   -.0111040
   -.0110970
   -.0111035
   -.0110962
   -.0111042
   -.0110948
   -.0111007
   -.0110947
   -.0111012
   -.0110949
   -.0108365
   -.0110978
   -.0111028
   -.0110948
   -.0108399
   -.0108340
   -.0111054
   -.0110994
   -.0111051
   -.0111001
   -.0111026
   -.0110957
   -.0111019
   -.0110956
   -.0111017
   -.0110957
   -.0111011
   -.0110997
   -.0111078
   -.0111009
   -.0111073
   -.0111008
   -.0111100
   -.0110980
   -.0111066
   -.0111026
   -.0111083
   -.0111027
   -.0111081
   -.0111016
   -.0111082
   -.0110976
   -.0111010
   -.0110958
   -.0111013
   -.0106614
   -.0111024
   -.0110959
   -.0111074
   -.0111050
   -.0111103
   -.0111051
   -.0111102
   -.0111043
   -.0111107
   -.0110995
   -.0111010
   -.0110964
   -.0111007
   -.0110967
   -.0111012
   -.0110974
   -.0111009
   -.0111033
   -.0111122
   -.0111054
   -.0111159
   -.0111122
   -.0111143
   -.0111105
   -.0111091
   -.0110945
   -.0110954
   -.0110916
   -.0110961
   -.0110943
   -.0111004
   -.0110990
   -.0111034
   -.0111005
   -.0111033
   -.0111008
   -.0111019
   -.0111071
   -.0111153
   -.0111088
   -.0111194
   -.0111202
   -.0111231
   -.0111150
   -.0111032
   -.0110962
   -.0110977
   -.0110955
   -.0110973
   -.0110951
   -.0110992
   -.0103894
   -.0111089
   -.0111175
   -.0111400
   -.0111562
   -.0111927
   -.0112440
   -.0112551
   -.0112732
   -.0112818
   -.0112279
   -.0112237
   -.0112640
   -.0112728
   -.0113035
   -.0114724
   -.0117285
   -.0117036
   -.0114452
   -.0115648
   -.0115513
   -.0112662
   -.0110356
   -.0111623
   -.0117683
   -.0121783
   -.0120627
   -.0114468
   -.0112341
   -.0106691
   -.0091056
   -.0097576
   -.0116675
   -.0138584
   -.0124542
   -.0128242
   -.0135766
   -.0144434
   -.0116801
   -.0107659
   -.0122709
   -.0151558
   -.0131086
   -.0084828
   -.0076573
   -.0080671
   -.0042883
   -.0040470
   -.0078443
   -.0068776
   -.0056031
   -.0120304
   -.0182771
   -.0099732
   -.0012999
   -.0069485
   -.0160763
   -.0111084
   -.0010400
    .0074158
    .0152141
    .0148334
    .0032528
   -.0084858
   -.0131836
   -.0096839
    .0027799
   -.0092652
   -.0398679
   -.0523425
   -.0432948
   -.0300778
   -.0191058
   -.0125792
   -.0139810
   -.0272846
   -.0344042
   -.0289914
   -.0179830
   -.0045191
    .0000794
   -.0083044
   -.0199663
   -.0237423
   -.0223522
   -.0170223
   -.0104110
   -.0114235
   -.0164669
   -.0259075
   -.0354434
   -.0234806
    .0155775
    .0464061
    .0321797
   -.0103818
   -.0244376
    .0002803
    .0158622
    .0046885
   -.0181651
   -.0305459
   -.0281188
   -.0184046
   -.0201018
   -.0151402
   -.0023230
    .0088794
    .0198312
    .0250543
    .0214947
    .0170281
    .0049487
   -.0276769
   -.0521644
   -.0303823
    .0009544
   -.0010298
   -.0054345
    .0041085
    .0050862
    .0068745
   -.0040446
   -.0221953
   -.0315453
   -.0276476
   -.0291371
   -.0408513
   -.0332643
   -.0198699
   -.0205065
   -.0147679
    .0023123
    .0078682
    .0038525
   -.0088575
   -.0095084
    .0071172
    .0101692
   -.0040292
   -.0069430
    .0045627
   -.0047607
   -.0267904
   -.0178996
    .0136254
    .0071132
   -.0348543
   -.0454032
   -.0148029
   -.0006593
   -.0236051
   -.0417931
   -.0121236
    .0173324
   -.0051351
   -.0600385
   -.0668059
   -.0117939
    .0110242
   -.0172360
   -.0337877
    .0046700
    .0439855
    .0283919
   -.0210190
   -.0267213
    .0382137
    .0768217
    .0425963
    .0040397
    .0246716
    .0738841
    .0667026
    .0007506
   -.0354286
   -.0173313
    .0049785
   -.0032848
   -.0220200
   -.0090884
    .0356269
    .0937974
    .1496579
    .1886791
    .2117922
    .2366615
    .2638150
    .2901302
    .3126341
    .2717765
    .1581370
    .0148206
   -.0908845
   -.2154586
   -.3732546
   -.5131439
   -.5775749
   -.3489129
   -.1683508
   -.0384866
    .1265879
    .2549019
    .4095848
    .3175867
    .2038313
    .1195928
   -.1735165
   -.2893576
   -.4008060
   -.1588784
   -.3088880
   -.4580601
   -.8908153
   -.5443693
   -.0649514
    .3902607
    .5225374
    .1600075
    .0222607
    .1197926
    .0486971
   -.0397016
   -.2919120
   -.4298482
   -.7160952
   -.8391310
   -.8265741
   -.6259276
   -.5205515
   -.3716386
   -.2844460
   -.4894967
   -.5043343
   -.3799402
   -.2207829
   -.0104547
    .1779263
    .3084772
    .4788978
    .4689525
    .4184273
    .3457986
    .2060190
    .0719888
   -.0433789
   -.1532423
   -.2976134
   -.3928116
   -.5148307
   -.6066297
   -.6913486
   -.6443223
   -.5603169
   -.4201044
   -.2313823
   -.0694831
    .0845099
    .2050904
    .2698278
    .3416359
    .3785791
    .3591441
    .3213367
    .1943475
    .0634082
    .0118029
   -.0730007
   -.1130103
   -.1245425
   -.1389064
   -.1776831
   -.1983443
   -.2102352
   -.1870579
   -.1513702
   -.0855167
   -.0230222
   -.0085984
    .0246961
    .1347858
    .1564412
    .2102320
    .2344545
    .2541618
    .2605609
    .2512578
    .2233063
    .2107494
    .1883618
    .1928798
    .1878429
    .1708605
    .1575624
    .1433163
    .1205952
    .1000765
    .0869275
    .0661910
    .0483021
    .0341445
    .0042890
   -.0065526
   -.0009807
   -.0179850
   -.0019300
   -.0202182
   -.0310980
   -.0213498
   -.0111879
    .0205596
    .0629748
    .0598104
    .0261276
   -.0125815
   -.0457963
   -.0461922
   -.0941459
   -.1352553
   -.1133653
   -.0686404
   -.0055264
    .0313691
    .0329124
    .0497025
    .0574148
    .0367227
    .0085440
   -.0404633
   -.1049831
   -.1863416
   -.2913926
   -.3106115
   -.3063036
   -.2956939
   -.2754119
   -.1833494
   -.1660465
   -.1856436
   -.1509109
   -.1461128
   -.1654273
   -.1607230
   -.1386194
   -.1358999
   -.1456357
   -.1359100
   -.2469440
   -.3348714
   -.3803194
   -.3361840
   -.2717318
   -.2233143
    .0426905
    .2915399
    .5177506
    .5728701
    .6066116
    .5232815
    .4246438
    .3918523
    .2917822
    .2272101
    .0808887
    .0199320
   -.0445988
   -.1631195
   -.2716414
   -.3121256
   -.2814811
   -.0520069
    .2361449
    .3280483
    .5166918
    .5517949
    .5336675
    .4912171
    .3142067
    .2324229
    .1800618
    .1836195
    .1304792
    .0702813
    .0111527
   -.0711054
   -.1240571
   -.2417799
   -.3098633
   -.3024763
   -.3193989
   -.0715994
    .1656691
    .3402918
    .4029519
    .3744746
    .3190421
    .1574642
    .0744557
   -.1877301
   -.1746344
   -.0918415
   -.0789270
   -.0463953
   -.1322176
   -.2580224
   -.4743927
   -.6697284
   -.6347588
   -.5252652
   -.3989430
   -.1669330
    .0326829
    .1667701
    .0694193
    .0069729
   -.0772779
   -.1545178
   -.1912358
   -.1761121
   -.2151776
   -.2029406
   -.1482844
    .0758817
    .1101897
    .0668596
   -.0540740
   -.4193818
   -.2164789
   -.0906597
    .0498737
    .2774626
    .2290171
   -.0448622
   -.0863197
   -.1602724
   -.0777251
    .2045826
    .2748023
    .3275291
    .2410549
   -.0421843
   -.2412688
   -.2162688
   -.2411431
   -.2252924
   -.2315167
   -.0566723
   -.0794734
   -.1468833
   -.3315794
   -.3856276
   -.4188864
   -.2594952
   -.2144366
   -.1484606
   -.1029588
   -.0563847
   -.0340274
   -.0201419
   -.0107434
    .0205216
    .0373800
    .0409696
    .0541990
    .0943517
    .1553394
    .1899806
    .1866663
    .1782012
    .0920116
    .0394020
    .0498367
    .0795740
    .0850526
    .0936797
    .1274517
    .1647586
    .1644949
    .2005690
    .2207249
    .2113274
    .1942469
    .1656745
    .1324803
    .0972348
    .0236274
   -.0292702
   -.0790586
   -.0971998
   -.1570884
   -.2058009
   -.2653135
   -.2645656
   -.2389216
   -.1413284
   -.0932228
   -.0743100
   -.0299094
    .0279384
    .0643186
    .0949796
    .1226183
    .1467484
    .1604441
    .1342812
    .1141918
    .0170543
    .0033274
    .0557236
    .0626747
    .0706603
    .0706909
    .0287555
   -.0059943
   -.0677699
   -.2302005
   -.2234581
   -.1867336
   -.0015385
    .1044392
    .1070724
   -.0241202
   -.2189333
   -.2181573
   -.1251732
   -.0508350
    .1657120
    .1687853
    .1265935
   -.0118852
   -.1860080
   -.2013336
   -.1872512
   -.1116368
   -.0392660
    .0649287
    .1487557
    .1852614
    .1561448
    .0001548
   -.0541719
   -.1056105
   -.1672562
   -.1466703
   -.0900296
   -.0237038
    .0216488
    .0596432
    .0727810
    .1069357
    .1311087
   -.0134343
   -.0581835
   -.1291806
   -.1819140
   -.1817309
   -.1021197
   -.0218971
    .1770587
    .0414692
   -.1006605
   -.0730174
    .0604056
    .1060214
    .1952431
    .1916476
    .1449209
   -.0389649
   -.0574254
    .0020460
    .0620189
    .0772803
    .1098462
    .0941351
    .0443927
   -.1301975
   -.1414205
   -.1328147
   -.0857914
   -.0495209
   -.0348361
    .0424343
    .0486659
    .0444906
    .0448245
    .0329311
    .0143564
   -.0248778
   -.0320738
   -.0027830
    .0241597
   -.0319795
   -.0574379
   -.0670553
   -.0498763
   -.0399203
   -.0226149
   -.0052445
    .0179469
    .0319634
    .0322512
    .0410223
    .0591697
    .0622954
    .0605695
    .0544526
    .0484428
    .0403092
    .0251531
    .0106443
   -.0174427
   -.0327615
   -.0522631
   -.0632257
   -.0749459
   -.0978967
   -.1171236
   -.1253062
   -.1165634
   -.0991869
   -.0805360
   -.0662422
   -.0506382
   -.0283260
   -.0078880
   -.0044236
   -.0061622
   -.0019379
    .0070139
    .0115683
    .0042447
   -.0082970
   -.0187418
   -.0252863
   -.0301237
   -.0271954
   -.0152119
   -.0028923
    .0079208
    .0269036
    .0487807
    .0628708
    .0717673
    .0712148
    .0551530
    .0352110
    .0196577
    .0019561
   -.0208996
   -.0428765
   -.0624980
   -.0872025
   -.1101003
   -.1208395
   -.1168339
   -.1010749
   -.0783858
   -.0557822
   -.0399247
   -.0289295
   -.0186033
   -.0090131
   -.0037531
   -.0070777
   -.0207731
   -.0436391
   -.0489689
   -.0362401
   -.0214240
   -.0094541
   -.0014383
    .0149300
    .0426427
    .0489737
    .0383223
    .0294333
    .0282889
    .0300065
    .0234613
    .0149790
    .0092936
   -.0005727
   -.0102954
   -.0130278
   -.0085224
   -.0012999
    .0074173
    .0182509
    .0327672
    .0450701
    .0418485
    .0195683
   -.0116149
   -.0429617
   -.0697302
   -.0838708
   -.0822701
   -.0737562
   -.0655309
   -.0530883
   -.0321358
   -.0059643
    .0184837
    .0378554
    .0560666
    .0831849
    .1121620
    .1250173
    .1168709
    .1002844
    .0855263
    .0694428
    .0470458
    .0270027
    .0226866
    .0344516
    .0527871
    .0687055
    .0799917
    .0908199
    .1025517
    .1152210
    .1240741
    .1212671
    .1070636
    .0880829
    .0678400
    .0467217
    .0280208
    .0128447
    .0050381
    .0128048
    .0350230
    .0597231
    .0703606
    .0808625
    .1004648
    .1164029
    .1209430
    .1172876
    .1051900
    .0858177
    .0562108
    .0186697
   -.0214543
   -.0621293
   -.0993838
   -.1272421
   -.1471971
   -.1554849
   -.1440015
   -.1134085
   -.0863426
   -.0629760
   -.0297735
    .0097187
    .0429698
    .0566688
    .0604069
    .0681517
    .0726478
    .0593698
    .0303274
    .0000333
   -.0228546
   -.0399891
   -.0502775
   -.0522300
   -.0452569
   -.0292684
   -.0086984
    .0088874
    .0217727
    .0337895
    .0432728
    .0426959
    .0311486
    .0126996
   -.0068619
   -.0251542
   -.0395693
   -.0449390
   -.0370688
   -.0126478
    .0166804
    .0346270
    .0435995
    .0484660
    .0554128
    .0577870
    .0510229
    .0357644
    .0132798
   -.0048154
   -.0101506
   -.0114307
   -.0202696
   -.0376080
   -.0487542
   -.0629732
   -.0723896
   -.0757243
   -.0729814
   -.0665048
   -.0639748
   -.0751521
   -.0868766
   -.0813380
   -.0618943
   -.0468273
   -.0360339
   -.0266424
   -.0145366
    .0037639
    .0153109
    .0118586
    .0012327
   -.0112883
   -.0168716
   -.0161613
   -.0148945
   -.0139380
   -.0066077
    .0050698
    .0095874
    .0095026
    .0155783
    .0209723
    .0162834
    .0095488
    .0037728
   -.0018358
   -.0087861
   -.0193061
   -.0282346
   -.0306747
   -.0294621
   -.0219238
   -.0096269
   -.0014721
    .0015084
   -.0014146
   -.0136194
   -.0240330
   -.0266527
   -.0252251
   -.0286469
   -.0302504
   -.0247076
   -.0171553
   -.0150616
   -.0125102
   -.0077646
   -.0022055
   -.0025759
   -.0062712
   -.0077310
   -.0099062
   -.0131957
   -.0132227
   -.0085305
   -.0026398
    .0016227
    .0076341
    .0092722
   -.0016774
   -.0219684
   -.0415803
   -.0537883
   -.0536483
   -.0399685
   -.0172320
    .0095304
    .0367912
    .0638543
    .0890222
    .1060458
    .1113251
    .1076065
    .0960648
    .0736144
    .0428185
    .0106568
   -.0178956
   -.0404389
   -.0576419
   -.0702294
   -.0749433
   -.0681940
   -.0527315
   -.0316583
   -.0049049
    .0237750
    .0508597
    .0752516
    .0899155
    .0869459
    .0697701
    .0458011
    .0220583
   -.0037826
   -.0390384
   -.0793720
   -.1164480
   -.1465279
   -.1620697
   -.1543816
   -.1293212
   -.0981252
   -.0644655
   -.0302009
    .0035124
    .0376148
    .0669745
    .0839401
    .0859537
    .0739466
    .0506289
    .0228296
   -.0035848
   -.0259770
   -.0412009
   -.0461556
   -.0443224
   -.0393009
   -.0279299
   -.0108172
    .0052094
    .0164201
    .0249840
    .0298716
    .0244499
    .0084957
   -.0104887
   -.0255650
   -.0353607
   -.0413319
   -.0410088
   -.0324096
   -.0174446
   -.0005367
    .0122214
    .0120080
   -.0036239
   -.0209902
   -.0234397
   -.0085047
    .0030497
    .0072856
    .0130789
    .0237901
    .0386042
    .0520729
    .0557094
    .0449619
    .0252897
    .0037087
   -.0180969
   -.0364205
   -.0430170
   -.0367028
   -.0257832
   -.0191744
   -.0187236
   -.0173543
   -.0094089
    .0047646
    .0148395
    .0162743
    .0126649
    .0095868
    .0100847
    .0132671
    .0125817
    .0072327
    .0004835
   -.0058124
   -.0092560
   -.0081824
   -.0057308
   -.0044443
   -.0028804
   -.0001035
    .0044408
    .0115805
    .0137314
    .0027541
   -.0143468
   -.0253940
   -.0248148
   -.0176059
   -.0122180
   -.0108661
   -.0117791
   -.0142060
   -.0148751
   -.0110208
   -.0039451
    .0043038
    .0118018
    .0192821
    .0264939
    .0236279
    .0124780
    .0015992
    .0002482
   -.0026806
   -.0042868
    .0013340
    .0094381
    .0089217
    .0021573
   -.0013942
   -.0074743
   -.0154759
   -.0147495
   -.0116864
   -.0144168
   -.0183141
   -.0181320
   -.0181497
   -.0187369
   -.0166263
   -.0096058
   -.0108068
   -.0156104
   -.0181509
   -.0171268
   -.0155944
   -.0124550
   -.0093957
   -.0082873
   -.0092858
   -.0134849
   -.0175991
   -.0185226
   -.0206234
   -.0191524
   -.0159376
   -.0070039
    .0020339
    .0084982
    .0125858
    .0145473
    .0126729
    .0060307
   -.0037377
   -.0126752
   -.0188298
   -.0212475
   -.0187656
   -.0135854
   -.0079293
   -.0005329
    .0077047
    .0144969
    .0172621
    .0132358
    .0043705
   -.0049885
   -.0144265
   -.0247235
   -.0340963
   -.0405635
   -.0439974
   -.0442444
   -.0412097
   -.0340469
   -.0223603
   -.0099114
    .0000396
    .0082291
    .0133791
    .0128851
    .0078236
   -.0001415
   -.0099844
   -.0179745
   -.0192467
   -.0153244
   -.0112266
   -.0087915
   -.0064914
   -.0045969
   -.0015513
    .0038062
    .0087847
    .0110743
    .0112993
    .0108781
    .0096251
    .0070482
    .0042767
    .0011874
   -.0026856
   -.0055270
   -.0047673
    .0006405
    .0074828
    .0128016
    .0168011
    .0196562
    .0202420
    .0177750
    .0124956
    .0053094
   -.0025875
   -.0113068
   -.0219167
   -.0316767
   -.0349581
   -.0299238
   -.0189905
   -.0061785
    .0028713
    .0057198
    .0060075
    .0053930
    .0017110
   -.0047212
   -.0113064
   -.0157570
   -.0181007
   -.0181413
   -.0134144
   -.0061397
   -.0012553
    .0004208
    .0008190
   -.0004564
   -.0036239
   -.0064211
   -.0086970
   -.0112366
   -.0125339
   -.0109226
   -.0060622
   -.0011451
    .0014846
    .0019724
   -.0009187
   -.0047073
   -.0064134
   -.0042947
    .0009834
    .0064445
    .0112527
    .0146763
    .0163692
    .0150821
    .0093102
    .0002007
   -.0098367
   -.0197456
   -.0274379
   -.0300567
   -.0277620
   -.0227735
   -.0167192
   -.0111718
   -.0069343
   -.0014492
    .0063506
    .0125491
    .0133754
    .0079038
   -.0010247
   -.0098138
   -.0185781
   -.0270265
   -.0343500
   -.0400101
   -.0422350
   -.0390088
   -.0304510
   -.0185558
   -.0049405
    .0089147
    .0221085
    .0323308
    .0365666
    .0345013
    .0265907
    .0143945
    .0030201
   -.0051540
   -.0119679
   -.0168083
   -.0197400
   -.0218755
   -.0214365
   -.0172836
   -.0108641
   -.0046796
   -.0008719
    .0001839
   -.0008140
   -.0026964
   -.0050508
   -.0088743
   -.0123991
   -.0130859
   -.0106236
   -.0063151
   -.0013651
    .0029053
    .0036923
   -.0006093
   -.0093812
   -.0199732
   -.0287471
   -.0334088
   -.0331121
   -.0281183
   -.0198247
   -.0100521
   -.0001888
    .0079757
    .0127053
    .0144505
    .0125991
    .0058409
   -.0031473
   -.0108041
   -.0166471
   -.0200141
   -.0201541
   -.0175921
   -.0113665
   -.0015955
    .0074152
    .0106162
    .0098087
    .0089811
    .0107252
    .0153052
    .0171007
    .0134431
    .0085702
    .0034976
    .0012973
   -.0002771
   -.0045414
   -.0090675
   -.0132820
   -.0165650
   -.0188910
   -.0203504
   -.0207787
   -.0211006
   -.0216142
   -.0212398
   -.0198173
   -.0146453
   -.0053382
    .0008298
   -.0004934
   -.0059122
   -.0111436
   -.0124167
   -.0112771
   -.0114986
   -.0141247
   -.0171015
   -.0178551
   -.0164868
   -.0142620
   -.0110713
   -.0069386
   -.0010436
    .0056521
    .0113594
    .0163899
    .0198011
    .0204570
    .0182810
    .0137282
    .0074180
    .0005067
   -.0061706
   -.0117517
   -.0143995
   -.0139106
   -.0103495
   -.0067422
   -.0071631
   -.0100578
   -.0124386
   -.0123399
   -.0106748
   -.0085191
   -.0086522
   -.0083292
   -.0050948
   -.0001996
   -.0018719
   -.0039974
   -.0025509
   -.0023663
   -.0027455
   -.0029872
   -.0019480
   -.0021612
   -.0032404
   -.0047859
   -.0068945
   -.0078056
   -.0054903
   -.0023334
   -.0028942
   -.0064733
   -.0097343
   -.0122929
   -.0153360
   -.0185419
   -.0216240
   -.0240042
   -.0216594
   -.0149794
   -.0093696
   -.0080206
   -.0087731
   -.0099399
   -.0096913
   -.0078699
   -.0040067
   -.0014287
   -.0013606
    .0009056
    .0017546
   -.0041277
   -.0097670
   -.0099272
   -.0062248
   -.0051435
   -.0074652
   -.0106218
   -.0123101
   -.0097709
   -.0053398
   -.0040184
   -.0030311
   -.0014136
   -.0000777
    .0005652
    .0013542
    .0028478
    .0028014
    .0002204
   -.0023415
   -.0037079
   -.0049212
   -.0066910
   -.0097343
   -.0127011
   -.0136711
   -.0118978
   -.0085568
   -.0046397
   -.0000875
    .0034679
    .0038151
    .0008238
   -.0043482
   -.0101012
   -.0153250
   -.0193244
   -.0206104
   -.0198486
   -.0188734
   -.0177623
   -.0177931
   -.0186212
   -.0166967
   -.0130000
   -.0088182
   -.0064186
   -.0046378
   -.0032117
   -.0030302
   -.0030812
   -.0045341
   -.0069630
   -.0085462
   -.0076364
   -.0047139
   -.0038365
   -.0047814
   -.0060150
   -.0061552
   -.0050465
   -.0032707
   -.0008396
    .0028135
    .0078883
    .0122768
    .0142473
    .0144018
    .0125021
    .0087757
    .0051852
    .0018252
   -.0020359
   -.0054688
   -.0077157
   -.0088828
   -.0090961
   -.0075572
   -.0041430
   -.0000500
    .0035369
    .0053328
    .0040365
    .0007945
   -.0032182
   -.0071452
   -.0091505
   -.0102642
   -.0101501
   -.0069781
   -.0032723
   -.0000981
    .0018207
    .0003521
   -.0025823
   -.0046487
   -.0049849
   -.0026635
   -.0012743
   -.0008531
   -.0013773
   -.0025662
   -.0038444
   -.0052315
   -.0066153
   -.0070663
   -.0068180
   -.0064564
   -.0057839
   -.0055645
   -.0061588
   -.0068448
   -.0088247
   -.0108644
   -.0098379
   -.0077302
   -.0071058
   -.0071727
   -.0072280
   -.0076926
   -.0083274
   -.0088174
   -.0086990
   -.0053898
   -.0007042
    .0004210
    .0004916
    .0002053
    .0019509
    .0011425
   -.0005552
   -.0029274
   -.0039171
   -.0044233
   -.0062807
   -.0081816
   -.0112335
   -.0129408
   -.0130233
   -.0117228
   -.0094243
   -.0091577
   -.0114261
   -.0141309
   -.0176689
   -.0197480
   -.0192197
   -.0187729
   -.0200353
   -.0201580
   -.0186523
   -.0149222
   -.0115394
   -.0090813
   -.0069527
   -.0051109
   -.0035290
   -.0030026
   -.0037362
   -.0047770
   -.0056227
   -.0054560
   -.0033590
   -.0005607
    .0008551
    .0008923
    .0011399
    .0006953
    .0010196
   -.0000609
   -.0035784
   -.0085432
   -.0124947
   -.0125799
   -.0097997
   -.0079417
   -.0068694
   -.0063087
   -.0058694
   -.0042913
   -.0024724
   -.0023507
   -.0038735
   -.0068870
   -.0094289
   -.0107067
   -.0113109
   -.0114222
   -.0110706
   -.0087742
   -.0049650
   -.0025478
   -.0019233
   -.0014931
   -.0012814
   -.0020163
   -.0040458
   -.0067893
   -.0096259
   -.0127243
   -.0152641
   -.0157676
   -.0146061
   -.0119469
   -.0083398
   -.0047620
   -.0019736
   -.0002925
    .0001954
   -.0007196
   -.0032402
   -.0061022
   -.0079885
   -.0086921
   -.0088613
   -.0088302
   -.0055061
   -.0013856
    .0009272
    .0017202
    .0025245
    .0029240
    .0035685
    .0039196
    .0030740
    .0014654
   -.0010295
   -.0037759
   -.0062407
   -.0093764
   -.0108382
   -.0098165
   -.0085341
   -.0077403
   -.0085448
   -.0101533
   -.0116439
   -.0135055
   -.0145669
   -.0172881
   -.0186690
   -.0179445
   -.0144533
   -.0106134
   -.0069103
   -.0038461
   -.0014775
    .0005608
    .0020034
    .0001611
   -.0021197
   -.0023280
   -.0013896
   -.0010804
   -.0017278
   -.0004615
    .0025466
    .0018041
   -.0011447
   -.0044351
   -.0056691
   -.0059481
   -.0070887
   -.0087295
   -.0084878
   -.0066779
   -.0041310
   -.0038604
   -.0036999
   -.0035137
   -.0025745
   -.0036446
   -.0060164
   -.0086855
   -.0113124
   -.0132232
   -.0139701
   -.0136944
   -.0132482
   -.0128323
   -.0131968
   -.0141675
   -.0140117
   -.0118922
   -.0078180
   -.0034330
   -.0018746
   -.0028349
   -.0043726
   -.0046201
   -.0042280
   -.0052838
   -.0062174
   -.0067886
   -.0072313
   -.0073631
   -.0072567
   -.0078205
   -.0087874
   -.0077439
   -.0046087
   -.0004765
    .0039465
    .0071900
    .0088249
    .0096644
    .0096231
    .0078495
    .0038072
   -.0024409
   -.0094292
   -.0148513
   -.0185151
   -.0210681
   -.0215542
   -.0200770
   -.0170932
   -.0128844
   -.0093957
   -.0084173
   -.0088249
   -.0089650
   -.0083909
   -.0070493
   -.0056268
   -.0048813
   -.0054790
   -.0077789
   -.0112948
   -.0149737
   -.0177848
   -.0192449
   -.0195310
   -.0178131
   -.0134090
   -.0079524
   -.0039140
   -.0017528
   -.0003092
    .0008509
    .0011144
    .0006354
    .0001111
   -.0004033
   -.0002747
    .0001322
    .0003939
    .0011947
    .0012870
   -.0015157
   -.0059951
   -.0092976
   -.0099037
   -.0086271
   -.0063426
   -.0067937
   -.0073392
   -.0073755
   -.0058315
   -.0063082
   -.0083003
   -.0095698
   -.0093840
   -.0077834
   -.0074283
   -.0071062
   -.0076926
   -.0078221
   -.0061058
   -.0051345
   -.0051082
   -.0054295
   -.0064695
   -.0081182
   -.0105605
   -.0131651
   -.0140889
   -.0129855
   -.0105437
   -.0077584
   -.0048222
   -.0012209
    .0026846
    .0047484
    .0032390
   -.0007848
   -.0043128
   -.0057554
   -.0060399
   -.0054990
   -.0040561
   -.0017897
    .0008793
    .0036400
    .0057601
    .0061565
    .0048562
    .0022878
   -.0010954
   -.0040377
   -.0063026
   -.0086030
   -.0105028
   -.0112188
   -.0104863
   -.0082617
   -.0050024
   -.0018739
    .0001146
    .0008249
    .0002352
   -.0015257
   -.0034759
   -.0053873
   -.0075035
   -.0095744
   -.0117084
   -.0135314
   -.0145228
   -.0148007
   -.0146011
   -.0146146
   -.0146136
   -.0140135
   -.0129359
   -.0115569
   -.0103153
   -.0095185
   -.0089332
   -.0090449
   -.0096785
   -.0106636
   -.0113928
   -.0118772
   -.0119540
   -.0099959
   -.0062215
   -.0026182
   -.0002690
    .0007164
    .0007894
    .0003901
   -.0006441
   -.0027021
   -.0054060
   -.0075277
   -.0084737
   -.0090138
   -.0095723
   -.0096917
   -.0088614
   -.0070171
   -.0045517
   -.0019031
    .0002136
    .0007001
   -.0012520
   -.0051898
   -.0095949
   -.0127921
   -.0141245
   -.0140959
   -.0131178
   -.0109377
   -.0076922
   -.0049982
   -.0044925
   -.0049104
   -.0058690
   -.0068929
   -.0053239
   -.0040952
   -.0034128
   -.0035914
   -.0044379
   -.0056080
   -.0010397
    .0022321
   -.0028402
   -.0103672
   -.0104233
   -.0019243
   -.0016494
   -.0092381
   -.0171403
   -.0169372
   -.0057140
   -.0011528
   -.0061242
   -.0100317
   -.0054545
    .0003782
   -.0036547
   -.0094245
   -.0094164
   -.0044762
   -.0029829
   -.0043921
   -.0047997
   -.0016837
    .0004801
   -.0027374
   -.0068253
   -.0088769
   -.0072844
   -.0077628
   -.0114127
   -.0127374
   -.0127098
   -.0086318
   -.0060324
   -.0067912
   -.0080712
   -.0072379
   -.0078795
   -.0110171
   -.0135398
   -.0139769
   -.0119529
   -.0113863
   -.0118797
   -.0103509
   -.0068096
   -.0040930
   -.0028911
   -.0024986
   -.0032795
   -.0039675
   -.0043057
   -.0044309
   -.0034239
   -.0027083
   -.0035326
   -.0037713
   -.0019405
    .0004681
    .0011216
   -.0020668
   -.0074439
   -.0123213
   -.0105964
   -.0074306
   -.0088960
   -.0095390
   -.0092246
   -.0078994
   -.0043149
   -.0009551
    .0004207
   -.0000126
   -.0025470
   -.0074461
   -.0122490
   -.0135606
   -.0122379
   -.0104143
   -.0096706
   -.0074844
   -.0033875
    .0013245
    .0013836
   -.0033401
   -.0092680
   -.0116374
   -.0079785
   -.0070350
   -.0124695
   -.0147376
   -.0111225
   -.0052622
   -.0033453
   -.0022225
    .0004386
    .0024498
    .0018607
    .0017013
    .0046121
    .0044833
   -.0013658
   -.0087311
   -.0128993
   -.0105664
   -.0082554
   -.0126246
   -.0207506
   -.0263186
   -.0256715
   -.0210125
   -.0160883
   -.0110704
   -.0049195
    .0016013
    .0078861
    .0126597
    .0134327
    .0097417
    .0035339
   -.0030252
   -.0086122
   -.0130975
   -.0151182
   -.0134006
   -.0086238
   -.0010646
    .0079687
    .0130559
    .0093291
   -.0037700
   -.0208694
   -.0339177
   -.0377856
   -.0325654
   -.0209125
   -.0059696
    .0076162
    .0160565
    .0182126
    .0142263
    .0043608
   -.0092387
   -.0208505
   -.0251038
   -.0216081
   -.0130074
   -.0030595
    .0056555
    .0106926
    .0089414
    .0023546
   -.0034510
   -.0067673
   -.0084123
   -.0087899
   -.0087402
   -.0091274
   -.0104763
   -.0130366
   -.0152477
   -.0153926
   -.0135102
   -.0102285
   -.0060662
   -.0010640
    .0026658
    .0034170
    .0019800
   -.0011047
   -.0055973
   -.0095324
   -.0109193
   -.0097419
   -.0068086
   -.0036654
   -.0024652
   -.0034988
   -.0053264
   -.0071918
   -.0091010
   -.0105029
   -.0105685
   -.0089324
   -.0058475
   -.0024040
    .0001620
    .0011872
    .0000693
   -.0027877
   -.0060790
   -.0087578
   -.0106618
   -.0114505
   -.0113324
   -.0104436
   -.0085880
   -.0065933
   -.0060550
   -.0073990
   -.0095595
   -.0115253
   -.0130008
   -.0133122
   -.0120942
   -.0097294
   -.0070037
   -.0043601
   -.0023762
   -.0015325
   -.0014524
   -.0018094
   -.0021830
   -.0024773
   -.0029302
   -.0031283
   -.0027245
   -.0017024
   -.0010237
   -.0017369
   -.0036985
   -.0066689
   -.0100622
   -.0126395
   -.0139655
   -.0140650
   -.0131646
   -.0115690
   -.0090592
   -.0060356
   -.0030006
   -.0003265
    .0011395
    .0009701
   -.0005341
   -.0027525
   -.0050698
   -.0070333
   -.0084844
   -.0089973
   -.0086439
   -.0074827
   -.0056023
   -.0037456
   -.0026651
   -.0027823
   -.0038379
   -.0055265
   -.0078081
   -.0097989
   -.0104912
   -.0092070
   -.0070957
   -.0056527
   -.0043470
   -.0025486
   -.0005643
    .0012584
    .0026273
    .0030192
    .0026478
    .0017064
    .0001950
   -.0014144
   -.0033883
   -.0060583
   -.0089279
   -.0110294
   -.0120138
   -.0120200
   -.0113890
   -.0102647
   -.0094788
   -.0079749
   -.0060112
   -.0047363
   -.0044521
   -.0049084
   -.0053348
   -.0052933
   -.0056132
   -.0057154
   -.0055527
   -.0054917
   -.0059029
   -.0071958
   -.0088644
   -.0100469
   -.0106616
   -.0107707
   -.0104739
   -.0095031
   -.0081064
   -.0067113
   -.0067697
   -.0073007
   -.0076289
   -.0081356
   -.0087380
   -.0090876
   -.0098024
   -.0101793
   -.0090409
   -.0068802
   -.0045826
   -.0024795
   -.0011157
   -.0006473
   -.0015893
   -.0039224
   -.0063324
   -.0078062
   -.0083875
   -.0082074
   -.0074678
   -.0065430
   -.0055176
   -.0044120
   -.0030659
   -.0026567
   -.0025034
   -.0027517
   -.0036130
   -.0040314
   -.0048692
   -.0050015
   -.0047322
   -.0051819
   -.0060542
   -.0064062
   -.0060319
   -.0053099
   -.0046992
   -.0044885
   -.0042940
   -.0038058
   -.0038925
   -.0042214
   -.0043389
   -.0044890
   -.0045357
   -.0043429
   -.0043092
   -.0043639
   -.0042379
   -.0041135
   -.0046582
   -.0053339
   -.0055888
   -.0059806
   -.0067828
   -.0078161
   -.0082703
   -.0086627
   -.0082614
   -.0074131
   -.0069250
   -.0059039
   -.0056070
   -.0055340
   -.0056545
   -.0063527
   -.0066132
   -.0068119
   -.0070901
   -.0076355
   -.0082383
   -.0082370
   -.0080304
   -.0077768
   -.0072264
   -.0065071
   -.0059166
   -.0055098
   -.0055407
   -.0058100
   -.0061605
   -.0063670
   -.0066384
   -.0068833
   -.0072755
   -.0072085
   -.0070393
   -.0068720
   -.0067970
   -.0066674
   -.0066753
   -.0066389
   -.0067254
   -.0067766
   -.0069252
   -.0068998
   -.0068320
   -.0066222
   -.0065231
   -.0063797
   -.0063613
   -.0062558
   -.0063032
   -.0063073
   -.0064687
   -.0065184
   -.0066726
   -.0066673
   -.0067836
   -.0067479
   -.0068507
   -.0067738
   -.0068760
   -.0067912
   -.0069670
   -.0069333
   -.0072864
   -.0071290