   -.0027413
   -.0026418
   -.0027274
   -.0026951
   -.0027567
   -.0027171
   -.0027629
   -.0027264
   -.0027654
   -.0027317
   -.0027651
   -.0027333
   -.0027625
   -.0027337
   -.0027617
   -.0027399
   -.0027702
   -.0027528
   -.0027824
   -.0027680
   -.0027913
   -.0027715
   -.0027942
   -.0027849
   -.0028134
   -.0028109
   -.0028424
   -.0028430
   -.0028683
   -.0028580
   -.0028711
   -.0028587
   -.0028750
   -.0028712
   -.0028923
   -.0028928
   -.0029160
   -.0029202
   -.0029453
   -.0029563
   -.0029772
   -.0029630
   -.0029530
   -.0029277
   -.0029120
   -.0028843
   -.0028755
   -.0028368
   -.0027734
   -.0026859
   -.0026073
   -.0025231
   -.0024520
   -.0023819
   -.0023447
   -.0023363
   -.0023652
   -.0024149
   -.0025015
   -.0025956
   -.0026841
   -.0027366
   -.0027684
   -.0027817
   -.0027888
   -.0027853
   -.0027906
   -.0028023
   -.0028252
   -.0028557
   -.0029044
   -.0029884
   -.0030919
   -.0031627
   -.0031669
   -.0031091
   -.0029843
   -.0028534
   -.0027921
   -.0028436
   -.0029681
   -.0030768
   -.0031249
   -.0031051
   -.0030040
   -.0028645
   -.0027514
   -.0026906
   -.0026635
   -.0026565
   -.0026399
   -.0026071
   -.0026117
   -.0026617
   -.0027105
   -.0027710
   -.0028985
   -.0030121
   -.0031092
   -.0032902
   -.0035910
   -.0039823
   -.0044024
   -.0048004
   -.0051294
   -.0053689
   -.0055012
   -.0055671
   -.0055740
   -.0055527
   -.0055203
   -.0055195
   -.0055285
   -.0055490
   -.0055405
   -.0055023
   -.0053881
   -.0052194
   -.0049947
   -.0047443
   -.0044863
   -.0042491
   -.0039778
   -.0037827
   -.0036656
   -.0036159
   -.0035265
   -.0033627
   -.0031290
   -.0029027
   -.0026725
   -.0025079
   -.0023828
   -.0025562
   -.0029985
   -.0034861
   -.0038576
   -.0040830
   -.0040855
   -.0039287
   -.0037052
   -.0035037
   -.0032005
   -.0028009
   -.0023822
   -.0020436
   -.0017645
   -.0015789
   -.0014474
   -.0013767
   -.0013600
   -.0013907
   -.0014635
   -.0015903
   -.0016802
   -.0017008
   -.0016822
   -.0016813
   -.0016932
   -.0016699
   -.0014616
   -.0009616
   -.0004415
   -.0001253
    .0005411
    .0009289
    .0006170
   -.0003038
   -.0014817
   -.0026445
   -.0037231
   -.0046348
   -.0050378
   -.0050634
   -.0053888
   -.0051622
   -.0049603
   -.0049633
   -.0050130
   -.0050560
   -.0050944
   -.0050859
   -.0048834
   -.0043289
   -.0035107
   -.0029655
   -.0022278
   -.0017254
   -.0018349
   -.0024267
   -.0030910
   -.0037063
   -.0043367
   -.0051075
   -.0059145
   -.0067913
   -.0077080
   -.0084230
   -.0087797
   -.0086550
   -.0081055
   -.0072117
   -.0059281
   -.0042995
   -.0024435
   -.0003264
    .0020878
    .0047485
    .0075503
    .0102569
    .0126923
    .0146434
    .0161248
    .0170697
    .0173677
    .0173374
    .0170460
    .0164567
    .0156433
    .0141491
    .0118901
    .0092059
    .0063762
    .0033545
    .0001247
   -.0031479
   -.0066747
   -.0102325
   -.0134394
   -.0161194
   -.0182043
   -.0199105
   -.0217397
   -.0235830
   -.0253444
   -.0272102
   -.0293736
   -.0311411
   -.0326482
   -.0342134
   -.0359651
   -.0376529
   -.0385498
   -.0384228
   -.0378519
   -.0363674
   -.0332094
   -.0287091
   -.0236675
   -.0183273
   -.0129525
   -.0079575
   -.0034729
    .0006071
    .0040389
    .0065674
    .0075667
    .0069352
    .0053350
    .0034373
    .0018314
    .0010687
    .0014451
    .0029389
    .0048851
    .0063637
    .0076513
    .0092277
    .0111973
    .0133991
    .0153691
    .0168270
    .0178079
    .0181887
    .0179572
    .0174118
    .0173223
    .0189113
    .0213739
    .0232956
    .0255934
    .0252494
    .0235446
    .0238970
    .0248794
    .0243254
    .0214872
    .0159195
    .0095279
    .0031894
   -.0031036
   -.0094729
   -.0158783
   -.0216623
   -.0272015
   -.0325382
   -.0373142
   -.0411087
   -.0431997
   -.0429355
   -.0421486
   -.0397254
   -.0382170
   -.0375157
   -.0366036
   -.0348504
   -.0318400
   -.0274078
   -.0218258
   -.0152508
   -.0080391
   -.0004950
    .0067324
    .0128220
    .0176412
    .0213979
    .0235503
    .0241200
    .0233032
    .0212039
    .0179553
    .0138532
    .0093619
    .0047439
    .0001031
   -.0047348
   -.0096512
   -.0141020
   -.0180076
   -.0216436
   -.0253681
   -.0296262
   -.0347142
   -.0404687
   -.0461491
   -.0501509
   -.0519157
   -.0517272
   -.0500656
   -.0476204
   -.0444326
   -.0404279
   -.0363968
   -.0327428
   -.0285070
   -.0229621
   -.0160555
   -.0078792
    .0011863
    .0103133
    .0188004
    .0263464
    .0330906
    .0392018
    .0442148
    .0477776
    .0493260
    .0487260
    .0464523
    .0434039
    .0407660
    .0379717
    .0342218
    .0294176
    .0237380
    .0176544
    .0115614
    .0056800
    .0000402
   -.0054252
   -.0107139
   -.0155741
   -.0196311
   -.0218035
   -.0217193
   -.0197709
   -.0164894
   -.0124853
   -.0084583
   -.0052824
   -.0037081
   -.0035496
   -.0030805
   -.0004279
    .0041803
    .0090894
    .0137120
    .0168709
    .0176544
    .0160796
    .0137266
    .0123258
    .0130586
    .0159730
    .0205191
    .0258148
    .0307448
    .0348308
    .0379429
    .0397664
    .0400305
    .0384894
    .0352648
    .0309883
    .0262959
    .0216608
    .0176460
    .0143243
    .0107531
    .0065479
    .0018859
   -.0030789
   -.0084206
   -.0142937
   -.0202230
   -.0256517
   -.0305777
   -.0346514
   -.0367335
   -.0363362
   -.0336107
   -.0293724
   -.0249370
   -.0203070
   -.0152929
   -.0100618
   -.0048022
    .0002790
    .0052250
    .0101930
    .0151765
    .0200151
    .0245986
    .0291134
    .0338360
    .0390262
    .0445040
    .0497498
    .0543520
    .0579862
    .0602095
    .0610599
    .0611166
    .0608668
    .0606528
    .0603049
    .0595727
    .0576589
    .0540642
    .0497459
    .0455423
    .0413646
    .0371880
    .0332674
    .0297469
    .0266567
    .0240349
    .0218382
    .0198271
    .0178494
    .0157982
    .0133861
    .0101409
    .0056304
   -.0000154
   -.0062392
   -.0123864
   -.0179389
   -.0227403
   -.0272477
   -.0319278
   -.0367351
   -.0409548
   -.0428074
   -.0411251
   -.0359046
   -.0279594
   -.0188092
   -.0104236
   -.0039173
    .0005179
    .0027802
    .0033106
    .0029436
    .0017955
   -.0005959
   -.0048421
   -.0108829
   -.0187258
   -.0280382
   -.0381059
   -.0483739
   -.0583117
   -.0668418
   -.0729332
   -.0754021
   -.0739055
   -.0690829
   -.0621233
   -.0543967
   -.0459472
   -.0367479
   -.0271706
   -.0176512
   -.0086219
   -.0004766
    .0066169
    .0126451
    .0172740
    .0204819
    .0216478
    .0205493
    .0177209
    .0135571
    .0084833
    .0032876
   -.0010502
   -.0035549
   -.0038830
   -.0021712
    .0014405
    .0065142
    .0130704
    .0210463
    .0302216
    .0399097
    .0492030
    .0577802
    .0656627
    .0729022
    .0794078
    .0849607
    .0883616
    .0890218
    .0872934
    .0834717
    .0783186
    .0718690
    .0640568
    .0553616
    .0470307
    .0404938
    .0362491
    .0331600
    .0299665
    .0281691
    .0279132
    .0276213
    .0269043
    .0268775
    .0283701
    .0311571
    .0344179
    .0376804
    .0408689
    .0436769
    .0458025
    .0469946
    .0467838
    .0449029
    .0418788
    .0389907
    .0366272
    .0340434
    .0311332
    .0278809
    .0233478
    .0171458
    .0102996
    .0042736
   -.0009595
   -.0078284
   -.0177211
   -.0262016
   -.0355789
   -.0456831
   -.0565048
   -.0681515
   -.0800733
   -.0919435
   -.1032482
   -.1144760
   -.1262526
   -.1380879
   -.1488621
   -.1575292
   -.1631629
   -.1647852
   -.1605423
   -.1508299
   -.1373381
   -.1224156
   -.1090844
   -.0955781
   -.0804795
   -.0657448
   -.0521351
   -.0391580
   -.0276467
   -.0183839
   -.0109153
   -.0045792
    .0011119
    .0065551
    .0120423
    .0177119
    .0234444
    .0290587
    .0345191
    .0396956
    .0444967
    .0489066
    .0528021
    .0560228
    .0584080
    .0598657
    .0604318
    .0601957
    .0594868
    .0589400
    .0590246
    .0595750
    .0603293
    .0613799
    .0624417
    .0625953
    .0616141
    .0604587
    .0599765
    .0600788
    .0602665
    .0602227
    .0596084
    .0580927
    .0557158
    .0528997
    .0501536
    .0478593
    .0462334
    .0452362
    .0447450
    .0451405
    .0465667
    .0485498
    .0506639
    .0523990
    .0532525
    .0534074
    .0526447
    .0504242
    .0464282
    .0403163
    .0315324
    .0203218
    .0066020
   -.0095250
   -.0271136
   -.0452958
   -.0636095
   -.0816422
   -.0990078
   -.1154862
   -.1310872
   -.1460270
   -.1606895
   -.1754418
   -.1905897
   -.2063942
   -.2229998
   -.2400216
   -.2568619
   -.3141506
   -.3002122
   -.2998346
   -.3043757
   -.2835771
   -.2753918
   -.2599508
   -.1472683
   -.1358646
   -.1186319
   -.1089687
   -.1025477
   -.1675619
   -.2635131
   -.2709148
   -.2824313
   -.3096220
   -.3162820
   -.3111364
   -.2950518
   -.2867702
   -.0608246
   -.0217404
    .0112347
    .0388541
    .0527741
    .0611413
    .0705328
    .0621244
    .0618943
    .0548145
   -.0788775
   -.2316115
   -.2563304
   -.2617686
   -.2518630
   -.2448197
   -.2240776
   -.2028173
    .0760219
    .1178941
    .1479421
    .1677899
    .1820154
    .2208538
    .2362464
    .2505776
    .2640784
    .2716120
    .2724430
    .2658647
    .2585764
    .2497398
    .2327137
    .1079972
    .0828873
    .0617539
   -.0768623
   -.0771752
   -.0815562
   -.1055462
   -.1240273
   -.1345277
   -.1080581
    .1584212
    .1854963
    .2136797
    .2436371
    .2802972
    .2980768
    .3117312
    .3348771
    .3489150
    .3570326
    .3603671
    .3258108
    .3149940
    .2273823
   -.0263064
   -.0425447
   -.0802767
   -.0984081
   -.0895080
   -.0628320
   -.0456107
   -.0391085
   -.0098308
    .0217498
    .0597425
    .0899122
    .1732703
    .1942957
    .2248152
    .2494816
    .3330232
    .3438137
    .3421591
    .3509876
    .3511687
    .2840003
    .2468090
    .2271018
    .1922365
    .1550642
    .1245552
    .0693676
    .0267693
   -.0025510
   -.1219000
   -.1315150
   -.1396161
   -.1503141
   -.0593199
   -.0283820
    .0225718
    .0403472
    .0778610
    .2088306
    .2264905
    .2557691
    .2748967
    .2814025
    .2758198
    .2703965
    .2541751
    .2346735
    .2105994
    .1933055
    .1678978
    .0918268
   -.0500889
   -.0704257
   -.0856554
   -.0861536
   -.0876131
    .0251244
    .1598027
    .1743760
    .1923820
    .2125867
    .2334168
    .2550940
    .2919436
    .2915903
    .2867017
    .2709132
    .2529718
    .2390632
    .2167489
    .0616745
    .0291461
    .0061064
   -.0132033
   -.0910247
   -.0884854
   -.0465960
   -.0302437
   -.0197197
   -.0067784
    .0035856
    .0121870
    .0270207
    .1186278
    .1171506
    .1138037
    .1085355
    .1030272
    .0949204
    .0919770
    .0885811
    .0821126
    .0702477
    .0677258
    .0213564
    .0045428
    .0008231
   -.0045292
   -.0150003
   -.0188811
   -.0401196
   -.0486222
   -.0390443
   -.0357266
   -.0283775
   -.0156624
   -.0062952
   -.0017664
    .0528320
    .0860904
    .0977160
    .0945299
    .0944924
    .0889604
    .0796908
    .0686486
    .0589912
    .0472037
    .0067136
   -.0147651
   -.0289496
   -.0856454
   -.0983856
   -.0461806
   -.0455794
   -.0467814
   -.0523532
   -.0481385
   -.0602408
   -.0788987
   -.0904011
   -.0996543
   -.1052899
   -.1218142
   -.1276508
   -.1435054
   -.1446842
   -.1450414
   -.1471225
   -.1490164
   -.1503926
   -.1429607
   -.1308544
   -.1220343
   -.0961055
   -.0880860
   -.0787165
   -.0715992
   -.0570972
   -.0463494
   -.0389592
   -.0496896
   -.0345611
   -.0299376
   -.0187427
   -.0147966
   -.0103444
   -.0015169
    .0091331
    .0140602
    .0264228
    .0271313
    .0281578
    .0296466
    .0368780
    .0345884
    .0301081
    .0271245
    .0303063
    .0310668
    .0393901
    .0329770
    .0289441
    .0201826
    .0172828
    .0066060
    .0002531
   -.0036956
   -.0113369
   -.0143450
   -.0114856
   -.0055546
    .0011289
    .0075791
    .0245235
    .0257107
    .0286254
    .0152016
    .0288558
    .0441938
    .0981865
    .1098070
    .1397600
    .1528427
    .1617704
    .1709457
    .1803454
    .1927571
    .2087956
    .2060325
    .1902524
    .1982848
    .2058002
    .2121779
    .2153706
    .2333359
    .2327483
    .2347300
    .2306169
    .2223084
    .2167566
    .2069188
    .2042600
    .1796397
    .1594887
    .1438083
    .1225768
    .1068765
    .0959021
    .0746450
    .0498165
    .0453546
    .0359777
    .0271786
    .0175915
    .0181877
    .0179497
    .0210406
    .0211512
    .0266860
    .0458196
    .0577656
    .0703751
    .0813963
    .1082491
    .1132128
    .1567722
    .2000411
    .1838342
    .1675058
    .1539131
    .1338774
    .0955887
    .0798309
    .0422883
    .0273247
    .0343798
    .0241480
    .0139120
    .0063097
   -.0019690
   -.0075074
   -.0110487
   -.0151750
   -.0137211
   -.0115051
   -.0324923
   -.0387457
   -.0791764
   -.0869213
   -.0889007
   -.1099506
   -.1109075
   -.1059944
   -.1028221
   -.0951854
   -.0469203
   -.0319878
    .0163935
    .0300800
    .0459731
    .0606455
    .1154890
    .1255469
    .1363920
    .1452283
    .1518492
    .1544996
    .1567985
    .1603036
    .1499228
    .1401850
    .1304429
    .1233532
    .1074377
    .0907892
    .0840238
    .0681347
    .0405951
    .0278731
   -.0237955
   -.0434586
   -.0497629
   -.0622525
   -.0416736
   -.0302330
   -.0392383
   -.0435985
   -.0333471
   -.0308058
   -.0122791
   -.0185863
   -.0386759
   -.0521188
   -.0617676
   -.0662803
   -.0824262
   -.1062373
   -.1244819
   -.1410707
   -.1531105
   -.1790511
   -.2333796
   -.2493726
   -.2474802
   -.2347077
   -.2225298
   -.2112724
   -.1978021
   -.1512675
   -.1261188
   -.0137868
    .0071399
    .0038560
   -.0358325
   -.0336277
   -.1092337
   -.1152424
   -.1154423
   -.1310909
   -.0629371
   -.0493702
   -.0405991
    .0431043
    .0601388
    .0554860
    .0020691
   -.0156190
   -.0495083
   -.0849787
   -.1049742
   -.1267648
   -.1906090
   -.2084918
   -.1749685
   -.1472319
   -.1651439
   -.1728528
   -.1605595
   -.1588237
   -.1648226
   -.1676313
   -.1703850
   -.1713112
   -.1661514
   -.1556719
   -.1416613
   -.1352204
   -.1280828
   -.1186625
   -.1082040
   -.1031705
   -.0970335
   -.0965553
   -.1162830
   -.1114832
   -.1160774
   -.1205935
   -.1177970
   -.1196868
   -.1079260
   -.0915600
   -.0805849
   -.0677964
   -.0544817
   -.0466720
   -.0339458
   -.0306920
   -.0315253
   -.0346299
   -.0386754
   -.0440000
   -.0536048
   -.0699855
   -.0760075
   -.0851646
   -.0742372
   -.0881500
   -.0907024
   -.0879772
   -.0869189
   -.0905264
   -.0843856
   -.0878966
   -.0903414
   -.1005294
   -.0934414
   -.0997691
   -.1037581
   -.1129659
   -.1141425
   -.1160772
   -.1135052
   -.1092600
   -.1026897
   -.0948054
   -.0967651
   -.1340994
   -.1599346
   -.1347718
   -.0630088
   -.0375552
   -.0140077
    .0004436
    .0059266
    .0134926
    .0301835
    .0420622
    .0465276
    .0427144
    .0368710
    .0355382
    .0288325
    .0226428
    .0202800
    .0043216
    .0130673
    .0223115
    .0183851
    .0099396
    .0014287
   -.0015899
   -.0059917
   -.0099372
   -.0122932
   -.0190461
   -.0266234
   -.0453089
   -.0934773
   -.1039706
   -.1063657
   -.1048375
   -.1044980
   -.1120790
   -.1122166
   -.1139654
   -.1137224
   -.1142154
   -.1116664
   -.1054663
   -.0907498
   -.0855481
   -.0880102
   -.0839617
   -.0745487
   -.0651247
   -.0500936
   -.0458421
   -.0340252
   -.0238368
   -.0183590
   -.0067855
   -.0040578
    .0004502
    .0093439
    .0236426
    .0315238
    .0375724
    .0446228
    .0584583
    .0639126
    .0664337
    .0688521
    .0709991
    .0705127
    .0693037
    .0687321
    .0570252
    .0456765
    .0114777
    .0043630
    .0016857
   -.0205892
   -.0361018
   -.0385543
   -.0459193
   -.0535403
   -.0587738
   -.0643320
   -.0623053
   -.0656352
   -.0649584
   -.0591799
   -.0585961
   -.0576090
   -.0562411
   -.0561902
   -.0619880
   -.0591172
   -.0520825
   -.0413573
   -.0352596
   -.0327918
   -.0249983
   -.0164117
   -.0084210
   -.0014659
    .0065319
    .0137444
    .0181933
    .0265996
    .0572142
    .0581030
    .0612259
    .0638885
    .0644312
    .0631840
    .0627279
    .0624679
    .0611243
    .0686932
    .0662953
    .0572010
    .0562630
    .0547743
    .0324735
    .0171129
    .0046379
   -.0046343
   -.0189807
   -.0402512
   -.0470582
   -.0573378
   -.0699921
   -.0758424
   -.0782309
   -.0809483
   -.0851731
   -.0880013
   -.0583918
   -.0491409
   -.0406912
   -.0345655
   -.0325483
   -.0244481
   -.0181342
   -.0106504
   -.0168437
   -.0075621
   -.0076923
   -.0003238
    .0040300
    .0034813
    .0053511
    .0015681
   -.0227552
   -.0252749
   -.0310094
   -.0299329
   -.0283681
   -.0104316
   -.0078836
   -.0074821
    .0267843
    .0221613
    .0196176
    .0139056
    .0095494
    .0022421
   -.0019489
   -.0109736
   -.0162168
   -.0189758
   -.0268643
   -.0336584
   -.0530888
   -.0597792
   -.0796522
   -.0835362
   -.0882298
   -.0890018
   -.0900745
   -.0837841
   -.0787585
   -.0770396
   -.0620591
   -.0629161
   -.0566229
   -.0537570
   -.0507695
   -.0493163
   -.0524583
   -.0548771
   -.0663898
   -.0680851
   -.0627044
   -.0550931
   -.0517951
   -.0494398
   -.0467909
   -.0437487
   -.0357904
   -.0347192
   -.0352033
   -.0347344
   -.0346241
   -.0336661
   -.0321337
   -.0300520
   -.0274972
   -.0247298
   -.0235480
   -.0225675
   -.0212031
   -.0198483
   -.0160015
   -.0131274
   -.0109111
   -.0081347
   -.0041825
   -.0018071
    .0008070
    .0030530
    .0056732
    .0079750
    .0106806
    .0132932
    .0163036
    .0169037
    .0220820
    .0274847
    .0347077
    .0409146
    .0451486
    .0503993
    .0560290
    .0606436
    .0650172
    .0680639
    .0736546
    .0770871
    .0805867
    .0841447
    .0872639
    .0892482
    .0919636
    .0964789
    .0993175
    .1007003
    .1009573
    .1022025
    .1027715
    .1006607
    .1002407
    .1044956
    .1042716
    .1132432
    .1178084
    .1124830
    .1104116
    .1098638
    .0874539
    .0529558
    .0471407
    .0319080
    .0244557
    .0180781
   -.0032427
   -.0079077
   -.0127669
   -.0132556
   -.0132155
    .0025398
    .0125032
    .0205047
    .0257606
    .0352945
    .0431302
    .0514958
    .0604565
    .0681845
    .0781294
    .0929123
    .0963071
    .0965673
    .0943864
    .0793396
    .0459419
    .0436676
    .0443174
    .0385277
    .0371835
    .0351888
    .0336901
    .0297650
    .0273693
    .0293972
    .0501966
    .0501524
    .0597106
    .0756327
    .0750159
    .0721909
    .0501110
    .0012346
   -.0031165
   -.0084534
   -.0211922
   -.0197952
   -.0185177
   -.0136345
   -.0093593
   -.0065807
    .0016617
    .0156217
    .0284441
    .0717278
    .0804907
    .0862266
    .0995140
    .1080643
    .1196914
    .1195818
    .1189929
    .1063663
    .1089850
    .1077705
    .1078169
    .0915158
    .0956315
    .1042174
    .1148936
    .1249656
    .1428666
    .1731880
    .1769075
    .1818345
    .1843167
    .1839078
    .1814580
    .1791079
    .1713553
    .1574545
    .1417068
    .1336937
    .1055104
    .0981427
    .0862964
    .0723756
    .0651077
    .0553174
    .0439925
    .0298444
    .0288778
    .0294204
    .0420316
    .0312657
    .0269256
    .0195255
    .0138741
   -.0014632
   -.0041490
   -.0078821
   -.0168309
   -.0348306
   -.0385946
   -.0446021
   -.0548381
   -.0614342
   -.0721255
   -.0695827
   -.0771219
   -.0832924
   -.0812270
   -.0821945
   -.0779260
   -.0710923
   -.0611741
   -.0604614
   -.0593731
   -.0614906
   -.0613336
   -.0655443
   -.0689331
   -.0702474
   -.0722545
   -.0802463
   -.0821178
   -.0827062
   -.0840920
   -.0848556
   -.0862505
   -.0896003
   -.0919283
   -.0940057
   -.0978795
   -.1024196
   -.1048049
   -.1089494
   -.1119206
   -.1135734
   -.1136983
   -.1141672
   -.1158043
   -.1138173
   -.1121392
   -.1109757
   -.1067844
   -.1042141
   -.1016431
   -.1000491
   -.0935731
   -.0908103
   -.0816478
   -.0759039
   -.0667045
   -.0561429
   -.0407591
   -.0315779
   -.0245417
   -.0094878
   -.0046597
    .0064423
    .0099311
    .0130872
    .0173087
    .0214237
    .0247759
    .0281019
    .0324811
    .0360222
    .0408803
    .0440261
    .0477275
    .0517970
    .0525501
    .0520669
    .0521512
    .0512100
    .0487352
    .0457938
    .0430245
    .0386531
    .0375207
    .0357593
    .0270364
    .0226066
    .0189646
    .0114715
    .0099054
    .0032114
   -.0025581
   -.0076642
   -.0104270
   -.0138187
   -.0178728
   -.0240843
   -.0251898
   -.0304257
   -.0342533
   -.0344154
   -.0411983
   -.0416118
   -.0435801
   -.0470406
   -.0517674
   -.0506158
   -.0519953
   -.0485886
   -.0494005
   -.0516826
   -.0507311
   -.0489017
   -.0476859
   -.0439446
   -.0418702
   -.0402709
   -.0367075
   -.0328553
   -.0334828
   -.0324093
   -.0312982
   -.0307605
   -.0314473
   -.0326542
   -.0325756
   -.0327238
   -.0325250
   -.0324146
   -.0313395
   -.0314813
   -.0340629
   -.0351638
   -.0360380
   -.0368522
   -.0364916
   -.0469044
   -.0477811
   -.0480865
   -.0585634
   -.0609562
   -.0593025
   -.0614074
   -.0597331
   -.0583865
   -.0587630
   -.0572782
   -.0518497
   -.0509898
   -.0498152
   -.0484817
   -.0467251
   -.0381635
   -.0365545
   -.0349148
   -.0302972
   -.0258665
   -.0190280
   -.0129058
   -.0093708
   -.0047562
   -.0026882
    .0007366
    .0042868
    .0077797
    .0096618
    .0128335
    .0144361
    .0146914
    .0137589
    .0141821
    .0131577
    .0106981
    .0087451
    .0077150
    .0068572
    .0058397
    .0028158
    .0000090
   -.0044700
   -.0064081
   -.0101780
   -.0147803
   -.0171920
   -.0221691
   -.0250460
   -.0292284
   -.0351411
   -.0390372
   -.0408668
   -.0465866
   -.0478131
   -.0505044
   -.0530212
   -.0583130
   -.0598705
   -.0620422
   -.0639013
   -.0663403
   -.0663668
   -.0696954
   -.0699161
   -.0717871
   -.0734465
   -.0737056
   -.0741585
   -.0759012
   -.0776000
   -.0795736
   -.0775963
   -.0769448
   -.0737275
   -.0615379
   -.0579331
   -.0562795
   -.0545571
   -.0520295
   -.0478792
   -.0427623
   -.0378142
   -.0339554
   -.0312487
   -.0286031
   -.0263677
   -.0238590
   -.0212044
   -.0185697
   -.0166346
   -.0154027
   -.0161439
   -.0181773
   -.0165117
   -.0152041
   -.0166086
   -.0137533
   -.0118123
   -.0092080
   -.0072035
   -.0039314
    .0004892
    .0019779
    .0066411
    .0154285
    .0179803
    .0208565
    .0284505
    .0325980
    .0409106
    .0481674
    .0543727
    .0574902
    .0616432
    .0645233
    .0789800
    .0861402
    .0965542
    .0995004
    .1092342
    .1132786
    .1181478
    .1197865
    .1221221
    .1246661
    .1266606
    .1278991
    .1281774
    .1273227
    .1253866
    .1237025
    .1223461
    .1198654
    .1173243
    .1148419
    .1111847
    .1055631
    .1003594
    .0931779
    .0880827
    .0797653
    .0738065
    .0691890
    .0657923
    .0592390
    .0523723
    .0484744
    .0438089
    .0371946
    .0310049
    .0271121
    .0247250
    .0221512
    .0191540
    .0132671
   -.0015773
   -.0054423
   -.0092863
   -.0162736
   -.0123855
   -.0170199
   -.0160230
   -.0132979
   -.0103921
   -.0066298
   -.0080211
   -.0098929
   -.0128974
   -.0141342
   -.0242485
   -.0381255
   -.0455539
   -.0496994
   -.0525131
   -.0570250
   -.0613448
   -.0664051
   -.0688288
   -.0711013
   -.0721196
   -.0523504
   -.0427102
   -.0487953
   -.0780203
   -.0814139
   -.0945616
   -.0973023
   -.0990778
   -.1007654
   -.1032236
   -.1034775
   -.1016274
   -.0960136
   -.0952381
   -.0786009
   -.0758172
   -.0609441
   -.0480967
   -.0477404
   -.0447480
   -.0461017
   -.0467676
   -.0484613
   -.0487520
   -.0692153
   -.0758800
   -.0795712
   -.0778518
   -.0774589
   -.0809535
   -.0802726
   -.0788861
   -.0781104
   -.0771067
   -.0763202
   -.0713855
   -.0582179
   -.0484278
   -.0189562
   -.0144529
   -.0129528
   -.0088992
   -.0052719
   -.0067654
   -.0237971
   -.0336561
   -.0393830
   -.0409910
   -.0397168
   -.0410852
   -.0392939
   -.0380786
   -.0379517
   -.0396364
   -.0406429
   -.0393713
   -.0370755
   -.0189490
   -.0070618
    .0074690
    .0095407
    .0058679
    .0053021
   -.0014828
   -.0039279
   -.0075813
   -.0092153
   -.0148419
   -.0156133
   -.0180436
   -.0236147
   -.0258331
   -.0283121
   -.0318710
   -.0310410
   -.0287170
   -.0261959
   -.0234265
   -.0148706
    .0068712
    .0089517
    .0092314
    .0006450
    .0017204
   -.0073286
   -.0041206
   -.0036160
   -.0045405
   -.0036618
   -.0034694
   -.0042641
   -.0017238
    .0000653
    .0065338
    .0189875
    .0212262
    .0235254
    .0256875
    .0268183
    .0311366
    .0333244
    .0356311
    .0374544
    .0334636
    .0311997
    .0323090
    .0323956
    .0330332
    .0348179
    .0360060
    .0369651
    .0378560
    .0390197
    .0402494
    .0414891
    .0424012
    .0441534
    .0451443
    .0460341
    .0463128
    .0468535
    .0472176
    .0458463
    .0454225
    .0445629
    .0444468
    .0433723
    .0437538
    .0422755
    .0408332
    .0385538
    .0366834
    .0366290
    .0373381
    .0383762
    .0395941
    .0409976
    .0428592
    .0437585
    .0435175
    .0431918
    .0425382
    .0409845
    .0386997
    .0365200
    .0374763
    .0363698
    .0356854
    .0349953
    .0336207
    .0342442
    .0354578
    .0332384
    .0318469
    .0304813
    .0285622
    .0269782
    .0263046
    .0247334
    .0216151
    .0186480
    .0175587
    .0159757
    .0155921
    .0119836
    .0093757
    .0016063
   -.0020232
   -.0035063
    .0145544
    .0174803
    .0197146
    .0255323
    .0416708
    .0508893
    .0685323
    .0745536
    .0807292
    .0884272
    .0921502
    .0935659
    .0948302
    .0833908
    .0771570
    .0685299
    .0418032
    .0133580
    .0000810
   -.0075930
   -.0037990
   -.0057142
    .0131753
    .0392386
    .0356698
    .0331258
    .0223810
   -.0158120
   -.0379597
   -.0498873
   -.0689961
   -.0875009
   -.1007829
   -.1095789
   -.1181813
   -.1288258
   -.1318128
   -.1437138
   -.1426122
   -.1405489
   -.1259021
   -.0910578
   -.0805297
   -.0724253
   -.0668132
   -.0501361
   -.0330067
   -.0131979
   -.0091998
    .0045163
    .0234310
    .0293536
    .0366872
    .0404027
    .0426325
    .0225307
    .0214683
    .0239866
    .0187372
   -.0233989
   -.0302913
   -.0344622
   -.0363672
   -.0459411
   -.0552393
   -.0612452
   -.0823686
   -.0865308
   -.0930692
   -.0918180
   -.0910712
   -.1040685
   -.1083270
   -.1073709
   -.1062154
   -.0821983
   -.0784008
   -.0829471
   -.0788967
   -.0846188
   -.0854004
   -.0823750
   -.0839658
   -.0863522
   -.0888451
   -.0905136
   -.1117295
   -.1154439
   -.1099358
   -.1064808
   -.1049214
   -.1073552
   -.0839892
   -.0682880
   -.0582001
   -.0347468
   -.0024858
    .0096721
    .0237418
    .0246158
    .0213468
    .0187581
    .0195533
    .0082204
    .0032594
   -.0086516
   -.0168164
   -.0183723
   -.0253050
   -.0265519
   -.0397399
   -.0394282
   -.0417344
   -.0455960
   -.0505968
   -.0545614
   -.0580234
   -.0600765
   -.0593816
   -.0623353
   -.0633009
   -.0643559
   -.0643862
   -.0648865
   -.0640754
   -.0636839
   -.0651555
   -.0609793
   -.0600620
   -.0547495
   -.0523594
   -.0460419
   -.0436575
   -.0291029
   -.0193056
   -.0049213
    .0054865
    .0181282
    .0301103
    .0373523
    .0426946
    .0473199
    .0515751
    .0536844
    .0539653
    .0531375
    .0466404
    .0392996
    .0341292
    .0255405
    .0211728
    .0102409
    .0057740
   -.0026657
   -.0067919
   -.0109985
   -.0140923
   -.0143796
   -.0232924
   -.0279799
   -.0320048
   -.0328058
   -.0313329
   -.0313079
   -.0302617
   -.0268709
   -.0244167
   -.0197359
   -.0166626
   -.0135390
   -.0075041
   -.0035316
    .0003603
    .0060465
    .0129682
    .0214202
    .0269052
    .0359738
    .0448638
    .0520814
    .0618292
    .0627272
    .0689448
    .0762546
    .0749819
    .0778828
    .0831024
    .0886277
    .0988635
    .1016247
    .1040358
    .1064886
    .1072990
    .1074838
    .1079231
    .1077957
    .1091402
    .1065031
    .1027109
    .0999038
    .0961421
    .0901784
    .0865256
    .0838065
    .0805718
    .0749133
    .0711129
    .0680583
    .0626691
    .0602187
    .0545313
    .0470589
    .0442209
    .0424220
    .0381532
    .0302633
    .0247436
    .0207823
    .0168785
    .0137959
    .0114793
    .0095166
    .0077754
    .0068756
    .0053198
    .0041998
    .0027567
    .0032230
    .0032730
    .0033706
    .0050095
    .0069551
    .0085602
    .0114083
    .0124225
    .0152728
    .0173437
    .0224051
    .0273302
    .0297375
    .0317437
    .0360048
    .0389981
    .0414066
    .0433269
    .0411424
    .0415899
    .0370019
    .0362774
    .0356682
    .0310175
    .0308767
    .0373560
    .0378507
    .0409842
    .0407786
    .0416088
    .0464643
    .0451077
    .0430742
    .0380417
    .0341880
    .0323173
    .0309662
    .0299795
    .0321395
    .0295701
    .0277282
    .0243599
    .0146951
    .0146368
    .0141538
    .0148121
    .0151714
    .0140349
    .0172292
    .0183144
    .0213597
    .0257304
    .0377428
    .0398635
    .0482803
    .0532111
    .0579098
    .0627063
    .0634126
    .0682969
    .0876389
    .0881796
    .0818930
    .0864698
    .0830121
    .0829102
    .0818591
    .0810267
    .0805339
    .0799317
    .0789130
    .0765388
    .0788797
    .0763377
    .0784084
    .0771458
    .0745502
    .0703054
    .0658811
    .0535583
    .0470220
    .0431061
    .0375683
    .0319266
    .0241609
    .0085161
    .0006372
   -.0002399
   -.0047230
   -.0068325
   -.0102576
   -.0024850
   -.0024158
   -.0020429
   -.0017339
   -.0020920
   -.0094886
   -.0255117
   -.0277698
   -.0314354
   -.0353469
   -.0371861
   -.0424106
   -.0453923
   -.0469719
   -.0490800
   -.0522704
   -.0536570
   -.0572108
   -.0596120
   -.0544833
   -.0527978
   -.0559654
   -.0631084
   -.0742183
   -.0810314
   -.0899566
   -.1031658
   -.1115982
   -.1183062
   -.1252829
   -.1319084
   -.1419254
   -.1477544
   -.1524023
   -.1587281
   -.1626784
   -.1657931
   -.1684229
   -.1697086
   -.1706339
   -.1720271
   -.1727692
   -.1613874
   -.1566992
   -.1574482
   -.1552707
   -.1544583
   -.1507573
   -.1501301
   -.1460037
   -.1436015
   -.1342024
   -.1329255
   -.1302737
   -.1282740
   -.1274562
   -.1257876
   -.1246164
   -.1228278
   -.1211459
   -.1194977
   -.1205749
   -.1249679
   -.1332205
   -.1373382
   -.1341113
   -.1400242
   -.1438415
   -.1483986
   -.1496670
   -.1464358
   -.1253166
   -.1199804
   -.1185174
   -.1147311
   -.1125528
   -.1085376
   -.1043088
   -.0999930
   -.0965716
   -.1031784
   -.1018052
   -.0994907
   -.0988916
   -.0988001
   -.0960346
   -.1065324
   -.1022210
   -.0972350
   -.0950945
   -.0866130
   -.0778896
   -.0645061
   -.0579241
   -.0277371
   -.0071049
   -.0027133
   -.0011461
    .0001125
   -.0132960
   -.0101022
   -.0133773
   -.0137196
   -.0245955
   -.0243106
   -.0275124
   -.0261912
   -.0240977
   -.0271942
   -.0283751
   -.0288672
   -.0302685
   -.0351482
   -.0441706
   -.0484260
   -.0525843
   -.0536446
   -.0601588
   -.0649272
   -.0650532
   -.0629480
   -.0587534
   -.0553738
   -.0533667
   -.0482069
   -.0447150
   -.0415784
   -.0366042
   -.0318140
   -.0278232
   -.0234268
   -.0183943
   -.0139171
   -.0101040
   -.0050509
   -.0002403
    .0047014
    .0093258
    .0142227
    .0193147
    .0228360
    .0284804
    .0342710
    .0389927
    .0437349
    .0483555
    .0535667
    .0607831
    .0639838
    .0687113
    .0708680
    .0747995
    .0764350
    .0836674
    .0860843
    .0870278
    .0901222
    .0933543
    .0945858
    .0980910
    .0997156
    .1020431
    .1050815
    .1065619
    .1107463
    .1126993
    .1139399
    .1165146
    .1186297
    .1205268
    .1198416
    .1194977
    .1186948
    .1159738
    .1163256
    .1162130
    .1163134
    .1160644
    .1177306
    .1185283
    .1214231
    .1227637
    .1240213
    .1248592
    .1254997
    .1261569
    .1240906
    .1242968
    .1221870
    .1192776
    .1170595
    .1126639
    .1085258
    .1025251
    .0945097
    .0905386
    .0870047
    .0843399
    .0811837
    .0739246
    .0705971
    .0686095
    .0643975
    .0633468
    .0604852
    .0587258
    .0527717
    .0468418
    .0424100
    .0250840
    .0051920
   -.0049194
   -.0117494
   -.0126717
   -.0204587
   -.0163443
    .0038212
    .0017009
   -.0013504
   -.0046344
   -.0221861
   -.0526010
   -.0608675
   -.0730570
   -.0815998
   -.0881803
   -.0978168
   -.0989484
   -.1000292
   -.0993474
   -.0935243
   -.0639272
   -.0510761
   -.0378343
   -.0008130
    .0020867
    .0078306
    .0258485
    .0295571
    .0368051
    .0373758
    .0424323
    .0390733
    .0136188
    .0113292
    .0084341
    .0044544
   -.0100439
   -.0131986
   -.0034171
    .0007962
    .0043087
    .0162333
    .0149911
    .0226127
    .0259268
    .0867026
    .0852355
    .0833286
    .0575841
    .0395320
    .0326013
    .0236737
   -.0117510
   -.0448984
   -.0488533
   -.0559586
   -.0627500
   -.0703198
   -.0670282
   -.0646462
   -.0690193
   -.0712381
   -.0720797
   -.0686126
   -.0632537
   -.0649658
   -.0317468
   -.0324514
   -.0282264
   -.0259894
   -.0191106
   -.0174121
   -.0200626
    .0351968
    .0391422
    .0399200
    .0434965
    .0411422
    .0229871
    .0212530
    .0164182
   -.0176899
   -.0106418
   -.0058261
    .0368389
    .0850352
    .0847929
    .0806229
    .0740397
    .0683684
    .0627300
    .0493868
    .0226438
    .0069771
   -.0208925
   -.0337734
   -.0470855
   -.1051805
   -.1207305
   -.1350011
   -.1449008
   -.1468728
   -.1606792
   -.1693495
   -.1730435
   -.1366076
   -.1332490
   -.1434885
   -.1502705
   -.1593156
   -.1833681
   -.1961245
   -.1954381
   -.1642139
   -.1572778
   -.1314712
   -.1176527
   -.1129108
   -.0957663
   -.0857037
   -.0684876
   -.0570275
   -.0425747
   -.0386086
   -.0355349
   -.0315583
   -.0280890
   -.0258327
   -.0157664
   -.0178195
   -.0203343
   -.0165344
   -.0169918
   -.0160323
   -.0299370
   -.0445335
   -.0466484
   -.0889318
   -.0924415
   -.0964046
   -.1059705
   -.1116599
   -.1140491
   -.0995466
   -.0979054
   -.1004442
   -.0933400
   -.0907432
   -.0863046
   -.0777384
   -.0674758
   -.0629912
   -.0538968
   -.0441901
   -.0462535
   -.0377901
   -.0195707
   -.0094406
    .0042095
    .0192526
    .0303057
    .0425476
    .0628255
    .0838324
    .0941019
    .1086642
    .1103546
    .1144861
    .1129810
    .1169209
    .1158377
    .1202747
    .1047368
    .1025935
    .1000620
    .0958522
    .0913567
    .0911532
    .1131832
    .1202282
    .1061917
    .1026910
    .1009288
    .0927813
    .0853598
    .0720631
    .0689777
    .0312553
    .0137620
   -.0065756
   -.0217615
   -.0727039
   -.0859509
   -.0939284
   -.1108477
   -.0871754
   -.0946547
   -.0923584
   -.0966431
   -.0998755
   -.1154110
   -.0825443
   -.0800077
   -.0613198
   -.0585889
   -.0604539
   -.0582148
   -.0772798
   -.0805143
   -.1304443
   -.1301127
   -.1254545
   -.1136445
   -.1125356
   -.1066184
   -.1042955
   -.0993657
   -.0988067
   -.0904678
   -.0754725
   -.0608342
   -.0047498
   -.0004770
    .0115304
    .0169265
    .0187515
    .0221810
    .0274499
    .0587957
    .0533518
    .0474577
    .0375952
    .0350892
   -.0226526
   -.0452549
   -.0667997
   -.1387705
   -.1411066
   -.1320823
   -.1304218
   -.1266830
   -.1219169
   -.1167248
   -.1066151
   -.0863317
   -.0808623
   -.0682970
   -.0560686
   -.0530061
    .0027807
    .0071950
    .0140805
    .0265365
    .0437671
    .0468679
    .0489393
    .0635585
    .0739000
    .0670778
    .0783016
    .0775388
    .0834369
    .0987847
    .0667827
    .0747412
    .1248739
    .1362769
    .1504557
    .1624087
    .1619218
    .1860000
    .1940145
    .1993455
    .2029674
    .1893904
    .1723156
    .1572078
    .1476853
    .1074872
    .0501251
    .0436557
    .0421613
    .0300243
   -.0141760
    .0131866
    .0888612
    .0935898
    .1005482
    .1050617
    .1063240
    .1247071
    .1482239
    .1453846
    .1018736
    .0906107
    .0302227
    .0257871
   -.0001483
    .0009795
    .0147644
    .0257734
    .0343814
    .1087635
    .1692682
    .1648284
    .1303835
    .1227450
    .1011304
    .0926151
    .0225176
    .0035442
   -.0113452
   -.0226794
   -.0180159
   -.0056383
    .0408279
    .0365505
    .0438580
    .0504346
    .0492293
    .0417617
    .0395499
    .0264282
    .0131200
    .0030847
   -.0068565
   -.0301440
   -.0655540
   -.0754264
   -.0902709
   -.1306224
   -.1348716
   -.1362882
   -.1392426
   -.1352746
   -.1307863
   -.1174938
   -.1127798
   -.0982183
   -.0426219
   -.0190432
   -.0080194
    .0012468
    .0106409
    .0168262
    .0221926
    .0286327
    .0460434
    .0527270
    .0551234
    .0665918
    .0473645
    .0185782
    .0269496
    .0380105
    .0530535
    .0651077
    .0748698
    .0862195
    .1055047
    .1118943
    .1234953
    .1280753
    .1354840
    .1395453
    .1394949
    .1439975
    .1486098
    .1557980
    .1545442
    .1483437
    .1476664
    .1461323
    .1478343
    .1462179
    .1439551
    .1427407
    .1418115
    .1406567
    .1395228
    .1370182
    .1346181
    .1311995
    .1278725
    .1256635
    .1230401
    .1211123
    .1174088
    .1144685
    .1116393
    .1097276
    .1077782
    .1035953
    .1010598
    .0910267
    .0776592
    .0682568
    .0591968
    .0428721
    .0402055
    .0334775
    .0312340
    .0247687
    .0203774
    .0165312
    .0118177
    .0042346
    .0006476
   -.0024072
   -.0069964
   -.0151671
   -.0202690
   -.0279670
   -.0315725
   -.0331938
   -.0387463
   -.0427218
   -.0464517
   -.0477445
   -.0482595
   -.0489245
   -.0501855
   -.0515165
   -.0547465
   -.0556150
   -.0563707
   -.0561993
   -.0555943
   -.0557283
   -.0551541
   -.0554759
   -.0552701
   -.0512457
   -.0488699
   -.0462504
   -.0431084
   -.0395602
   -.0355990
   -.0309966
   -.0277634
   -.0221453
   -.0144393
   -.0052640
   -.0003309
    .0169630
    .0267953
    .0331489
    .0381987
    .0451301
    .0572375
    .0664575
    .0755077
    .0818865
    .0906276
    .0926764
    .1048501
    .1093830
    .1123295
    .1135483
    .1178116
    .1191138
    .1214805
    .1216914
    .1217531
    .1248884
    .1263477
    .1261064
    .1285525
    .1285394
    .1282158
    .1267523
    .1258099
    .1237962
    .1225544
    .1213689
    .1195455
    .1158555
    .1118714
    .1085048
    .1055340
    .1020634
    .0975531
    .0932560
    .0891202
    .0846968
    .0787932
    .0730836
    .0633386
    .0572682
    .0491181
    .0446455
    .0385796
    .0363373
    .0321495
    .0231652
    .0185214
    .0080805
    .0022736
   -.0018443
   -.0082311
   -.0149563
   -.0191376
   -.0262907
   -.0317705
   -.0384167
   -.0454461
   -.0488810
   -.0531293
   -.0595575
   -.0627213
   -.0691080
   -.0735065
   -.0770597
   -.0797680
   -.0855553
   -.0904968
   -.0952967
   -.1000823
   -.1042710
   -.1112347
   -.1151656
   -.1172817
   -.1201233
   -.1241692
   -.1273628
   -.1299704
   -.1330196
   -.1352052
   -.1379453
   -.1389701
   -.1398473
   -.1390111
   -.1380950
   -.1390284
   -.1397261
   -.1400854
   -.1387733
   -.1351766
   -.1341007
   -.1313998
   -.1244908
   -.1200953
   -.1182441
   -.1127430
   -.1086622
   -.1045516
   -.0968580
   -.0974618
   -.0936929
   -.0884032
   -.0850441
   -.0778351
   -.0701741
   -.0542394
   -.0466217
   -.0387307
   -.0256779
   -.0116952
   -.0084531
   -.0056592
    .0062251
    .0076862
    .0102995
    .0066633
    .0045896
    .0012226
   -.0007547
   -.0178091
   -.0220867
   -.0282329
   -.0349384
   -.0391730
   -.0417185
   -.0449732
   -.0483078
   -.0508555
   -.0529387
   -.0527787
   -.0553131
   -.0603678
   -.0602274
   -.0631547
   -.0642086
   -.0514935
   -.0512413
   -.0502891
   -.0497286
   -.0472770
   -.0411543
   -.0416028
   -.0427127
   -.0500488
   -.0497170
   -.0468665
   -.0450521
   -.0454923
   -.0466102
   -.0474528
   -.0470437
   -.0676733
   -.0678265
   -.0678254
   -.0645617
   -.0504819
   -.0320961
   -.0259830
   -.0174060
   -.0103055
   -.0051799
   -.0020275
    .0009531
    .0012276
    .0035795
    .0030182
    .0016752
   -.0012964
    .0011410
   -.0073347
   -.0094421
   -.0153455
   -.0215160
   -.0233592
   -.0270326
   -.0317707
   -.0355882
   -.0440267
   -.0444358
   -.0340499
   -.0362738
   -.0183592
   -.0142010
   -.0141124
   -.0204820
   -.0218177
   -.0222106
   -.0229208
   -.0247090
   -.0295825
   -.0311744
   -.0302026
   -.0276570
   -.0252536
   -.0198342
   -.0100085
   -.0023889
    .0114169
    .0175091
    .0415163
    .0538326
    .0580720
    .0626609
    .0662777
    .0753795
    .0768374
    .0752772
    .0561692
    .0578251
    .0534347
    .0502293
    .0472416
    .0394064
    .0458471
    .0509312
    .0548322
    .0790178
    .0849255
    .0857489
    .0874877
    .0891011
    .0877818
    .0845841
    .0811734
    .0780397
    .0721535
    .0624192
    .0541682
    .0474890
    .0358236
    .0319997
    .0130912
    .0054194
   -.0030771
   -.0071356
   -.0112285
   -.0149464
   -.0200570
   -.0207463
   -.0217448
   -.0229044
   -.0228734
   -.0218956
   -.0194371
   -.0173508
   -.0121829
   -.0032450
    .0057028
    .0172755
    .0232415
    .0335419
    .0409350
    .0570951
    .0665671
    .0750066
    .0828317
    .1035310
    .1096568
    .1138569
    .1171568
    .1116207
    .1112672
    .1100720
    .1065889
    .1032536
    .1012714
    .0949980
    .0830566
    .0555430
    .0497984
    .0441843
    .0404391
    .0399414
    .0350832
    .0327405
    .0334058
    .0462682
    .0563929
    .0532662
    .0488436
    .0462850
    .0652532
    .0619792
    .0604332
    .0578887
    .0551826
    .0434665
    .0353950
    .0224531
    .0171965
    .0101659
    .0026643
   -.0036406
   -.0088723
   -.0111389
   -.0188918
   -.0166315
   -.0124875
    .0088669
    .0121730
    .0125814
    .0164586
    .0179284
    .0186240
    .0215653
    .0238434
    .0252941
    .0274505
    .0282534
    .0306909
    .0329549
    .0332990
    .0356638
    .0331627
    .0307342
    .0296583
    .0289974
    .0287615
    .0240717
    .0219663
    .0186728
    .0174222
    .0185278
    .0173074
    .0171118
    .0142683
    .0121367
    .0120792
    .0111959
    .0088398
    .0084014
    .0086369
    .0090382
    .0098429
    .0108359
    .0124742
    .0151502
    .0186563
    .0211636
    .0240556
    .0275915
    .0306569
    .0352824
    .0373737
    .0409421
    .0441240
    .0476847
    .0503561
    .0538131
    .0552362
    .0582988
    .0597433
    .0598066
    .0626654
    .0644148
    .0663114
    .0671571
    .0675269
    .0623619
    .0618535
    .0603322
    .0592047
    .0573401
    .0507786
    .0500792
    .0483413
    .0470964
    .0425752
    .0355493
    .0332915
    .0275504
    .0218773
    .0208234
    .0187598
    .0172699
    .0148056
    .0139657
    .0139473
    .0142096
    .0151523
    .0170485
    .0177414
    .0165406
    .0185271
    .0188254
    .0198562
    .0204846
    .0203391
    .0204009
    .0211903
    .0259749
    .0276177
    .0300804
    .0304607
    .0303925
    .0298299
    .0294013
    .0285243
    .0277001
    .0274759
    .0268190
    .0258118
    .0250963
    .0225503
    .0198841
    .0169988
    .0144125
    .0121960
    .0100975
    .0093971
    .0081503
    .0072618
    .0052766
    .0042488
   -.0018329
   -.0036430
   -.0053026
   -.0054924
   -.0043900
   -.0030237
   -.0017929
   -.0017246
   -.0009916
   -.0004403
    .0013262
    .0021483
    .0041646
    .0056618
    .0064674
    .0081798
    .0105498
    .0118799
    .0135788
    .0152470
    .0164553
    .0188446
    .0199040
    .0215431
    .0297262
    .0302023
    .0299331
    .0292084
    .0284459
    .0278980
    .0271246
    .0262743
    .0250817
    .0240269
    .0232141
    .0225125
    .0216248
    .0207537
    .0198168
    .0183783
    .0160394
    .0142243
    .0124511
    .0102230
    .0077030
    .0055742
    .0040819
    .0017834
   -.0035122
   -.0060689
   -.0086225
   -.0115239
   -.0145398
   -.0178004
   -.0210998
   -.0249094
   -.0287640
   -.0304490
   -.0341304
   -.0353659
   -.0378993
   -.0433215
   -.0464186
   -.0488967
   -.0498869
   -.0523716
   -.0538046
   -.0554196
   -.0573150
   -.0583665
   -.0607244
   -.0616677
   -.0613309
   -.0621240
   -.0637193
   -.0657227
   -.0697076
   -.0723459
   -.0757512
   -.0776196
   -.0797875
   -.0823792
   -.0847217
   -.0821200
   -.0836944
   -.0848920
   -.0860834
   -.0881675
   -.0906721
   -.0994326
   -.1025760
   -.1053291
   -.1109385
   -.1134742
   -.1242414
   -.1250336
   -.1275025
   -.1292356
   -.1308035
   -.1307137
   -.1183496
   -.1159947
   -.1079693
   -.1114379
   -.1252781
   -.1241808
   -.1321540
   -.1319988
   -.1296650
   -.1280596
   -.1256821
   -.1232342
   -.1203321
   -.1165127
   -.1134681
   -.1045930
   -.0996129
   -.0913460
   -.0812633
   -.0744891
   -.0720110
   -.0648697
   -.0647257
   -.0636093
   -.0667089
   -.0648621
   -.0710234
   -.0692410
   -.0673980
   -.0653433
   -.0632888
   -.0608929
   -.0569648
   -.0530272
   -.0507366
   -.0484929
   -.0447884
   -.0449367
   -.0444898
   -.0443272
   -.0452791
   -.0456227
   -.0460066
   -.0481223
   -.0475238
   -.0495258
   -.0523343
   -.0539335
   -.0549609
   -.0547836
   -.0534433
   -.0519962
   -.0522021
   -.0511192
   -.0506525
   -.0504583
   -.0495126
   -.0488776
   -.0486730
   -.0515476
   -.0514656
   -.0511918
   -.0496525
   -.0477856
   -.0491734
   -.0482504
   -.0495657
   -.0476954
   -.0458521
   -.0475835
   -.0467700
   -.0482131
   -.0464902
   -.0467819
   -.0475414
   -.0476854
   -.0480051
   -.0482674
   -.0484822
   -.0498531
   -.0513735
   -.0526328
   -.0539660
   -.0542575
   -.0554045
   -.0570114
   -.0583397
   -.0589701
   -.0594021
   -.0598602
   -.0605377
   -.0609236
   -.0612795
   -.0613261
   -.0621879
   -.0623705
   -.0622952
   -.0625891
   -.0621262
   -.0610339
   -.0601426
   -.0595399
   -.0590105
   -.0580765
   -.0570236
   -.0569408
   -.0553922
   -.0531201
   -.0499943
   -.0479438
   -.0459163
   -.0433248
   -.0418658
   -.0396034
   -.0371197
   -.0338096
   -.0316272
   -.0280998
   -.0249800
   -.0223691
   -.0196372
   -.0162186
   -.0143969
   -.0097210
   -.0082484
   -.0058601
   -.0028430
   -.0007476
    .0021174
    .0048490
    .0125950
    .0142404
    .0175906
    .0201853
    .0222830
    .0248780
    .0263751
    .0274492
    .0297172
    .0312220
    .0327442
    .0343299
    .0360414
    .0376913
    .0391222
    .0404221
    .0417247
    .0430186
    .0437650
    .0441940
    .0443043
    .0443201
    .0448398
    .0454341
    .0444789
    .0442326
    .0434060
    .0422789
    .0410894
    .0412583
    .0403225
    .0406958
    .0408261
    .0408927
    .0412035
    .0398211
    .0393631
    .0385496
    .0386601
    .0380211
    .0380442
    .0379331
    .0374331
    .0371541
    .0370355
    .0370964
    .0367354
    .0364916
    .0365245
    .0362118
    .0361057
    .0363863
    .0346049
    .0342490
    .0344784
    .0347611
    .0351886
    .0342202
    .0342770
    .0348450
    .0361054
    .0361836
    .0365613
    .0381696
    .0393039
    .0401319
    .0422169
    .0445697
    .0463622
    .0479713
    .0508006
    .0527863
    .0548792
    .0557642
    .0570771
    .0583647
    .0588407
    .0591906
    .0608908
    .0623442
    .0628214
    .0639280
    .0608301
    .0615105
    .0632360
    .0656894
    .0671058
    .0674452
    .0679115
    .0690864
    .0704999
    .0728732
    .0741051
    .0784001
    .0812928
    .0844968
    .0882218
    .0925413
    .0939572
    .0967309
    .1007567
    .1035008
    .1056530
    .1084171
    .1110998
    .1150144
    .1164726
    .1187743
    .1212262
    .1221526
    .1222480
    .1231421
    .1238516
    .1254568
    .1252391
    .1248296
    .1240527
    .1235007
    .1226031
    .1213246
    .1198272
    .1181600
    .1166583
    .1145911
    .1112383
    .1071455
    .1044629
    .0998773
    .0962626
    .0928266
    .0911309
    .0895621
    .0866892
    .0838087
    .0816830
    .0791107
    .0766643
    .0741022
    .0718280
    .0686630
    .0658855
    .0631242
    .0597754
    .0552526
    .0535391
    .0503778
    .0486724
    .0460874
    .0427049
    .0399202
    .0370414
    .0328934
    .0301227
    .0260296
    .0225653
    .0199135
    .0171103
    .0142676
    .0119208
    .0084938
    .0065054
    .0037779
   -.0000506
   -.0019122
   -.0043659
   -.0058303
   -.0069901
   -.0085149
   -.0081098
   -.0096538
   -.0117387
   -.0142677
   -.0169534
   -.0192887
   -.0210821
   -.0225755
   -.0238408
   -.0249329
   -.0265050
   -.0289481
   -.0316609
   -.0342293
   -.0367677
   -.0391121
   -.0408153
   -.0419858
   -.0429464
   -.0439502
   -.0451623
   -.0466945
   -.0484330
   -.0502083
   -.0519057
   -.0530434
   -.0536538
   -.0543929
   -.0558324
   -.0574143
   -.0590855
   -.0607907
   -.0621758
   -.0633319
   -.0645997
   -.0663674
   -.0686174
   -.0711640
   -.0741541
   -.0773553
   -.0798420
   -.0818781
   -.0842713
   -.0868703
   -.0895350
   -.0926060
   -.0959511
   -.0990727
   -.1012577
   -.1024845
   -.1042537
   -.1069012
   -.1094314
   -.1113815
   -.1123277
   -.1119621
   -.1111265
   -.1111686
   -.1116076
   -.1122114
   -.1115566
   -.1103669
   -.1098418
   -.1093395
   -.1089608
   -.1078157
   -.1060152
   -.1043826
   -.1033377
   -.1023652
   -.1015700
   -.1004581
   -.0988554
   -.0972115
   -.0955464
   -.0937874
   -.0923460
   -.0911940
   -.0898179
   -.0880823
   -.0850464
   -.0818540
   -.0794732
   -.0772518
   -.0753906
   -.0729859
   -.0704195
   -.0686859
   -.0676124
   -.0666809
   -.0659533
   -.0649824
   -.0631694
   -.0613838
   -.0601863
   -.0591992
   -.0583837
   -.0577212
   -.0570516
   -.0563336
   -.0553607
   -.0542995
   -.0537813
   -.0536969
   -.0538180
   -.0539810
   -.0536655
   -.0527934
   -.0514333
   -.0495718
   -.0477025
   -.0460987
   -.0442232
   -.0422213
   -.0387699
   -.0353322
   -.0329275
   -.0305345
   -.0271144
   -.0231567
   -.0197975
   -.0165995
   -.0134292
   -.0103722
   -.0071494
   -.0036808
   -.0001026
    .0031369
    .0057101
    .0082569
    .0101231
    .0119986
    .0138293
    .0151729
    .0160234
    .0169729
    .0178489
    .0185564
    .0189956
    .0192833
    .0194812
    .0196281
    .0197238
    .0197510
    .0195711
    .0191007
    .0186224
    .0177804
    .0172945
    .0174012
    .0172367
    .0170428
    .0170340
    .0177223
    .0191753
    .0199272
    .0204931
    .0206149
    .0219502
    .0236666
    .0248372
    .0258390
    .0267276
    .0283923
    .0306711
    .0330472
    .0348150
    .0358383
    .0365604
    .0379155
    .0404526
    .0431822
    .0456752
    .0478377
    .0496418
    .0511713
    .0525057
    .0539516
    .0558327
    .0579084
    .0598108
    .0613009
    .0623282
    .0629476
    .0633023
    .0634498
    .0632027
    .0627614
    .0629240
    .0631989
    .0626725
    .0617748
    .0603250
    .0591282
    .0585170
    .0575812
    .0562982
    .0549009
    .0535045
    .0525947
    .0518559
    .0512520
    .0509099
    .0503978
    .0494289
    .0483570
    .0472279
    .0459951
    .0452433
    .0448476
    .0438596
    .0422310
    .0403593
    .0384196
    .0372827
    .0353139
    .0328888
    .0300556
    .0274597
    .0248675
    .0220499
    .0188919
    .0155611
    .0122801
    .0089522
    .0055040
    .0018714
   -.0017582
   -.0051416
   -.0082852
   -.0116658
   -.0149949
   -.0183219
   -.0217498
   -.0249577
   -.0277785
   -.0304087
   -.0327872
   -.0350942
   -.0371359
   -.0380711
   -.0379436
   -.0378233
   -.0381392
   -.0380565
   -.0373434
   -.0362791
   -.0349958
   -.0330842
   -.0313213
   -.0305296
   -.0300279
   -.0299339
   -.0299581
   -.0297617
   -.0293891
   -.0296177
   -.0305919
   -.0314461
   -.0324159
   -.0331914
   -.0341670
   -.0356716
   -.0375948
   -.0392012
   -.0407337
   -.0424271
   -.0440566
   -.0456549
   -.0473506
   -.0489428
   -.0503624
   -.0514770
   -.0525353
   -.0539083
   -.0555402
   -.0570376
   -.0582679
   -.0591466
   -.0593665
   -.0587369
   -.0576892
   -.0570961
   -.0565601
   -.0560126
   -.0550981
   -.0533640
   -.0521351
   -.0509636
   -.0501398
   -.0489751
   -.0472548
   -.0451773
   -.0429725
   -.0408716
   -.0391523
   -.0378901
   -.0369863
   -.0361215
   -.0347600
   -.0328142
   -.0307510
   -.0291820
   -.0283738
   -.0277242
   -.0267865
   -.0258284
   -.0247832
   -.0230036
   -.0209938
   -.0199834
   -.0195089
   -.0190607
   -.0184002
   -.0174099
   -.0166667
   -.0162119
   -.0156581
   -.0148912
   -.0140665
   -.0139002
   -.0132488
   -.0122754
   -.0111295
   -.0100450
   -.0094835
   -.0089861
   -.0088194
   -.0089995
   -.0086872
   -.0080386
   -.0077026
   -.0080132
   -.0088830
   -.0101256
   -.0113498
   -.0114549
   -.0103220
   -.0090768
   -.0086627
   -.0085931
   -.0087284
   -.0084633
   -.0073197
   -.0058870
   -.0047537
   -.0042436
   -.0041730
   -.0041992
   -.0041363
   -.0040105
   -.0039985
   -.0040259
   -.0039581
   -.0040226
   -.0044281
   -.0044187
   -.0045357
   -.0052162
   -.0060767
   -.0068806
   -.0070847
   -.0067549
   -.0060920
   -.0052870
   -.0045069
   -.0040395
   -.0032802
   -.0025630
   -.0018065
   -.0004976
    .0010678
    .0019586
    .0027079
    .0036750
    .0049147
    .0067270
    .0085635
    .0100904
    .0112458
    .0118650
    .0120901
    .0129794
    .0143392
    .0154556
    .0161516
    .0167804
    .0174009
    .0184205
    .0199556
    .0203392
    .0204205
    .0203521
    .0211874
    .0219911
    .0223458
    .0219934
    .0214592
    .0215718
    .0218473
    .0224423
    .0231123
    .0231572
    .0229806
    .0228560
    .0232118
    .0241494
    .0257377
    .0272968
    .0283427
    .0289821
    .0294527
    .0295952
    .0293838
    .0288148
    .0281536
    .0279301
    .0282743
    .0289369
    .0296083
    .0299895
    .0298236
    .0290215
    .0278256
    .0264954
    .0254192
    .0246257
    .0239326
    .0231753
    .0221696
    .0206334
    .0190950
    .0173616
    .0164535
    .0153976
    .0135466
    .0117777
    .0098397
    .0082069
    .0072013
    .0064353
    .0047921
    .0031681
    .0016613
    .0014515
    .0016334
    .0016164
    .0014304
    .0012687
    .0012575
    .0011699
    .0012762
    .0019122
    .0022423
    .0019102
    .0015561
    .0012321
    .0007051
    .0004734
    .0008460
    .0013249
    .0015803
    .0016040
    .0012563
    .0006860
    .0000338
   -.0009520
   -.0023850
   -.0036810
   -.0042399
   -.0043160
   -.0044076
   -.0046352
   -.0049989
   -.0054574
   -.0064545
   -.0081421
   -.0094409
   -.0093164
   -.0082982
   -.0079438
   -.0090440
   -.0110512
   -.0132593
   -.0143614
   -.0142845
   -.0139108
   -.0137605
   -.0140046
   -.0146042
   -.0153773
   -.0162589
   -.0169614
   -.0170601
   -.0165540
   -.0158277
   -.0154910
   -.0156954
   -.0162244
   -.0168620
   -.0166657
   -.0162328
   -.0161791
   -.0164481
   -.0168614
   -.0174843
   -.0181467
   -.0185470
   -.0183182
   -.0176111
   -.0169937
   -.0168878
   -.0172062
   -.0179641
   -.0186744
   -.0185231
   -.0177926
   -.0171079
   -.0162721
   -.0154879
   -.0154135
   -.0157960
   -.0161408
   -.0159564
   -.0150206
   -.0137061
   -.0132263
   -.0137414
   -.0147726
   -.0158599
   -.0167530
   -.0171180
   -.0168507
   -.0161101
   -.0151501
   -.0142606
   -.0139162
   -.0138699
   -.0138136
   -.0129524
   -.0119528
   -.0119569
   -.0119729
   -.0120036
   -.0116173
   -.0109668
   -.0101850
   -.0091578
   -.0077810
   -.0070971
   -.0066397
   -.0061612
   -.0049015
   -.0043294
   -.0039928
   -.0040655
   -.0033308
   -.0022070
   -.0019562
   -.0016388
   -.0014239
   -.0007527
    .0002676
    .0010351
    .0008628
   -.0000837
   -.0017263
   -.0026635
   -.0030188
   -.0039440
   -.0053182
   -.0070413
   -.0084445
   -.0092675
   -.0099244
   -.0105307
   -.0119472
   -.0133441
   -.0143153
   -.0145533
   -.0147233
   -.0152433
   -.0157578
   -.0160594
   -.0162514
   -.0164094
   -.0164158
   -.0161211
   -.0156685
   -.0150703
   -.0143962
   -.0138284
   -.0131117
   -.0121044
   -.0109806
   -.0098823
   -.0088845
   -.0080521
   -.0074167
   -.0069921
   -.0063145
   -.0060050
   -.0061921
   -.0064176
   -.0065864
   -.0071323
   -.0079430
   -.0089463
   -.0099083
   -.0101873
   -.0102125
   -.0104545
   -.0108441
   -.0110077
   -.0112237
   -.0110568
   -.0102819
   -.0091819
   -.0080806
   -.0071972
   -.0066315
   -.0062676
   -.0059554
   -.0056108
   -.0052443
   -.0048482
   -.0044150
   -.0039074
   -.0032533
   -.0022025
   -.0008156
    .0005572
    .0014498
    .0017881
    .0019830
    .0021783
    .0025128
    .0031795
    .0041113
    .0050363
    .0057572
    .0062570
    .0065677
    .0067201
    .0068403
    .0070313
    .0071768
    .0074555
    .0077563
    .0079390
    .0078970
    .0077081
    .0077925
    .0077300
    .0071856
    .0067518
    .0062585
    .0062377
    .0065115
    .0068489
    .0068927
    .0066840
    .0065499
    .0061923
    .0058616
    .0059400
    .0060614
    .0063246
    .0071839
    .0085582
    .0095022
    .0107099
    .0113488
    .0116053
    .0122398
    .0132739
    .0145050
    .0152991
    .0152818
    .0150830
    .0154340
    .0160972
    .0161804
    .0159772
    .0156091
    .0147973
    .0135925
    .0122496
    .0108547
    .0093307
    .0077569
    .0061685
    .0046695
    .0037146
    .0022650
   -.0004936
   -.0033096
   -.0056007
   -.0062702
   -.0067426
   -.0078573
   -.0085729
   -.0095006
   -.0104114
   -.0114305
   -.0122269
   -.0131407
   -.0134249
   -.0130790
   -.0134396
   -.0138748
   -.0145910
   -.0151853
   -.0152924
   -.0154649
   -.0162448
   -.0175514
   -.0190079
   -.0204827
   -.0215686
   -.0226319
   -.0237985
   -.0250440
   -.0262339
   -.0277497
   -.0287213
   -.0291747
   -.0302947
   -.0317509
   -.0335973
   -.0343116
   -.0344359
   -.0349979
   -.0352099
   -.0353508
   -.0354086
   -.0350085
   -.0349220
   -.0349481
   -.0349393
   -.0349139
   -.0347063
   -.0342356
   -.0335284
   -.0328842
   -.0323567
   -.0316526
   -.0309979
   -.0305694
   -.0303926
   -.0305481
   -.0306912
   -.0306589
   -.0303892
   -.0298291
   -.0290457
   -.0283609
   -.0281507
   -.0282818
   -.0287075
   -.0286813
   -.0277900
   -.0264654
   -.0252946
   -.0247141
   -.0245010
   -.0241495
   -.0235645
   -.0222659
   -.0204196
   -.0187947
   -.0172426
   -.0154502
   -.0134709
   -.0116951
   -.0096005
   -.0071912
   -.0053355
   -.0034603
   -.0009042
    .0014566
    .0033461
    .0048631
    .0060798
    .0075385
    .0092104
    .0102881
    .0105746
    .0107723
    .0109339
    .0114935
    .0120632
    .0122998
    .0121599
    .0114669
    .0103963
    .0095831
    .0089418
    .0081023
    .0070320
    .0068222
    .0069553
    .0057989
    .0051384
    .0054279
    .0070049
    .0085152
    .0094850
    .0104448
    .0111554
    .0115779
    .0118696
    .0119993
    .0117615
    .0109858
    .0098647
    .0083239
    .0068156
    .0058340
    .0048593
    .0032011
    .0010479
   -.0010943
   -.0029024
   -.0038865
   -.0044384
   -.0055441
   -.0069427
   -.0081140
   -.0090446
   -.0092519
   -.0091881
   -.0092740
   -.0092876
   -.0091518
   -.0088606
   -.0084681
   -.0082040
   -.0076233
   -.0066923
   -.0056088
   -.0046411
   -.0037828
   -.0030202
   -.0024839
   -.0020886
   -.0019010
   -.0019617
   -.0020856
   -.0021105
   -.0019050
   -.0014396
   -.0009373
   -.0006030
   -.0001976
    .0003433
    .0009787
    .0017360
    .0026901
    .0038100
    .0049464
    .0059353
    .0064340
    .0067238
    .0068607
    .0071520
    .0076555
    .0075001
    .0066873
    .0058774
    .0048885
    .0038277
    .0028935
    .0028696
    .0016281
   -.0001058
   -.0010632
   -.0016670
   -.0020199
   -.0025610
   -.0026231
   -.0030498
   -.0040621
   -.0047859
   -.0051437
   -.0055737
   -.0058923
   -.0059648
   -.0062354
   -.0069499
   -.0077472
   -.0083129
   -.0078870
   -.0082341
   -.0089872
   -.0098194
   -.0103337
   -.0099401
   -.0097232
   -.0104056
   -.0114544
   -.0128841
   -.0133148
   -.0142458
   -.0161677
   -.0180957
   -.0197153
   -.0203655
   -.0206887
   -.0212549
   -.0221753
   -.0231144
   -.0241680
   -.0251796
   -.0262285
   -.0272281
   -.0282903
   -.0290345
   -.0294076
   -.0298518
   -.0302233
   -.0304856
   -.0306975
   -.0306752
   -.0305833
   -.0304905
   -.0303926
   -.0302848
   -.0302587
   -.0304307
   -.0307914
   -.0311486
   -.0309582
   -.0300521
   -.0290482
   -.0287370
   -.0289701
   -.0294534
   -.0301498
   -.0304928
   -.0300781
   -.0294185
   -.0286853
   -.0279001
   -.0274437
   -.0272971
   -.0273469
   -.0274907
   -.0271957
   -.0260937
   -.0251416
   -.0243329
   -.0240957
   -.0246452
   -.0252554
   -.0256711
   -.0259935
   -.0258814
   -.0248791
   -.0236750
   -.0231311
   -.0231909
   -.0235670
   -.0239804
   -.0243738
   -.0240067
   -.0227999
   -.0216174
   -.0214003
   -.0216064
   -.0216194
   -.0215374
   -.0213707
   -.0201561
   -.0182804
   -.0173561
   -.0171248
   -.0168177
   -.0165025
   -.0158744
   -.0150129
   -.0141837
   -.0135114
   -.0129747
   -.0124550
   -.0118710
   -.0112450
   -.0106846
   -.0101939
   -.0095849
   -.0087853
   -.0082415
   -.0077346
   -.0070278
   -.0059438
   -.0044899
   -.0029361
   -.0016701
   -.0006832
   -.0001536
    .0003787
    .0010579
    .0026277
    .0048053
    .0059384
    .0061194
    .0063100
    .0065921
    .0069171
    .0072534
    .0074942
    .0076338
    .0082779
    .0096640
    .0112430
    .0121268
    .0121633
    .0119153
    .0119168
    .0125642
    .0137084
    .0148638
    .0155759
    .0162276
    .0173179
    .0189199
    .0216523
    .0237453
    .0250999
    .0261157
    .0268969
    .0282067
    .0297386
    .0310690
    .0323578
    .0336099
    .0344244
    .0346393
    .0344638
    .0346042
    .0355306
    .0364115
    .0364118
    .0355272
    .0342744
    .0332008
    .0327553
    .0328010
    .0326844
    .0327966
    .0328435
    .0320481
    .0311628
    .0300495
    .0297577
    .0294115
    .0285672
    .0276004
    .0265415
    .0253060
    .0245856
    .0243493
    .0238994
    .0226162
    .0209328
    .0189336
    .0171523
    .0161265
    .0153310
    .0141000
    .0123055
    .0101817
    .0078250
    .0057878
    .0049636
    .0042537
    .0025958
    .0005944
   -.0013948
   -.0033948
   -.0046245
   -.0051743
   -.0067259
   -.0083700
   -.0099115
   -.0106279
   -.0111519
   -.0116571
   -.0120495
   -.0123054
   -.0121953
   -.0114552
   -.0104405
   -.0096940
   -.0088473
   -.0083780
   -.0075954
   -.0064078
   -.0054507
   -.0050646
   -.0047306
   -.0046315
   -.0039206
   -.0030548
   -.0031743
   -.0039822
   -.0052061
   -.0067606
   -.0082273
   -.0092964
   -.0100173
   -.0111573
   -.0129092
   -.0150070
   -.0172840
   -.0187886
   -.0195875
   -.0207830
   -.0228778
   -.0247796
   -.0262449
   -.0263573
   -.0255129
   -.0256366
   -.0260519
   -.0268610
   -.0273703
   -.0272107
   -.0266444
   -.0256397
   -.0241129
   -.0228638
   -.0217748
   -.0205367
   -.0190061
   -.0172750
   -.0154418
   -.0135296
   -.0119948
   -.0110705
   -.0105093
   -.0102907
   -.0104848
   -.0110590
   -.0119171
   -.0117543
   -.0110625
   -.0115012
   -.0119977
   -.0124817
   -.0122637
   -.0119682
   -.0125905
   -.0135465
   -.0143955
   -.0148134
   -.0142674
   -.0139904
   -.0144447
   -.0150447
   -.0161328
   -.0166097
   -.0168876
   -.0175441
   -.0184950
   -.0196090
   -.0207222
   -.0217743
   -.0227946
   -.0239796
   -.0250693
   -.0256547
   -.0255955
   -.0250412
   -.0242704
   -.0237328
   -.0237420
   -.0240367
   -.0244301
   -.0243708
   -.0233769
   -.0221256
   -.0212043
   -.0206804
   -.0204295
   -.0203206
   -.0202590
   -.0202627
   -.0204290
   -.0205177
   -.0202405
   -.0196062
   -.0188961
   -.0185517
   -.0186889
   -.0190916
   -.0191395
   -.0181612
   -.0178927
   -.0178146
   -.0178940
   -.0175170
   -.0169317
   -.0163507
   -.0160483
   -.0161155
   -.0164078
   -.0168209
   -.0168661
   -.0159986
   -.0150580
   -.0145760
   -.0144227
   -.0142922
   -.0142000
   -.0139569
   -.0133226
   -.0122788
   -.0109706
   -.0098931
   -.0092739
   -.0086895
   -.0082514
   -.0073709
   -.0062728
   -.0056692
   -.0053806
   -.0049800
   -.0043084
   -.0024853
   -.0014113
   -.0013766
   -.0011091
   -.0002576
    .0002564
    .0006756
    .0011918
    .0016535
    .0025034
    .0039470
    .0055668
    .0061789
    .0066279
    .0070975
    .0080768
    .0099069
    .0117389
    .0130731
    .0142932
    .0153922
    .0163411
    .0174971
    .0188211
    .0196211
    .0202700
    .0213657
    .0225624
    .0229599
    .0233929
    .0239385
    .0240725
    .0236472
    .0231492
    .0227057
    .0221223
    .0216325
    .0214427
    .0212212
    .0199836
    .0190134
    .0177258
    .0168882
    .0162960
    .0160594
    .0158321
    .0154464
    .0148866
    .0143948
    .0141952
    .0140325
    .0141418
    .0136126
    .0126845
    .0117318
    .0107582
    .0100377
    .0100862
    .0105937
    .0106615
    .0100615
    .0092932
    .0083080
    .0072433
    .0065489
    .0060063
    .0056316
    .0052177
    .0040928
    .0025833
    .0008808
   -.0005779
   -.0012169
   -.0017790
   -.0025123
   -.0039822
   -.0060650
   -.0082164
   -.0103863
   -.0123877
   -.0133365
   -.0137149
   -.0150164
   -.0165853
   -.0184747
   -.0200262
   -.0207500
   -.0216382
   -.0232628
   -.0247425
   -.0261570
   -.0264816
   -.0265874
   -.0269086
   -.0273930
   -.0277335
   -.0281475
   -.0284572
   -.0284747
   -.0283268
   -.0283949
   -.0286650
   -.0288993
   -.0288454
   -.0286145
   -.0284552
   -.0282858
   -.0280477
   -.0276618
   -.0271763
   -.0274650
   -.0274746
   -.0272813
   -.0270458
   -.0270026
   -.0271571
   -.0275275
   -.0282035
   -.0286758
   -.0287725
   -.0287918
   -.0291610
   -.0302178
   -.0313504
   -.0325939
   -.0333656
   -.0336311
   -.0337398
   -.0339008
   -.0342446
   -.0347753
   -.0352632
   -.0356970
   -.0362488
   -.0364765
   -.0361796
   -.0357007
   -.0352587
   -.0348472
   -.0348233
   -.0352096
   -.0355073
   -.0346429
   -.0336578
   -.0330903
   -.0328734
   -.0328024
   -.0328024
   -.0324413
   -.0313290
   -.0299505
   -.0288295
   -.0281550
   -.0276426
   -.0273074
   -.0272981
   -.0274994
   -.0279678
   -.0285665
   -.0290772
   -.0293569
   -.0294690
   -.0294036
   -.0292899
   -.0290675
   -.0288186
   -.0285379
   -.0284157
   -.0284948
   -.0288135
   -.0292868
   -.0294413
   -.0290610
   -.0283597
   -.0274675
   -.0265596
   -.0258114
   -.0254132
   -.0251880
   -.0250565
   -.0246938
   -.0236880
   -.0221494
   -.0204156
   -.0188269
   -.0175420
   -.0166709
   -.0161381
   -.0158625
   -.0154874
   -.0147842
   -.0136761
   -.0122355
   -.0106194
   -.0094765
   -.0090198
   -.0089284
   -.0087814
   -.0087286
   -.0081961
   -.0071504
   -.0063799
   -.0063351
   -.0061232
   -.0059005
   -.0053519
   -.0045010
   -.0035549
   -.0026008
   -.0017609
   -.0008457
    .0001664
    .0011550
    .0021576
    .0030209
    .0038603
    .0046730
    .0055178
    .0063197
    .0070642
    .0076395
    .0081054
    .0084378
    .0086176
    .0085363
    .0083816
    .0081244
    .0078192
    .0073176
    .0070206
    .0068899
    .0069009
    .0069476
    .0070612
    .0069542
    .0069274
    .0070317
    .0073444
    .0077868
    .0081493
    .0089834
    .0101446
    .0106196
    .0110220
    .0116929
    .0129949
    .0132531
    .0136409
    .0137432
    .0142084
    .0151157
    .0160788
    .0163120
    .0163086
    .0159373
    .0157227
    .0155683
    .0153804
    .0151589
    .0149619
    .0145322
    .0138194
    .0131440
    .0126169
    .0121351
    .0120874
    .0125663
    .0132270
    .0131434
    .0124998
    .0117618
    .0109197
    .0104671
    .0105821
    .0109732
    .0111592
    .0106409
    .0099639
    .0092000
    .0086763
    .0086247
    .0086686
    .0085557
    .0081479
    .0075253
    .0068505
    .0061462
    .0054180
    .0048147
    .0042075
    .0036596
    .0030251
    .0024766
    .0019905
    .0015138
    .0011722
    .0002985
   -.0004281
   -.0013356
    .0001082
    .0011441
    .0010553
    .0012827
    .0029092
    .0041852
    .0050149
    .0055534
    .0052802
    .0047501
    .0041323
    .0036774
    .0035069
    .0038930
    .0044908
    .0049594
    .0051679
    .0051177
    .0044829
    .0037404
    .0028565
    .0022225
    .0019454
    .0012477
    .0001614
   -.0009599
   -.0018094
   -.0024634
   -.0035837
   -.0041955
   -.0046751
   -.0046722
   -.0044567
   -.0039946
   -.0032982
   -.0027393
   -.0025558
   -.0024903
   -.0022660
   -.0020303
   -.0018009
   -.0015136
   -.0012704
   -.0011674
   -.0011984
   -.0011925
   -.0010081
   -.0008440
   -.0012794
   -.0020850
   -.0026079
   -.0031121
   -.0030498
   -.0027448
   -.0024701
   -.0023355
   -.0023303
   -.0023505
   -.0023478
   -.0023606
   -.0023480
   -.0022607
   -.0021023
   -.0019133
   -.0017382
   -.0015759
   -.0013661
   -.0010894
   -.0007447
   -.0002757
    .0000796
    .0000642
   -.0003185
   -.0010400
   -.0019953
   -.0030626
   -.0042479
   -.0053304
   -.0063253
   -.0071617
   -.0078868
   -.0085690
   -.0092427
   -.0098096
   -.0102592
   -.0107406
   -.0112232
   -.0117172
   -.0120703
   -.0121994
   -.0122778
   -.0124059
   -.0125971
   -.0132275
   -.0138277
   -.0145114
   -.0148904
   -.0149421
   -.0149112
   -.0150981
   -.0152421
   -.0153986
   -.0154703
   -.0155692
   -.0156503
   -.0160255
   -.0162874
   -.0165343
   -.0166613
   -.0168007
   -.0168088
   -.0169172
   -.0170458
   -.0172559
   -.0173364
   -.0175687
   -.0177792
   -.0180387
   -.0182567
   -.0185792
   -.0187580
   -.0189449
   -.0189917
   -.0191138
   -.0191534
   -.0192878
   -.0193559
   -.0195308
   -.0196771
   -.0199572
   -.0201565
   -.0204361
   -.0206715
   -.0209159
   -.0209558
   -.0210024
   -.0209607
   -.0210444
   -.0210878
   -.0211779
   -.0212043
   -.0213372
   -.0213120
   -.0212830
   -.0211038
   -.0209925
   -.0208251
   -.0208199
   -.0207992
   -.0208033
   -.0207269
   -.0207027
   -.0204946
   -.0202939
   -.0200498
   -.0199676
   -.0198909
   -.0198976
   -.0198246
   -.0197681
   -.0195744
   -.0194254
   -.0192366
   -.0191310
   -.0189766
   -.0188890
   -.0187444
   -.0186399
   -.0184560
   -.0183277
   -.0181657
   -.0180555
   -.0178825
   -.0177362
   -.0175041
   -.0172769
   -.0169834
   -.0167297
   -.0164533
   -.0162251
   -.0159729
   -.0157500
   -.0154950
   -.0152613
   -.0149970
   -.0147503
   -.0144772
   -.0142193
   -.0139397
   -.0136717
   -.0133862
   -.0131071
   -.0128167
   -.0125304
   -.0122397
   -.0119476
   -.0116538
   -.0113492
   -.0110481
   -.0107340
   -.0104393
   -.0101319
   -.0098524
   -.0095545
   -.0092861
   -.0089877
   -.0087188
   -.0084094
   -.0081346
   -.0078168
   -.0075480
   -.0072312
   -.0069661
   -.0066406
   -.0063692
   -.0060293
   -.0057540
   -.0054083
   -.0051403
   -.0047971
   -.0045379
   -.0041928
   -.0039357
   -.0035853
   -.0033323
   -.0029816
   -.0027359
   -.0023831
   -.0021395
   -.0017802
   -.0015377
   -.0011735
   -.0009341
   -.0005664
   -.0003313
    .0000392
    .0002713
    .0006448
    .0008714
    .0012445
    .0014630
    .0018357
    .0020491
    .0024234
    .0026309
    .0030068
    .0032086
    .0035855
    .0037811
    .0041604
    .0043526
    .0047372
    .0049281
    .0053182
    .0055058
    .0058992
    .0060836
    .0064803
    .0066628
    .0070635
    .0072464
    .0076512
    .0078365
    .0082450
    .0084359
    .0088476
    .0090492
    .0094622
    .0096806
    .0100894
    .0103353
    .0107327
    .0110267
    .0113977
    .0117790
    .0120890
    .0126434
    .0127696
    .0136251
    .0127956
    .0157799