   -.755182E-06
   -.706271E-06
   -.636804E-06
   -.615319E-06
   -.256744E-06
   -.927270E-06
   -.203435E-05
   -.195057E-05
   -.265971E-05
   -.279524E-05
    .186715E-05
    .398305E-05
   -.216946E-05
   -.323988E-05
    .256845E-05
   -.159714E-05
   -.841304E-05
   -.938851E-05
   -.149948E-04
   -.173747E-04
   -.925789E-05
   -.899956E-05
   -.707874E-05
    .159767E-05
    .372342E-05
   -.156236E-04
   -.324539E-04
   -.383408E-04
   -.338959E-04
   -.358710E-04
   -.371531E-04
   -.467235E-04
   -.596368E-04
   -.572662E-04
    .171931E-04
    .118809E-03
    .101976E-03
    .973101E-05
   -.208980E-06
    .852882E-04
    .104809E-03
    .406319E-05
   -.661723E-04
   -.618971E-04
   -.735178E-04
   -.823888E-04
   -.694594E-04
   -.607424E-04
   -.110022E-03
   -.193312E-03
   -.151788E-03
    .959329E-04
    .149182E-03
    .455215E-04
    .329284E-04
   -.395441E-04
   -.139838E-03
   -.156226E-03
   -.166604E-03
   -.306148E-04
    .107979E-03
   -.134193E-04
   -.127891E-03
   -.875102E-05
    .140096E-03
    .103279E-03
   -.230088E-04
   -.297742E-04
    .994667E-04
    .708367E-04
   -.100987E-03
   -.257172E-03
   -.223442E-03
   -.174021E-03
   -.137450E-03
    .263294E-03
    .514981E-03
    .184793E-03
   -.229820E-03
   -.756551E-04
    .150345E-03
    .126780E-03
    .447010E-05
   -.635236E-04
   -.111218E-03
   -.263975E-03
   -.324059E-03
   -.409418E-03
   -.641270E-03
   -.696173E-03
   -.498435E-03
   -.301332E-03
   -.147565E-03
   -.241487E-03
   -.250873E-03
   -.194980E-03
   -.170077E-04
    .616438E-04
   -.154156E-03
   -.208004E-03
   -.215197E-03
   -.236037E-03
   -.398263E-03
   -.483351E-03
   -.598614E-05
    .343509E-03
    .123508E-03
    .249642E-04
    .340054E-03
    .606395E-03
    .282981E-03
   -.140093E-03
   -.109716E-03
    .293669E-03
    .651326E-03
    .373290E-03
   -.343887E-03
   -.606373E-03
   -.588965E-03
   -.714682E-03
   -.867566E-03
   -.797765E-03
   -.329712E-03
    .689343E-04
    .141470E-03
    .551561E-03
    .839686E-03
    .622756E-03
    .682586E-03
    .779704E-03
    .399602E-03
   -.364929E-04
   -.233297E-03
   -.452135E-03
   -.512036E-03
   -.538845E-03
   -.295832E-03
    .114643E-03
   -.893480E-04
   -.296852E-03
    .836686E-04
    .367424E-03
    .203015E-03
   -.165563E-04
   -.138731E-03
   -.513245E-03
   -.633254E-03
   -.193579E-03
   -.220947E-05
    .140318E-03
   -.199054E-03
   -.935323E-03
   -.129620E-02
   -.993796E-03
   -.753984E-04
    .560837E-03
    .703060E-03
    .498943E-03
   -.101295E-03
   -.296840E-03
   -.411410E-03
   -.527931E-03
   -.377621E-03
   -.341804E-03
    .449415E-04
    .635419E-03
    .641698E-03
    .218674E-03
    .795126E-04
    .194023E-03
   -.516466E-03
   -.111017E-02
   -.294104E-03
    .220190E-03
    .156142E-03
    .480164E-03
    .466906E-03
    .153244E-03
    .419921E-03
    .925490E-03
    .185787E-03
   -.844246E-03
   -.378778E-03
   -.178355E-04
   -.746255E-03
   -.120150E-02
   -.321877E-03
    .678123E-03
    .103987E-02
    .104652E-02
    .597926E-03
    .612608E-03
    .764274E-03
    .124965E-03
   -.312857E-03
   -.462100E-03
   -.288481E-03
   -.509813E-04
   -.337183E-03
   -.420590E-03
    .151785E-03
    .970971E-03
    .823937E-03
   -.313340E-03
   -.682458E-03
   -.139135E-03
    .524079E-04
   -.504981E-03
   -.110764E-02
   -.668736E-03
    .584422E-04
    .927130E-03
    .989368E-03
   -.265304E-03
   -.123746E-02
   -.709887E-03
    .325397E-03
    .472187E-03
   -.229960E-03
    .101757E-03
    .166139E-02
    .194799E-02
    .793330E-03
   -.635411E-03
   -.129004E-02
   -.101936E-02
   -.542121E-03
   -.155843E-03
   -.754397E-03
   -.106731E-02
   -.507961E-04
    .972441E-03
    .138707E-02
    .128792E-02
    .949265E-03
    .583460E-03
    .755007E-03
    .132831E-02
    .403850E-03
   -.163937E-02
   -.236955E-02
   -.175108E-02
   -.130918E-02
   -.180144E-02
   -.147231E-02
    .215818E-03
    .150754E-02
    .135901E-02
    .506117E-03
    .513235E-03
    .100248E-02
    .129083E-02
    .909646E-03
   -.213384E-03
   -.148426E-02
   -.154747E-02
   -.895765E-03
   -.486342E-03
    .310589E-03
    .126958E-02
    .927423E-03
    .125002E-03
    .618857E-03
    .976145E-03
    .371394E-03
   -.552336E-03
   -.631489E-03
    .676132E-04
    .206562E-04
   -.149067E-03
   -.221671E-03
   -.175563E-04
    .100693E-05
   -.114789E-02
   -.232151E-02
   -.339445E-02
   -.313643E-02
   -.819930E-03
    .224909E-02
    .510519E-02
    .604624E-02
    .457862E-02
    .122707E-02
   -.121710E-02
   -.478501E-03
    .171173E-02
    .212620E-02
    .448210E-03
   -.105312E-02
   -.526730E-03
    .131635E-02
    .196849E-02
    .581214E-03
   -.180047E-02
   -.276271E-02
   -.166760E-02
   -.907757E-04
    .518263E-03
    .150789E-02
    .454197E-02
    .629145E-02
    .311084E-02
   -.322762E-02
   -.762676E-02
   -.557134E-02
    .550658E-03
    .413906E-02
    .175378E-02
   -.303594E-02
   -.471826E-02
   -.340238E-02
   -.148159E-02
   -.206857E-02
   -.554488E-02
   -.537296E-02
    .146724E-02
    .787881E-02
    .707162E-02
    .132313E-02
   -.124226E-02
    .215884E-02
    .552341E-02
    .264931E-02
   -.511331E-02
   -.101186E-01
   -.756697E-02
    .294731E-03
    .616282E-02
    .416848E-02
   -.219392E-02
   -.543406E-02
   -.431984E-02
   -.293217E-02
   -.401646E-02
   -.418416E-02
   -.102005E-02
    .276709E-02
    .368425E-02
    .806036E-03
   -.358037E-02
   -.586499E-02
   -.262074E-02
    .325092E-02
    .327306E-02
   -.242828E-02
   -.675170E-02
   -.528394E-02
    .667103E-03
    .545852E-02
    .450389E-02
   -.150272E-02
   -.662636E-02
   -.644379E-02
   -.803414E-03
    .535830E-02
    .604843E-02
    .189900E-02
   -.223853E-02
   -.298046E-02
   -.208822E-02
   -.148059E-02
   -.184355E-02
   -.193994E-02
   -.162234E-03
    .481759E-02
    .996537E-02
    .985164E-02
    .399421E-02
   -.377644E-02
   -.950875E-02
   -.133539E-01
   -.146274E-01
   -.119321E-01
   -.447172E-02
    .514533E-02
    .101786E-01
    .694842E-02
   -.725379E-03
   -.492343E-02
   -.327973E-03
    .959861E-02
    .145793E-01
    .971680E-02
   -.495594E-03
   -.797848E-02
   -.883020E-02
   -.496522E-02
   -.677031E-03
    .646667E-03
    .101270E-02
    .333842E-02
    .568911E-02
    .439780E-02
   -.138667E-02
   -.767737E-02
   -.112034E-01
   -.111139E-01
   -.827954E-02
   -.424918E-02
    .306529E-03
    .560888E-02
    .132297E-01
    .231393E-01
    .287876E-01
    .236322E-01
    .981477E-02
   -.405300E-02
   -.897036E-02
   -.500163E-02
   -.350896E-03
   -.266658E-02
   -.987894E-02
   -.113633E-01
   -.293799E-02
    .766160E-02
    .103432E-01
    .314521E-02
   -.268905E-02
    .444909E-02
    .213309E-01
    .321204E-01
    .243322E-01
    .246116E-02
   -.161302E-01
   -.170246E-01
   -.449794E-02
    .556014E-02
    .196056E-02
   -.134111E-01
   -.257232E-01
   -.199910E-01
   -.673805E-03
    .145824E-01
    .132373E-01
   -.186573E-03
   -.944435E-02
   -.392694E-02
    .131335E-01
    .288238E-01
    .336891E-01
    .289805E-01
    .229459E-01
    .224855E-01
    .270429E-01
    .303863E-01
    .273726E-01
    .198996E-01
    .137044E-01
    .116043E-01
    .906816E-02
   -.197398E-02
   -.235352E-01
   -.493028E-01
   -.708928E-01
   -.819288E-01
   -.769341E-01
   -.526973E-01
   -.134843E-01
    .300765E-01
    .674427E-01
    .925244E-01
    .105388E+00
    .108240E+00
    .100506E+00
    .801222E-01
    .513268E-01
    .257076E-01
    .996904E-02
   -.397371E-02
   -.284785E-01
   -.634984E-01
   -.956552E-01
   -.111937E+00
   -.112174E+00
   -.108227E+00
   -.111043E+00
   -.116287E+00
   -.108303E+00
   -.781147E-01
   -.364107E-01
   -.273192E-02
    .107993E-01
    .630906E-02
   -.360513E-02
   -.216441E-02
    .229394E-01
    .685565E-01
    .112342E+00
    .131635E+00
    .122792E+00
    .101707E+00
    .933706E-01
    .111995E+00
    .143675E+00
    .158243E+00
    .136963E+00
    .910474E-01
    .535651E-01
    .484557E-01
    .650945E-01
    .684071E-01
    .352170E-01
   -.226615E-01
   -.720929E-01
   -.866703E-01
   -.685705E-01
   -.421708E-01
   -.300228E-01
   -.333824E-01
   -.326668E-01
   -.118620E-01
    .222734E-01
    .493444E-01
    .551418E-01
    .438471E-01
    .323006E-01
    .327350E-01
    .413548E-01
    .419413E-01
    .195902E-01
   -.294270E-01
   -.928198E-01
   -.147192E+00
   -.170333E+00
   -.153795E+00
   -.113145E+00
   -.798433E-01
   -.743650E-01
   -.910409E-01
   -.107375E+00
   -.109652E+00
   -.103340E+00
   -.101605E+00
   -.105802E+00
   -.969016E-01
   -.557319E-01
    .129913E-01
    .841788E-01
    .132672E+00
    .148254E+00
    .140301E+00
    .125020E+00
    .112018E+00
    .103322E+00
    .964782E-01
    .875891E-01
    .765069E-01
    .716403E-01
    .788618E-01
    .876606E-01
    .796176E-01
    .469526E-01
   -.267345E-02
   -.522087E-01
   -.865890E-01
   -.104620E+00
   -.112976E+00
   -.112872E+00
   -.991664E-01
   -.692194E-01
   -.331935E-01
   -.139413E-01
   -.298194E-01
   -.758172E-01
   -.127970E+00
   -.164339E+00
   -.178380E+00
   -.176342E+00
   -.165641E+00
   -.145055E+00
   -.110893E+00
   -.653701E-01
   -.148749E-01
    .309047E-01
    .633542E-01
    .835320E-01
    .990966E-01
    .116769E+00
    .134700E+00
    .140987E+00
    .123123E+00
    .782014E-01
    .106499E-01
   -.646414E-01
   -.120769E+00
   -.138971E+00
   -.125949E+00
   -.103120E+00
   -.871595E-01
   -.830511E-01
   -.859866E-01
   -.894009E-01
   -.925854E-01
   -.971683E-01
   -.100237E+00
   -.973222E-01
   -.883699E-01
   -.778612E-01
   -.748747E-01
   -.845406E-01
   -.101318E+00
   -.114284E+00
   -.118538E+00
   -.118277E+00
   -.117865E+00
   -.114831E+00
   -.995376E-01
   -.632113E-01
   -.726397E-02
    .564411E-01
    .113161E+00
    .151806E+00
    .170527E+00
    .173697E+00
    .164004E+00
    .140629E+00
    .105435E+00
    .680604E-01
    .441961E-01
    .455614E-01
    .721287E-01
    .109722E+00
    .140119E+00
    .154811E+00
    .159777E+00
    .165104E+00
    .173228E+00
    .179757E+00
    .180944E+00
    .174832E+00
    .159364E+00
    .134519E+00
    .102427E+00
    .643406E-01
    .243337E-01
   -.104926E-01
   -.351414E-01
   -.488517E-01
   -.532477E-01
   -.487103E-01
   -.354605E-01
   -.167136E-01
    .234790E-02
    .160753E-01
    .204243E-01
    .148550E-01
    .519475E-02
   -.183865E-02
   -.246732E-02
    .698196E-02
    .260552E-01
    .432189E-01
    .422311E-01
    .159624E-01
   -.274750E-01
   -.729622E-01
   -.105181E+00
   -.117387E+00
   -.118728E+00
   -.124028E+00
   -.136960E+00
   -.142025E+00
   -.119236E+00
   -.647461E-01
    .500700E-02
    .640660E-01
    .995976E-01
    .118580E+00
    .133547E+00
    .147084E+00
    .150760E+00
    .137157E+00
    .106937E+00
    .685810E-01
    .319739E-01
   -.197263E-02
   -.389412E-01
   -.840930E-01
   -.134048E+00
   -.174013E+00
   -.189831E+00
   -.182348E+00
   -.165682E+00
   -.156370E+00
   -.158311E+00
   -.154379E+00
   -.119402E+00
   -.453317E-01
    .489058E-01
    .132614E+00
    .184925E+00
    .203564E+00
    .198624E+00
    .182846E+00
    .166500E+00
    .151412E+00
    .129150E+00
    .910939E-01
    .426585E-01
   -.940273E-03
   -.291744E-01
   -.386797E-01
   -.317072E-01
   -.179368E-01
   -.571796E-02
    .692746E-02
    .324140E-01
    .780302E-01
    .134343E+00
    .186636E+00
    .226289E+00
    .251570E+00
    .263313E+00
    .260805E+00
    .244714E+00
    .217327E+00
    .182671E+00
    .141594E+00
    .844119E-01
    .371227E-02
   -.914954E-01
   -.185699E+00
   -.282098E+00
   -.383733E+00
   -.467971E+00
   -.509338E+00
   -.508859E+00
   -.486429E+00
   -.458776E+00
   -.431944E+00
   -.405394E+00
   -.368552E+00
   -.305140E+00
   -.214578E+00
   -.118813E+00
   -.378537E-01
    .291318E-01
    .895129E-01
    .146174E+00
    .198108E+00
    .240781E+00
    .266533E+00
    .267562E+00
    .249194E+00
    .229018E+00
    .215577E+00
    .208090E+00
    .204295E+00
    .197531E+00
    .179590E+00
    .148868E+00
    .113797E+00
    .823324E-01
    .585998E-01
    .461915E-01
    .475781E-01
    .605073E-01
    .799305E-01
    .101122E+00
    .121411E+00
    .139439E+00
    .151309E+00
    .151498E+00
    .135314E+00
    .101668E+00
    .519411E-01
   -.903392E-02
   -.744335E-01
   -.139166E+00
   -.199785E+00
   -.251755E+00
   -.291232E+00
   -.317545E+00
   -.333082E+00
   -.344349E+00
   -.353419E+00
   -.355343E+00
   -.345431E+00
   -.326692E+00
   -.306758E+00
   -.284672E+00
   -.248252E+00
   -.191138E+00
   -.123683E+00
   -.598881E-01
   -.704558E-02
    .279718E-01
    .456325E-01
    .583664E-01
    .804237E-01
    .114498E+00
    .155898E+00
    .196730E+00
    .230548E+00
    .256694E+00
    .277104E+00
    .291140E+00
    .295837E+00
    .290413E+00
    .279742E+00
    .272661E+00
    .274299E+00
    .279583E+00
    .273761E+00
    .238543E+00
    .169873E+00
    .845383E-01
   -.874012E-03
   -.830003E-01
   -.164097E+00
   -.242546E+00
   -.308896E+00
   -.351724E+00
   -.367961E+00
   -.365118E+00
   -.355598E+00
   -.347170E+00
   -.338957E+00
   -.321895E+00
   -.284867E+00
   -.222603E+00
   -.147580E+00
   -.901798E-01
   -.665484E-01
   -.610838E-01
   -.565271E-01
   -.484895E-01
   -.330314E-01
   -.749258E-02
    .249032E-01
    .609716E-01
    .101059E+00
    .144243E+00
    .185909E+00
    .220368E+00
    .244490E+00
    .261081E+00
    .275993E+00
    .293069E+00
    .313574E+00
    .334162E+00
    .348267E+00
    .354628E+00
    .353994E+00
    .346587E+00
    .330906E+00
    .296639E+00
    .235615E+00
    .161759E+00
    .975723E-01
    .465785E-01
   -.513727E-03
   -.462194E-01
   -.907477E-01
   -.132144E+00
   -.161472E+00
   -.177844E+00
   -.188678E+00
   -.203362E+00
   -.222324E+00
   -.240481E+00
   -.255200E+00
   -.259654E+00
   -.252388E+00
   -.237133E+00
   -.220058E+00
   -.206622E+00
   -.197792E+00
   -.189342E+00
   -.181180E+00
   -.174718E+00
   -.169100E+00
   -.167035E+00
   -.176055E+00
   -.199074E+00
   -.228430E+00
   -.253572E+00
   -.270155E+00
   -.273061E+00
   -.252185E+00
   -.204624E+00
   -.140115E+00
   -.695259E-01
    .349529E-02
    .792984E-01
    .158008E+00
    .236897E+00
    .309024E+00
    .368426E+00
    .413635E+00
    .447436E+00
    .473231E+00
    .492504E+00
    .502973E+00
    .500908E+00
    .486803E+00
    .463550E+00
    .433409E+00
    .401421E+00
    .369276E+00
    .327836E+00
    .262995E+00
    .173788E+00
    .747445E-01
   -.152305E-01
   -.819496E-01
   -.126147E+00
   -.157502E+00
   -.187147E+00
   -.222917E+00
   -.260043E+00
   -.284140E+00
   -.286140E+00
   -.266607E+00
   -.231032E+00
   -.182438E+00
   -.120116E+00
   -.503407E-01
    .470876E-02
    .230852E-01
    .926588E-02
   -.101016E-01
   -.187579E-01
   -.212954E-01
   -.265169E-01
   -.373902E-01
   -.561769E-01
   -.842332E-01
   -.116634E+00
   -.142230E+00
   -.150648E+00
   -.136774E+00
   -.102166E+00
   -.539048E-01
   -.114691E-02
    .510252E-01
    .993621E-01
    .137317E+00
    .162556E+00
    .181508E+00
    .201064E+00
    .219451E+00
    .233420E+00
    .242890E+00
    .249132E+00
    .249980E+00
    .239813E+00
    .214234E+00
    .171856E+00
    .114159E+00
    .475200E-01
   -.154135E-01
   -.630937E-01
   -.947688E-01
   -.113744E+00
   -.122304E+00
   -.123184E+00
   -.121114E+00
   -.119809E+00
   -.116379E+00
   -.101228E+00
   -.713459E-01
   -.370156E-01
   -.103899E-01
    .354630E-02
    .706425E-02
    .726384E-02
    .483011E-02
   -.891684E-02
   -.332816E-01
   -.567950E-01
   -.708160E-01
   -.748747E-01
   -.737248E-01
   -.728380E-01
   -.755490E-01
   -.814586E-01
   -.877743E-01
   -.927729E-01
   -.947038E-01
   -.882357E-01
   -.678205E-01
   -.360198E-01
   -.424241E-02
    .160396E-01
    .254756E-01
    .311180E-01
    .355031E-01
    .411730E-01
    .516532E-01
    .660610E-01
    .817688E-01
    .953675E-01
    .104738E+00
    .112859E+00
    .124046E+00
    .136661E+00
    .144646E+00
    .143773E+00
    .134155E+00
    .122963E+00
    .118013E+00
    .120197E+00
    .125788E+00
    .128297E+00
    .121070E+00
    .996675E-01
    .648594E-01
    .213747E-01
   -.236319E-01
   -.648768E-01
   -.968403E-01
   -.115276E+00
   -.123700E+00
   -.134282E+00
   -.155660E+00
   -.187237E+00
   -.223529E+00
   -.258786E+00
   -.288078E+00
   -.305737E+00
   -.305719E+00
   -.287108E+00
   -.257784E+00
   -.225020E+00
   -.189767E+00
   -.152627E+00
   -.115669E+00
   -.854286E-01
   -.660100E-01
   -.596274E-01
   -.679728E-01
   -.858942E-01
   -.101445E+00
   -.105149E+00
   -.970215E-01
   -.860188E-01
   -.834130E-01
   -.944961E-01
   -.114412E+00
   -.132709E+00
   -.142335E+00
   -.142527E+00
   -.136315E+00
   -.126120E+00
   -.114169E+00
   -.102012E+00
   -.902326E-01
   -.751453E-01
   -.539077E-01
   -.265114E-01
    .423267E-02
    .325271E-01
    .537581E-01
    .683580E-01
    .788224E-01
    .850650E-01
    .867770E-01
    .847480E-01
    .809805E-01
    .767802E-01
    .701275E-01
    .590604E-01
    .463228E-01
    .347989E-01
    .252949E-01
    .235114E-01
    .350618E-01
    .575743E-01
    .833345E-01
    .106778E+00
    .127621E+00
    .149116E+00
    .172840E+00
    .195327E+00
    .208352E+00
    .208315E+00
    .199139E+00
    .184808E+00
    .169123E+00
    .154298E+00
    .139081E+00
    .121443E+00
    .103540E+00
    .898556E-01
    .826542E-01
    .799854E-01
    .784200E-01
    .759962E-01
    .717417E-01
    .615536E-01
    .407416E-01
    .106809E-01
   -.235550E-01
   -.564394E-01
   -.842079E-01
   -.109813E+00
   -.137210E+00
   -.162228E+00
   -.179408E+00
   -.189535E+00
   -.197748E+00
   -.208170E+00
   -.219385E+00
   -.226526E+00
   -.224675E+00
   -.207810E+00
   -.170306E+00
   -.117121E+00
   -.634861E-01
   -.223437E-01
    .433548E-02
    .214172E-01
    .325403E-01
    .421050E-01
    .583919E-01
    .852404E-01
    .118899E+00
    .153661E+00
    .182905E+00
    .202712E+00
    .213256E+00
    .213506E+00
    .198864E+00
    .167899E+00
    .125442E+00
    .849899E-01
    .594583E-01
    .499738E-01
    .499967E-01
    .560858E-01
    .677700E-01
    .819575E-01
    .942239E-01
    .998950E-01
    .932483E-01
    .745128E-01
    .535051E-01
    .362798E-01
    .197737E-01
   -.122353E-02
   -.270846E-01
   -.558038E-01
   -.845091E-01
   -.107693E+00
   -.120642E+00
   -.124388E+00
   -.124752E+00
   -.126784E+00
   -.134322E+00
   -.147009E+00
   -.159832E+00
   -.168156E+00
   -.166927E+00
   -.148700E+00
   -.110917E+00
   -.623741E-01
   -.154876E-01
    .246633E-01
    .562224E-01
    .760469E-01
    .832492E-01
    .790319E-01
    .655197E-01
    .467364E-01
    .298645E-01
    .217758E-01
    .235105E-01
    .306383E-01
    .394045E-01
    .492530E-01
    .620100E-01
    .781554E-01
    .948001E-01
    .109916E+00
    .121916E+00
    .129530E+00
    .135549E+00
    .145126E+00
    .157350E+00
    .165849E+00
    .165814E+00
    .153734E+00
    .126389E+00
    .890951E-01
    .555842E-01
    .346881E-01
    .245106E-01
    .186747E-01
    .159008E-01
    .180372E-01
    .266219E-01
    .408672E-01
    .557473E-01
    .658410E-01
    .682771E-01
    .637214E-01
    .523545E-01
    .358082E-01
    .219734E-01
    .153545E-01
    .111233E-01
    .215228E-02
   -.155808E-01
   -.415678E-01
   -.707767E-01
   -.958433E-01
   -.114076E+00
   -.126612E+00
   -.132762E+00
   -.129117E+00
   -.113740E+00
   -.922062E-01
   -.751354E-01
   -.663575E-01
   -.621813E-01
   -.590639E-01
   -.555018E-01
   -.505709E-01
   -.447331E-01
   -.391453E-01
   -.313850E-01
   -.194958E-01
   -.554960E-02
    .613610E-02
    .132835E-01
    .169991E-01
    .199125E-01
    .209263E-01
    .170785E-01
    .684423E-02
   -.813867E-02
   -.231419E-01
   -.340022E-01
   -.397597E-01
   -.416811E-01
   -.418719E-01
   -.419596E-01
   -.442543E-01
   -.510514E-01
   -.622967E-01
   -.756498E-01
   -.868007E-01
   -.933060E-01
   -.929474E-01
   -.866438E-01
   -.791218E-01
   -.741889E-01
   -.729383E-01
   -.745049E-01
   -.770711E-01
   -.758982E-01
   -.673101E-01
   -.548498E-01
   -.437760E-01
   -.377172E-01
   -.406140E-01
   -.504951E-01
   -.598609E-01
   -.631916E-01
   -.606055E-01
   -.533033E-01
   -.417896E-01
   -.264288E-01
   -.835470E-02
    .116251E-01
    .341214E-01
    .593228E-01
    .848380E-01
    .109323E+00
    .130916E+00
    .148624E+00
    .161005E+00
    .162980E+00
    .151619E+00
    .128069E+00
    .959135E-01
    .585094E-01
    .203804E-01
   -.135561E-01
   -.399516E-01
   -.566371E-01
   -.626110E-01
   -.604507E-01
   -.566159E-01
   -.537826E-01
   -.463973E-01
   -.324424E-01
   -.196209E-01
   -.127629E-01
   -.105777E-01
   -.133664E-01
   -.226596E-01
   -.375028E-01
   -.532330E-01
   -.660223E-01
   -.773195E-01
   -.867328E-01
   -.872326E-01
   -.753043E-01
   -.572222E-01
   -.445465E-01
   -.462043E-01
   -.589257E-01
   -.716890E-01
   -.778136E-01
   -.770948E-01
   -.731893E-01
   -.684446E-01
   -.625346E-01
   -.561483E-01
   -.515605E-01
   -.485644E-01
   -.447102E-01
   -.368658E-01
   -.230333E-01
   -.555058E-02
    .105265E-01
    .234965E-01
    .353872E-01
    .492296E-01
    .653034E-01
    .799171E-01
    .896938E-01
    .929117E-01
    .879515E-01
    .761847E-01
    .607537E-01
    .453408E-01
    .348100E-01
    .303638E-01
    .285588E-01
    .262061E-01
    .217979E-01
    .172778E-01
    .171389E-01
    .210758E-01
    .254901E-01
    .291629E-01
    .318915E-01
    .328116E-01
    .336790E-01
    .359802E-01
    .400549E-01
    .489858E-01
    .645634E-01
    .816214E-01
    .936253E-01
    .995080E-01
    .102504E+00
    .106996E+00
    .114486E+00
    .122278E+00
    .125528E+00
    .122434E+00
    .111874E+00
    .931371E-01
    .685423E-01
    .420352E-01
    .182203E-01
    .736222E-03
   -.100245E-01
   -.152813E-01
   -.166437E-01
   -.186276E-01
   -.256402E-01
   -.366059E-01
   -.485742E-01
   -.612869E-01
   -.755471E-01
   -.920333E-01
   -.110242E+00
   -.126332E+00
   -.137041E+00
   -.142491E+00
   -.144189E+00
   -.142596E+00
   -.138658E+00
   -.131348E+00
   -.117660E+00
   -.968627E-01
   -.718415E-01
   -.486090E-01
   -.323250E-01
   -.223284E-01
   -.157274E-01
   -.122444E-01
   -.111742E-01
   -.973340E-02
   -.914516E-02
   -.138667E-01
   -.243856E-01
   -.371690E-01
   -.471144E-01
   -.508085E-01
   -.485157E-01
   -.422228E-01
   -.334613E-01
   -.241455E-01
   -.134116E-01
   -.742411E-04
    .139476E-01
    .272554E-01
    .403439E-01
    .526226E-01
    .640817E-01
    .757073E-01
    .852795E-01
    .906854E-01
    .918889E-01
    .896403E-01
    .836376E-01
    .744904E-01
    .641540E-01
    .555432E-01
    .484363E-01
    .393194E-01
    .298331E-01
    .257922E-01
    .291668E-01
    .372821E-01
    .480925E-01
    .588433E-01
    .679892E-01
    .765444E-01
    .831950E-01
    .855425E-01
    .831341E-01
    .742112E-01
    .593755E-01
    .421060E-01
    .261043E-01
    .143798E-01
    .850819E-02
    .739264E-02
    .100814E-01
    .159076E-01
    .210181E-01
    .214381E-01
    .168517E-01
    .923291E-02
   -.380203E-03
   -.107261E-01
   -.192850E-01
   -.222095E-01
   -.188462E-01
   -.112361E-01
   -.222261E-02
    .517155E-02
    .960480E-02
    .112488E-01
    .120497E-01
    .112543E-01
    .537896E-02
   -.435908E-02
   -.131473E-01
   -.190804E-01
   -.235619E-01
   -.295742E-01
   -.387501E-01
   -.491583E-01
   -.573638E-01
   -.610583E-01
   -.611525E-01
   -.595514E-01
   -.574678E-01
   -.544174E-01
   -.509170E-01
   -.494087E-01
   -.491061E-01
   -.485237E-01
   -.492945E-01
   -.514507E-01
   -.527160E-01
   -.510627E-01
   -.467462E-01
   -.424188E-01
   -.377591E-01
   -.303465E-01
   -.193765E-01
   -.676328E-02
    .750610E-02
    .225676E-01
    .340351E-01
    .388075E-01
    .376201E-01
    .309664E-01
    .195203E-01
    .574764E-02
   -.636697E-02
   -.144961E-01
   -.194543E-01
   -.227140E-01
   -.260530E-01
   -.308670E-01
   -.357774E-01
   -.382535E-01
   -.376975E-01
   -.359750E-01
   -.353180E-01
   -.378065E-01
   -.438885E-01
   -.505248E-01
   -.530762E-01
   -.478165E-01
   -.339939E-01
   -.146585E-01
    .434702E-02
    .195105E-01
    .325919E-01
    .458471E-01
    .573552E-01
    .627327E-01
    .583115E-01
    .435679E-01
    .231934E-01
    .490721E-02
   -.717705E-02
   -.147665E-01
   -.199608E-01
   -.243762E-01
   -.308251E-01
   -.396294E-01
   -.457796E-01
   -.433420E-01
   -.353408E-01
   -.284601E-01
   -.258093E-01
   -.268206E-01
   -.275466E-01
   -.242914E-01
   -.178135E-01
   -.136385E-01
   -.158812E-01
   -.241061E-01
   -.345669E-01
   -.417634E-01
   -.430429E-01
   -.410840E-01
   -.384590E-01
   -.373277E-01
   -.375838E-01
   -.365754E-01
   -.331622E-01
   -.291628E-01
   -.271263E-01
   -.296349E-01
   -.344302E-01
   -.363913E-01
   -.362581E-01
   -.383943E-01
   -.421670E-01
   -.453569E-01
   -.495562E-01
   -.562154E-01
   -.638030E-01
   -.708697E-01
   -.745603E-01
   -.698424E-01
   -.517576E-01
   -.198839E-01
    .193904E-01
    .577058E-01
    .892163E-01
    .112220E+00
    .126881E+00
    .135801E+00
    .140721E+00
    .139864E+00
    .132548E+00
    .120709E+00
    .107104E+00
    .942997E-01
    .818067E-01
    .667070E-01
    .480659E-01
    .281649E-01
    .102046E-01
   -.624061E-02
   -.202798E-01
   -.274294E-01
   -.246390E-01
   -.133720E-01
    .132976E-02
    .146348E-01
    .264227E-01
    .377249E-01
    .461475E-01
    .491746E-01
    .456047E-01
    .371585E-01
    .284459E-01
    .224706E-01
    .187212E-01
    .174687E-01
    .198474E-01
    .255815E-01
    .331969E-01
    .394800E-01
    .444340E-01
    .535018E-01
    .707098E-01
    .933179E-01
    .115253E+00
    .130649E+00
    .136669E+00
    .131116E+00
    .114099E+00
    .915043E-01
    .713513E-01
    .564420E-01
    .445564E-01
    .341666E-01
    .250530E-01
    .186801E-01
    .171888E-01
    .217197E-01
    .315424E-01
    .420486E-01
    .472203E-01
    .440737E-01
    .321870E-01
    .160260E-01
    .429297E-02
    .173568E-02
    .640043E-02
    .144579E-01
    .218086E-01
    .251214E-01
    .269020E-01
    .305535E-01
    .368772E-01
    .447969E-01
    .511158E-01
    .522469E-01
    .443406E-01
    .259359E-01
    .165819E-02
   -.227006E-01
   -.434125E-01
   -.602306E-01
   -.740163E-01
   -.834823E-01
   -.860608E-01
   -.790514E-01
   -.636784E-01
   -.453300E-01
   -.289504E-01
   -.185076E-01
   -.143002E-01
   -.130042E-01
   -.119547E-01
   -.926492E-02
   -.604061E-02
   -.516995E-02
   -.959147E-02
   -.188721E-01
   -.276531E-01
   -.326735E-01
   -.342477E-01
   -.344554E-01
   -.361479E-01
   -.399240E-01
   -.458482E-01
   -.534398E-01
   -.604334E-01
   -.633122E-01
   -.594664E-01
   -.473337E-01
   -.292137E-01
   -.116215E-01
    .456962E-03
    .627429E-02
    .774437E-02
    .651180E-02
    .395459E-02
   -.627765E-03
   -.876147E-02
   -.207619E-01
   -.361890E-01
   -.532659E-01
   -.684936E-01
   -.788101E-01
   -.811065E-01
   -.739977E-01
   -.609974E-01
   -.477926E-01
   -.394602E-01
   -.373046E-01
   -.386974E-01
   -.422694E-01
   -.501610E-01
   -.622961E-01
   -.740895E-01
   -.801539E-01
   -.792509E-01
   -.733535E-01
   -.635262E-01
   -.502508E-01
   -.340628E-01
   -.153637E-01
    .324784E-02
    .193395E-01
    .318951E-01
    .404961E-01
    .441712E-01
    .435518E-01
    .415379E-01
    .416523E-01
    .451886E-01
    .499153E-01
    .520028E-01
    .506440E-01
    .480353E-01
    .473188E-01
    .493043E-01
    .518448E-01
    .523010E-01
    .472063E-01
    .350372E-01
    .178611E-01
    .834137E-03
   -.107797E-01
   -.154849E-01
   -.152110E-01
   -.132702E-01
   -.116094E-01
   -.116262E-01
   -.121689E-01
   -.101180E-01
   -.568405E-02
   -.208289E-02
    .557590E-04
    .162399E-02
    .192565E-02
   -.136816E-02
   -.878333E-02
   -.177856E-01
   -.250816E-01
   -.293133E-01
   -.319429E-01
   -.339421E-01
   -.360237E-01
   -.359843E-01
   -.328384E-01
   -.292507E-01
   -.281118E-01
   -.297137E-01
   -.337350E-01
   -.389880E-01
   -.428618E-01
   -.436190E-01
   -.399281E-01
   -.312055E-01
   -.182576E-01
   -.426319E-02
    .742407E-02
    .157264E-01
    .219113E-01
    .270169E-01
    .309558E-01
    .345340E-01
    .385672E-01
    .422544E-01
    .471194E-01
    .534640E-01
    .597579E-01
    .649068E-01
    .678573E-01
    .692482E-01
    .708224E-01
    .719065E-01
    .731446E-01
    .751617E-01
    .766236E-01
    .754927E-01
    .712463E-01
    .646601E-01
    .565697E-01
    .476804E-01
    .384213E-01
    .299842E-01
    .244052E-01
    .217354E-01
    .222608E-01
    .257943E-01
    .280424E-01
    .250716E-01
    .168941E-01
    .717150E-02
   -.178008E-02
   -.108021E-01
   -.186234E-01
   -.226708E-01
   -.213233E-01
   -.162128E-01
   -.938059E-02
   -.129346E-02
    .727919E-02
    .159302E-01
    .247955E-01
    .329551E-01
    .382595E-01
    .402237E-01
    .399568E-01
    .363668E-01
    .290175E-01
    .212000E-01
    .156335E-01
    .119522E-01
    .766412E-02
   -.175088E-03
   -.107834E-01
   -.216792E-01
   -.304625E-01
   -.365740E-01
   -.411221E-01
   -.440939E-01
   -.444632E-01
   -.410424E-01
   -.325057E-01
   -.203814E-01
   -.733189E-02
    .456253E-02
    .118686E-01
    .124537E-01
    .657856E-02
   -.590644E-02
   -.231170E-01
   -.403669E-01
   -.556446E-01
   -.667997E-01
   -.717654E-01
   -.733361E-01
   -.736393E-01
   -.732555E-01
   -.731773E-01
   -.699666E-01
   -.602075E-01
   -.451357E-01
   -.287680E-01
   -.161612E-01
   -.768970E-02
   -.597218E-03
    .683859E-02
    .129458E-01
    .163227E-01
    .172382E-01
    .157782E-01
    .126766E-01
    .916133E-02
    .771662E-02
    .921853E-02
    .103150E-01
    .906238E-02
    .622487E-02
    .250993E-02
   -.720734E-03
   -.122745E-02
    .272897E-02
    .930935E-02
    .163500E-01
    .241986E-01
    .326388E-01
    .406933E-01
    .480075E-01
    .522372E-01
    .496848E-01
    .387168E-01
    .216827E-01
    .147847E-02
   -.175274E-01
   -.320688E-01
   -.423644E-01
   -.474781E-01
   -.468052E-01
   -.420484E-01
   -.354279E-01
   -.286783E-01
   -.241309E-01
   -.225086E-01
   -.230643E-01
   -.247477E-01
   -.251753E-01
   -.216969E-01
   -.153890E-01
   -.101322E-01
   -.787319E-02
   -.810713E-02
   -.894506E-02
   -.929954E-02
   -.883800E-02
   -.674429E-02
   -.359073E-02
   -.107232E-02
    .195581E-02
    .744246E-02
    .128676E-01
    .157654E-01
    .168016E-01
    .162500E-01
    .133667E-01
    .985588E-02
    .850540E-02
    .106702E-01
    .146760E-01
    .173081E-01
    .165780E-01
    .135296E-01
    .992540E-02
    .588354E-02
    .697703E-03
   -.716522E-02
   -.163883E-01
   -.222793E-01
   -.229748E-01
   -.210485E-01
   -.185348E-01
   -.154516E-01
   -.108189E-01
   -.409546E-02
    .313998E-02
    .829240E-02
    .104427E-01
    .119289E-01
    .148463E-01
    .188250E-01
    .215156E-01
    .200061E-01
    .146730E-01
    .703118E-02
   -.306126E-02
   -.147005E-01
   -.270238E-01
   -.383645E-01
   -.456534E-01
   -.475874E-01
   -.464022E-01
   -.442224E-01
   -.387907E-01
   -.288604E-01
   -.152790E-01
   -.179904E-03
    .134374E-01
    .251366E-01
    .344309E-01
    .402442E-01
    .422651E-01
    .401105E-01
    .333268E-01
    .234137E-01
    .128255E-01
    .334554E-02
   -.456363E-02
   -.994252E-02
   -.123718E-01
   -.118032E-01
   -.103694E-01
   -.109341E-01
   -.123313E-01
   -.110129E-01
   -.558630E-02
    .322675E-02
    .128565E-01
    .197232E-01
    .201132E-01
    .142268E-01
    .592365E-02
   -.100964E-02
   -.532105E-02
   -.890165E-02
   -.139148E-01
   -.196649E-01
   -.246728E-01
   -.275021E-01
   -.282732E-01
   -.284214E-01
   -.283856E-01
   -.278207E-01
   -.260786E-01
   -.220581E-01
   -.146731E-01
   -.486375E-02
    .470052E-02
    .123747E-01
    .171111E-01
    .195001E-01
    .213042E-01
    .237589E-01
    .281909E-01
    .334680E-01
    .356993E-01
    .330290E-01
    .265713E-01
    .178994E-01
    .104221E-01
    .729457E-02
    .654565E-02
    .594642E-02
    .586536E-02
    .582148E-02
    .480824E-02
    .270446E-02
   -.181580E-02
   -.715862E-02
   -.997616E-02
   -.100786E-01
   -.865463E-02
   -.678141E-02
   -.491207E-02
   -.215437E-02
    .166970E-02
    .444293E-02
    .513881E-02
    .353138E-02
    .519729E-03
   -.283646E-02
   -.616407E-02
   -.891804E-02
   -.100357E-01
   -.974091E-02
   -.823769E-02
   -.346904E-02
    .356722E-02
    .966779E-02
    .133753E-01
    .154619E-01
    .157756E-01
    .128814E-01
    .582854E-02
   -.379198E-02
   -.121443E-01
   -.167386E-01
   -.177382E-01
   -.176262E-01
   -.183114E-01
   -.199284E-01
   -.226704E-01
   -.261890E-01
   -.290799E-01
   -.307992E-01
   -.315880E-01
   -.321659E-01
   -.316397E-01
   -.272672E-01
   -.193462E-01
   -.111123E-01
   -.376047E-02
    .344254E-02
    .877856E-02
    .109392E-01
    .107070E-01
    .919705E-02
    .732081E-02
    .453723E-02
    .113281E-02
   -.728528E-03
    .961758E-03
    .721969E-02
    .154562E-01
    .231418E-01
    .296854E-01
    .343912E-01
    .374639E-01
    .395708E-01
    .379755E-01
    .317558E-01
    .223570E-01
    .116746E-01
    .260559E-02
   -.268014E-02
   -.540207E-02
   -.697095E-02
   -.722139E-02
   -.769750E-02
   -.101806E-01
   -.136290E-01
   -.165114E-01
   -.183604E-01
   -.198542E-01
   -.205735E-01
   -.198419E-01
   -.203491E-01
   -.230533E-01
   -.250340E-01
   -.246881E-01
   -.225412E-01
   -.179564E-01
   -.124413E-01
   -.531597E-02
    .408297E-02
    .147418E-01
    .256029E-01
    .347591E-01
    .417614E-01
    .483476E-01
    .548554E-01
    .604747E-01
    .645680E-01
    .657582E-01
    .632521E-01
    .577813E-01
    .503061E-01
    .423576E-01
    .358526E-01
    .308330E-01
    .263078E-01
    .204768E-01
    .143731E-01
    .103760E-01
    .886159E-02
    .870387E-02
    .100598E-01
    .135512E-01
    .186678E-01
    .257513E-01
    .336369E-01
    .385366E-01
    .385343E-01
    .347892E-01
    .290074E-01
    .222068E-01
    .141962E-01
    .479719E-02
   -.534153E-02
   -.152806E-01
   -.230961E-01
   -.269451E-01
   -.290301E-01
   -.289102E-01
   -.244408E-01
   -.174950E-01
   -.934996E-02
   -.133387E-03
    .821059E-02
    .144023E-01
    .193687E-01
    .218236E-01
    .213413E-01
    .188122E-01
    .147754E-01
    .959174E-02
    .359035E-02
   -.408204E-02
   -.117697E-01
   -.173476E-01
   -.222683E-01
   -.262342E-01
   -.280466E-01
   -.307307E-01
   -.362237E-01
   -.414477E-01
   -.451869E-01
   -.470022E-01
   -.455287E-01
   -.413957E-01
   -.362131E-01
   -.308179E-01
   -.259676E-01
   -.211772E-01
   -.167840E-01
   -.147504E-01
   -.144161E-01
   -.147338E-01
   -.171391E-01
   -.221172E-01
   -.267788E-01
   -.302564E-01
   -.339058E-01
   -.383003E-01
   -.429539E-01
   -.473196E-01
   -.498010E-01
   -.499336E-01
   -.462654E-01
   -.390012E-01
   -.319365E-01
   -.264621E-01
   -.211361E-01
   -.163788E-01
   -.126246E-01
   -.103490E-01
   -.104815E-01
   -.133633E-01
   -.175949E-01
   -.228561E-01
   -.290483E-01
   -.338343E-01
   -.355472E-01
   -.337105E-01
   -.295422E-01
   -.256883E-01
   -.235784E-01
   -.225942E-01
   -.220304E-01
   -.201753E-01
   -.154424E-01
   -.899425E-02
   -.304723E-02
    .208401E-02
    .629626E-02
    .961426E-02
    .125593E-01
    .160721E-01
    .199605E-01
    .219825E-01
    .221432E-01
    .222467E-01
    .222401E-01
    .219134E-01
    .223041E-01
    .220187E-01
    .196675E-01
    .167376E-01
    .163976E-01
    .187161E-01
    .209901E-01
    .213394E-01
    .194911E-01
    .163016E-01
    .117181E-01
    .731561E-02
    .444358E-02
    .283561E-02
    .412291E-02
    .828263E-02
    .123537E-01
    .152070E-01
    .174397E-01
    .179054E-01
    .161851E-01
    .136306E-01
    .960199E-02
    .432319E-02
    .110510E-04
   -.213622E-02
   -.356483E-02
   -.554191E-02
   -.864670E-02
   -.106725E-01
   -.961651E-02
   -.736264E-02
   -.482128E-02
   -.767095E-03
    .542941E-02
    .132913E-01
    .209224E-01
    .259401E-01
    .283265E-01
    .289651E-01
    .295946E-01
    .310506E-01
    .319574E-01
    .313199E-01
    .304460E-01
    .293937E-01
    .275379E-01
    .249734E-01
    .215128E-01
    .172305E-01
    .114571E-01
    .446396E-02
   -.168512E-02
   -.629908E-02
   -.990186E-02
   -.119173E-01
   -.120567E-01
   -.113866E-01
   -.109673E-01
   -.108125E-01
   -.102007E-01
   -.848137E-02
   -.618693E-02
   -.395612E-02
   -.358978E-03
    .459514E-02
    .904208E-02
    .119265E-01
    .123221E-01
    .103713E-01
    .796813E-02
    .535674E-02
    .224034E-02
   -.377113E-03
   -.148724E-02
   -.112439E-02
    .843970E-03
    .324596E-02
    .488229E-02
    .540850E-02
    .518320E-02
    .489431E-02
    .463512E-02
    .383447E-02
    .203686E-02
   -.987677E-03
   -.396372E-02
   -.528319E-02
   -.555573E-02
   -.533937E-02
   -.379253E-02
   -.170063E-02
   -.605361E-03
   -.141801E-02
   -.499785E-02
   -.105860E-01
   -.172847E-01
   -.244490E-01
   -.294821E-01
   -.311771E-01
   -.301599E-01
   -.280916E-01
   -.267858E-01
   -.256595E-01
   -.227260E-01
   -.170167E-01
   -.921358E-02
   -.179257E-02
    .377014E-02
    .745429E-02
    .793353E-02
    .583052E-02
    .348852E-02
    .121898E-02
   -.288389E-04
    .519115E-03
    .618996E-03
    .404485E-03
    .120488E-02
    .370017E-02
    .804135E-02
    .141126E-01
    .201689E-01
    .249096E-01
    .288773E-01
    .316946E-01
    .334771E-01
    .338570E-01
    .322954E-01
    .282821E-01
    .210442E-01
    .113296E-01
    .177679E-02
   -.709508E-02
   -.147813E-01
   -.198875E-01
   -.227730E-01
   -.245836E-01
   -.238838E-01
   -.206532E-01
   -.160539E-01
   -.101826E-01
   -.410023E-02
    .111967E-02
    .572791E-02
    .852935E-02
    .860857E-02
    .701651E-02
    .400561E-02
    .306019E-03
   -.314864E-02
   -.693477E-02
   -.111299E-01
   -.130266E-01
   -.109280E-01
   -.746540E-02
   -.392957E-02
    .188584E-03
    .403975E-02
    .751183E-02
    .109490E-01
    .138424E-01
    .160606E-01
    .169420E-01
    .168387E-01
    .160255E-01
    .143290E-01
    .105863E-01
    .544967E-02
    .711289E-04
   -.575620E-02
   -.107222E-01
   -.140932E-01
   -.161978E-01
   -.156963E-01
   -.114950E-01
   -.483058E-02
    .140582E-02
    .757594E-02
    .139661E-01
    .186630E-01
    .217961E-01
    .234523E-01
    .230894E-01
    .207760E-01
    .161293E-01
    .939306E-02
    .240160E-02
   -.301000E-02
   -.511033E-02
   -.403469E-02
   -.179561E-02
    .284844E-03
    .298037E-02
    .740841E-02
    .118935E-01
    .151228E-01
    .153103E-01
    .112540E-01
    .449273E-02
   -.274364E-02
   -.937077E-02
   -.143803E-01
   -.183404E-01
   -.219932E-01
   -.253321E-01
   -.280567E-01
   -.294498E-01
   -.290932E-01
   -.270744E-01
   -.248807E-01
   -.215974E-01
   -.160158E-01
   -.923438E-02
   -.220345E-02
    .491935E-02
    .114346E-01
    .159725E-01
    .171809E-01
    .161649E-01
    .141028E-01
    .117177E-01
    .892057E-02
    .686228E-02
    .690812E-02
    .775659E-02
    .872027E-02
    .910449E-02
    .800543E-02
    .683200E-02
    .604582E-02
    .483160E-02
    .308047E-02
   -.612004E-04
   -.410388E-02
   -.786514E-02
   -.114776E-01
   -.149400E-01
   -.169855E-01
   -.183477E-01
   -.206257E-01
   -.223925E-01
   -.227660E-01
   -.231497E-01
   -.216599E-01
   -.165284E-01
   -.101774E-01
   -.595992E-02
   -.376284E-02
   -.244917E-02
   -.273325E-02
   -.376211E-02
   -.448882E-02
   -.432275E-02
   -.347509E-02
   -.255701E-02
   -.194069E-02
   -.111721E-02
   -.847166E-03
   -.768418E-03
    .648011E-03
    .202283E-02
    .137319E-02
   -.938399E-03
   -.356168E-02
   -.651666E-02
   -.110360E-01
   -.168334E-01
   -.209337E-01
   -.221732E-01
   -.215934E-01
   -.195669E-01
   -.161154E-01
   -.126380E-01
   -.101342E-01
   -.875236E-02
   -.726532E-02
   -.470891E-02
   -.264614E-02
   -.206220E-02
   -.109427E-02
    .166455E-02
    .457931E-02
    .764986E-02
    .115090E-01
    .147843E-01
    .173796E-01
    .192382E-01
    .200769E-01
    .194611E-01
    .166543E-01
    .118981E-01
    .667494E-02
    .217636E-02
    .307328E-03
    .247402E-02
    .725411E-02
    .135538E-01
    .197905E-01
    .258574E-01
    .306180E-01
    .329721E-01
    .331081E-01
    .323551E-01
    .308289E-01
    .280221E-01
    .245737E-01
    .211420E-01
    .187242E-01
    .182994E-01
    .185465E-01
    .171220E-01
    .137087E-01
    .927858E-02
    .595228E-02
    .443523E-02
    .433415E-02
    .461530E-02
    .376515E-02
    .257598E-02
    .154027E-02
   -.972769E-03
   -.445817E-02
   -.562148E-02
   -.303156E-02
    .924031E-03
    .471416E-02
    .713903E-02
    .729148E-02
    .637426E-02
    .454227E-02
    .158747E-02
   -.156803E-02
   -.369285E-02
   -.448777E-02
   -.442220E-02
   -.400751E-02
   -.435422E-02
   -.650996E-02
   -.831245E-02
   -.759888E-02
   -.659837E-02
   -.733745E-02
   -.888307E-02
   -.100334E-01
   -.115224E-01
   -.127677E-01
   -.129615E-01
   -.119033E-01
   -.909752E-02
   -.503090E-02
    .287384E-03
    .649861E-02
    .114864E-01
    .141538E-01
    .141137E-01
    .108126E-01
    .477919E-02
   -.216979E-02
   -.822012E-02
   -.127152E-01
   -.151288E-01
   -.154644E-01
   -.169291E-01
   -.182689E-01
   -.160589E-01
   -.116109E-01
   -.707984E-02
   -.254284E-02
    .208778E-02
    .642044E-02
    .875429E-02
    .821562E-02
    .512215E-02
    .911004E-03
   -.306028E-02
   -.667765E-02
   -.976329E-02
   -.113871E-01
   -.106035E-01
   -.836313E-02
   -.644729E-02
   -.580794E-02
   -.556436E-02
   -.435687E-02
   -.375151E-02
   -.397759E-02
   -.355794E-02
   -.338668E-02
   -.404881E-02
   -.400882E-02
   -.272048E-02
   -.115522E-02
    .943625E-03
    .262844E-02
    .204338E-02
    .119189E-03
   -.213904E-02
   -.445093E-02
   -.489397E-02
   -.281136E-02
    .170426E-03
    .268564E-02
    .388018E-02
    .323164E-02
    .789297E-03
   -.329976E-02
   -.739306E-02
   -.102205E-01
   -.127702E-01
   -.157320E-01
   -.182699E-01
   -.196055E-01
   -.204993E-01
   -.194871E-01
   -.162266E-01
   -.132379E-01
   -.119548E-01
   -.113491E-01
   -.901979E-02
   -.597580E-02
   -.420226E-02
   -.434649E-02
   -.537773E-02
   -.623349E-02
   -.819250E-02
   -.110843E-01
   -.126050E-01
   -.138397E-01
   -.155271E-01
   -.174278E-01
   -.194224E-01
   -.206095E-01
   -.204406E-01
   -.187963E-01
   -.148932E-01
   -.953907E-02
   -.422454E-02
    .818634E-03
    .489426E-02
    .781232E-02
    .104071E-01
    .131068E-01
    .137660E-01
    .129717E-01
    .128842E-01
    .122820E-01
    .878292E-02
    .328514E-02
   -.391985E-03
   -.155458E-02
   -.289355E-02
   -.482000E-02
   -.496708E-02
   -.252996E-02
    .131695E-02
    .694680E-02
    .131489E-01
    .169237E-01
    .187097E-01
    .198335E-01
    .205940E-01
    .210588E-01
    .214599E-01
    .236872E-01
    .271555E-01
    .284768E-01
    .273985E-01
    .260221E-01
    .256905E-01
    .263241E-01
    .279618E-01
    .300603E-01
    .303405E-01
    .288248E-01
    .272002E-01
    .252029E-01
    .221386E-01
    .185651E-01
    .158915E-01
    .153011E-01
    .159285E-01
    .164761E-01
    .170473E-01
    .174823E-01
    .162291E-01
    .137886E-01
    .117732E-01
    .110768E-01
    .125456E-01
    .153739E-01
    .175519E-01
    .183486E-01
    .181666E-01
    .177818E-01
    .178630E-01
    .176575E-01
    .164510E-01
    .149132E-01
    .129738E-01
    .974525E-02
    .640908E-02
    .433865E-02
    .240113E-02
    .867122E-03
    .408331E-03
    .101462E-02
    .170561E-02
    .214941E-02
    .309358E-02
    .491201E-02
    .469457E-02
    .650137E-03
   -.479456E-02
   -.975815E-02
   -.146736E-01
   -.189506E-01
   -.208993E-01
   -.205946E-01
   -.197245E-01
   -.191175E-01
   -.180089E-01
   -.164393E-01
   -.150928E-01
   -.140129E-01
   -.133644E-01
   -.135568E-01
   -.145051E-01
   -.155498E-01
   -.162034E-01
   -.155574E-01
   -.133953E-01
   -.116224E-01
   -.114884E-01
   -.117898E-01
   -.114947E-01
   -.104072E-01
   -.887221E-02
   -.859657E-02
   -.964534E-02
   -.115480E-01
   -.135582E-01
   -.148316E-01
   -.150630E-01
   -.147849E-01
   -.152787E-01
   -.170213E-01
   -.185408E-01
   -.182412E-01
   -.168661E-01
   -.165361E-01
   -.160176E-01
   -.137690E-01
   -.115943E-01
   -.108956E-01
   -.105309E-01
   -.937265E-02
   -.785893E-02
   -.804164E-02
   -.978228E-02
   -.111930E-01
   -.118777E-01
   -.112546E-01
   -.992769E-02
   -.924116E-02
   -.894717E-02
   -.778379E-02
   -.676142E-02
   -.772817E-02
   -.104653E-01
   -.133912E-01
   -.148933E-01
   -.146738E-01
   -.146523E-01
   -.156126E-01
   -.170677E-01
   -.181609E-01
   -.191010E-01
   -.194161E-01
   -.176601E-01
   -.144440E-01
   -.120081E-01
   -.103907E-01
   -.906166E-02
   -.776184E-02
   -.536730E-02
   -.294548E-02
   -.202481E-02
   -.203012E-02
   -.715619E-03
    .236124E-02
    .602505E-02
    .866765E-02
    .997045E-02
    .107378E-01
    .112534E-01
    .111807E-01
    .932204E-02
    .561206E-02
    .186618E-02
   -.222357E-03
   -.208146E-02
   -.468025E-02
   -.627238E-02
   -.562292E-02
   -.341902E-02
   -.463640E-03
    .371591E-02
    .819422E-02
    .115218E-01
    .130279E-01
    .133394E-01
    .134076E-01
    .133712E-01
    .135660E-01
    .139889E-01
    .146692E-01
    .149024E-01
    .130488E-01
    .986697E-02
    .700268E-02
    .524482E-02
    .454764E-02
    .414927E-02
    .437427E-02
    .535383E-02
    .618346E-02
    .720024E-02
    .839865E-02
    .891176E-02
    .880755E-02
    .919101E-02
    .105926E-01
    .128726E-01
    .153526E-01
    .167659E-01
    .169351E-01
    .172282E-01
    .177438E-01
    .179645E-01
    .183951E-01
    .188763E-01
    .187443E-01
    .186970E-01
    .203037E-01
    .220808E-01
    .226419E-01
    .222553E-01
    .204479E-01
    .174637E-01
    .147166E-01
    .124219E-01
    .108689E-01
    .106925E-01
    .120221E-01
    .138122E-01
    .152598E-01
    .157747E-01
    .154341E-01
    .134069E-01
    .947769E-02
    .555234E-02
    .278605E-02
    .135935E-02
    .175089E-02
    .275255E-02
    .212136E-02
    .247845E-03
   -.171188E-02
   -.277224E-02
   -.282812E-02
   -.241539E-02
   -.215802E-02
   -.376047E-02
   -.724244E-02
   -.109819E-01
   -.139113E-01
   -.157463E-01
   -.162649E-01
   -.152450E-01
   -.127888E-01
   -.104122E-01
   -.950131E-02
   -.995843E-02
   -.106375E-01
   -.116182E-01
   -.128310E-01
   -.136295E-01
   -.139451E-01
   -.137346E-01
   -.130075E-01
   -.125564E-01
   -.121427E-01
   -.110692E-01
   -.931235E-02
   -.755249E-02
   -.605593E-02
   -.517487E-02
   -.493872E-02
   -.507243E-02
   -.651167E-02
   -.886319E-02
   -.103750E-01
   -.110448E-01
   -.113538E-01
   -.113104E-01
   -.110171E-01
   -.110567E-01
   -.126382E-01
   -.148150E-01
   -.150154E-01
   -.132011E-01
   -.106069E-01
   -.890639E-02
   -.828879E-02
   -.646699E-02
   -.206804E-02
    .301483E-02
    .540029E-02
    .524489E-02
    .363266E-02
    .111524E-03
   -.397001E-02
   -.736515E-02
   -.884816E-02
   -.800363E-02
   -.610056E-02
   -.388770E-02
   -.139068E-02
    .158785E-02
    .469051E-02
    .705650E-02
    .834097E-02
    .953085E-02
    .117061E-01
    .141154E-01
    .149422E-01
    .145552E-01
    .133073E-01
    .115857E-01
    .100938E-01
    .906497E-02
    .734494E-02
    .411552E-02
    .380684E-04
   -.383171E-02
   -.625434E-02
   -.656465E-02
   -.552344E-02
   -.439091E-02
   -.275101E-02
   -.121385E-02
   -.470630E-03
   -.457841E-03
   -.476973E-03
   -.266903E-03
    .538025E-04
    .579611E-03
    .121572E-02
    .237747E-02
    .290790E-02
    .245230E-02
    .105239E-02
   -.174857E-02
   -.408002E-02
   -.456844E-02
   -.451118E-02
   -.478772E-02
   -.508990E-02
   -.529677E-02
   -.519929E-02
   -.396972E-02
   -.211744E-02
   -.177156E-02
   -.335112E-02
   -.500653E-02
   -.439503E-02
   -.367645E-02
   -.406021E-02
   -.494706E-02
   -.664931E-02
   -.835872E-02
   -.884587E-02
   -.839199E-02
   -.769006E-02
   -.682999E-02
   -.670309E-02
   -.774692E-02
   -.947349E-02
   -.926932E-02
   -.735475E-02
   -.619179E-02
   -.628166E-02
   -.655327E-02
   -.638768E-02
   -.604832E-02
   -.584201E-02
   -.573782E-02
   -.574555E-02
   -.633453E-02
   -.745195E-02
   -.781776E-02
   -.636026E-02
   -.460307E-02
   -.370264E-02
   -.247220E-02
   -.131281E-02
   -.150671E-02
   -.247494E-02
   -.176051E-02
    .864168E-03
    .263155E-02
    .277497E-02
    .284501E-02
    .415275E-02
    .662103E-02
    .849548E-02
    .922526E-02
    .970457E-02
    .106523E-01
    .121463E-01
    .141773E-01
    .163140E-01
    .179522E-01
    .194186E-01
    .212142E-01
    .225280E-01
    .225635E-01
    .218925E-01
    .217206E-01
    .220525E-01
    .212036E-01
    .195433E-01
    .182780E-01
    .168882E-01
    .151353E-01
    .126838E-01
    .998610E-02
    .873733E-02
    .971642E-02
    .119639E-01
    .144925E-01
    .156424E-01
    .152597E-01
    .145304E-01
    .122969E-01
    .894047E-02
    .684115E-02
    .545340E-02
    .525272E-02
    .669936E-02
    .763934E-02
    .648074E-02
    .408927E-02
    .221476E-02
    .138596E-02
    .159948E-02
    .235456E-02
    .362357E-02
    .537908E-02
    .666848E-02
    .680251E-02
    .568696E-02
    .350657E-02
    .179550E-02
    .479845E-03
   -.184350E-02
   -.490740E-02
   -.742298E-02
   -.815818E-02
   -.744962E-02
   -.596199E-02
   -.350948E-02
   -.765295E-03
    .122480E-02
    .204905E-02
    .143359E-02
    .163066E-03
   -.646860E-03
   -.750957E-03
   -.237283E-02
   -.499875E-02
   -.659879E-02
   -.819652E-02
   -.102706E-01
   -.118314E-01
   -.129693E-01
   -.140670E-01
   -.146132E-01
   -.144643E-01
   -.143058E-01
   -.143254E-01
   -.142474E-01
   -.136165E-01
   -.116575E-01
   -.953861E-02
   -.882558E-02
   -.863277E-02
   -.789652E-02
   -.733574E-02
   -.810933E-02
   -.972928E-02
   -.117904E-01
   -.136666E-01
   -.138394E-01
   -.132506E-01
   -.123366E-01
   -.113076E-01
   -.106996E-01
   -.100838E-01
   -.859493E-02
   -.684200E-02
   -.622182E-02
   -.599172E-02
   -.566322E-02
   -.547438E-02
   -.588336E-02
   -.771391E-02
   -.953736E-02
   -.980283E-02
   -.911978E-02
   -.863005E-02
   -.856521E-02
   -.837034E-02
   -.741831E-02
   -.552333E-02
   -.311855E-02
   -.178250E-02
   -.149481E-02
   -.207312E-02
   -.304973E-02
   -.383946E-02
   -.464956E-02
   -.434638E-02
   -.266796E-02
   -.874884E-03
   -.237783E-03
    .519229E-03
    .237117E-02
    .381440E-02
    .399762E-02
    .348004E-02
    .197583E-02
    .719492E-04
   -.136363E-02
   -.162065E-02
   -.352425E-03
   -.593772E-03
   -.302544E-02
   -.506096E-02
   -.562305E-02
   -.646232E-02
   -.936411E-02
   -.121382E-01
   -.126307E-01
   -.107991E-01
   -.734288E-02
   -.464972E-02
   -.302432E-02
   -.588122E-03
    .148384E-02
    .272626E-02
    .296500E-02
    .142066E-02
   -.131749E-02
   -.386887E-02
   -.495472E-02
   -.453076E-02
   -.332560E-02
   -.197760E-02
   -.384369E-03
    .188032E-02
    .443671E-02
    .597123E-02
    .753546E-02
    .906197E-02
    .923304E-02
    .826002E-02
    .688326E-02
    .624816E-02
    .620004E-02
    .585205E-02
    .620692E-02
    .686503E-02
    .711712E-02
    .735859E-02
    .794341E-02
    .843501E-02
    .839223E-02
    .911512E-02
    .104808E-01
    .117164E-01
    .128780E-01
    .135461E-01
    .135596E-01
    .137341E-01
    .140267E-01
    .143701E-01
    .151953E-01
    .152500E-01
    .151435E-01
    .150724E-01
    .139444E-01
    .111399E-01
    .823843E-02
    .640898E-02
    .619611E-02
    .774680E-02
    .893811E-02
    .103800E-01
    .129780E-01
    .149438E-01
    .153600E-01
    .157189E-01
    .160755E-01
    .155507E-01
    .144794E-01
    .131486E-01
    .118996E-01
    .119218E-01
    .129165E-01
    .134786E-01
    .131076E-01
    .115646E-01
    .100192E-01
    .908800E-02
    .774307E-02
    .623506E-02
    .441867E-02
    .269734E-02
    .806018E-03
   -.125921E-02
   -.227937E-02
   -.133210E-02
   -.186583E-03
   -.238704E-03
   -.288758E-03
   -.319704E-03
   -.676588E-03
   -.568775E-03
   -.837650E-03
   -.208696E-02
   -.367288E-02
   -.599254E-02
   -.795675E-02
   -.846220E-02
   -.860537E-02
   -.912321E-02
   -.950955E-02
   -.992237E-02
   -.965796E-02
   -.837980E-02
   -.783796E-02
   -.820274E-02
   -.842428E-02
   -.860622E-02
   -.933073E-02
   -.105576E-01
   -.120776E-01
   -.127227E-01
   -.118757E-01
   -.101679E-01
   -.870832E-02
   -.858816E-02
   -.913203E-02
   -.923088E-02
   -.954250E-02
   -.991054E-02
   -.915449E-02
   -.772898E-02
   -.682888E-02
   -.768726E-02
   -.955687E-02
   -.107117E-01
   -.111893E-01
   -.106668E-01
   -.876799E-02
   -.679061E-02
   -.558511E-02
   -.545497E-02
   -.572766E-02
   -.575359E-02
   -.494142E-02
   -.299637E-02
   -.394766E-03
    .866919E-03
   -.994786E-03
   -.429700E-02
   -.786892E-02
   -.103991E-01
   -.108142E-01
   -.106165E-01
   -.122019E-01
   -.144910E-01
   -.167641E-01
   -.190147E-01
   -.204727E-01
   -.217695E-01
   -.233893E-01
   -.245903E-01
   -.239899E-01
   -.215094E-01
   -.173908E-01
   -.124847E-01
   -.701266E-02
   -.193810E-02
    .128527E-02
    .181428E-02
    .828860E-03
    .860912E-03
    .105045E-02
    .208165E-04
   -.251614E-03
    .136537E-02
    .266473E-02
    .233067E-02
    .161860E-02
    .993105E-03
    .234100E-03
    .141810E-03
    .106868E-02
    .326938E-02
    .579440E-02
    .744325E-02
    .879990E-02
    .913571E-02
    .896824E-02
    .995225E-02
    .115330E-01
    .118115E-01
    .111440E-01
    .104963E-01
    .901336E-02
    .621970E-02
    .342190E-02
    .175082E-02
    .103434E-02
    .132594E-02
    .150111E-02
    .204378E-02
    .332054E-02
    .382392E-02
    .372397E-02
    .439900E-02
    .521681E-02
    .593717E-02
    .759271E-02
    .888369E-02
    .903347E-02
    .932791E-02
    .972448E-02
    .884549E-02
    .745204E-02
    .550404E-02
    .346900E-02
    .190900E-02
    .977276E-03
    .124423E-02
    .312130E-02
    .581666E-02
    .872038E-02
    .120182E-01
    .144979E-01
    .155632E-01
    .161223E-01
    .166543E-01
    .169343E-01
    .170149E-01
    .158703E-01
    .133381E-01
    .115600E-01
    .997799E-02
    .747506E-02
    .538082E-02
    .541586E-02
    .694498E-02
    .877777E-02
    .926965E-02
    .828630E-02
    .743201E-02
    .669608E-02
    .530060E-02
    .372901E-02
    .191482E-02
    .581364E-04
   -.119176E-03
    .735174E-03
   -.191242E-03
   -.197206E-02
   -.262332E-02
   -.265159E-02
   -.277581E-02
   -.333116E-02
   -.374832E-02
   -.314851E-02
   -.179652E-02
    .923125E-04
    .253284E-02
    .415341E-02
    .435318E-02
    .434746E-02
    .426388E-02
    .363584E-02
    .326368E-02
    .344713E-02
    .378917E-02
    .329498E-02
    .214989E-02
    .986001E-03
   -.177916E-04
   -.115177E-02
   -.214494E-02
   -.147615E-02
    .524116E-03
    .255644E-02
    .557345E-02
    .931834E-02
    .114958E-01
    .120740E-01
    .116579E-01
    .954537E-02
    .673820E-02
    .390321E-02
    .752048E-03
   -.145776E-02
   -.375479E-02
   -.755483E-02
   -.118043E-01
   -.150437E-01
   -.171071E-01
   -.175569E-01
   -.160015E-01
   -.137643E-01
   -.114365E-01
   -.912584E-02
   -.720591E-02
   -.591527E-02
   -.496267E-02
   -.517692E-02
   -.553161E-02
   -.530058E-02
   -.587766E-02
   -.802478E-02
   -.109546E-01
   -.128420E-01
   -.127042E-01
   -.112945E-01
   -.107725E-01
   -.110097E-01
   -.102242E-01
   -.808214E-02
   -.587317E-02
   -.486243E-02
   -.530762E-02
   -.627592E-02
   -.718881E-02
   -.696400E-02
   -.576351E-02
   -.604240E-02
   -.719796E-02
   -.757489E-02
   -.754585E-02
   -.847932E-02
   -.968286E-02
   -.991147E-02
   -.911031E-02
   -.735657E-02
   -.547486E-02
   -.395634E-02
   -.233700E-02
   -.584811E-03
    .123401E-02
    .312815E-02
    .338635E-02
    .257776E-02
    .318164E-02
    .378431E-02
    .258617E-02
    .102206E-02
    .182462E-04
   -.437130E-03
   -.699247E-03
   -.161161E-02
   -.297342E-02
   -.434718E-02
   -.565060E-02
   -.621149E-02
   -.621446E-02
   -.631923E-02
   -.633071E-02
   -.623575E-02
   -.563776E-02
   -.420418E-02
   -.348453E-02
   -.310948E-02
   -.166301E-02
   -.983756E-03
   -.161906E-02
   -.179468E-02
   -.121186E-02
   -.397196E-03
    .216315E-03
    .515977E-03
    .779383E-03
    .214920E-02
    .406041E-02
    .534642E-02
    .628328E-02
    .721910E-02
    .842511E-02
    .881785E-02
    .859177E-02
    .921244E-02
    .915345E-02
    .797754E-02
    .731539E-02
    .707404E-02
    .614131E-02
    .501825E-02
    .390652E-02
    .288141E-02
    .207003E-02
    .973702E-03
    .274389E-03
    .450631E-06
   -.167179E-03
    .898955E-04
    .734241E-03
    .155067E-02
    .306243E-02
    .413830E-02
    .395657E-02
    .326182E-02
    .143922E-02
   -.345028E-03
    .285488E-04
    .101237E-02
   -.436266E-04
   -.109366E-02
   -.542022E-03
    .635547E-03
    .184842E-02
    .250820E-02
    .332481E-02
    .468465E-02
    .563547E-02
    .495188E-02
    .338721E-02
    .170676E-02
    .819010E-03
    .289200E-03
   -.440499E-04
    .492757E-03
    .105950E-02
    .142560E-02
    .213103E-02
    .297963E-02
    .277610E-02
    .221848E-02
    .246190E-02
    .245598E-02
    .210636E-02
    .195881E-02
    .107261E-02
   -.338557E-03
   -.848284E-03
   -.974163E-03
   -.196322E-02
   -.246009E-02
   -.196369E-02
   -.189156E-02
   -.218336E-02
   -.249647E-02
   -.336022E-02
   -.432386E-02
   -.577125E-02
   -.677074E-02
   -.612736E-02
   -.479106E-02
   -.346533E-02
   -.131330E-02
    .198262E-02
    .492195E-02
    .732247E-02
    .866105E-02
    .786171E-02
    .622980E-02
    .487272E-02
    .387317E-02
    .378497E-02
    .510350E-02
    .577687E-02
    .469257E-02
    .333475E-02
    .299193E-02
    .294368E-02
    .302186E-02
    .379133E-02
    .437045E-02
    .500216E-02
    .592187E-02
    .645610E-02
    .666508E-02
    .514521E-02
    .323410E-02
    .216688E-02
    .165532E-02
    .201826E-02
    .339513E-02
    .510851E-02
    .558608E-02
    .453539E-02
    .366306E-02
    .381014E-02
    .464307E-02
    .558940E-02
    .478795E-02
    .173251E-02
   -.134437E-02
   -.311032E-02
   -.484950E-02
   -.761638E-02
   -.100126E-01
   -.103045E-01
   -.901241E-02
   -.769516E-02
   -.684496E-02
   -.582132E-02
   -.439200E-02
   -.311051E-02
   -.247256E-02
   -.255879E-02
   -.327640E-02
   -.477655E-02
   -.585923E-02
   -.623996E-02
   -.595059E-02
   -.544272E-02
   -.530237E-02
   -.505625E-02
   -.478467E-02
   -.483308E-02
   -.554205E-02
   -.746897E-02
   -.904051E-02
   -.848873E-02
   -.707125E-02
   -.524697E-02
   -.391067E-02
   -.339005E-02
   -.291933E-02
   -.205847E-02
   -.173069E-02
   -.151053E-02
   -.129986E-02
   -.271424E-02
   -.527331E-02
   -.700563E-02
   -.797126E-02
   -.889944E-02
   -.994263E-02
   -.968548E-02
   -.833847E-02
   -.752470E-02
   -.724363E-02
   -.595524E-02
   -.384474E-02
   -.248881E-02
   -.182744E-02
   -.124171E-02
   -.111219E-02
   -.163770E-02
   -.218489E-02
   -.249699E-02
   -.250805E-02
   -.208996E-02
   -.898177E-03
    .107992E-02
    .128175E-02
    .190984E-03
    .503424E-03
    .185809E-02
    .246179E-02
    .234770E-02
    .238695E-02
    .191297E-02
    .976600E-03
   -.196892E-05
   -.342271E-03
    .606827E-03
    .290783E-02
    .584595E-02
    .896341E-02
    .103237E-01
    .975184E-02
    .936950E-02
    .102336E-01
    .105745E-01
    .102812E-01
    .983074E-02
    .856021E-02
    .676240E-02
    .556068E-02
    .481939E-02
    .415247E-02
    .371490E-02
    .322549E-02
    .304363E-02
    .258879E-02
    .224847E-02
    .235500E-02
    .253098E-02
    .289720E-02
    .298674E-02
    .351279E-02
    .493307E-02
    .666562E-02
    .713391E-02
    .659277E-02
    .650910E-02
    .571781E-02
    .366933E-02
    .169116E-02
    .127433E-02
    .256107E-02
    .368505E-02
    .450950E-02
    .519097E-02
    .488060E-02
    .423715E-02
    .384564E-02
    .392069E-02
    .351969E-02
    .227746E-02
    .196716E-02
    .381243E-02
    .686350E-02
    .788441E-02
    .778281E-02
    .818529E-02
    .823914E-02
    .737510E-02
    .607890E-02
    .483271E-02
    .358632E-02
    .195739E-02
    .541762E-03
   -.513236E-03
   -.176015E-02
   -.264188E-02
   -.250497E-02
   -.201754E-02
   -.206213E-02
   -.202509E-02
   -.984715E-03
    .310457E-03
    .253572E-03
   -.126983E-02
   -.188168E-02
   -.116106E-02
   -.130655E-02
   -.220328E-02
   -.260060E-02
   -.253489E-02
   -.244756E-02
   -.276889E-02
   -.282157E-02
   -.209287E-02
   -.213110E-02
   -.309139E-02
   -.427588E-02
   -.594973E-02
   -.721164E-02
   -.707745E-02
   -.549819E-02
   -.383567E-02
   -.242413E-02
   -.106801E-02
    .825483E-03
    .230414E-02
    .176348E-02
    .527738E-03
   -.339051E-04
   -.746141E-03
   -.178628E-02
   -.290844E-02
   -.448195E-02
   -.646183E-02
   -.845563E-02
   -.972544E-02
   -.978361E-02
   -.909958E-02
   -.795823E-02
   -.737961E-02
   -.768326E-02
   -.782246E-02
   -.727445E-02
   -.620225E-02
   -.473300E-02
   -.342113E-02
   -.390042E-02
   -.512634E-02
   -.577516E-02
   -.606871E-02
   -.619440E-02
   -.659206E-02
   -.682341E-02
   -.620460E-02
   -.580548E-02
   -.599975E-02
   -.598844E-02
   -.551560E-02
   -.423048E-02
   -.238731E-02
   -.102358E-02
   -.329835E-03
    .333536E-03
    .527880E-03
    .193999E-03
    .395869E-03
    .131106E-02
    .245136E-02
    .286721E-02
    .263281E-02
    .283441E-02
    .442720E-02
    .594144E-02
    .572623E-02
    .477727E-02
    .472263E-02
    .525646E-02
    .546230E-02
    .512571E-02
    .402315E-02
    .311567E-02
    .318782E-02
    .361201E-02
    .364329E-02
    .353235E-02
    .379783E-02
    .383581E-02
    .358275E-02
    .303736E-02
    .195071E-02
    .811911E-03
    .409005E-03
    .493757E-03
    .456120E-03
    .230182E-03
    .526971E-03
    .165740E-02
    .263028E-02
    .281060E-02
    .244131E-02
    .199888E-02
    .151674E-02
    .126137E-02
    .156409E-02
    .150658E-02
    .723700E-03
    .996782E-04
   -.146336E-03
   -.323947E-03
   -.413020E-03
    .214673E-03
    .155438E-02
    .271587E-02
    .270163E-02
    .182717E-02
    .137360E-02
    .116374E-02
    .402760E-03
   -.378437E-03
   -.796705E-03
   -.101932E-02
   -.104348E-02
   -.108691E-02
   -.124319E-02
   -.108904E-02
   -.639883E-03
   -.451082E-03
   -.359559E-03
    .549864E-05
    .209510E-03
    .350569E-03
    .146137E-03
   -.548290E-03
   -.102133E-02
   -.136310E-02
   -.165326E-02
   -.167033E-02
   -.179502E-02
   -.232746E-02
   -.264316E-02
   -.275507E-02
   -.360322E-02
   -.420712E-02
   -.371745E-02
   -.337348E-02
   -.350992E-02
   -.326822E-02
   -.255384E-02
   -.232126E-02
   -.295165E-02
   -.353097E-02
   -.343939E-02
   -.302520E-02
   -.278000E-02
   -.270267E-02
   -.236831E-02
   -.194988E-02
   -.152810E-02
   -.966051E-03
   -.844735E-03
   -.906571E-03
   -.861410E-03
   -.738819E-03
   -.479194E-03
   -.279872E-03
   -.265148E-03
   -.328350E-03
   -.271383E-03
   -.177014E-03
   -.909117E-04
    .180246E-03
    .636696E-03
    .860619E-03
    .562761E-03
    .250239E-03
    .226531E-03
    .904181E-04
   -.597560E-04
    .195410E-03
    .587534E-03
    .957840E-03
    .131227E-02
    .162984E-02
    .179463E-02
    .166397E-02
    .158006E-02
    .176880E-02
    .192487E-02
    .185068E-02
    .168847E-02
    .160614E-02
    .149153E-02
    .143166E-02
    .159883E-02
    .175290E-02
    .174771E-02
    .175529E-02
    .185666E-02
    .201452E-02
    .208364E-02
    .208513E-02
    .206916E-02
    .203075E-02
    .200755E-02
    .204221E-02
    .208045E-02
    .200454E-02
    .200027E-02
    .205481E-02
    .196686E-02
    .184529E-02
    .181467E-02
    .181800E-02
    .176334E-02
    .154686E-02
    .134120E-02
    .127480E-02
    .126585E-02
    .126844E-02
    .127429E-02
    .131181E-02
    .136564E-02
    .126886E-02
    .104911E-02
    .866689E-03
    .748727E-03
    .594866E-03
    .482303E-03
    .514929E-03
    .508186E-03
    .390454E-03
    .292907E-03
    .255304E-03
    .208967E-03
    .140824E-03
    .108868E-03
    .144603E-03
    .205530E-03
    .226785E-03
    .135303E-03
    .102928E-05
   -.713239E-04
   -.159186E-03
   -.278437E-03
   -.361557E-03
   -.377543E-03
   -.383256E-03
   -.391500E-03
   -.381782E-03
   -.407000E-03
   -.440161E-03
   -.456272E-03
   -.454814E-03
   -.443901E-03
   -.469506E-03
   -.514364E-03
   -.546126E-03
   -.565221E-03
   -.587710E-03
   -.616756E-03
   -.629797E-03
   -.617260E-03
   -.593874E-03
   -.581350E-03
   -.579935E-03
   -.573427E-03
   -.565712E-03
   -.558269E-03
   -.542000E-03
   -.527615E-03
   -.510349E-03
   -.493058E-03
   -.482234E-03
   -.470067E-03
   -.466763E-03
   -.468505E-03
   -.462188E-03
   -.445150E-03
   -.426140E-03
   -.410744E-03
   -.397813E-03
   -.381857E-03
   -.358474E-03
   -.335931E-03
   -.320493E-03
   -.309060E-03
   -.299801E-03
   -.291590E-03
   -.280089E-03
   -.269270E-03
   -.259939E-03
   -.249327E-03
   -.239797E-03
   -.231897E-03
   -.222712E-03
   -.210619E-03
   -.198026E-03
   -.185956E-03
   -.175826E-03
   -.167673E-03
   -.159808E-03
   -.152335E-03
   -.145012E-03
   -.137447E-03
   -.130174E-03
   -.123337E-03
   -.116243E-03
   -.108504E-03
   -.100482E-03
   -.926174E-04
   -.849133E-04
   -.774277E-04
   -.702380E-04
   -.632273E-04
   -.563351E-04
   -.496595E-04
   -.432383E-04
   -.369657E-04
   -.307797E-04
   -.246833E-04
   -.186875E-04
   -.128028E-04
   -.703966E-05
   -.138443E-05
    .417748E-05
    .964304E-05
    .150002E-04
    .202462E-04
    .253852E-04
    .304198E-04
    .353501E-04
    .401752E-04
