    .0054759
    .0061172
    .0067379
    .0069687
    .0073259
    .0073211
    .0074474
    .0072458
    .0071877
    .0068408
    .0066081
    .0060401
    .0055765
    .0048852
    .0043794
    .0038505
    .0037904
    .0036436
    .0039861
    .0044544
    .0052449
    .0058558
    .0064048
    .0066353
    .0066826
    .0061925
    .0057755
    .0051143
    .0043541
    .0033231
    .0019727
    .0002082
   -.0015093
   -.0034282
   -.0050968
   -.0067153
   -.0077834
   -.0075155
   -.0060579
   -.0044388
   -.0028637
   -.0016253
   -.0011581
   -.0017722
   -.0027057
   -.0037187
   -.0045889
   -.0048875
   -.0043132
   -.0033487
   -.0022659
   -.0026529
   -.0031627
   -.0047957
   -.0075624
   -.0114074
   -.0151977
   -.0182954
   -.0196732
   -.0190821
   -.0170966
   -.0140406
   -.0108905
   -.0085393
   -.0065315
   -.0046444
   -.0026694
   -.0009983
    .0000969
    .0006097
    .0006280
    .0005618
   -.0001347
   -.0016775
   -.0032482
   -.0037639
   -.0032693
   -.0019870
   -.0004420
    .0010148
    .0027132
    .0048235
    .0069609
    .0087862
    .0100665
    .0115066
    .0123317
    .0130105
    .0130458
    .0133030
    .0129660
    .0104755
    .0073862
    .0034841
   -.0011706
   -.0050238
   -.0079002
   -.0100719
   -.0110794
   -.0105099
   -.0083529
   -.0047965
    .0006710
    .0079352
    .0157955
    .0233194
    .0298410
    .0325336
    .0301962
    .0255013
    .0205159
    .0171550
    .0158590
    .0166863
    .0182700
    .0192994
    .0195778
    .0202828
    .0210724
    .0219202
    .0222238
    .0214805
    .0192778
    .0157150
    .0117172
    .0078152
    .0035876
   -.0013566
   -.0071764
   -.0134352
   -.0195200
   -.0248920
   -.0291571
   -.0326163
   -.0357207
   -.0390813
   -.0429961
   -.0466929
   -.0495407
   -.0509741
   -.0508526
   -.0486431
   -.0445415
   -.0386351
   -.0311788
   -.0224615
   -.0125487
   -.0017690
    .0086561
    .0182401
    .0258185
    .0313549
    .0347544
    .0366273
    .0378709
    .0389910
    .0398919
    .0407281
    .0415933
    .0424307
    .0433393
    .0442825
    .0453881
    .0465182
    .0479189
    .0495896
    .0513336
    .0529180
    .0542357
    .0553212
    .0564183
    .0571089
    .0572156
    .0557671
    .0520351
    .0464280
    .0394020
    .0316152
    .0234331
    .0151330
    .0069689
   -.0007710
   -.0079422
   -.0139791
   -.0190697
   -.0234940
   -.0277238
   -.0315597
   -.0347649
   -.0374421
   -.0402806
   -.0432797
   -.0460389
   -.0486189
   -.0517340
   -.0548322
   -.0566846
   -.0574414
   -.0571655
   -.0560812
   -.0545738
   -.0530840
   -.0512114
   -.0482712
   -.0435490
   -.0376342
   -.0299289
   -.0201972
   -.0079641
    .0066306
    .0220485
    .0366497
    .0490942
    .0585623
    .0656393
    .0705151
    .0737268
    .0761027
    .0779594
    .0797726
    .0810536
    .0815515
    .0808369
    .0787454
    .0756100
    .0720726
    .0685678
    .0651162
    .0613771
    .0573363
    .0531927
    .0492796
    .0458830
    .0425264
    .0388829
    .0340805
    .0279835
    .0221208
    .0172284
    .0137284
    .0113144
    .0095364
    .0080652
    .0067007
    .0053645
    .0040525
    .0032993
    .0034833
    .0040405
    .0046500
    .0058989
    .0073864
    .0081243
    .0078626
    .0062081
    .0034587
   -.0000893
   -.0032501
   -.0057698
   -.0075518
   -.0092608
   -.0113704
   -.0138428
   -.0157169
   -.0170258
   -.0178982
   -.0180135
   -.0168972
   -.0146872
   -.0114793
   -.0080050
   -.0042085
    .0001242
    .0047990
    .0095434
    .0142416
    .0188456
    .0231001
    .0266695
    .0293793
    .0308034
    .0306075
    .0294024
    .0273955
    .0256179
    .0251745
    .0263735
    .0292056
    .0340734
    .0410931
    .0503880
    .0616452
    .0749245
    .0901509
    .1065009
    .1226353
    .1398172
    .1572212
    .1725235
    .1842530
    .1925552
    .1976928
    .1993419
    .1978769
    .1931680
    .1869999
    .1801207
    .1712239
    .1602955
    .1471193
    .1312594
    .1130438
    .0932258
    .0720930
    .0498340
    .0262389
    .0023824
   -.0197239
   -.0386519
   -.0525233
   -.0604489
   -.0636489
   -.0633578
   -.0599325
   -.0540195
   -.0460940
   -.0367473
   -.0264120
   -.0155814
   -.0049350
    .0040375
    .0111444
    .0168192
    .0215287
    .0260547
    .0314579
    .0379445
    .0458898
    .0551649
    .0659443
    .0781465
    .0928609
    .1099580
    .1255408
    .1383523
    .1485948
    .1561871
    .1610993
    .1632020
    .1622118
    .1579253
    .1504944
    .1404487
    .1286724
    .1171846
    .1075166
    .0990044
    .0908243
    .0824695
    .0736260
    .0644561
    .0551135
    .0454847
    .0355392
    .0250669
    .0144409
    .0037608
   -.0069120
   -.0170961
   -.0265840
   -.0354907
   -.0437963
   -.0512906
   -.0581983
   -.0646901
   -.0713513
   -.0781876
   -.0849463
   -.0916229
   -.0981852
   -.1043490
   -.1095773
   -.1139427
   -.1177307
   -.1199617
   -.1209622
   -.1202219
   -.1180655
   -.1148895
   -.1109523
   -.1065797
   -.1019711
   -.0973908
   -.0929106
   -.0889606
   -.0860396
   -.0837097
   -.0817164
   -.0802999
   -.0797793
   -.0799112
   -.0812354
   -.0842089
   -.0878401
   -.0913865
   -.0955020
   -.1006976
   -.1069964
   -.1135090
   -.1187255
   -.1227260
   -.1260197
   -.1290653
   -.1317562
   -.1340171
   -.1360914
   -.1379959
   -.1397600
   -.1422861
   -.1453861
   -.1482762
   -.1506751
   -.1530093
   -.1554922
   -.1579266
   -.1603632
   -.1627701
   -.1650340
   -.1669901
   -.1686376
   -.1701430
   -.1718480
   -.1736946
   -.1752929
   -.1764954
   -.1773882
   -.1779688
   -.1782063
   -.1782918
   -.1782650
   -.1780380
   -.1776585
   -.1774013
   -.1770076
   -.1760260
   -.1743369
   -.1718090
   -.1679676
   -.1629552
   -.1571692
   -.1507854
   -.1439124
   -.1366432
   -.1298630
   -.1234505
   -.1173258
   -.1119830
   -.1075842
   -.1033422
   -.0992462
   -.0953850
   -.0917454
   -.0881862
   -.0832972
   -.0760567
   -.0678600
   -.0601786
   -.0533921
   -.0472095
   -.0421261
   -.0380325
   -.0341440
   -.0300525
   -.0259940
   -.0220123
   -.0178529
   -.0136837
   -.0097063
   -.0056585
   -.0013219
    .0032741
    .0082147
    .0142836
    .0224586
    .0324699
    .0437269
    .0559741
    .0685679
    .0812988
    .0936427
    .1056682
    .1175779
    .1298178
    .1426119
    .1554939
    .1661081
    .1770538
    .1861692
    .1938538
    .1997312
    .2042624
    .2078379
    .2105768
    .2131779
    .2136869
    .2138600
    .2133666
    .2120165
    .2090590
    .2040620
    .1965757
    .1866704
    .1749841
    .1630076
    .1516764
    .1415155
    .1332575
    .1261723
    .1195209
    .1129094
    .1059578
    .0977747
    .0880609
    .0764926
    .0624336
    .0455334
    .0264393
    .0058589
   -.0160974
   -.0393667
   -.0630879
   -.0869772
   -.1097130
   -.1294275
   -.1445397
   -.1548291
   -.1611704
   -.1650850
   -.1662484
   -.1650694
   -.1625320
   -.1596662
   -.1581965
   -.1593219
   -.1615556
   -.1637054
   -.1665950
   -.1697721
   -.1726467
   -.1760695
   -.1793076
   -.1819151
   -.1839626
   -.1856606
   -.1869004
   -.1876829
   -.1881645
   -.1884974
   -.1885324
   -.1881735
   -.1876686
   -.1869383
   -.1857293
   -.1838531
   -.1817771
   -.1797249
   -.1776284
   -.1754159
   -.1727698
   -.1695992
   -.1659411
   -.1617359
   -.1570979
   -.1517392
   -.1453231
   -.1378194
   -.1293110
   -.1204572
   -.1123998
   -.1063362
   -.1019684
   -.0984181
   -.0951987
   -.0925271
   -.0903113
   -.0885539
   -.0872008
   -.0861419
   -.0851572
   -.0840281
   -.0827037
   -.0812374
   -.0796318
   -.0780508
   -.0765230
   -.0750204
   -.0734266
   -.0713219
   -.0687176
   -.0654696
   -.0617285
   -.0577896
   -.0543286
   -.0518473
   -.0507714
   -.0514819
   -.0533395
   -.0558116
   -.0582428
   -.0604122
   -.0625583
   -.0646016
   -.0655890
   -.0659611
   -.0664967
   -.0669573
   -.0668005
   -.0663701
   -.0668313
   -.0684622
   -.0705795
   -.0730424
   -.0761861
   -.0804212
   -.0851802
   -.0898342
   -.0942715
   -.0988414
   -.1042624
   -.1103530
   -.1172700
   -.1243694
   -.1307753
   -.1354368
   -.1384765
   -.1413790
   -.1440616
   -.1470316
   -.1500153
   -.1516439
   -.1507251
   -.1470550
   -.1413228
   -.1339592
   -.1250465
   -.1151077
   -.1045069
   -.0934896
   -.0823308
   -.0712926
   -.0594464
   -.0471142
   -.0344718
   -.0219423
   -.0101512
    .0007705
    .0110172
    .0207000
    .0296516
    .0376259
    .0444681
    .0505514
    .0559357
    .0606488
    .0641779
    .0663989
    .0662240
    .0644547
    .0618043
    .0584946
    .0554045
    .0529843
    .0510394
    .0492963
    .0474825
    .0457210
    .0442283
    .0431774
    .0426985
    .0424311
    .0419017
    .0410724
    .0400422
    .0389294
    .0376373
    .0358766
    .0337350
    .0312684
    .0286277
    .0258235
    .0226183
    .0190297
    .0154295
    .0120240
    .0091091
    .0065016
    .0038955
    .0012789
   -.0012049
   -.0032486
   -.0047720
   -.0060710
   -.0071574
   -.0083559
   -.0093840
   -.0100537
   -.0106552
   -.0114195
   -.0124292
   -.0137686
   -.0153210
   -.0180786
   -.0218608
   -.0255083
   -.0296311
   -.0340675
   -.0381163
   -.0414949
   -.0446824
   -.0474450
   -.0498496
   -.0513714
   -.0512828
   -.0498237
   -.0477833
   -.0451630
   -.0419260
   -.0387123
   -.0357621
   -.0328845
   -.0301392
   -.0279658
   -.0266264
   -.0261008
   -.0258441
   -.0251926
   -.0232344
   -.0198566
   -.0156865
   -.0111989
   -.0066198
   -.0021019
    .0022487
    .0064153
    .0104445
    .0140417
    .0168529
    .0185748
    .0191989
    .0193286
    .0192938
    .0189734
    .0181567
    .0165339
    .0147864
    .0135601
    .0129543
    .0126112
    .0123224
    .0118319
    .0109371
    .0098673
    .0090139
    .0082328
    .0071660
    .0057164
    .0039261
    .0020093
    .0001286
   -.0017992
   -.0039256
   -.0065577
   -.0097132
   -.0129882
   -.0161741
   -.0192610
   -.0225938
   -.0262777
   -.0301681
   -.0340436
   -.0378716
   -.0415113
   -.0449132
   -.0475674
   -.0491800
   -.0500655
   -.0504994
   -.0503775
   -.0496284
   -.0483192
   -.0468433
   -.0457491
   -.0453799
   -.0457907
   -.0467606
   -.0480481
   -.0493727
   -.0506163
   -.0521991
   -.0535556
   -.0556027
   -.0582647
   -.0611732
   -.0629114
   -.0639728
   -.0629744
   -.0601836
   -.0552083
   -.0484874
   -.0408795
   -.0336023
   -.0255684
   -.0183946
   -.0112103
   -.0043032
    .0019326
    .0075857
    .0124221
    .0162190
    .0190825
    .0212203
    .0227097
    .0235434
    .0237712
    .0234759
    .0224848
    .0207731
    .0184925
    .0157421
    .0124359
    .0085051
    .0040211
   -.0005159
   -.0047761
   -.0092011
   -.0138573
   -.0187494
   -.0235715
   -.0279572
   -.0316916
   -.0348049
   -.0369953
   -.0380175
   -.0378007
   -.0364551
   -.0343271
   -.0317774
   -.0289278
   -.0259926
   -.0231742
   -.0205751
   -.0181988
   -.0160448
   -.0140232
   -.0120188
   -.0100738
   -.0084316
   -.0070023
   -.0055249
   -.0039538
   -.0024206
   -.0010148
    .0002846
    .0014392
    .0024432
    .0035747
    .0048094
    .0058455
    .0065815
    .0070842
    .0073924
    .0074483
    .0073938
    .0073146
    .0068259
    .0057309
    .0041268
    .0022189
    .0002032
   -.0018301
   -.0038485
   -.0054612
   -.0063664
   -.0066938
   -.0062777
   -.0046858
   -.0022902
   -.0001989
    .0013855
    .0026895
    .0039755
    .0050253
    .0058974
    .0057204
    .0070100
    .0079356
    .0091130
    .0103063
    .0111297
    .0114760
    .0113106
    .0106449
    .0094829
    .0078034
    .0056483
    .0028341
   -.0005906
   -.0042669
   -.0079309
   -.0116626
   -.0153763
   -.0185541
   -.0209140
   -.0220362
   -.0216050
   -.0199187
   -.0173820
   -.0140129
   -.0095956
   -.0039988
    .0021479
    .0071644
    .0100147
    .0111942
    .0113197
    .0105454
    .0088357
    .0061904
    .0031241
    .0010966
    .0001916
   -.0002705
   -.0007572
   -.0013875
   -.0020427
   -.0025562
   -.0031202
   -.0036998
   -.0038491
   -.0037704
   -.0037268
   -.0039181
   -.0041584
   -.0041212
   -.0037159
   -.0028463
   -.0013260
    .0008385
    .0037420
    .0073106
    .0113095
    .0160259
    .0211511
    .0259756
    .0298436
    .0324306
    .0338405
    .0346291
    .0355433
    .0359679
    .0363044
    .0362400
    .0349837
    .0320415
    .0272099
    .0206046
    .0126093
    .0043476
   -.0034474
   -.0103200
   -.0154172
   -.0197060
   -.0225672
   -.0248007
   -.0260802
   -.0264751
   -.0264285
   -.0260787
   -.0253991
   -.0246585
   -.0239431
   -.0228380
   -.0212271
   -.0190996
   -.0167869
   -.0145344
   -.0122534
   -.0098421
   -.0070321
   -.0035967
    .0004050
    .0045920
    .0089283
    .0130045
    .0163000
    .0185028
    .0195430
    .0199096
    .0200031
    .0197848
    .0191093
    .0179840
    .0159881
    .0134415
    .0104803
    .0070110
    .0036108
    .0004226
   -.0030519
   -.0062642
   -.0103585
   -.0147522
   -.0188451
   -.0223883
   -.0254127
   -.0279246
   -.0297780
   -.0309050
   -.0312822
   -.0308512
   -.0295007
   -.0274185
   -.0248031
   -.0216289
   -.0183688
   -.0150633
   -.0116491
   -.0085034
   -.0059200
   -.0035783
   -.0008142
    .0022651
    .0052690
    .0076190
    .0091552
    .0106639
    .0125598
    .0149293
    .0176352
    .0193057
    .0194533
    .0180338
    .0149970
    .0103883
    .0048569
   -.0007970
   -.0062804
   -.0114323
   -.0158378
   -.0190939
   -.0215458
   -.0234930
   -.0251538
   -.0264897
   -.0270560
   -.0267725
   -.0260146
   -.0249753
   -.0236369
   -.0218805
   -.0197822
   -.0171630
   -.0140374
   -.0104825
   -.0066904
   -.0026619
    .0015407
    .0057629
    .0096451
    .0126104
    .0148726
    .0167944
    .0183747
    .0195383
    .0205262
    .0212465
    .0214439
    .0210760
    .0202475
    .0189075
    .0169798
    .0143777
    .0111788
    .0074035
    .0033307
   -.0007354
   -.0046479
   -.0083093
   -.0115357
   -.0141684
   -.0164429
   -.0183680
   -.0198667
   -.0209689
   -.0219118
   -.0223069
   -.0218447
   -.0207595
   -.0192776
   -.0175227
   -.0154845
   -.0132515
   -.0110865
   -.0093370
   -.0078820
   -.0064741
   -.0049765
   -.0033763
   -.0016250
    .0002239
    .0020373
    .0035216
    .0045498
    .0049069
    .0040450
    .0020813
   -.0003337
   -.0025486
   -.0043433
   -.0055362
   -.0063845
   -.0070860
   -.0076162
   -.0078562
   -.0079072
   -.0078275
   -.0078280
   -.0079303
   -.0079940
   -.0079227
   -.0075324
   -.0069197
   -.0062925
   -.0055835
   -.0046119
   -.0035068
   -.0023539
   -.0012119
   -.0000366
    .0012982
    .0027069
    .0038934
    .0049838
    .0061750
    .0073240
    .0082621
    .0090174
    .0096906
    .0101934
    .0106471
    .0114436
    .0126260
    .0139837
    .0152639
    .0164353
    .0173827
    .0179505
    .0180909
    .0178379
    .0172587
    .0164632
    .0155179
    .0142906
    .0127044
    .0109147
    .0089855
    .0067583
    .0041880
    .0014368
   -.0015723
   -.0050047
   -.0085827
   -.0120588
   -.0154405
   -.0186627
   -.0212415
   -.0227222
   -.0231983
   -.0228162
   -.0215790
   -.0198272
   -.0178855
   -.0157321
   -.0134362
   -.0114972
   -.0100687
   -.0090154
   -.0080978
   -.0070752
   -.0058680
   -.0044241
   -.0026978
   -.0006736
    .0017973
    .0045886
    .0073867
    .0099170
    .0117803
    .0132190
    .0145425
    .0157583
    .0167338
    .0174254
    .0181378
    .0191675
    .0206026
    .0222037
    .0231716
    .0237739
    .0242478
    .0247344
    .0254240
    .0260842
    .0267802
    .0276514
    .0286609
    .0297901
    .0310599
    .0324626
    .0339098
    .0353049
    .0365805
    .0377810
    .0388938
    .0397796
    .0403094
    .0399662
    .0391374
    .0373402
    .0351983
    .0326615
    .0298301
    .0269271
    .0241630
    .0214573
    .0186543
    .0157901
    .0127888
    .0095976
    .0060460
    .0021793
   -.0015542
   -.0049043
   -.0076963
   -.0099545
   -.0114785
   -.0123145
   -.0128768
   -.0136695
   -.0150263
   -.0171174
   -.0199710
   -.0230521
   -.0260897
   -.0287958
   -.0310161
   -.0325068
   -.0332396
   -.0333801
   -.0323667
   -.0309710
   -.0294390
   -.0279019
   -.0267225
   -.0256011
   -.0241613
   -.0219190
   -.0187911
   -.0150010
   -.0105885
   -.0058841
   -.0015245
    .0020520
    .0050806
    .0074863
    .0091967
    .0106401
    .0119897
    .0132056
    .0142582
    .0152491
    .0160120
    .0164941
    .0166973
    .0167436
    .0167250
    .0167293
    .0168794
    .0172233
    .0176521
    .0179848
    .0181522
    .0180516
    .0176051
    .0169199
    .0158632
    .0140297
    .0116977
    .0092602
    .0067150
    .0039422
    .0011725
   -.0013893
   -.0037064
   -.0057135
   -.0070348
   -.0078747
   -.0085730
   -.0093973
   -.0106658
   -.0127227
   -.0152603
   -.0179324
   -.0202635
   -.0214183
   -.0212710
   -.0205842
   -.0197078
   -.0184397
   -.0170944
   -.0157040
   -.0140778
   -.0121277
   -.0100052
   -.0078805
   -.0056585
   -.0032903
   -.0009170
    .0012166
    .0025269
    .0030274
    .0032998
    .0035877
    .0037423
    .0038422
    .0040306
    .0041184
    .0040124
    .0038342
    .0036223
    .0032840
    .0027581
    .0020955
    .0009414
   -.0008452
   -.0027369
   -.0043888
   -.0057653
   -.0070134
   -.0080703
   -.0092308
   -.0107444
   -.0129195
   -.0159054
   -.0192121
   -.0222272
   -.0251115
   -.0279404
   -.0304598
   -.0322834
   -.0332384
   -.0331358
   -.0322981
   -.0311173
   -.0296702
   -.0279827
   -.0261943
   -.0247680
   -.0238772
   -.0234309
   -.0233344
   -.0236299
   -.0240822
   -.0244519
   -.0248504
   -.0252754
   -.0254308
   -.0250074
   -.0235820
   -.0211354
   -.0179181
   -.0141210
   -.0095811
   -.0046277
    .0008700
    .0065473
    .0122079
    .0179580
    .0231723
    .0278799
    .0322492
    .0358263
    .0391217
    .0420038
    .0442254
    .0458693
    .0469896
    .0475900
    .0475574
    .0468982
    .0455876
    .0437291
    .0413144
    .0381915
    .0346699
    .0310997
    .0274442
    .0235296
    .0195300
    .0158310
    .0125282
    .0095721
    .0069907
    .0046170
    .0022208
   -.0001530
   -.0025729
   -.0049945
   -.0074173
   -.0099093
   -.0123480
   -.0146135
   -.0165722
   -.0181436
   -.0191706
   -.0193556
   -.0193866
   -.0196497
   -.0197591
   -.0192652
   -.0185956
   -.0180843
   -.0175947
   -.0170264
   -.0166093
   -.0166116
   -.0170962
   -.0181034
   -.0197922
   -.0224138
   -.0257827
   -.0293169
   -.0322496
   -.0338810
   -.0340179
   -.0328449
   -.0309810
   -.0291189
   -.0275274
   -.0260893
   -.0247738
   -.0231855
   -.0207579
   -.0174828
   -.0138298
   -.0099810
   -.0060425
   -.0022006
    .0014923
    .0049818
    .0083312
    .0115934
    .0142311
    .0161036
    .0177362
    .0196039
    .0220156
    .0249063
    .0283960
    .0322725
    .0361506
    .0392632
    .0411737
    .0420867
    .0421448
    .0413371
    .0396007
    .0370076
    .0337636
    .0299881
    .0259222
    .0216327
    .0169786
    .0120065
    .0067633
    .0014511
   -.0036151
   -.0080678
   -.0117715
   -.0152400
   -.0186930
   -.0217225
   -.0241235
   -.0261838
   -.0278867
   -.0290068
   -.0294161
   -.0290477
   -.0277865
   -.0254952
   -.0220022
   -.0179400
   -.0135348
   -.0094843
   -.0058427
   -.0030215
   -.0008788
    .0010187
    .0028348
    .0047694
    .0069104
    .0091777
    .0114607
    .0136581
    .0156754
    .0172924
    .0184343
    .0192338
    .0199933
    .0209209
    .0218821
    .0227442
    .0235755
    .0244941
    .0255630
    .0266948
    .0277449
    .0283109
    .0282248
    .0277791
    .0274099
    .0276061
    .0287782
    .0309437
    .0333171
    .0351544
    .0359956
    .0356708
    .0342460
    .0318644
    .0288032
    .0258189
    .0232502
    .0209284
    .0184500
    .0165970
    .0154723
    .0147165
    .0139890
    .0132594
    .0125908
    .0117309
    .0104717
    .0089115
    .0071893
    .0052797
    .0031232
    .0007597
   -.0014575
   -.0034471
   -.0052108
   -.0068588
   -.0085092
   -.0099123
   -.0109772
   -.0117716
   -.0123780
   -.0126752
   -.0124970
   -.0118034
   -.0106528
   -.0090142
   -.0071305
   -.0056051
   -.0044421
   -.0031679
   -.0019522
   -.0010003
   -.0000717
    .0009842
    .0019638
    .0027746
    .0035602
    .0044030
    .0051482
    .0057984
    .0066119
    .0072800
    .0076161
    .0075350
    .0069449
    .0058362
    .0043889
    .0026107
    .0006427
   -.0014283
   -.0031590
   -.0043318
   -.0046293
   -.0042551
   -.0035832
   -.0025001
   -.0007960
    .0010991
    .0028019
    .0044506
    .0065249
    .0092997
    .0124703
    .0154213
    .0176029
    .0185118
    .0184786
    .0179866
    .0168038
    .0154442
    .0137392
    .0117529
    .0092433
    .0063102
    .0026656
   -.0005348
   -.0026191
   -.0040504
   -.0053444
   -.0068960
   -.0088985
   -.0114177
   -.0146264
   -.0183511
   -.0218467
   -.0247006
   -.0260611
   -.0255604
   -.0234693
   -.0202448
   -.0159897
   -.0109488
   -.0055242
   -.0002291
    .0047342
    .0094781
    .0139330
    .0176435
    .0203476
    .0220409
    .0227637
    .0226922
    .0220679
    .0210690
    .0196450
    .0177963
    .0156881
    .0135363
    .0114523
    .0095319
    .0077872
    .0060874
    .0044728
    .0025894
    .0004275
   -.0017176
   -.0036801
   -.0055266
   -.0073356
   -.0089147
   -.0103050
   -.0118452
   -.0135170
   -.0151791
   -.0166946
   -.0180112
   -.0190774
   -.0198984
   -.0204093
   -.0206472
   -.0205592
   -.0205272
   -.0208690
   -.0212605
   -.0212689
   -.0208407
   -.0200129
   -.0187276
   -.0171004
   -.0153086
   -.0132884
   -.0109858
   -.0085951
   -.0062444
   -.0038971
   -.0016058
    .0004261
    .0021918
    .0037939
    .0053114
    .0066931
    .0081409
    .0096864
    .0111193
    .0123190
    .0132900
    .0140976
    .0147876
    .0150660
    .0147441
    .0144073
    .0144209
    .0146881
    .0148699
    .0147032
    .0140762
    .0130474
    .0118215
    .0104445
    .0088169
    .0068560
    .0048740
    .0029292
    .0009123
   -.0013084
   -.0037239
   -.0062911
   -.0090806
   -.0123004
   -.0156275
   -.0185289
   -.0204304
   -.0209594
   -.0204516
   -.0194156
   -.0184471
   -.0180452
   -.0184875
   -.0192576
   -.0194187
   -.0190062
   -.0182883
   -.0173159
   -.0159917
   -.0144077
   -.0127156
   -.0109144
   -.0089720
   -.0068604
   -.0046532
   -.0024868
   -.0004348
    .0014505
    .0029500
    .0038663
    .0042762
    .0044080
    .0042703
    .0038167
    .0030742
    .0021479
    .0011642
   -.0001668
   -.0021753
   -.0044155
   -.0067207
   -.0087000
   -.0094173
   -.0093811
   -.0083283
   -.0073538
   -.0065099
   -.0057243
   -.0049613
   -.0040714
   -.0030118
   -.0016514
   -.0001671
    .0013142
    .0029421
    .0048299
    .0064184
    .0074749
    .0082463
    .0089011
    .0092849
    .0093656
    .0093132
    .0091050
    .0086393
    .0077031
    .0061109
    .0040776
    .0019351
    .0000647
   -.0016150
   -.0032641
   -.0046393
   -.0054456
   -.0054315
   -.0045388
   -.0029444
   -.0009213
    .0015209
    .0041449
    .0064961
    .0080800
    .0088484
    .0093736
    .0099371
    .0105520
    .0109854
    .0109751
    .0106093
    .0101963
    .0096483
    .0087551
    .0076431
    .0064398
    .0051549
    .0037806
    .0024903
    .0011968
   -.0000665
   -.0011239
   -.0019710
   -.0028030
   -.0033126
   -.0037545
   -.0041446
   -.0047854
   -.0063099
   -.0082925
   -.0101241
   -.0110805
   -.0109108
   -.0098921
   -.0084143
   -.0065472
   -.0043696
   -.0019989
    .0004841
    .0030201
    .0053889
    .0075541
    .0093435
    .0101422
    .0101248
    .0092108
    .0075620
    .0052721
    .0023579
   -.0005217
   -.0026155
   -.0037729
   -.0043067
   -.0043768
   -.0041644
   -.0038046
   -.0033405
   -.0028096
   -.0024050
   -.0021006
   -.0018370
   -.0015874
   -.0013463
   -.0008835
    .0000593
    .0015774
    .0034002
    .0053852
    .0071050
    .0080594
    .0085562
    .0085336
    .0079299
    .0069345
    .0059525
    .0049775
    .0040134
    .0032472
    .0029506
    .0029886
    .0032077
    .0034724
    .0036319
    .0036689
    .0037440
    .0038361
    .0036132
    .0029254
    .0020433
    .0009428
   -.0004638
   -.0017314
   -.0026549
   -.0033653
   -.0038145
   -.0038198
   -.0034554
   -.0029599
   -.0025736
   -.0023740
   -.0024418
   -.0028146
   -.0034509
   -.0040969
   -.0043463
   -.0037629
   -.0022920
   -.0005635
    .0010167
    .0022597
    .0034098
    .0044811
    .0053408
    .0060477
    .0066061
    .0069668
    .0069499
    .0072186
    .0073776
    .0070058
    .0058659
    .0035599
   -.0001993
   -.0048765
   -.0095234
   -.0136572
   -.0172280
   -.0202829
   -.0227986
   -.0247085
   -.0258354
   -.0260052
   -.0253218
   -.0240283
   -.0223144
   -.0202016
   -.0176191
   -.0148152
   -.0121425
   -.0097818
   -.0077215
   -.0060702
   -.0048451
   -.0038863
   -.0028873
   -.0016146
   -.0000889
    .0013339
    .0022572
    .0025750
    .0021866
    .0010259
   -.0007624
   -.0031218
   -.0058675
   -.0087812
   -.0118359
   -.0149578
   -.0181086
   -.0209991
   -.0234677
   -.0254288
   -.0270013
   -.0283545
   -.0293241
   -.0296045
   -.0294883
   -.0294670
   -.0295045
   -.0293709
   -.0291026
   -.0287982
   -.0282459
   -.0274253
   -.0264539
   -.0256034
   -.0249782
   -.0244160
   -.0237221
   -.0230416
   -.0225133
   -.0218737
   -.0209444
   -.0195155
   -.0175123
   -.0150197
   -.0123350
   -.0095663
   -.0069125
   -.0042476
   -.0014015
    .0015827
    .0047803
    .0080448
    .0107956
    .0125969
    .0134777
    .0128582
    .0107673
    .0068871
    .0013516
   -.0054769
   -.0125455
   -.0191237
   -.0241011
   -.0270605
   -.0292486
   -.0300428
   -.0301073
   -.0299219
   -.0297069
   -.0293010
   -.0284248
   -.0273348
   -.0254243
   -.0233141
   -.0214229
   -.0195961
   -.0183614
   -.0172168
   -.0162647
   -.0155836
   -.0150952
   -.0146028
   -.0138617
   -.0128814
   -.0120005
   -.0110781
   -.0097435
   -.0079462
   -.0059034
   -.0034819
   -.0005693
    .0023241
    .0047549
    .0064171
    .0073068
    .0076629
    .0077375
    .0075522
    .0070455
    .0064141
    .0059044
    .0055224
    .0053432
    .0052130
    .0049441
    .0045405
    .0040203
    .0035540
    .0034237
    .0038876
    .0047908
    .0058233
    .0068146
    .0076592
    .0082370
    .0083552
    .0081315
    .0076805
    .0069942
    .0059769
    .0045295
    .0023528
   -.0001472
   -.0024537
   -.0042099
   -.0052995
   -.0056371
   -.0048781
   -.0036189
   -.0022916
   -.0005005
    .0009139
    .0025427
    .0039383
    .0050763
    .0057676
    .0058622
    .0053220
    .0044953
    .0036881
    .0029083
    .0022184
    .0016429
    .0012933
    .0011108
    .0009113
    .0008054
    .0008316
    .0012653
    .0020721
    .0029713
    .0037490
    .0042484
    .0045453
    .0045505
    .0043589
    .0039955
    .0032679
    .0024934
    .0019602
    .0017095
    .0015684
    .0016634
    .0013670
    .0009060
    .0006003
    .0002971
    .0000207
   -.0001811
   -.0002559
   -.0002202
    .0004036
    .0013810
    .0026706
    .0042999
    .0062188
    .0083016
    .0104154
    .0124339
    .0142092
    .0154199
    .0160695
    .0154510
    .0138927
    .0118468
    .0100383
    .0085036
    .0067933
    .0048255
    .0023743
   -.0001456
   -.0026056
   -.0048107
   -.0065949
   -.0078354
   -.0085566
   -.0087921
   -.0083260
   -.0073386
   -.0060469
   -.0046986
   -.0032959
   -.0017086
   -.0001142
    .0012810
    .0024181
    .0033718
    .0038587
    .0042966
    .0046796
    .0050548
    .0055853
    .0064051
    .0074144
    .0083868
    .0091266
    .0096268
    .0098111
    .0095795
    .0087814
    .0074030
    .0053725
    .0028992
   -.0000720
   -.0031952
   -.0060479
   -.0084758
   -.0106202
   -.0123750
   -.0136229
   -.0145599
   -.0152441
   -.0156676
   -.0158797
   -.0156652
   -.0149924
   -.0138646
   -.0123328
   -.0102757
   -.0081327
   -.0057134
   -.0032693
   -.0009029
    .0012003
    .0032771
    .0049950
    .0066228
    .0081247
    .0094595
    .0105183
    .0113179
    .0119122
    .0123031
    .0124705
    .0122948
    .0112081
    .0091439
    .0062329
    .0029312
   -.0003602
   -.0031888
   -.0056977
   -.0080477
   -.0102274
   -.0121272
   -.0136923
   -.0148433
   -.0156623
   -.0161648
   -.0162420
   -.0158103
   -.0151538
   -.0144136
   -.0135513
   -.0125859
   -.0116824
   -.0108626
   -.0100707
   -.0091807
   -.0081615
   -.0070219
   -.0058190
   -.0045811
   -.0033702
   -.0023243
   -.0013974
   -.0005396
    .0003836
    .0013752
    .0019993
    .0020996
    .0019058
    .0016627
    .0013240
    .0008574
    .0003384
    .0000204
    .0001503
    .0006726
    .0013706
    .0023400
    .0035662
    .0047620
    .0057982
    .0066938
    .0073673
    .0077402
    .0081178
    .0085729
    .0092847
    .0101786
    .0112194
    .0122621
    .0132099
    .0136349
    .0130516
    .0110045
    .0075364
    .0033867
   -.0005988
   -.0037592
   -.0067935
   -.0088818
   -.0110981
   -.0130742
   -.0148355
   -.0160830
   -.0171528
   -.0177741
   -.0177610
   -.0174245
   -.0167504
   -.0156889
   -.0144011
   -.0132642
   -.0123104
   -.0113590
   -.0105007
   -.0092369
   -.0076237
   -.0054267
   -.0024997
    .0006367
    .0043029
    .0081867
    .0119451
    .0151626
    .0174000
    .0186664
    .0192031
    .0193902
    .0193487
    .0189586
    .0180379
    .0166106
    .0147008
    .0123255
    .0095861
    .0068261
    .0042231
    .0020512
    .0002903
   -.0011133
   -.0020233
   -.0024068
   -.0025010
   -.0024398
   -.0021490
   -.0015597
   -.0007162
    .0003327
    .0015524
    .0027758
    .0039452
    .0049142
    .0057286
    .0064838
    .0072148
    .0077479
    .0080866
    .0082696
    .0084956
    .0089424
    .0095653
    .0102494
    .0108231
    .0112913
    .0116541
    .0118141
    .0120229
    .0120887
    .0118896
    .0113673
    .0105364
    .0094126
    .0079743
    .0061805
    .0042382
    .0023627
    .0009702
    .0001888
   -.0002314
   -.0007670
   -.0011796
   -.0014417
   -.0016631
   -.0018443
   -.0018669
   -.0016769
   -.0012713
   -.0007264
   -.0008538
    .0008051
    .0018065
    .0029739
    .0043980
    .0057132
    .0070098
    .0079780
    .0085695
    .0087082
    .0085098
    .0080210
    .0073885
    .0066361
    .0059084
    .0052452
    .0047142
    .0043678
    .0039218
    .0037158
    .0042168
    .0048754
    .0058498
    .0067796
    .0077080
    .0085155
    .0093319
    .0100506
    .0108187
    .0114755
    .0120778
    .0124328
    .0126620
    .0125880
    .0124100
    .0120542
    .0109757
    .0110657
    .0104522
    .0097099
    .0089088
    .0088028
    .0084304
    .0081151
    .0083047
    .0081561
    .0080684
    .0078605
    .0077404
    .0073814
    .0066175
    .0069216
    .0069949
    .0069620
    .0069955
    .0068387
    .0067321
    .0064832
    .0064047
    .0061410
    .0059543
    .0056144
    .0055493
    .0054309
    .0048616
    .0052267
    .0052945
    .0052748
    .0052349
    .0052686
    .0054597
    .0055705
    .0056990
    .0057431
    .0056116
    .0055946
    .0057005
    .0056930
    .0058185
    .0058376
    .0059363
    .0059038
    .0056252
    .0055363
    .0057388
    .0058716
    .0060904
    .0062234
    .0053697
    .0063699
    .0063800
    .0065710
    .0068296
    .0068553
    .0069232
    .0069133
    .0065831
    .0068534
    .0067943
    .0067786
    .0067436
    .0066191
    .0064190
    .0066658
    .0066659
    .0066437
    .0067846
    .0067929
    .0069921
    .0070117
    .0067001
    .0069856
    .0069363
    .0068801
    .0066334
    .0063848
    .0064866
    .0062289
    .0063203
    .0060574
    .0060963
    .0058236
    .0054108
    .0051089
    .0047207
    .0044035
    .0040117
    .0036989
    .0042783
    .0030074
    .0029779
    .0026588
    .0026237
    .0022876
    .0022472
    .0018907
    .0018441
    .0014622
    .0010177
    .0006257
    .0002047
   -.0002055
   -.0005961
   -.0011197
   -.0011799
   -.0019505
   -.0021730
   -.0038422