   -.0114445
   -.0119263
   -.0077104
   -.0010988
   -.0099564
   -.0198504
   -.0077228
    .0026800
   -.0128152
   -.0230838
   -.0083258
   -.0004596
   -.0120832
   -.0184958
   -.0098687
   -.0066076
   -.0057624
   -.0029949
    .0014669
    .0016358
   -.0024494
   -.0069757
   -.0038512
    .0075249
    .0121052
    .0069703
    .0008973
   -.0004256
    .0017737
    .0052412
    .0038618
   -.0003574
    .0038008
    .0069878
   -.0055346
   -.0055710
    .0070062
   -.0047244
   -.0158359
   -.0033908
    .0093957
    .0106664
    .0083329
    .0061680
    .0097059
    .0144957
    .0142137
    .0102596
    .0017604
   -.0148386
   -.0230834
   -.0108585
    .0050901
   -.0010702
   -.0046029
    .0150873
    .0255970
    .0021740
   -.0117408
    .0061441
    .0083624
   -.0166287
   -.0200872
   -.0042254
   -.0023130
   -.0104999
   -.0005814
    .0100583
    .0037040
    .0002233
    .0069985
    .0119105
    .0131772
    .0017679
   -.0126985
   -.0156682
   -.0055848
    .0040836
    .0098486
    .0103815
    .0022506
    .0019763
    .0098775
    .0088363
   -.0049581
    .0001328
    .0058958
    .0001036
    .0026669
   -.0005199
   -.0220069
   -.0089843
    .0128338
    .0063077
   -.0106732
   -.0146524
   -.0059486
    .0062576
    .0060064
   -.0002965
   -.0033349
   -.0063036
   -.0082559
    .0023564
    .0139381
    .0008909
   -.0157560
   -.0160529
   -.0060847
   -.0012993
    .0003791
    .0008510
    .0048274
    .0033000
   -.0107907
   -.0216520
   -.0135099
    .0074402
    .0153808
    .0074624
   -.0019360
   -.0086759
   -.0120261
   -.0123430
    .0029096
    .0068029
   -.0077088
   -.0208784
   -.0200281
   -.0241015
   -.0223240
    .0104858
    .0360593
    .0033142
   -.0375107
   -.0259938
    .0179964
    .0402332
    .0242893
   -.0180664
   -.0298021
    .0044731
    .0313338
    .0159382
    .0066129
    .0027937
   -.0243687
   -.0380296
   -.0164208
    .0054558
    .0081213
    .0168117
    .0252302
    .0177003
   -.0091715
   -.0047953
    .0187054
    .0250413
    .0057498
   -.0131876
   -.0270374
   -.0263821
   -.0107280
    .0101908
    .0390924
    .0358460
   -.0098893
   -.0428987
   -.0114980
    .0257000
    .0295626
    .0198940
    .0005206
   -.0205822
   -.0261479
   -.0099423
    .0131492
    .0338636
    .0230444
   -.0175469
   -.0410126
   -.0255479
    .0008391
    .0148154
    .0245775
   -.0006000
   -.0332546
   -.0208834
    .0124800
    .0302778
    .0086584
   -.0148480
   -.0158407
   -.0064310
    .0161495
    .0122514
   -.0261238
   -.0490259
   -.0228003
   -.0040683
   -.0055111
   -.0051547
   -.0029352
    .0078910
    .0077067
    .0012731
    .0091230
    .0099561
   -.0089551
   -.0224221
   -.0366736
   -.0579099
   -.0399375
    .0016378
    .0216852
    .0212216
    .0262086
    .0412040
    .0745642
    .1162107
    .1395280
    .1180548
    .0901136
    .1067955
    .1144553
    .1083680
    .1115574
    .1123514
    .1031088
    .0993497
    .1006908
    .0978626
    .0884397
    .0581732
    .0115843
   -.0436187
   -.1046797
   -.1632300
   -.2195442
   -.2737546
   -.3195286
   -.3513768
   -.3486003
   -.3053055
   -.2531840
   -.2280416
   -.2380993
   -.2632112
   -.2535644
   -.1908469
   -.1199945
   -.0662958
   -.0532791
   -.0722891
   -.0888692
   -.0273973
    .1643983
    .3420971
    .1892285
    .0317793
    .2126009
    .3728407
    .2752238
    .2519738
    .2751225
    .2855212
    .1867296
    .0534546
    .0327501
    .0638482
    .0825830
    .0531869
    .0436901
    .0458479
    .0033928
   -.0570543
   -.1203616
   -.1183375
   -.0817949
    .0194627
    .0102570
   -.0521237
   -.0764957
   -.0637754
   -.0186658
   -.0908853
   -.1638805
   -.0912732
   -.0562186
   -.0981022
   -.1202673
   -.0634955
   -.0287641
   -.0545263
   -.1407428
   -.1828944
   -.1525319
   -.0474923
   -.0418654
   -.0845722
   -.0568723
    .0516527
    .1057111
    .0530839
    .0625385
    .1621808
    .1306720
    .0927290
    .0518406
    .0384383
    .0390012
    .0318020
    .0252988
   -.0049521
    .0030489
    .0674992
    .1179178
    .1079937
    .0306785
    .0196038
    .0888818
    .0599086
    .0224504
    .0141262
    .0443939
    .0923191
    .0449058
   -.0348861
   -.0990095
   -.1556658
   -.1245358
   -.1288604
   -.1255021
   -.0864646
   -.0404712
    .0027146
   -.0218255
   -.0527705
   -.0038967
    .0585510
   -.0276779
   -.0348899
    .0579857
    .0833537
    .0574659
    .0033866
    .0530241
    .0731527
    .0500226
    .0111976
    .0249450
    .0495485
    .0438773
    .0202809
    .0152996
    .0311664
    .0276085
    .0000419
    .0062260
    .0317474
    .0427020
    .0173590
   -.0251972
   -.0637574
   -.0704557
   -.0642912
   -.0893471
   -.0713178
   -.0329185
   -.0412530
   -.0795165
   -.1451231
   -.1794463
   -.1749061
   -.1420464
   -.1140647
   -.0220879
    .0656114
    .1493160
    .1367782
    .0851510
    .0314973
    .0786522
    .1105907
    .0773072
    .0602479
    .0535807
    .0657636
    .0418872
   -.0375265
   -.0536277
   -.0135126
    .0106522
   -.0242143
   -.0232076
    .0456275
    .0818642
    .0969985
    .0441279
    .0011641
    .0367090
    .1745431
    .1863935
    .1662204
    .1854154
    .2299218
    .1536709
   -.0155124
    .0594551
    .1598444
    .2614515
    .2825469
    .2273349
    .1853648
    .0899332
   -.0913378
   -.2742550
   -.3502905
   -.2668171
   -.1414822
   -.1171155
   -.1975217
   -.1706163
   -.1768045
   -.1897398
   -.1963207
   -.1879379
   -.1313442
   -.1380277
   -.2229810
   -.2052888
   -.1534130
   -.0935298
   -.0968235
   -.1741329
   -.1316715
   -.0556048
    .0281257
    .0760444
    .1180723
    .1620655
    .2546887
    .2709853
    .2240378
    .1636199
    .1928312
    .2100075
    .1713003
    .1465402
    .2667295
    .3386632
    .2514813
    .1453054
    .1018537
    .1217861
    .0990052
    .0073851
   -.0103689
    .0355583
    .0710801
    .0142955
   -.1089646
   -.1395224
   -.1432657
   -.1728576
   -.1874611
   -.1635417
   -.0928992
   -.0633498
   -.1468354
   -.1898407
   -.0629395
   -.1608338
   -.3748470
   -.2013197
    .0258111
    .1365891
   -.3320408
   -.3368732
    .0696017
    .2947279
    .0632709
   -.2371119
   -.0159536
    .4236469
    .3380594
    .0637195
    .0202843
    .1132534
    .3893617
    .3793147
    .1487955
   -.0104971
   -.0783468
   -.2004996
    .3498017
    .6104393
   -.0565796
   -.4928153
   -.1101401
    .0018034
   -.0809367
   -.5414087
   -.4828849
   -.0804754
    .4491785
    .4694331
   -.5355231
   -.7168879
   -.1401825
    .0321010
   -.6585058
   -.5041612
   -.1571185
    .3080609
    .5661461
    .3960631
   -.2779742
   -.5200489
   -.0792739
    .5451310
    .7491723
    .6855580
    .5513482
    .5890870
    .5266224
    .2720111
   -.0628789
   -.2672201
   -.2273254
    .0176116
    .3516376
    .3252263
    .2416195
   -.1211706
   -.2824369
   -.3613331
   -.5340869
   -.4778918
   -.4338659
   -.0430384
   -.0676997
   -.3109095
   -.6021493
   -.5299311
   -.0932861
   -.1267384
   -.2324690
   -.0803887
    .0539251
    .0558960
   -.1333032
   -.3454824
   -.1644552
   -.2326223
   -.4113865
   -.5658573
   -.4122243
   -.0036377
   -.0522484
   -.3090018
   -.0956814
    .1414011
   -.0907294
   -.3291159
   -.2441127
    .1653118
    .4603989
    .4777601
    .3351217
    .2564974
    .0055160
   -.1084275
   -.2302160
    .0031148
    .6234430
    .6809818
    .5055221
   -.1111426
   -.3587373
   -.4134480
   -.2921635
    .0056992
    .3036331
    .5993212
    .5800002
    .3619320
   -.1692832
   -.4122215
   -.4315944
   -.3555315
   -.2789251
    .0235055
    .4826591
    .5666210
    .2058840
   -.1268857
   -.0364629
    .1725571
    .3554477
    .4206304
    .3622882
    .3826886
    .3937372
    .2920901
    .1657496
   -.0652443
   -.0310329
    .2671374
    .3983517
    .2952074
    .1246926
    .1608191
    .3055130
    .2979794
    .1584930
   -.0631137
   -.2715337
   -.2721905
   -.1932289
   -.0442076
   -.0463120
   -.2584649
   -.6321799
   -.4148645
   -.0891903
   -.0925572
   -.4337854
   -.5143775
   -.0425376
    .2872908
    .1118623
   -.1863132
   -.0470949
    .1597859
    .2084647
    .1236553
   -.0923427
    .1336681
    .4150403
    .2962812
    .1510058
    .0256456
    .1696192
    .1961312
    .0549476
   -.1332813
    .1036232
    .3343145
    .2847890
   -.0756581
   -.0371215
    .1098710
   -.2128195
   -.4772786
   -.2168101
    .1747339
    .2381239
   -.0747892
   -.1690563
   -.3187123
   -.3433582
   -.3279591
   -.1607312
    .0364501
    .1134324
   -.0034814
    .0961842
    .1476333
   -.0807712
   -.3307926
    .1075484
    .4925967
    .4865841
    .0906170
   -.1750398
   -.0090137
    .1504319
   -.1274030
   -.2968798
   -.3594450
    .0445753
    .2842832
    .2112518
   -.0816548
    .0755919
    .1931614
    .2297264
    .1945886
    .1413858
    .2137676
    .3013316
    .2497796
   -.0953405
   -.3293483
   -.2329317
    .0254395
   -.0221291
   -.1724316
   -.0598901
    .2025973
    .3836338
   -.0509765
   -.1490767
   -.1011832
    .0264909
   -.0038027
   -.0590064
   -.0366752
    .1492480
    .2102013
   -.0315520
   -.2667974
   -.1595297
   -.0287818
    .0138791
   -.0029794
    .1051845
    .3459560
    .3080090
    .0189456
   -.1086458
    .0507346
   -.0213043
   -.1426356
   -.0807824
    .0169570
   -.0096092
   -.1486424
   -.1933783
   -.1079490
   -.0400178
   -.1442872
   -.1776603
    .0041143
    .1804889
    .0988969
   -.0035673
    .0553331
    .0593576
    .0252931
   -.1876097
   -.2846113
   -.2601248
   -.1712987
   -.1417920
   -.0642333
   -.0089937
   -.0216059
   -.0786291
   -.1532209
   -.2817836
   -.2341592
    .0443874
    .1304415
    .1083860
    .0679164
    .1532059
    .1649038
    .1002304
    .0391597
    .0269077
    .0662536
    .1439254
    .1595930
    .0817825
    .0338115
    .0342319
    .0203116
   -.0733008
   -.1480642
   -.2099463
   -.1337599
   -.0205560
    .0225189
    .0466529
    .0542322
    .1247516
    .1294069
    .0856433
   -.1010244
   -.1572152
    .0040186
    .0542313
    .0051551
   -.1072465
   -.1268736
    .1230054
    .1024543
   -.0179378
   -.1196336
   -.1072985
    .0586858
    .1419516
    .1385179
    .0952236
    .0144580
   -.0594161
   -.1417649
   -.1931314
   -.2058846
   -.1956109
   -.1570935
   -.1488659
   -.2369291
   -.2779093
   -.2265601
   -.1569558
   -.0968716
   -.1107448
   -.0428169
    .0224513
    .0347741
    .0394155
   -.0442324
   -.0918361
   -.0895607
   -.0184369
    .0280200
   -.0740062
    .0000949
    .0583645
   -.0400008
   -.1202332
   -.2067001
   -.1918947
   -.0859795
    .0449481
    .0583704
    .1038707
    .1782581
    .2417628
    .2258703
    .0863814
   -.0018572
    .0156470
    .0591949
    .1002998
    .0791998
    .0337728
    .0105285
   -.0193930
   -.0606162
   -.1457343
   -.2031031
   -.1932488
   -.1298170
   -.0588098
   -.0399656
   -.0701900
   -.0873576
   -.0648921
   -.1142447
   -.1480950
   -.1403509
   -.0941151
   -.0614714
   -.0360054
    .0127353
    .0869939
    .0956270
    .0874749
    .0376933
    .0312671
    .1025131
    .1273835
    .0986957
    .0772430
    .1891194
    .1924334
    .1126078
   -.0117143
   -.0304852
    .0266942
    .0454896
    .0833761
    .0994816
    .0867208
    .1019529
    .0154330
   -.0523199
   -.1295406
   -.1677839
   -.0316601
    .0265054
    .0340063
    .0183515
    .1044412
    .2117429
    .2205311
    .1264146
    .0088994
   -.0641355
   -.0279008
   -.0101513
   -.0271618
   -.0934705
   -.0541786
   -.0305081
   -.0651379
   -.1755075
   -.1623371
   -.0098916
    .1143665
    .1281520
    .0930948
    .1064245
    .1286965
    .1325122
    .0776222
    .0180243
    .0086344
    .0451531
    .1062081
    .0752596
   -.0175341
   -.0405811
   -.0705815
   -.1325956
   -.2096644
   -.1817355
   -.0891923
    .0252186
    .0891006
    .1239119
    .1615530
    .1897506
    .2059379
    .1390042
    .1110457
    .1523857
    .2408000
    .2513146
    .1969911
    .1531997
    .0885932
    .0763134
    .0883895
    .0398417
    .0054344
    .0562405
    .1324010
    .2016087
    .1433350
    .0526396
   -.0539998
   -.0379252
    .0029645
   -.0082069
    .0119510
    .0291852
    .0244640
   -.0167934
   -.1168295
   -.1846907
   -.1646834
   -.1658672
   -.1928352
   -.2190562
   -.1668118
   -.0776190
   -.0283363
   -.0346163
   -.1291840
   -.0510196
    .0414053
    .0707647
   -.0112389
   -.0911903
   -.0462452
    .0606894
    .1055062
    .0573658
   -.0116061
    .0796005
    .1207865
    .0296640
   -.0677410
   -.0776610
    .0034436
    .0452011
    .0302801
   -.0155787
   -.0035371
   -.0225822
   -.0538574
   -.1361590
   -.1525529
   -.0664208
    .1163119
    .1173108
   -.0032697
    .0435940
    .1036803
    .0000697
   -.1015693
   -.0911196
    .0051200
    .0224998
    .0188181
    .0091270
    .0097952
    .0515768
    .1020918
    .0792092
    .0051796
    .0425840
    .1909369
    .2191072
    .1868609
    .1593016
    .0806948
   -.0087378
   -.0281997
   -.1408445
   -.3240826
   -.4218309
   -.3571943
   -.0410382
    .0325568
   -.0059892
   -.1019627
   -.0651519
    .0000575
    .0166265
   -.0662674
   -.0000100
    .0220776
    .0326264
   -.0530167
   -.1048285
   -.0991620
   -.0898998
   -.1741255
   -.1751679
   -.1001816
   -.0187317
    .0446833
    .0087805
   -.1094512
   -.0672701
   -.0047741
   -.0213474
   -.1321804
   -.1645907
   -.1092778
   -.0178650
    .0856738
   -.0025656
   -.0818345
   -.1137740
   -.0928088
   -.1484777
   -.1657448
   -.0941975
   -.0017904
    .0397816
    .0045950
    .0027339
    .0359722
    .0652291
    .0137236
   -.0112278
    .0582762
    .1700338
    .1588888
    .0841257
   -.0228010
   -.1005068
   -.1343068
   -.1357903
   -.1636902
   -.2081702
   -.1278619
    .0041582
    .0379807
   -.0577460
   -.1504685
   -.1505307
   -.0722292
   -.0435162
   -.0797220
   -.0310619
    .0502236
    .1700891
    .1472933
    .0819293
    .0178695
    .0073537
   -.0139401
    .0024549
    .0094061
   -.0039715
   -.0146002
   -.0061331
   -.0064950
   -.0211006
   -.0313494
   -.0326840
   -.0351310
   -.0383431
   -.0268499
   -.0067743
   -.0079314
   -.0028655
    .0208230
    .0456167
    .0572733
    .0447066
    .0219650
    .0179844
    .0147535
    .0119990
    .0213710
    .0322414
    .0301639
    .0243045
    .0209823
    .0147935
    .0051320
   -.0073305
   -.0214717
   -.0374112
   -.0519425
   -.0622224
   -.0753171
   -.0952287
   -.1086469
   -.1086652
   -.1055225
   -.1034058
   -.1003089
   -.1027267
   -.1150440
   -.1235918
   -.1179436
   -.1097426
   -.1008403
   -.0895608
   -.0824793
   -.0766526
   -.0662245
   -.0591646
   -.0601674
   -.0670512
   -.0688661
   -.0617658
   -.0564816
   -.0564144
   -.0539654
   -.0447119
   -.0371876
   -.0412517
   -.0525824
   -.0519621
   -.0356310
   -.0232110
   -.0211630
   -.0151445
   -.0037185
    .0005468
    .0001912
    .0024441
    .0072277
    .0172289
    .0288074
    .0370814
    .0522385
    .0692438
    .0755524
    .0682892
    .0484615
    .0224015
   -.0041455
   -.0299177
   -.0526463
   -.0683180
   -.0751625
   -.0738777
   -.0693567
   -.0643015
   -.0514587
   -.0335833
   -.0247390
   -.0208837
   -.0019332
    .0205914
    .0287700
    .0267842
    .0371180
    .0628608
    .0842695
    .0957025
    .1047900
    .1224998
    .1331239
    .1293686
    .1301530
    .1317124
    .1261433
    .1220430
    .1254917
    .1304016
    .1284530
    .1207013
    .1127691
    .1066580
    .1008775
    .0960822
    .0932983
    .0907473
    .0873297
    .0824856
    .0754990
    .0676968
    .0602263
    .0525243
    .0450857
    .0357341
    .0222725
    .0078673
   -.0039120
   -.0171326
   -.0345920
   -.0511467
   -.0609842
   -.0685396
   -.0792622
   -.0910328
   -.1004357
   -.1088052
   -.1141530
   -.1179815
   -.1245470
   -.1270439
   -.1206606
   -.1097980
   -.0917932
   -.0620277
   -.0234350
    .0164350
    .0455736
    .0550266
    .0504640
    .0429703
    .0281100
    .0065530
   -.0108986
   -.0210786
   -.0288136
   -.0365835
   -.0408651
   -.0373169
   -.0272148
   -.0118234
    .0042480
    .0164694
    .0226491
    .0254797
    .0275132
    .0264697
    .0320980
    .0454379
    .0518433
    .0465340
    .0342277
    .0277862
    .0327060
    .0152453
   -.0192878
   -.0442119
   -.0276456
    .0132616
    .0480576
    .0560229
    .0133636
   -.0185730
    .0043709
    .0320160
    .0072220
   -.0014806
    .0240691
    .0421066
    .0212572
    .0254933
    .0585634
    .0934979
    .0781190
    .0230093
   -.0077737
   -.0011502
    .0049358
   -.0036554
   -.0348544
   -.0845900
   -.1271538
   -.1306010
   -.0910455
   -.0265405
    .0366291
    .0567758
    .0225376
   -.0325331
   -.0867034
   -.1462483
   -.1841705
   -.1853199
   -.1622343
   -.1357815
   -.1261826
   -.1271629
   -.1238976
   -.1203551
   -.1077027
   -.0577199
   -.0007153
    .0333156
    .0504664
    .0395340
    .0167201
    .0036505
    .0000644
    .0083495
    .0315308
    .0569709
    .0625893
    .0327824
   -.0192454
   -.0425603
   -.0392407
   -.0451931
   -.0130519
    .0336615
    .0464136
    .0437586
    .0402491
    .0220405
   -.0209210
   -.0635352
   -.0639005
   -.0581476
   -.0766668
   -.0596520
   -.0117339
    .0249836
    .0443248
    .0553859
    .0617708
    .0730431
    .0653858
    .0421727
    .0322326
    .0190408
   -.0098239
   -.0369387
   -.0454428
   -.0371285
   -.0279665
   -.0012494
    .0551750
    .0971206
    .0844719
    .0348625
   -.0170675
   -.0486034
   -.0572464
   -.0541543
   -.0403670
   -.0157356
    .0126629
    .0353745
    .0442551
    .0266266
   -.0190979
   -.0666166
   -.0879934
   -.0863360
   -.0861275
   -.0745515
   -.0235073
    .0341776
    .0452133
    .0003701
   -.0546992
   -.0715600
   -.0450049
    .0075654
    .0577457
    .0772083
    .0536923
    .0131738
   -.0198030
   -.0344821
   -.0083023
    .0271659
    .0205822
   -.0170649
   -.0280133
   -.0253976
   -.0557164
   -.0609134
   -.0252574
   -.0059345
   -.0181693
   -.0095609
    .0197578
    .0154192
    .0052774
   -.0017017
    .0093764
    .0395037
    .0559343
    .0497529
    .0338884
    .0142587
   -.0065356
   -.0273589
   -.0112441
    .0363407
    .0688066
    .0784689
    .0716709
    .0460392
    .0284525
    .0387765
    .0452658
    .0169418
   -.0295542
   -.0523797
   -.0277279
    .0135241
    .0262340
    .0297446
    .0290427
    .0139865
   -.0154490
   -.0198506
   -.0259529
   -.0401771
   -.0462812
   -.0295658
   -.0346157
   -.0588825
   -.0705971
   -.0432297
   -.0302317
   -.0065513
    .0086138
    .0191926
    .0311281
    .0262310
    .0065752
   -.0113157
   -.0187113
   -.0080887
    .0197362
    .0359061
    .0048925
   -.0535721
   -.0790133
   -.0623934
   -.0458716
   -.0723041
   -.1109206
   -.0816480
   -.0473753
   -.0351769
   -.0361424
   -.0446920
   -.0466981
   -.0427217
   -.0353818
   -.0161800
   -.0031734
   -.0085280
   -.0146412
   -.0052232
    .0129340
    .0342815
    .0464560
    .0069334
   -.0546697
   -.0593223
   -.0166585
   -.0060518
   -.0195810
    .0088099
    .0680804
    .0568738
    .0209396
    .0314424
    .0424467
    .0077845
   -.0193995
   -.0013995
    .0098495
   -.0112275
   -.0347950
   -.0306279
   -.0225667
   -.0136822
    .0118119
    .0481173
    .0551496
    .0488678
    .0508499
    .0302568
    .0219682
    .0299340
    .0165721
    .0147668
    .0322510
    .0255132
   -.0021870
   -.0083623
   -.0050748
   -.0123966
   -.0185353
   -.0269999
   -.0409778
   -.0413528
   -.0166778
    .0177636
    .0352779
    .0293437
    .0129774
   -.0040353
   -.0105377
   -.0166767
   -.0245402
   -.0219741
    .0050032
    .0303063
    .0246774
    .0235070
    .0375174
    .0397792
    .0178149
    .0070607
    .0214697
    .0301484
    .0184063
    .0154054
    .0297531
    .0364209
    .0276466
    .0210120
    .0262185
    .0310863
    .0164922
    .0021670
    .0148790
    .0324567
    .0355462
    .0422404
    .0494573
    .0393775
    .0226483
    .0152170
    .0152484
    .0065677
   -.0032825
   -.0007201
    .0009542
   -.0119181
   -.0150551
   -.0115575
   -.0193782
   -.0344441
   -.0435529
   -.0480704
   -.0510424
   -.0495684
   -.0410404
   -.0354372
   -.0357891
   -.0309889
   -.0231846
   -.0209720
   -.0200924
   -.0156454
   -.0066420
   -.0007731
   -.0019186
   -.0030202
    .0021169
    .0091241
    .0043582
   -.0061193
   -.0064626
    .0000036
   -.0005940
   -.0078600
   -.0096837
   -.0041097
   -.0046291
   -.0143654
   -.0158060
   -.0103085
   -.0106012
   -.0134055
   -.0103320
   -.0034580
   -.0048455
   -.0111695
   -.0115731
   -.0060047
   -.0037765
   -.0058754
   -.0055189
   -.0024632
   -.0008106
   -.0012543
   -.0023351
   -.0037277
   -.0040364
   -.0031707
   -.0018032
   -.0009003
   -.0008032
   -.0017305
   -.0028440
   -.0040856
   -.0050509
   -.0059734
   -.0062867
   -.0059469
   -.0049526
   -.0039942
   -.0032707
   -.0028673
   -.0025186
   -.0022976
   -.0020187
   -.0018222
   -.0016994
   -.0014855
   -.0014124
   -.0010028
   -.0009696
   -.0001375
   -.0010108