    .0000998
    .0008607
    .0010498
   -.0011804
   -.0009970
   -.0008623
   -.0032820
   -.0083339
    .0004627
    .0061129
    .0033968
    .0000282
   -.0027364
   -.0053013
   -.0028253
    .0031623
    .0037799
   -.0015328
   -.0031929
   -.0002884
    .0036429
    .0019615
   -.0033349
   -.0022586
   -.0015852
   -.0044587
   -.0081618
   -.0056597
    .0015304
    .0046476
    .0027498
   -.0003964
    .0021248
    .0039539
   -.0010275
   -.0119578
   -.0125920
    .0010620
    .0055960
   -.0013568
   -.0092415
   -.0085815
   -.0047768
   -.0023699
   -.0041409
   -.0064964
   -.0125803
   -.0206091
   -.0103747
    .0128943
    .0194963
    .0022979
   -.0083482
    .0042997
    .0078530
   -.0005653
   -.0086516
   -.0079538
   -.0061211
   -.0019334
    .0004320
    .0023937
    .0054273
    .0034292
   -.0049688
   -.0071906
   -.0002692
    .0001710
   -.0052606
   -.0096654
   -.0075702
   -.0081042
   -.0098792
   -.0015380
    .0031565
   -.0071208
   -.0166038
   -.0083122
    .0003455
    .0002686
   -.0052309
   -.0036023
   -.0051653
   -.0130100
   -.0089158
    .0105944
    .0097201
   -.0090816
   -.0162104
   -.0002243
    .0039127
   -.0018074
    .0057953
    .0142348
    .0091790
   -.0026795
   -.0027497
    .0022643
   -.0056796
   -.0184284
   -.0107012
    .0013710
   -.0023460
   -.0039915
    .0103029
   -.0000369
   -.0138668
   -.0029332
    .0082347
    .0029996
   -.0081851
   -.0044468
    .0054518
   -.0075733
   -.0225590
    .0004170
    .0213249
    .0088367
   -.0127217
   -.0204616
   -.0089167
   -.0121034
   -.0248207
   -.0187755
   -.0092988
   -.0184142
   -.0191204
   -.0006026
    .0214112
    .0291935
    .0123432
   -.0175413
   -.0411665
   -.0287536
    .0215676
    .0610249
    .0571593
    .0162982
   -.0368799
   -.0608521
   -.0296080
    .0199611
    .0304025
    .0062133
   -.0151341
   -.0076061
    .0299423
    .0560862
    .0464900
    .0160086
   -.0154010
   -.0237145
   -.0022663
    .0246517
    .0268243
    .0004816
   -.0315361
   -.0448443
   -.0295466
    .0032623
    .0288911
    .0229658
   -.0161935
   -.0450771
   -.0301027
    .0027514
    .0164962
    .0033904
   -.0084592
    .0004922
   -.0000335
   -.0140705
   -.0189712
    .0018375
    .0136767
    .0100130
    .0079931
    .0135343
   -.0061581
   -.0274443
   -.0002004
    .0349610
    .0313651
    .0098120
   -.0145694
   -.0345416
   -.0316699
   -.0041325
    .0088587
    .0016111
   -.0117091
   -.0282391
   -.0256241
   -.0252189
   -.0332706
   -.0304856
    .0001235
   -.0042464
   -.0412613
   -.0649456
   -.0675122
   -.0562378
   -.0262697
   -.0051084
   -.0043577
   -.0136624
   -.0265832
   -.0205365
   -.0099641
   -.0184907
   -.0362475
   -.0528554
   -.0737836
   -.0844956
   -.0633029
   -.0124706
    .0323635
    .0478562
    .0509623
    .0729613
    .1224558
    .1645285
    .1835542
    .1831582
    .1646640
    .1217297
    .0906877
    .1178428
    .1818738
    .2271937
    .2216445
    .1883577
    .1549439
    .1376815
    .1424498
    .1531560
    .1361468
    .0723090
   -.0199670
   -.0890355
   -.1072531
   -.1220627
   -.1664198
   -.1776747
   -.1552717
   -.1762456
   -.2327839
   -.2383081
   -.1750796
   -.1173600
   -.1094092
   -.1329036
   -.1473957
   -.1259499
   -.0642459
    .0107543
    .0397967
    .0487342
    .0806327
    .1617018
    .2398740
    .2718173
    .2625243
    .2013650
    .1062744
    .0172434
   -.0252823
   -.0184282
   -.0061657
   -.0177814
   -.0491305
   -.0698367
   -.0699370
   -.1006117
   -.1740804
   -.2424395
   -.2642045
   -.2184996
   -.1522826
   -.1163866
   -.0947870
   -.0900123
   -.1219477
   -.1682695
   -.1764013
   -.0973653
   -.0025928
    .0217635
    .0477313
    .1169244
    .1425349
    .1060535
    .0761581
    .1016049
    .1777049
    .2108860
    .1787860
    .1412832
    .0854954
    .0231605
   -.0126425
    .0093938
    .0447775
    .0143378
   -.0611249
   -.1200178
   -.1242855
   -.0780930
   -.0317077
   -.0013353
    .0318475
    .0193563
   -.0312768
   -.0482887
   -.0202122
    .0018068
   -.0085653
   -.0362106
   -.0629489
   -.0883834
   -.0775963
    .0446048
    .0572832
    .0278391
   -.0174274
    .0081848
    .0636269
    .0741831
    .0364311
   -.0063954
   -.0031149
    .0221898
    .0622500
    .1001877
    .0834720
    .0352746
   -.0226381
   -.0174303
   -.0161009
   -.0143261
   -.0197552
   -.0670814
   -.1478531
   -.0338364
    .0211172
    .0113487
   -.0851517
   -.1340684
   -.0647906
    .0531364
    .0724844
    .0076031
   -.0528837
   -.0701280
   -.0183405
    .0679120
    .0510104
   -.0818018
   -.1419784
   -.1338621
   -.0973422
    .0115308
   -.0020463
   -.0403643
   -.1033188
   -.0444480
   -.0177922
   -.0038158
   -.0353082
   -.0923262
   -.1187208
   -.0722947
   -.0271091
    .0274364
    .0874292
    .0525688
    .0573585
    .0761955
    .0945588
    .0779784
    .0445298
    .0081243
   -.0025060
    .0154636
    .0716643
    .1352155
    .2248697
    .2300838
    .2156572
    .1713507
    .1501820
    .1608277
    .1280103
    .1212625
    .0619424
    .0881760
    .1715314
    .2688534
    .2619296
    .1201443
   -.0449594
   -.0847587
   -.0581610
    .0594070
    .0224478
   -.2396044
   -.2508175
   -.0636665
    .0646922
    .0648455
   -.1869258
   -.1207235
    .0302034
    .1599013
    .0101992
   -.0271111
    .1089094
    .2669686
    .2813241
    .1736764
   -.0586129
   -.1052553
   -.0369212
   -.0049750
    .0140673
    .0186971
    .0081437
    .0160054
    .0484399
    .1174463
    .1117383
    .0405118
    .0204901
    .0488884
    .1027337
    .1618958
    .1304982
    .0561284
   -.0852905
   -.1281173
   -.0707971
   -.1070491
   -.1178322
   -.1312716
   -.0154774
    .0851174
    .1686135
    .2201418
    .1296262
   -.0963892
   -.2813485
   -.3758809
   -.3621280
   -.2087809
   -.0276115
    .0760924
    .0031757
   -.0269273
    .0837683
    .1483448
    .1413795
    .0392164
   -.0373731
    .1972428
    .3654670
    .3864471
    .2771212
    .1043778
   -.0039002
   -.0281262
    .1259629
    .0797963
   -.0212726
   -.0537167
    .0412262
    .2135071
    .2880466
    .2147062
    .1870024
    .1847190
    .1563922
    .0113452
   -.0922270
   -.1412178
   -.1292007
   -.1230699
   -.0724335
   -.0639581
   -.1977299
   -.2553512
   -.3003349
   -.1954581
   -.0986617
   -.2099374
   -.2969464
   -.3988502
   -.0769212
    .2292555
    .4525107
    .4580615
    .1420105
   -.3227195
   -.3492346
   -.1391075
    .4730760
    .5952212
    .1206663
    .1498006
    .1592777
    .2943687
    .2722569
   -.0607442
   -.1216176
   -.2393192
   -.1558675
    .1719337
    .1362687
   -.1860360
   -.3552640
   -.4976416
   -.5985780
   -.5442135
   -.3945009
    .0324791
    .1196393
    .1744837
    .4913234
    .5102404
    .3613965
   -.0390222
   -.3892837
   -.4247904
    .3208703
    .3002216
    .3418988
   -.0216051
    .6262831
    .9808225
    .2277165
   -.5458167
   -.4120352
   -.5924723
   -.5734407
   -.6187340
   -.6472772
   -.5165047
    .0111315
    .3817170
    .6471160
    .6796864
    .0045108
   -.3987600
    .0043189
   -.0885948
   -.2213703
   -.4074273
   -.3315448
    .0142854
    .5501856
    .2688630
   -.4148953
   -.9096118
   -.6621644
   -.4143864
   -.0634656
   -.0592600
   -.1301720
   -.2506490
   -.0558985
    .0748384
   -.0475877
   -.0668021
   -.1621186
   -.1367183
   -.0398852
    .0951357
    .0927350
    .0268085
   -.1303868
   -.2513559
   -.2721867
   -.2073925
   -.0983662
   -.0394141
   -.0636635
    .0774736
    .0584846
    .1068168
    .0000704
   -.1465684
   -.3147475
   -.3862199
   -.3480298
   -.2511485
   -.1229415
    .1527072
    .2291644
    .1636722
    .0137889
   -.1416721
   -.2628798
   -.3060480
   -.2023124
   -.0781627
    .0405740
    .1262631
    .1872087
    .0536789
   -.0025646
    .0360230
    .1588890
    .1706948
    .1505566
    .1459736
    .3256340
    .5574200
    .5650875
    .3289119
    .0748977
    .0789340
    .0656340
    .0992547
    .0341187
   -.1281141
   -.2728113
   -.3991645
   -.2971764
   -.1369983
    .0845981
   -.0736972
   -.2626829
   -.5529607
   -.4359363
   -.1592332
    .2480079
   -.2258490
   -.1496112
    .4309272
    .4819439
    .1745183
   -.3041718
   -.3659113
   -.1736638
    .0918098
    .3556479
    .1887490
    .0776125
    .0755912
    .1488142
    .3332622
    .4364392
    .2820518
    .0732793
    .0766847
    .1399259
    .1985288
    .2196131
    .1817043
    .1708491
    .1794958
    .2192915
    .2063131
    .1539710
    .0253571
   -.1912537
   -.0078331
    .0994611
    .0220176
   -.3413919
   -.4896578
   -.4838245
   -.3784710
   -.1490366
   -.1450371
   -.2901175
   -.5249279
   -.4864307
   -.1232398
    .3543275
    .4139158
    .3216430
    .1721650
    .2906748
    .4622748
    .5906171
    .4132970
    .2656831
    .2921281
    .4295826
    .5126436
    .4617228
    .3450060
    .1863029
    .1374621
    .0625956
    .0002396
   -.0022633
    .0117041
    .0529297
    .2076218
    .4165319
    .4542747
    .2940880
    .1458241
   -.0273197
   -.0205894
    .0023847
    .0965547
    .2748403
    .2758643
    .2604787
    .2490300
    .2547700
    .2929290
    .2816573
    .1277480
   -.0710946
   -.3353523
   -.3111468
   -.1436173
   -.0085130
    .1542376
    .0499697
   -.0236902
   -.0081036
    .0275586
   -.0522313
   -.1257014
   -.2833692
   -.2729831
   -.1773517
    .0408159
    .2525431
    .2995975
    .1142190
   -.1824210
   -.0708627
    .0693400
   -.0738269
   -.2130832
   -.2631498
   -.1143625
   -.0056145
    .0575821
   -.3386060
   -.4202119
   -.0688770
    .1267205
    .2065810
   -.0762294
   -.2179268
   -.1112648
    .3020690
    .2877728
   -.0522913
   -.1916670
   -.0223717
    .1989540
    .1916861
   -.0440192
   -.1898351
   -.1774294
   -.0796186
   -.0042486
    .0415924
   -.0199338
   -.1423733
   -.1744360
   -.1364791
   -.0705756
   -.0621593
   -.0722045
   -.0783375
   -.0363378
   -.0268394
   -.0930651
   -.2355129
   -.3027911
   -.2620193
   -.2532682
   -.3050745
   -.3359279
   -.2133850
   -.0858143
   -.0170918
   -.1160593
   -.1964331
   -.1734924
    .0272863
    .1467376
    .1393447
   -.0312972
    .0545871
    .1969269
    .1477611
    .0490647
   -.0196905
   -.0408449
    .0064268
    .1362639
    .1679535
    .1045791
   -.0265474
    .0252001
    .0770811
    .0748214
   -.1038313
   -.1461556
   -.1162125
   -.0367054
    .1075886
    .1180997
    .0699952
    .0479575
    .0128366
    .0167205
    .0148568
    .0260180
   -.0243712
   -.0673910
   -.1011862
   -.0704233
   -.0266707
   -.0307197
   -.0919991
   -.1531293
   -.2249784
   -.1940301
   -.1028908
   -.0506970
   -.0277548
   -.0118958
   -.0188519
    .0233457
    .0314622
   -.0043467
   -.0693883
   -.0946689
    .0156284
    .0885133
    .0719777
   -.0452506
   -.0369484
   -.0096874
    .0143593
   -.0379359
   -.1471727
   -.1452945
   -.0907803
   -.0320991
    .0090826
    .0293029
    .0158092
   -.0399423
   -.1088057
   -.1215002
   -.0941844
   -.0178844
    .0818662
    .0416452
    .0536542
    .1260572
    .1949463
    .1742262
    .1284923
    .0542663
   -.0233491
   -.0556415
    .0439819
    .1325726
    .0592789
    .0049109
   -.0058917
    .0423318
   -.0307965
   -.1172579
   -.1865848
   -.1407755
   -.0729189
    .0050685
    .0324024
    .0239757
   -.0347369
   -.1107839
   -.1375739
   -.1114957
   -.0664324
   -.0476102
   -.1129475
   -.0302598
    .0567038
    .1269230
    .0971803
    .0094422
   -.0206353
   -.0203106
   -.0187733
   -.0260867
   -.0687929
   -.1144904
   -.1514548
   -.1131642
   -.0345992
    .0236986
    .0609141
    .0517835
   -.0555240
   -.1583872
   -.1979918
   -.1970510
   -.1147752
   -.0754313
   -.0786606
   -.1561385
   -.1281874
   -.0721425
    .0626009
    .0469130
    .0309271
   -.0049282
    .0740365
    .2566172
    .1961758
    .1964373
    .2214351
    .3440716
    .3506959
    .2415825
    .1644727
    .1116554
    .2113236
    .2419999
    .1379365
    .0820609
    .1072015
    .1729778
    .2408656
    .0835574
   -.0548562
   -.0357878
    .0210107
    .1045548
    .0286588
   -.0679295
   -.0352893
    .0124591
    .0834699
    .1036280
   -.0270490
   -.1372348
   -.0427855
    .0014692
   -.0876304
   -.1056675
   -.0395379
    .0281970
    .0258130
   -.0438248
   -.0339078
    .0041137
    .0233870
   -.0629129
   -.1459401
   -.0495477
    .1063440
    .2264827
    .2371700
    .1538497
    .0999077
    .0690919
    .0486513
    .0991768
    .0156927
   -.0833564
   -.1324527
   -.0853330
    .0791437
    .2061316
    .2682829
    .1713124
    .0622843
   -.1310172
   -.0410564
    .0617515
   -.1305587
   -.1166830
    .0155662
    .1211434
    .1755607
    .0914753
   -.0834461
   -.2063322
   -.2262068
   -.1724522
   -.0928714
    .0047473
    .0504680
    .0501664
   -.0026536
   -.0668251
   -.1104076
   -.0837519
   -.0586316
    .0388411
    .0819553
    .0463878
   -.0287887
   -.0317921
    .1406388
    .0740151
   -.0033200
   -.0968917
   -.1073929
    .0206283
    .1441773
    .2002878
    .1303337
   -.0114518
   -.1098463
   -.1419457
   -.1379644
   -.1110745
   -.1457156
   -.1459991
    .0070192
    .0610134
    .0048466
   -.0814987
   -.1540510
   -.2091461
   -.2558742
   -.1877821
   -.0611733
   -.0247611
   -.0108608
   -.0016683
   -.0182384
   -.0304518
   -.0516106
   -.0689912
   -.1172614
   -.1678163
   -.1861167
   -.1605390
   -.0541912
    .0539552
    .1119653
    .1038635
    .0752621
    .0058769
   -.0281539
   -.0663749
    .0040636
   -.0141634
   -.0931152
   -.0993520
    .0169361
    .0784669
    .1003935
    .0708436
   -.0061390
   -.0258024
   -.0138292
   -.0099283
   -.0400683
   -.0488662
   -.0057571
    .0689593
    .1474211
    .1705327
    .1650389
    .1167530
    .0443955
   -.0050574
   -.0164002
    .0067464
    .0418918
    .0163138
    .0151772
    .0090344
    .0496149
    .0441079
    .0434318
   -.0096515
   -.1342765
   -.1624117
   -.1052930
   -.0567120
    .0757324
    .1118685
    .0473191
   -.0631010
   -.1071394
   -.0430572
   -.0611801
   -.0740772
   -.0783674
   -.0407224
    .0153049
    .0397850
    .0409431
   -.0001256
   -.0542055
   -.1014589
   -.1080395
   -.0859997
   -.0495574
   -.0584074
   -.1156682
   -.1355898
   -.1407902
   -.0092673
    .0428633
    .0253378
   -.0633834
    .0563868
    .1744414
    .2645842
    .2531191
    .0220671
   -.0441958
    .0637514
    .2056244
    .2328481
    .1462852
    .0802222
    .0259087
   -.0162020
   -.0384551
   -.0265290
    .0246775
    .0712534
    .0974162
    .1444226
    .1652792
    .1311964
    .0984818
    .1049777
    .0732233
   -.0191047
   -.1098351
   -.1121522
   -.0760485
   -.0824456
   -.0902999
   -.0584093
   -.0694083
   -.1400728
   -.2077840
   -.2036867
   -.1277201
   -.0155573
    .0697534
    .0716824
    .0202620
    .0127654
    .0725892
    .1257961
    .1243461
    .0763827
    .0092189
   -.0543458
   -.0651820
    .0060497
    .1040368
    .1652984
    .1869928
    .1834406
    .1535597
    .1212405
    .1048677
    .1008556
    .0744859
    .0531916
    .0246311
   -.0335692
   -.0831137
   -.0923591
   -.1243402
   -.1211150
   -.0223453
    .0761899
    .0922519
   -.0103945
   -.0608916
   -.0466344
   -.0163151
    .0434936
    .0946518
    .0723466
   -.0005721
   -.0544757
   -.0352392
    .0171362
    .0549650
    .0780107
    .0873781
    .0601697
   -.0082623
   -.0554692
   -.0233716
    .0168215
    .0174525
   -.0004191
    .0100510
    .0552944
    .0877282
    .1189615
    .1329980
    .0821580
   -.0074346
   -.0677315
   -.0861020
   -.0583088
   -.0006472
    .0653012
    .1109945
    .0986763
    .0464240
   -.0054885
   -.0453201
   -.0873062
   -.1288493
   -.1520831
   -.1567564
   -.1513159
   -.1468528
   -.1236409
   -.0668553
   -.0001938
    .0491014
    .0561181
    .0150315
   -.0489101
   -.1084411
   -.1502758
   -.1601306
   -.1342746
   -.0974081
   -.0751771
   -.0758839
   -.1071746
   -.1266589
   -.1123224
   -.0678993
   -.0453578
   -.0449654
   -.0476625
   -.0711239
   -.1071223
   -.1184298
   -.0833111
   -.0330515
   -.0160562
   -.0222997
   -.0311940
   -.0385572
   -.0344058
   -.0088563
    .0364877
    .0749022
    .0847469
    .0603217
    .0187361
   -.0034103
   -.0037231
   -.0050182
   -.0108832
   -.0259179
   -.0508803
   -.0569932
   -.0118287
    .0392074
    .0419179
    .0311674
    .0484405
    .0510579
    .0368573
    .0186637
    .0054861
   -.0008374
   -.0056576
   -.0024266
    .0102205
    .0124516
   -.0137289
   -.0489381
   -.0472192
   -.0364159
   -.0410374
   -.0634110
   -.0353521
   -.0013973
   -.0013444
   -.0481948
   -.0671295
   -.0601797
   -.0420046
   -.0064597
    .0314439
    .0358270
    .0121983
   -.0052791
   -.0133171
   -.0140212
    .0039337
    .0334560
    .0562482
    .0692880
    .0662896
    .0527159
    .0348606
    .0031072
   -.0299823
   -.0317530
    .0107295
    .0387099
    .0263424
    .0587021
    .1019481
    .0644514
   -.0004483
    .0219736
    .0454101
    .0490205
    .0722702
    .0939727
    .0785793
    .0382089
    .0501891
    .0480762
    .0059957
   -.0118048
   -.0099693
   -.0193756
    .0030309
    .0752956
    .0981323
    .0249391
   -.0367904
   -.0553092
   -.0337383
    .0151203
    .0599690
    .0876402
    .0793295
    .0438744
    .0122531
    .0068496
    .0324435
    .0695821
    .1020100
    .1044563
    .0536769
   -.0155437
   -.0561278
   -.0213811
    .0290258
    .0406681
    .0725180
    .1090140
    .1115776
    .0950818
    .0860266
    .1042771
    .0966584
    .0483477
    .0059204
    .0004308
    .0203009
    .0121718
   -.0065076
   -.0090050
    .0125097
    .0061656
    .0018702
    .0096010
    .0193640
    .0031811
   -.0442629
   -.1062905
   -.1170626
   -.0402282
    .0471429
    .0698477
    .0569060
    .0397945
    .0202521
   -.0076385
   -.0354216
   -.0478107
   -.0543998
   -.0654223
   -.0688299
   -.0460836
   -.0126891
    .0094919
    .0098845
    .0157067
    .0367948
    .0235432
   -.0350974
   -.0734713
   -.0669171
   -.0365009
   -.0176864
   -.0187640
   -.0379940
   -.0864619
   -.1142630
   -.0839777
   -.0374525
    .0011143
    .0317186
    .0435865
    .0319518
    .0011291
   -.0293221
   -.0378245
   -.0147709
    .0219573
    .0454012
    .0535851
    .0740075
    .0807818
    .0387324
   -.0248796
   -.0425691
   -.0409806
   -.0657447
   -.0912451
   -.0672057
   -.0387186
   -.0383022
   -.0328845
    .0034776
    .0291421
    .0082856
   -.0490016
   -.0978637
   -.1165716
   -.1043425
   -.0695924
   -.0269822
    .0023862
    .0088797
   -.0020268
   -.0260856
   -.0581922
   -.0861659
   -.0943271
   -.0831340
   -.0625342
   -.0158000
    .0317428
    .0412565
    .0224523
    .0039794
    .0115179
    .0316350
    .0494236
    .0565955
    .0400136
    .0151032
   -.0088465
   -.0307192
   -.0463298
   -.0543882
   -.0593172
   -.0722945
   -.0753917
   -.0561020
   -.0193113
   -.0306031
   -.0518254
   -.0388522
   -.0239443
   -.0357518
   -.0465296
   -.0450702
   -.0294115
   -.0259526
   -.0231293
   -.0069179
    .0018414
   -.0121188
   -.0227358
   -.0010386
    .0491257
    .0726847
    .0389870
    .0087613
    .0313174
    .0505702
    .0478944
    .0626741
    .1047706
    .1354572
    .1062471
    .0775023
    .0815103
    .0765104
    .0280181
   -.0174801
   -.0389990
   -.0158473
    .0278383
    .0420285
    .0311934
    .0138616
   -.0068406
   -.0210627
   -.0172499
    .0042883
    .0224604
    .0188870
   -.0023407
   -.0284845
   -.0456665
   -.0385331
   -.0063731
    .0305895
    .0526048
    .0581787
    .0570237
    .0558589
    .0540889
    .0482261
    .0430309
    .0451768
    .0497828
    .0550524
    .0600496
    .0539399
    .0337374
    .0106780
    .0072035
    .0137172
    .0029656
   -.0023483
    .0199722
    .0286701
    .0239739
    .0249963
    .0156748
   -.0026454
   -.0149983
   -.0160993
   -.0222516
   -.0310632
   -.0286623
   -.0088548
    .0079393
    .0113767
    .0097046
    .0148925
    .0096320
    .0010133
    .0015489
    .0102607
    .0077265
   -.0046177
   -.0209176
   -.0303320
   -.0254626
   -.0132580
   -.0025855
    .0046807
    .0085081
    .0099872
    .0090158
    .0083734
    .0077139
   -.0014305
   -.0158695
   -.0200820
   -.0115204
   -.0126806
   -.0204957
   -.0165088
   -.0080558
   -.0125564
   -.0214783
   -.0190282
   -.0158815
   -.0177777
   -.0145646
   -.0070733
   -.0045890
   -.0046530
   -.0003427
   -.0014016
   -.0066393
   -.0112654
   -.0091035
   -.0066634
   -.0038079
   -.0020046
   -.0036700
   -.0073560
   -.0103985
   -.0115019
   -.0089056
   -.0029512
    .0007166
   -.0010801
   -.0034072
   -.0072848
   -.0088865
   -.0096865
   -.0098364
   -.0100513
   -.0092769
   -.0076520
   -.0061029
   -.0053431
   -.0052928
   -.0061307
   -.0070192
   -.0069880
   -.0070313
   -.0058579
   -.0040054
   -.0026685
   -.0014668
   -.0007532
    .0001047
    .0007153
    .0012186
    .0013861
    .0016196
    .0017858
    .0021452
    .0025221
    .0029135
    .0030947
    .0032859
    .0033523
    .0034138
    .0034488
    .0033472
    .0032237