    .638385E-03
    .179686E-02
    .176117E-02
    .195391E-02
    .168264E-02
    .213033E-02
    .529268E-03
   -.539466E-03
    .152560E-02
    .416378E-02
    .690496E-02
    .339078E-02
   -.256680E-02
   -.271976E-02
   -.609831E-03
    .139404E-02
    .286457E-02
    .237202E-02
    .179074E-02
    .193453E-02
    .147971E-02
   -.271466E-02
   -.256374E-02
    .402815E-03
    .178768E-02
    .187028E-02
    .172140E-02
   -.580257E-03
   -.656741E-03
    .136753E-02
    .390577E-02
    .198552E-02
   -.353253E-02
   -.968795E-03
    .106465E-02
   -.139812E-02
   -.375076E-02
   -.190700E-03
    .616867E-02
    .714155E-02
    .519274E-02
   -.713849E-04
   -.391801E-02
   -.133286E-02
    .380583E-02
    .646441E-02
   -.246788E-03
   -.303284E-02
   -.199368E-02
    .107077E-02
    .412910E-02
    .400367E-02
   -.623088E-03
   -.418723E-02
   -.110953E-02
    .143789E-02
    .103610E-02
    .202529E-02
    .537834E-02
    .178972E-02
    .499694E-04
   -.235672E-02
   -.667245E-02
   -.910055E-02
   -.504079E-02
   -.108199E-02
   -.110749E-02
   -.984091E-03
   -.916786E-03
   -.166939E-02
   -.391495E-02
   -.341831E-02
    .166225E-03
    .401591E-02
   -.292168E-02
   -.548746E-02
   -.351519E-02
   -.684683E-02
   -.209362E-02
    .249745E-02
    .247706E-02
   -.142974E-02
   -.467775E-02
   -.355599E-02
   -.129717E-02
   -.809708E-03
    .497654E-03
    .186111E-02
   -.932082E-03
   -.218540E-02
   -.658780E-03
   -.153478E-02
   -.269325E-02
    .412095E-02
    .648888E-02
   -.314093E-02
   -.778503E-02
   -.137671E-02
   -.249235E-02
   -.231185E-02
    .180196E-02
    .817867E-03
   -.366102E-03
   -.956557E-03
    .180808E-02
    .129513E-03
   -.759739E-03
   -.715888E-03
    .425862E-02
    .537732E-02
   -.113502E-02
   -.254844E-02
    .123394E-03
    .171222E-02
   -.214766E-02
   -.290638E-02
   -.142362E-02
   -.473180E-03
   -.142668E-02
   -.576280E-02
   -.411585E-02
    .262186E-02
    .711707E-02
    .716092E-02
    .500816E-02
    .440547E-02
   -.354171E-02
   -.905772E-02
   -.178666E-02
    .156129E-02
   -.565980E-03
    .807669E-03
    .914746E-03
   -.730879E-02
   -.616051E-02
    .184581E-02
    .462472E-02
    .203957E-02
    .692433E-03
    .586172E-02
    .563941E-02
    .111258E-02
    .385886E-02
    .341118E-02
   -.173873E-02
    .113094E-02
    .226392E-02
    .165409E-02
    .379869E-02
    .110096E-01
    .385172E-02
   -.999694E-02
   -.112452E-01
   -.785743E-02
   -.489496E-03
    .423924E-02
    .393637E-03
    .161126E-02
    .259331E-02
   -.154905E-02
    .167041E-02
   -.525699E-02
   -.162594E-01
   -.486845E-02
    .930349E-02
    .622272E-02
   -.309402E-02
   -.477157E-02
   -.573323E-02
   -.111666E-01
   -.136366E-01
   -.948399E-02
   -.240873E-02
   -.229961E-02
   -.634102E-02
   -.401591E-02
    .640832E-02
    .106608E-01
    .895472E-02
    .624516E-02
    .352233E-02
    .110137E-03
   -.885580E-02
   -.293188E-02
    .689374E-02
   -.189680E-03
   -.590149E-02
   -.401183E-02
   -.767897E-03
   -.779523E-02
   -.126616E-01
   -.340608E-02
    .202631E-02
   -.935142E-03
   -.398022E-02
   -.220273E-03
    .118958E-01
    .230308E-01
    .207791E-01
    .693759E-02
   -.187436E-02
   -.170732E-01
   -.195564E-01
   -.116011E-01
   -.125719E-01
    .728126E-03
    .659392E-02
   -.652662E-04
    .106058E-03
   -.216806E-02
   -.129819E-02
   -.134407E-02
   -.617071E-02
    .273608E-02
    .111177E-01
    .123659E-01
    .480624E-02
   -.521110E-03
    .838262E-03
    .151846E-02
   -.864879E-02
   -.174648E-01
   -.846829E-02
   -.444422E-02
    .935142E-03
    .134591E-01
    .187181E-01
    .206190E-01
    .210851E-01
    .505813E-02
   -.885070E-02
   -.122955E-01
   -.115389E-01
   -.366714E-02
    .397410E-02
    .391495E-02
   -.223435E-02
   -.277279E-02
    .561187E-02
    .246043E-01
    .184407E-01
    .255558E-02
    .928003E-04
   -.129655E-01
   -.148521E-01
   -.311034E-03
    .978177E-02
    .143055E-01
    .465021E-02
   -.798899E-02
   -.149388E-01
   -.122272E-01
   -.107689E-02
   -.690394E-03
    .113604E-02
   -.482562E-02
   -.845299E-02
    .339690E-02
   -.336529E-03
    .151540E-02
    .102866E-01
    .146237E-02
   -.122690E-01
   -.213359E-01
   -.173149E-01
    .168978E-02
    .462574E-02
   -.112880E-01
   -.692025E-02
   -.182643E-02
   -.607995E-02
   -.657353E-02
    .388334E-02
   -.354885E-03
   -.123506E-01
   -.801550E-02
    .173261E-02
    .159566E-01
    .237324E-01
    .240914E-01
    .126259E-01
    .511524E-02
   -.124199E-01
   -.181348E-01
    .377728E-02
    .156486E-01
    .126280E-01
    .106598E-01
    .160341E-01
    .639914E-02
   -.145625E-02
   -.450846E-02
   -.182949E-02
    .123649E-01
    .108209E-01
   -.956455E-02
   -.199470E-01
   -.168754E-01
   -.394044E-02
    .331226E-02
   -.208750E-01
   -.370967E-01
   -.255180E-01
    .232511E-02
    .177534E-01
    .168978E-01
    .316418E-01
    .348226E-01
    .264257E-01
    .265898E-01
    .276198E-01
    .576178E-02
   -.155048E-01
   -.198052E-01
   -.320824E-01
   -.327993E-01
   -.232062E-01
   -.683357E-02
    .841832E-02
    .287090E-01
    .425505E-01
    .314756E-01
    .135764E-01
    .145493E-01
    .206384E-01
    .130961E-01
    .130869E-01
    .102509E-01
    .241485E-02
   -.272792E-02
   -.156231E-02
   -.956353E-02
   -.224291E-01
   -.262809E-01
   -.264614E-01
   -.184367E-01
   -.728432E-02
   -.685295E-02
   -.724148E-02
   -.835203E-02
    .625128E-03
    .230920E-01
    .157567E-01
   -.904038E-02
   -.345258E-01
   -.217071E-01
    .774832E-02
    .165949E-01
    .297165E-02
   -.891495E-02
   -.153070E-02
   -.871915E-02
   -.990720E-02
   -.942280E-02
   -.794106E-02
    .143892E-02
    .445034E-02
    .504079E-02
    .901387E-02
    .964206E-02
   -.112635E-01
   -.320906E-01
   -.162125E-01
    .570773E-02
    .130022E-02
   -.895880E-02
    .145554E-01
    .280073E-01
   -.277279E-02
   -.186243E-01
   -.932490E-02
    .258209E-02
    .165399E-01
    .150520E-02
   -.276168E-01
   -.872935E-02
    .120569E-01
    .161534E-02
    .143504E-01
    .241169E-01
    .169784E-01
    .245666E-01
    .107893E-02
   -.173363E-01
   -.595248E-02
   -.398226E-02
    .226657E-01
    .298582E-01
    .715990E-02
   -.132235E-01
   -.108689E-01
   -.986947E-02
    .211677E-01
    .408678E-01
    .175556E-01
    .213492E-01
    .346930E-02
   -.623088E-02
    .179788E-02
   -.473690E-02
   -.172578E-01
   -.148429E-01
   -.356516E-02
    .480420E-02
    .153743E-01
    .203620E-01
    .355395E-02
   -.641444E-02
   -.244738E-01
   -.195533E-01
    .210127E-01
    .342627E-01
    .690802E-02
   -.121242E-01
   -.722211E-02
   -.499796E-02
    .307363E-02
   -.160861E-01
   -.332531E-01
   -.149357E-01
    .492352E-02
    .315113E-01
    .543127E-01
    .418835E-01
    .161870E-01
    .158994E-01
    .138884E-01
    .159188E-02
    .177758E-01
    .238262E-01
    .592291E-02
   -.134428E-01
   -.253120E-01
   -.302244E-01
   -.202060E-01
   -.748929E-02
   -.262013E-01
   -.350255E-01
   -.368917E-01
   -.394126E-01
   -.349154E-01
   -.276953E-01
   -.367316E-01
   -.265429E-01
    .132480E-01
    .379615E-01
    .338436E-01
    .170977E-01
    .977259E-02
    .160749E-01
    .155721E-02
   -.131725E-01
    .105639E-01
    .101846E-01
   -.100296E-01
   -.808383E-02
    .164032E-01
    .138976E-01
    .181573E-01
    .165919E-01
    .265623E-01
    .669233E-01
    .585866E-01
    .245105E-01
   -.205048E-01
   -.521517E-01
   -.506231E-01
   -.332857E-01
   -.273435E-01
   -.217143E-01
   -.120090E-01
   -.188742E-01
   -.875587E-02
    .175189E-01
    .436192E-01
    .360606E-01
   -.459311E-02
   -.414562E-01
   -.300846E-01
    .751377E-02
    .142219E-01
   -.194187E-01
   -.419825E-01
   -.179135E-01
    .236060E-01
   -.324291E-02
   -.482694E-01
   -.233622E-01
    .469814E-02
    .822965E-03
    .220885E-02
    .284622E-02
   -.360218E-01
   -.257414E-01
    .556720E-01
    .885835E-01
    .496920E-01
    .232490E-01
    .132409E-01
    .203651E-02
   -.227646E-01
   -.383388E-01
   -.311442E-01
   -.785335E-02
    .213002E-01
    .292474E-01
    .141413E-01
   -.761371E-02
   -.158770E-01
   -.955537E-02
   -.147706E-01
   -.215664E-01
   -.279961E-01
   -.473118E-01
   -.494738E-01
   -.558943E-02
    .313002E-01
    .106680E-01
    .166663E-01
    .354018E-01
    .243443E-01
   -.103457E-01
   -.528941E-01
   -.625495E-01
   -.387008E-01
    .178054E-02
   -.250153E-02
   -.237712E-01
   -.654089E-02
    .348236E-01
    .579533E-01
    .628686E-01
    .596910E-01
    .403579E-01
    .309504E-01
    .495615E-03
   -.255578E-01
   -.270702E-01
    .100846E-01
    .486651E-01
    .399143E-01
    .123741E-01
   -.111350E-01
   -.348195E-01
   -.439098E-01
   -.515756E-01
   -.595227E-01
   -.583979E-01
   -.455242E-01
   -.921885E-03
   -.568937E-02
   -.403559E-01
   -.282215E-01
   -.750969E-02
   -.340475E-01
   -.667143E-01
   -.610035E-01
   -.534764E-01
   -.426984E-01
   -.548542E-02
    .177432E-01
   -.186029E-01
   -.554518E-01
   -.476392E-01
   -.287803E-01
   -.299255E-01
   -.164226E-01
    .725372E-02
    .388069E-01
    .661534E-01
    .654069E-01
    .566806E-01
    .299092E-01
    .780135E-02
   -.433102E-02
   -.935040E-02
   -.819906E-02
    .798899E-02
    .227249E-01
   -.987049E-02
   -.538813E-01
   -.574577E-01
   -.243351E-01
    .308036E-01
    .704834E-01
    .386947E-01
   -.216796E-01
   -.522201E-01
   -.206241E-01
    .255446E-01
    .350163E-01
    .230981E-01
   -.222211E-02
    .361004E-02
    .369355E-01
    .489496E-01
    .516357E-01
    .909137E-01
    .597654E-01
   -.263981E-01
   -.754212E-01
   -.677718E-01
   -.247206E-01
    .302468E-02
    .352101E-01
    .545646E-01
    .541658E-01
    .409545E-01
    .305935E-01
    .355548E-01
    .711687E-01
    .296614E-01
   -.305364E-01
   -.379360E-01
   -.275811E-01
    .429523E-01
    .119727E+00
    .134976E+00
    .501377E-01
   -.416204E-01
   -.742535E-01
   -.645676E-01
   -.171579E-01
    .539129E-01
    .896828E-01
    .141760E-01
   -.955262E-01
   -.892464E-01
   -.123934E-01
    .122843E-01
   -.318570E-01
   -.850224E-01
   -.658566E-01
    .278391E-01
    .703845E-01
    .272272E-01
   -.385509E-01
   -.464165E-01
    .143484E-02
    .284418E-02
   -.576810E-01
   -.119208E+00
   -.113064E+00
   -.590863E-01
   -.599123E-02
    .322904E-01
    .546094E-01
    .320559E-01
   -.103182E-01
   -.239700E-01
   -.267245E-01
   -.567918E-01
   -.497165E-01
    .412910E-02
    .369906E-01
    .691322E-01
    .108669E+00
    .105202E+00
    .155721E-02
   -.727300E-01
   -.249980E-01
    .805690E-01
    .133199E+00
    .703559E-01
   -.314807E-01
   -.603681E-01
   -.354252E-01
    .177840E-01
    .781052E-01
    .607292E-01
   -.136233E-01
   -.150184E-01
    .115674E-01
    .663094E-01
    .760443E-01
   -.397002E-02
   -.266174E-01
   -.238069E-01
    .175280E-01
    .309229E-01
   -.651336E-02
   -.157139E-01
   -.787375E-02
    .107241E-01
    .470222E-01
    .743270E-01
    .649664E-01
    .370579E-01
    .370467E-01
    .105599E-01
   -.223475E-01
   -.211574E-01
    .140577E-01
    .364246E-01
    .187304E-01
    .141750E-03
    .209056E-01
    .781940E-01
    .913584E-01
    .483826E-01
   -.356690E-01
   -.947114E-01
   -.100037E+00
   -.574607E-01
   -.422792E-01
   -.972048E-01
   -.961320E-01
   -.317397E-01
    .165613E-01
    .470018E-01
    .630349E-01
    .740271E-01
    .747552E-01
    .694034E-01
    .301866E-01
    .284591E-01
    .379003E-01
    .392953E-01
    .802162E-02
   -.328360E-01
    .311340E-02
    .265144E-02
   -.830471E-01
   -.156906E+00
   -.150853E+00
   -.315062E-01
    .113597E+00
    .107912E+00
    .298409E-01
   -.456078E-01
   -.615837E-01
   -.739649E-01
   -.988762E-01
   -.765470E-01
   -.486019E-01
   -.281776E-01
   -.316888E-01
   -.546196E-01
   -.116058E+00
   -.164211E+00
   -.123577E+00
   -.255864E-01
    .196278E-01
    .900367E-02
    .325495E-01
    .703314E-01
    .136831E+00
    .181922E+00
    .160870E+00
    .833204E-01
   -.399684E-01
   -.952131E-01
   -.911279E-01
   -.775444E-01
   -.778972E-01
   -.623241E-01
   -.157485E-01
    .744728E-01
    .155704E+00
    .115255E+00
    .344269E-01
    .163023E-01
    .522619E-01
    .102918E+00
    .130859E+00
    .101321E+00
    .420538E-01
    .297114E-01
    .369559E-01
    .277932E-01
    .162105E-01
    .428177E-01
    .530899E-01
    .129064E-01
    .180196E-01
    .449878E-01
    .374771E-01
   -.145748E-01
   -.385825E-01
   -.403090E-01
   -.399256E-01
   -.421793E-01
   -.544840E-01
   -.497145E-01
   -.840893E-01
   -.124127E+00
   -.144145E+00
   -.100716E+00
    .248593E-01
    .102320E+00
    .122595E+00
    .125714E+00
    .120748E+00
    .398970E-01
   -.191230E-01
   -.366500E-01
   -.627595E-01
   -.673424E-01
   -.243861E-01
    .355854E-01
   -.543035E-02
   -.640332E-01
   -.676912E-01
   -.695727E-01
   -.938099E-01
   -.104231E+00
   -.111074E+00
   -.109845E+00
   -.121478E+00
   -.159901E+00
   -.167469E+00
   -.121183E+00
   -.706833E-01
   -.441934E-01
   -.292209E-01
   -.207965E-01
   -.858148E-02
    .189068E-01
    .611687E-01
    .749256E-01
    .659912E-01
    .760045E-01
    .707037E-01
    .242066E-01
   -.437436E-01
   -.965093E-01
   -.855007E-01
    .188558E-02
    .724709E-01
    .864552E-01
    .764879E-01
    .517122E-01
    .300337E-01
   -.252590E-01
   -.729971E-01
   -.718835E-01
   -.700255E-01
   -.842413E-01
   -.821201E-01
   -.271793E-01
    .251377E-02
    .288079E-01
    .635397E-01
    .805140E-01
    .737967E-01
    .417999E-01
    .328014E-01
    .263380E-01
    .145544E-01
    .358179E-01
    .590179E-01
    .789924E-02
   -.253019E-01
   -.182205E-01
    .345452E-01
    .904905E-01
    .104486E+00
    .466215E-01
   -.515021E-01
   -.656414E-01
   -.510555E-01
    .520090E-02
    .719519E-01
    .975362E-01
    .948603E-01
    .421946E-01
   -.162513E-01
   -.243453E-01
    .683255E-02
    .354487E-01
    .373771E-01
    .588619E-02
   -.287905E-01
   -.451397E-01
   -.131532E-01
    .656384E-01
    .101191E+00
    .949613E-01
    .567194E-01
    .674893E-02
   -.122762E-01
   -.107393E-01
   -.363859E-02
    .141638E-01
    .482909E-01
    .227198E-01
   -.275852E-01
   -.365848E-01
   -.314308E-01
   -.237589E-01
   -.356374E-01
   -.386039E-01
   -.536671E-01
   -.330175E-01
    .324342E-01
    .480767E-01
    .276045E-01
    .478177E-02
    .341220E-02
    .334489E-03
    .849378E-02
    .172741E-01
   -.361106E-02
   -.454049E-01
   -.799358E-01
   -.644065E-01
    .156659E-01
    .763390E-01
    .958525E-01
    .119911E+00
    .112429E+00
    .836223E-01
    .586406E-01
    .487589E-01
    .168866E-01
   -.234010E-01
   -.641169E-01
   -.123410E+00
   -.161104E+00
   -.135512E+00
   -.495941E-01
    .132908E-01
    .427871E-01
    .747338E-01
    .116290E+00
    .113890E+00
    .643433E-01
    .160310E-01
   -.141801E-01
   -.447491E-01
   -.677656E-01
   -.526667E-01
   -.466011E-01
   -.580155E-01
   -.312747E-01
   -.752600E-03
    .159800E-02
    .103294E-01
    .224097E-01
    .473159E-01
    .569070E-01
    .294157E-01
    .211952E-01
    .171130E-01
   -.194769E-01
   -.507108E-01
   -.713706E-01
   -.729186E-01
   -.541495E-01
   -.273169E-01
   -.121048E-01
   -.206098E-02
    .357026E-02
   -.117520E-01
   -.148929E-01
   -.232796E-01
   -.365490E-01
   -.177034E-01
   -.604630E-02
   -.256782E-01
   -.226514E-01
   -.131991E-01
   -.804711E-02
   -.190139E-01
   -.345044E-01
   -.428554E-01
   -.603202E-01
   -.593565E-01
   -.598634E-01
   -.664226E-01
   -.766418E-01
   -.953131E-01
   -.111613E+00
   -.104467E+00
   -.825025E-01
   -.799103E-01
   -.923465E-01
   -.922966E-01
   -.721793E-01
   -.401540E-01
   -.211646E-01
   -.264838E-01
   -.333714E-01
   -.247349E-01
   -.232195E-01
   -.295992E-01
   -.234020E-01
   -.542321E-02
    .138793E-01
    .208658E-01
    .268672E-01
    .339537E-01
    .662248E-02
   -.331022E-01
   -.361758E-01
   -.202662E-01
   -.132164E-02
    .118274E-01
    .273078E-01
    .488793E-01
    .651530E-01
    .732613E-01
    .648470E-01
    .655833E-01
    .623006E-01
    .356221E-01
    .337752E-01
    .565450E-01
    .640383E-01
    .560371E-01
    .501917E-01
    .461534E-01
    .363757E-01
    .186376E-01
    .922191E-02
    .243902E-01
    .315470E-01
    .142892E-01
    .486947E-02
    .114012E-02
    .104446E-01
    .366153E-01
    .550245E-01
    .399470E-01
    .268377E-01
    .143371E-01
    .250867E-02
   -.780135E-03
    .906690E-02
    .309606E-01
    .313992E-01
    .157924E-01
   -.171630E-02
    .191169E-01
    .611891E-01
    .826004E-01
    .745941E-01
    .570345E-01
    .264297E-01
   -.984397E-02
   -.309270E-01
   -.947073E-02
    .240343E-01
    .169315E-01
    .865083E-02
   -.283602E-02
   -.162370E-01
   -.114583E-01
   -.506629E-02
   -.991740E-02
   -.422017E-01
   -.741383E-01
   -.307465E-01
    .447767E-01
    .703936E-01
    .546604E-01
    .670610E-02
   -.285264E-01
   -.281827E-01
   -.203182E-01
   -.222792E-01
   -.160718E-01
    .208138E-01
    .438466E-01
    .398287E-01
    .409045E-01
    .347450E-01
    .241923E-01
    .274628E-01
    .135998E-01
   -.908423E-02
   -.850704E-02
   -.181562E-01
   -.166153E-01
   -.808383E-02
   -.341740E-01
   -.437314E-01
   -.133265E-01
    .295217E-01
    .633327E-01
    .619733E-01
    .564175E-01
    .603539E-01
    .628615E-01
    .725056E-01
    .825025E-01
    .890965E-01
    .734030E-01
    .534581E-01
    .279390E-01
    .173598E-01
    .236100E-01
    .208627E-01
    .257179E-01
    .432796E-01
    .663125E-01
    .724485E-01
    .582735E-01
    .451744E-01
    .358362E-01
    .191036E-01
    .126249E-02
   -.225138E-01
   -.316775E-01
   -.254446E-01
   -.208342E-01
   -.136753E-01
   -.394656E-02
    .870691E-02
    .157006E-01
    .289506E-01
    .260749E-01
    .431165E-02
   -.112992E-01
   -.223363E-01
   -.357291E-01
   -.455242E-01
   -.414328E-01
   -.329247E-01
   -.232929E-01
   -.135876E-01
    .135733E-02
    .172017E-01
    .191210E-01
    .970732E-02
   -.107720E-01
   -.385529E-01
   -.558892E-01
   -.569621E-01
   -.355843E-01
   -.111248E-01
   -.750459E-02
   -.851214E-02
    .157353E-01
    .368366E-01
    .184958E-01
    .311238E-02
   -.287783E-02
   -.900367E-02
   -.964613E-02
   -.937691E-02
   -.648277E-02
   -.210524E-01
   -.482959E-01
   -.690057E-01
   -.748664E-01
   -.726015E-01
   -.744677E-01
   -.817194E-01
   -.823180E-01
   -.679533E-01
   -.633153E-01
   -.596676E-01
   -.427493E-01
   -.357679E-01
   -.493341E-01
   -.683551E-01
   -.723343E-01
   -.703732E-01
   -.563716E-01
   -.316765E-01
   -.985417E-02
    .380379E-02
    .714869E-02
    .108454E-01
    .132551E-01
    .256006E-01
    .370518E-01
    .168601E-01
   -.295380E-01
   -.532450E-01
   -.376555E-01
    .122119E-01
    .502468E-01
    .440098E-01
    .361982E-01
    .492464E-01
    .545340E-01
    .485437E-01
    .468672E-01
    .300836E-01
    .120997E-01
    .763614E-02
    .163828E-01
    .337212E-01
    .343045E-01
    .114216E-01
   -.110657E-01
   -.769121E-02
    .557006E-02
    .895472E-02
   -.228432E-02
   -.154100E-01
   -.277759E-01
   -.413135E-01
   -.592301E-01
   -.760769E-01
   -.827310E-01
   -.831807E-01
   -.725729E-01
   -.676137E-01
   -.720722E-01
   -.764022E-01
   -.735631E-01
   -.675474E-01
   -.632562E-01
   -.612564E-01
   -.639078E-01
   -.645900E-01
   -.650418E-01
   -.609535E-01
   -.404518E-01
   -.242627E-01
   -.279013E-01
   -.307842E-01
   -.221395E-01
   -.130930E-01
   -.136213E-01
   -.113798E-01
    .320212E-02
    .247665E-01
    .460606E-01
    .590077E-01
    .537263E-01
    .302376E-01
    .234703E-01
    .400194E-01
    .461860E-01
    .363420E-01
    .360381E-01
    .366592E-01
    .283959E-01
    .265531E-01
    .267846E-01
    .265745E-01
    .235152E-01
    .164348E-01
    .198725E-01
    .316245E-01
    .250255E-01
    .752906E-02
    .308689E-02
    .100979E-01
    .226188E-01
    .281175E-01
    .280267E-01
    .291220E-01
    .322038E-01
    .442188E-01
    .453498E-01
    .309076E-01
    .178309E-01
    .191577E-01
    .235325E-01
    .185101E-01
    .156873E-01
    .251642E-01
    .303834E-01
    .284091E-01
    .330869E-01
    .397053E-01
    .357883E-01
    .205925E-01
    .564042E-02
   -.585458E-02
   -.136620E-01
   -.215287E-01
   -.228136E-01
   -.264012E-01
   -.275760E-01
   -.766674E-02
    .695391E-02
   -.197430E-02
   -.116857E-01
   -.997451E-02
   -.124618E-02
    .846319E-02
    .124495E-01
    .761269E-02
   -.273200E-02
   -.954620E-02
   -.125882E-01
   -.915766E-02
   -.848358E-02
   -.534265E-02
    .953192E-02
    .136529E-01
    .149398E-02
   -.251581E-02
    .255966E-02
    .992454E-02
    .255486E-01
    .272435E-01
    .156037E-01
    .152539E-01
    .213716E-01
    .274546E-01
    .289445E-01
    .271752E-01
    .287385E-01
    .291964E-01
    .335621E-01
    .450051E-01
    .513839E-01
    .445513E-01
    .372058E-01
    .348195E-01
    .287253E-01
    .217591E-01
    .241240E-01
    .185856E-01
    .650826E-02
    .620437E-02
    .735366E-02
   -.430655E-02
   -.232725E-01
   -.329635E-01
   -.257822E-01
   -.408424E-02
    .123200E-01
    .142872E-01
    .823475E-02
    .294106E-02
    .122466E-01
    .274954E-01
    .379003E-01
    .461065E-01
    .425495E-01
    .257985E-01
    .919641E-02
    .142260E-02
   -.269835E-02
   -.110830E-01
   -.157465E-01
   -.142933E-01
   -.156119E-01
   -.237038E-01
   -.307954E-01
   -.390496E-01
   -.502264E-01
   -.553875E-01
   -.530288E-01
   -.439405E-01
   -.336131E-01
   -.268305E-01
   -.228625E-01
   -.221048E-01
   -.225015E-01
   -.179992E-01
   -.393739E-02
    .928105E-02
    .154069E-01
    .249490E-01
    .324495E-01
    .320243E-01
    .292097E-01
    .263471E-01
    .249531E-01
    .303743E-01
    .351968E-01
    .360667E-01
    .321344E-01
    .167153E-01
    .413726E-02
    .734652E-02
    .142617E-01
    .106588E-01
    .150938E-01
    .239853E-01
    .271813E-01
    .201163E-01
    .397308E-02
    .149704E-02
    .119468E-01
    .196441E-01
    .134540E-01
    .496431E-02
    .374261E-03
    .407914E-05
   -.107863E-01
   -.175617E-01
   -.174179E-01
   -.137028E-01
   -.594738E-02
   -.997654E-02
   -.177952E-01
   -.201683E-01
   -.191036E-01
   -.264838E-01
   -.384958E-01
   -.481787E-01
   -.496308E-01
   -.467765E-01
   -.437803E-01
   -.444473E-01
   -.418774E-01
   -.388997E-01
   -.413645E-01
   -.388640E-01
   -.363237E-01
   -.342484E-01
   -.260697E-01
   -.182266E-01
   -.186325E-01
   -.218325E-01
   -.223832E-01
   -.238160E-01
   -.245850E-01
   -.270936E-01
   -.295227E-01
   -.224189E-01
   -.134275E-01
   -.441362E-02
    .762900E-02
    .139425E-01
    .127014E-01
    .507852E-02
    .301856E-03
    .249235E-02
    .672038E-02
    .730063E-02
    .221089E-02
   -.725474E-02
   -.181022E-01
   -.231675E-01
   -.249776E-01
   -.235427E-01
   -.224281E-01
   -.247032E-01
   -.238415E-01
   -.202050E-01
   -.152427E-01
   -.119498E-01
   -.823883E-02
   -.878850E-02
   -.150122E-01
   -.200765E-01
   -.238701E-01
   -.221538E-01
   -.199725E-01
   -.151203E-01
   -.896594E-02
   -.565470E-02
    .398226E-02
    .157026E-01
    .222231E-01
    .217214E-01
    .196308E-01
    .200602E-01
    .170722E-01
    .104762E-01
    .719967E-02
    .506833E-03
   -.124046E-01
   -.185193E-01
   -.178126E-01
   -.804609E-02
   -.557618E-02
   -.158729E-01
   -.306986E-01
   -.405232E-01
   -.387885E-01
   -.275790E-01
   -.137865E-01
   -.862227E-02
   -.112095E-01
   -.135488E-01
   -.939425E-02
   -.276056E-02
    .456965E-02
    .332246E-02
    .778095E-03
   -.565980E-03
   -.263308E-02
   -.285540E-04
    .415460E-02
    .689170E-02
    .112727E-01
    .146186E-01
    .138803E-01
    .146359E-01
    .118948E-01
   -.264226E-02
   -.117438E-01
   -.104314E-01
   -.126616E-01
   -.856822E-02
    .297879E-02
    .944830E-02
    .139078E-01
    .223598E-01
    .334530E-01
    .408943E-01
    .423557E-01
    .390006E-01
    .322139E-01
    .342219E-01
    .439649E-01
    .518581E-01
    .585560E-01
    .622904E-01
    .669825E-01
    .696298E-01
    .696614E-01
    .696359E-01
    .700367E-01
    .682694E-01
    .598674E-01
    .510014E-01
    .455262E-01
    .448328E-01
    .400316E-01
    .345095E-01
    .309188E-01
    .265776E-01
    .213196E-01
    .163777E-01
    .119243E-01
    .106353E-01
    .107026E-01
    .359372E-02
   -.335101E-02
   -.918825E-03
    .750459E-02
    .114512E-01
    .117754E-01
    .989292E-02
    .702733E-02
    .462166E-02
   -.148888E-02
   -.624108E-02
   -.112309E-01
   -.155201E-01
   -.137181E-01
   -.982766E-02
   -.652050E-02
   -.128891E-01
   -.247828E-01
   -.303182E-01
   -.258423E-01
   -.185040E-01
   -.210606E-01
   -.301734E-01
   -.379094E-01
   -.408750E-01
   -.374505E-01
   -.331185E-01
   -.345401E-01
   -.353376E-01
   -.355170E-01
   -.330114E-01
   -.257608E-01
   -.190424E-01
   -.146716E-01
   -.140047E-01
   -.158036E-01
   -.182970E-01
   -.228676E-01
   -.235580E-01
   -.200479E-01
   -.142382E-01
   -.118244E-01
   -.119488E-01
   -.116194E-01
   -.115042E-01
   -.971140E-02
   -.105242E-01
   -.801142E-02
   -.256884E-02
   -.283092E-02
   -.780135E-02
   -.113094E-01
   -.136906E-01
   -.176117E-01
   -.193443E-01
   -.174485E-01
   -.138915E-01
   -.962778E-02
   -.167754E-02
    .113502E-01
    .193055E-01
    .185509E-01
    .129992E-01
    .106537E-01
    .103222E-01
    .131909E-01
    .140710E-01
    .106007E-01
    .125382E-01
    .146665E-01
    .139027E-01
    .111625E-01
    .805731E-02
    .283296E-02
   -.229451E-02
    .129207E-02
    .846421E-02
    .145788E-01
    .194157E-01
    .198756E-01
    .142189E-01
    .729451E-02
    .644401E-02
    .547216E-02
    .361309E-02
    .996635E-02
    .167265E-01
    .117234E-01
    .512033E-02
    .237406E-02
    .593412E-02
    .124006E-01
    .158750E-01
    .172904E-01
    .155160E-01
    .167877E-01
    .140924E-01
    .690598E-02
   -.355191E-02
   -.175311E-01
   -.257138E-01
   -.269203E-01
   -.265654E-01
   -.271263E-01
   -.321222E-01
   -.370477E-01
   -.339374E-01
   -.288782E-01
   -.262227E-01
   -.305058E-01
   -.349817E-01
   -.330940E-01
   -.287834E-01
   -.245034E-01
   -.242260E-01
   -.244095E-01
   -.229278E-01
   -.191974E-01
   -.158841E-01
   -.163777E-01
   -.116765E-01
   -.252601E-02
    .229859E-02
   -.207322E-02
   -.149276E-01
   -.219570E-01
   -.234142E-01
   -.192454E-01
   -.138170E-01
   -.133490E-01
   -.130084E-01
   -.166663E-01
   -.184040E-01
   -.138028E-01
   -.874159E-02
   -.475117E-02
   -.602488E-02
   -.102947E-01
   -.101764E-01
   -.793596E-02
   -.231695E-02
    .369978E-02
    .317561E-02
    .485519E-02
    .919845E-02
    .144626E-01
    .245411E-01
    .383735E-01
    .514583E-01
    .591974E-01
    .592392E-01
    .607363E-01
    .667724E-01
    .744799E-01
    .805211E-01
    .837650E-01
    .880339E-01
    .881093E-01
    .813125E-01
    .697277E-01
    .583551E-01
    .531715E-01
    .478319E-01
    .413298E-01
    .348583E-01
    .310616E-01
    .295952E-01
    .252774E-01
    .191699E-01
    .973078E-02
    .133490E-02
   -.689272E-02
   -.170600E-01
   -.211982E-01
   -.218876E-01
   -.198124E-01
   -.172272E-01
   -.182317E-01
   -.175586E-01
   -.187436E-01
   -.224862E-01
   -.253630E-01
   -.231195E-01
   -.197522E-01
   -.244340E-01
   -.312554E-01
   -.339568E-01
   -.369325E-01
   -.412380E-01
   -.469672E-01
   -.552519E-01
   -.610198E-01
   -.556200E-01
   -.438793E-01
   -.337579E-01
   -.270151E-01
   -.243983E-01
   -.213298E-01
   -.148287E-01
   -.716092E-02
    .673057E-03
    .550275E-02
    .445136E-02
   -.518050E-03
   -.220273E-02
   -.282174E-02
   -.497145E-02
   -.840506E-02
   -.144350E-01
   -.172547E-01
   -.126769E-01
   -.820620E-02
   -.493779E-02
   -.341016E-02
   -.972160E-02
   -.145074E-01
   -.162329E-01
   -.167561E-01
   -.139812E-01
   -.140394E-01
   -.164726E-01
   -.205374E-01
   -.252651E-01
   -.257964E-01
   -.210024E-01
   -.153233E-01
   -.139374E-01
   -.169162E-01
   -.192117E-01
   -.167510E-01
   -.108199E-01
   -.657047E-02
   -.118672E-01
   -.179502E-01
   -.190383E-01
   -.151356E-01
   -.918315E-02
   -.438813E-02
    .286253E-02
    .524679E-02
    .282582E-02
    .581277E-04
   -.472160E-03
    .376198E-02
    .665919E-02
    .107597E-01
    .137701E-01
    .137967E-01
    .161534E-01
    .149745E-01
    .114155E-01
    .511422E-02
   -.610851E-03
   -.307465E-02
   -.535489E-02
   -.432184E-02
    .185601E-03
    .481236E-02
    .105660E-01
    .139792E-01
    .102488E-01
    .368550E-02
   -.155823E-02
    .201305E-02
    .826229E-02
    .140037E-01
    .161432E-01
    .118642E-01
    .836937E-02
    .786151E-02
    .130859E-01
    .174505E-01
    .150785E-01
    .794412E-02
    .217214E-02
    .269835E-02
    .775546E-02
    .127249E-01
    .158138E-01
    .161636E-01
    .137681E-01
    .140985E-01
    .176851E-01
    .249725E-01
    .309331E-01
    .333184E-01
    .319927E-01
    .280838E-01
    .305905E-01
    .355262E-01
    .399225E-01
    .415735E-01
    .355996E-01
    .265745E-01
    .194422E-01
    .155609E-01
    .168009E-01
    .151112E-01
    .107169E-01
    .578421E-02
    .143892E-02
   -.432388E-03
    .170304E-02
    .893331E-02
    .113441E-01
    .793698E-02
    .532123E-02
    .544259E-02
    .771263E-02
    .123169E-01
    .153396E-01
    .165297E-01
    .162084E-01
    .165746E-01
    .145605E-01
    .112747E-01
    .722007E-02
    .378340E-02
    .615745E-02
    .104732E-01
    .159056E-01
    .152172E-01
    .137089E-01
    .131134E-01
    .112625E-01
    .139772E-01
    .175342E-01
    .174750E-01
    .131787E-01
    .661432E-02
   -.400775E-03
   -.459209E-02
   -.584132E-02
   -.584030E-02
   -.901693E-02
   -.102499E-01
   -.599939E-02
   -.611157E-02
   -.431675E-02
   -.762798E-03
    .149602E-02
   -.165205E-03
   -.420355E-02
   -.813278E-02
   -.113563E-01
   -.115307E-01
   -.138395E-01
   -.142148E-01
   -.137191E-01
   -.137844E-01
   -.146043E-01
   -.147145E-01
   -.104467E-01
   -.665817E-02
   -.581787E-02
   -.600653E-02
   -.573220E-02
   -.618703E-02
   -.494595E-02
   -.321946E-02
   -.315113E-02
   -.382011E-02
   -.725474E-02
   -.103926E-01
   -.145799E-01
   -.178901E-01
   -.242576E-01
   -.330583E-01
   -.379400E-01
   -.418917E-01
   -.413369E-01
   -.392709E-01
   -.391821E-01
   -.397655E-01
   -.366949E-01
   -.310779E-01
   -.263696E-01
   -.229869E-01
   -.227147E-01
   -.225902E-01
   -.225372E-01
   -.214155E-01
   -.233326E-01
   -.270406E-01
   -.304283E-01
   -.310432E-01
   -.290118E-01
   -.275831E-01
   -.256934E-01
   -.252478E-01
   -.253692E-01
   -.255242E-01
   -.255762E-01
   -.253875E-01
   -.266408E-01
   -.296400E-01
   -.315419E-01
   -.306731E-01
   -.280186E-01
   -.242362E-01
   -.223618E-01
   -.185030E-01
   -.122007E-01
   -.664389E-02
   -.490720E-02
   -.754028E-02
   -.111636E-01
   -.144585E-01
   -.130226E-01
   -.869978E-02
   -.630940E-02
   -.640016E-02
   -.326025E-02
    .266470E-02
    .858964E-02
    .155956E-01
    .168703E-01
    .133112E-01
    .129737E-01
    .126474E-01
    .133347E-01
    .175617E-01
    .253539E-01
    .301336E-01
    .324536E-01
    .309158E-01
    .272711E-01
    .267795E-01
    .266959E-01
    .267744E-01
    .245289E-01
    .237620E-01
    .266092E-01
    .315531E-01
    .348011E-01
    .387681E-01
    .404395E-01
    .405884E-01
    .395370E-01
    .355364E-01
    .350908E-01
    .332113E-01
    .285550E-01
    .252957E-01
    .225841E-01
    .210300E-01
    .229258E-01
    .241883E-01
    .219825E-01
    .212870E-01
    .188803E-01
    .155568E-01
    .155792E-01
    .154110E-01
    .155313E-01
    .149164E-01
    .102509E-01
    .472262E-02
    .560779E-02
    .102580E-01
    .131001E-01
    .105670E-01
    .589537E-02
    .185091E-02
    .298083E-02
    .457373E-02
    .414236E-02
    .201509E-02
   -.943300E-03
   -.955537E-03
   -.137875E-02
    .454824E-03
   -.107791E-02
    .187640E-03
    .158066E-02
    .159086E-02
    .102794E-02
   -.108811E-02
   -.129717E-02
   -.440547E-03
    .295431E-02
    .539976E-02
    .604630E-02
    .322660E-02
   -.142464E-02
   -.420253E-02
   -.373955E-02
   -.539874E-02
   -.808995E-02
   -.126423E-01
   -.148960E-01
   -.153967E-01
   -.159770E-01
   -.126423E-01
   -.655313E-02
   -.190700E-02
   -.138487E-02
   -.128697E-02
   -.122068E-02
    .896390E-03
    .348256E-02
    .285947E-02
    .147359E-02
   -.163675E-02
   -.487151E-02
   -.702019E-02
   -.896492E-02
   -.671936E-02
   -.707832E-02
   -.671324E-02
   -.536916E-02
   -.826739E-02
   -.784520E-02
   -.565674E-02
   -.604936E-02
   -.768815E-02
   -.104609E-01
   -.113502E-01
   -.121517E-01
   -.158066E-01
   -.171650E-01
   -.162166E-01
   -.138456E-01
   -.114675E-01
   -.119978E-01
   -.140781E-01
   -.142025E-01
   -.121854E-01
   -.114512E-01
   -.143188E-01
   -.189139E-01
   -.222700E-01
   -.224240E-01
   -.227361E-01
   -.214134E-01
   -.185519E-01
   -.158403E-01
   -.135315E-01
   -.114981E-01
   -.841424E-02
   -.449419E-02
   -.675097E-03
   -.206506E-02
   -.348562E-02
   -.305935E-05
    .429329E-02
    .536202E-02
    .474811E-02
    .337548E-02
    .414950E-02
    .688456E-02
    .787273E-02
    .499388E-02
   -.560881E-03
   -.610851E-02
   -.902917E-02
   -.872017E-02
   -.753110E-02
   -.330002E-02
   -.110035E-02
    .108811E-02
    .192535E-02
    .218234E-02
    .554457E-02
    .813584E-02
    .103671E-01
    .102815E-01
    .104630E-01
    .100265E-01
    .749643E-02
    .506425E-02
    .144605E-02
   -.707730E-03
   -.565980E-03
   -.736284E-03
   -.573118E-03
   -.104426E-02
   -.376300E-02
   -.591475E-02
   -.832960E-02
   -.113441E-01
   -.117326E-01
   -.119366E-01
   -.960433E-02
   -.659902E-02
   -.609729E-02
   -.740873E-02
   -.954416E-02
   -.112197E-01
   -.882623E-02
   -.617581E-02
   -.634204E-02
   -.780950E-02
   -.918213E-02
   -.686824E-02
   -.615745E-02
   -.640424E-02
   -.397206E-02
   -.377728E-02
   -.177544E-02
   -.817867E-03
    .225372E-03
    .236896E-02
    .477157E-02
    .740363E-02
    .922191E-02
    .105160E-01
    .986641E-02
    .125148E-01
    .128564E-01
    .137814E-01
    .175444E-01
    .204926E-01
    .237967E-01
    .234703E-01
    .202570E-01
    .175556E-01
    .160963E-01
    .141607E-01
    .150326E-01
    .161891E-01
    .160494E-01
    .152233E-01
    .119325E-01
    .866102E-02
    .737916E-02
    .963390E-02
    .119488E-01
    .148348E-01
    .158128E-01
    .156618E-01
    .158138E-01
    .156272E-01
    .160759E-01
    .193239E-01
    .232470E-01
    .231542E-01
    .201601E-01
    .182766E-01
    .206945E-01
    .238619E-01
    .237650E-01
    .219101E-01
    .207159E-01
    .223241E-01
    .238691E-01
    .211544E-01
    .160830E-01
    .109953E-01
    .607383E-02
    .456353E-02
    .713951E-02
    .665715E-02
    .395982E-02
    .148175E-02
    .147665E-02
    .198654E-02
    .995309E-03
   -.139099E-02
   -.557108E-02
   -.703141E-02
   -.628901E-02
   -.769937E-02
   -.102488E-01
   -.137712E-01
   -.192036E-01
   -.225352E-01
   -.237671E-01
   -.232235E-01
   -.253304E-01
   -.276555E-01
   -.265705E-01
   -.248134E-01
   -.211014E-01
   -.202794E-01
   -.217061E-01
   -.239201E-01
   -.255752E-01
   -.231542E-01
   -.241434E-01
   -.258780E-01
   -.281919E-01
   -.295013E-01
   -.285917E-01
   -.274607E-01
   -.255996E-01
   -.237814E-01
   -.226698E-01
   -.247094E-01
   -.258689E-01
   -.254579E-01
   -.258872E-01
   -.260473E-01
   -.260922E-01
   -.252254E-01
   -.222262E-01
   -.182908E-01
   -.174342E-01
   -.164573E-01
   -.140496E-01
   -.107557E-01
   -.683357E-02
   -.771874E-02
   -.918621E-02
   -.916888E-02
   -.712931E-02
   -.423618E-02
   -.198042E-02
   -.545584E-03
    .260045E-03
   -.482358E-03
   -.276463E-02
   -.362125E-02
    .101571E-02
    .541505E-02
    .911177E-02
    .926576E-02
    .328982E-02
    .271161E-02
    .436773E-02
    .609423E-02
    .769325E-02
    .958903E-02
    .101305E-01
    .102580E-01
    .129115E-01
    .126229E-01
    .133276E-01
    .154732E-01
    .156557E-01
    .172578E-01
    .200826E-01
    .234591E-01
    .281827E-01
    .295258E-01
    .294524E-01
    .290445E-01
    .238477E-01
    .213757E-01
    .183388E-01
    .156557E-01
    .158209E-01
    .155680E-01
    .158474E-01
    .151152E-01
    .123016E-01
    .102346E-01
    .126168E-01
    .127983E-01
    .130808E-01
    .119539E-01
    .913012E-02
    .606262E-02
    .417500E-02
    .407608E-02
    .765144E-02
    .121864E-01
    .133398E-01
    .120793E-01
    .659902E-02
    .450235E-02
    .478279E-02
    .444218E-02
    .488272E-02
    .289925E-02
   -.187640E-02
   -.413930E-02
   -.365898E-02
    .133184E-02
    .673873E-02
    .734652E-02
    .752804E-02
    .733225E-02
    .759433E-02
    .715480E-02
    .512441E-02
    .406486E-02
    .126759E-02
   -.210279E-02
   -.372323E-02
   -.599837E-02
   -.626963E-02
   -.648175E-02
   -.532633E-02
   -.430757E-02
   -.298389E-02
   -.978992E-03
   -.371201E-03
    .199776E-02
    .146441E-02
   -.537426E-03
   -.854579E-03
    .262186E-02
    .690700E-02
    .994697E-02
    .102264E-01
    .108138E-01
    .131379E-01
    .123272E-01
    .101315E-01
    .990720E-02
    .825617E-02
    .541403E-02
    .363247E-02
    .476137E-02
    .431267E-02
    .342545E-02
    .686315E-03
   -.161636E-02
   -.219967E-02
   -.445951E-02
   -.561289E-02
   -.890475E-02
   -.115694E-01
   -.133021E-01
   -.103386E-01
   -.744340E-02
   -.740261E-02
   -.748317E-02
   -.741689E-02
   -.779829E-02
   -.632674E-02
   -.493983E-02
   -.520192E-02
   -.553743E-02
   -.797471E-02
   -.108005E-01
   -.108597E-01
   -.111758E-01
   -.111493E-01
   -.117775E-01
   -.117591E-01
   -.114695E-01
   -.110687E-01
   -.125658E-01
   -.133235E-01
   -.111054E-01
   -.111738E-01
   -.104926E-01
   -.117132E-01
   -.948603E-02
   -.850704E-02
   -.566490E-02
   -.317255E-02
   -.336223E-02
   -.321130E-02
   -.339180E-02
   -.325821E-02
   -.358046E-02
   -.156231E-02
   -.324291E-03
    .140424E-02
    .111564E-02
    .157862E-02
    .292882E-02
    .498572E-02
    .728534E-02
    .583724E-02
    .341118E-02
    .301856E-03
   -.500714E-03
   -.726086E-03
    .103100E-02
    .236182E-02
    .206914E-02
    .162044E-02
   -.667958E-03
   -.737304E-03
   -.190394E-02
   -.327453E-02
   -.336835E-02
   -.310626E-02
   -.421885E-02
   -.491944E-02
   -.260249E-02
   -.224352E-04
    .305323E-02
    .645727E-02
    .803182E-02
    .763206E-02
    .809402E-02
    .719559E-02
    .671426E-02
    .749133E-02
    .767591E-02
    .810320E-02
    .546196E-02
    .221497E-02
    .248419E-02
    .447481E-02
    .524271E-02
    .495309E-02
    .527942E-02
    .745462E-02
    .801142E-02
    .970222E-02
    .106425E-01
    .105966E-01
    .105996E-01
    .107608E-01
    .100887E-01
    .811544E-02
    .715582E-02
    .704467E-02
    .842851E-02
    .687232E-02
    .364981E-02
    .635325E-03
   -.187844E-02
   -.360188E-02
   -.163879E-02
   -.695493E-03
   -.278911E-02
   -.407506E-02
   -.707730E-02
   -.991638E-02
   -.116572E-01
   -.119366E-01
   -.924230E-02
   -.851622E-02
   -.111422E-01
   -.120192E-01
   -.111574E-01
   -.124567E-01
   -.158923E-01
   -.168897E-01
   -.168275E-01
   -.168315E-01
   -.168886E-01
   -.167306E-01
   -.170579E-01
   -.151285E-01
   -.139404E-01
   -.140812E-01
   -.151254E-01
   -.140088E-01
   -.115919E-01
   -.897716E-02
   -.557312E-02
   -.813278E-02
   -.836529E-02
   -.869672E-02
   -.743728E-02
   -.322966E-02
   -.317051E-02
   -.372221E-02
   -.333061E-02
   -.162553E-02
   -.106058E-03
   -.142770E-03
   -.197328E-02
   -.366816E-02
   -.672038E-02
   -.859984E-02
   -.827351E-02
   -.821742E-02
   -.446971E-02
   -.325923E-02
   -.106465E-02
   -.179482E-03
    .385478E-03
    .242810E-02
    .360392E-02
    .575260E-02
    .499184E-02
    .763410E-02
    .807873E-02
    .850296E-02
    .966755E-02
    .820008E-02
    .657353E-02
    .426882E-02
    .254130E-02
    .519988E-02
    .771670E-02
    .878136E-02
    .110412E-01
    .935958E-02
    .804508E-02
    .850704E-02
    .785743E-02
    .582297E-02
    .519274E-02
    .532327E-02
    .545278E-02
    .552009E-02
    .539874E-02
    .589027E-02
    .100765E-01
    .110626E-01
    .104966E-01
    .720273E-02
    .687640E-02
    .107934E-01
    .101591E-01
    .731287E-02
    .384459E-02
    .228737E-02
    .410973E-03
    .211095E-02
    .279115E-02
    .263512E-02
    .286355E-02
    .204569E-02
   -.168570E-02
   -.276973E-02
   -.281664E-02
   -.227718E-02
    .145829E-03
   -.155007E-03
    .122374E-04
   -.235876E-02
   -.366816E-02
   -.483582E-02
   -.555884E-02
   -.534265E-02
   -.558026E-02
   -.656231E-02
   -.410871E-02
   -.286559E-02
   -.482868E-02
   -.551193E-02
   -.412401E-02
   -.236284E-02
   -.345911E-02
   -.555986E-02
   -.823374E-02
   -.603202E-02
   -.551499E-02
   -.407404E-02
   -.209974E-02
   -.239853E-02
   -.279931E-02
   -.248725E-02
   -.756680E-03
   -.102488E-02
   -.855599E-03
   -.582297E-03
    .282480E-03
   -.101978E-04
    .248827E-03
   -.458903E-04
    .676117E-03
    .285336E-02
    .268815E-02
    .299001E-02
    .258107E-02
    .413420E-02
    .596166E-02
    .444626E-02
    .281766E-02
    .437997E-02
    .530288E-02
    .660616E-02
    .851927E-02
    .837650E-02
    .105497E-01
    .113410E-01
    .108576E-01
    .126198E-01
    .123282E-01
    .102040E-01
    .809606E-02
    .965123E-02
    .104456E-01
    .848256E-02
    .581991E-02
    .326127E-02
    .230777E-02
   -.509892E-04
    .202835E-02
    .201815E-02
    .187232E-02
    .183459E-02
    .214155E-02
    .316847E-02
    .266979E-02
    .137875E-02
   -.218336E-02
   -.321538E-02
   -.298695E-02
   -.932082E-03
   -.612890E-03
   -.269223E-02
   -.245360E-02
   -.276667E-02
   -.240567E-02
   -.474199E-02
   -.531205E-02
   -.534979E-02
   -.518662E-02
   -.582603E-02
   -.796859E-02
   -.538650E-02
   -.555272E-02
   -.397614E-02
   -.261473E-02
   -.888232E-03
    .199062E-02
    .287273E-02
    .295635E-02
    .119723E-02
   -.104732E-02
   -.276667E-02
   -.238629E-02
   -.290740E-02
   -.983072E-03
    .250867E-03
    .174383E-03
    .170304E-03
    .312054E-03
    .221497E-02
    .473893E-02
    .805017E-02
    .860086E-02
    .809606E-02
    .583316E-02
    .376096E-02
    .569141E-02
    .455130E-02
    .198348E-02
   -.112176E-04
    .121966E-02
    .277483E-02
    .988171E-03
   -.384459E-03
   -.225168E-02
   -.815827E-04
    .198858E-03
    .185601E-03
    .199878E-03
    .201917E-03
    .171324E-03
    .238629E-03
    .109117E-03
    .365083E-03
   -.559861E-03
   -.267897E-02
   -.239955E-02
   -.387416E-02
   -.585764E-02
   -.751683E-02
   -.840302E-02
   -.725984E-02
   -.547216E-02
   -.387212E-02
   -.249847E-02
   -.257291E-02
    .100959E-02
    .302060E-02
    .359372E-02
    .305833E-02
   -.213135E-03
   -.353355E-02
   -.526310E-02
   -.533143E-02
   -.529982E-02
   -.532837E-02
   -.725168E-02
   -.859270E-02
   -.631348E-02
   -.272792E-02
   -.265960E-02
   -.308995E-02
   -.690802E-02
   -.986539E-02
   -.110881E-01
   -.105915E-01
   -.842545E-02
   -.805731E-02
   -.797165E-02
   -.782582E-02
   -.902611E-02
   -.109596E-01
   -.109229E-01
   -.109127E-01
   -.110330E-01
   -.107903E-01
   -.114195E-01
   -.125321E-01
   -.982358E-02
   -.828268E-02
   -.711401E-02
   -.497858E-02
   -.358148E-02
   -.174077E-02
   -.154395E-02
   -.156027E-02
   -.120335E-03
    .176728E-02
    .296859E-02
    .276157E-02
    .280237E-02
    .332551E-02
    .313482E-02
    .268203E-02
    .330614E-02
    .672547E-02
    .830308E-02
    .863247E-02
    .709566E-02
    .599123E-02
    .606465E-02
    .704365E-02
    .684785E-02
    .475525E-02
    .262594E-02
   -.815827E-05
   -.191515E-02
   -.415052E-02
   -.549867E-02
   -.527330E-02
   -.554558E-02
   -.323374E-02
   -.536406E-03
    .275342E-03
   -.268203E-03
   -.207526E-02
   -.232511E-03
    .228432E-03
   -.166225E-03
    .802570E-03
    .268203E-02
    .278503E-02
    .272792E-02
    .282582E-02
    .270141E-02
    .282990E-02
    .269937E-02
    .281358E-02
    .271976E-02
    .276157E-02
    .284214E-02
    .169794E-02
   -.899449E-03
   -.282378E-02
   -.109627E-02
    .113706E-02
    .528248E-02
    .675403E-02
    .523557E-02
    .252397E-02
    .540485E-04
    .158984E-02
    .376096E-02
    .571691E-02
    .504895E-02
    .299307E-02
    .269121E-02
    .273812E-02
    .269019E-02
    .273200E-02
    .267489E-02
    .277993E-02
    .735264E-03
   -.272282E-03
    .131858E-02
    .367836E-02
    .560677E-02
    .530492E-02
    .575566E-02
    .735060E-02
    .107883E-01
    .137650E-01
    .126596E-01
    .108954E-01
    .935142E-02
    .814297E-02
    .850398E-02
    .754436E-02
    .541199E-02
    .561799E-02
    .514991E-02
    .422088E-02
    .322354E-02
    .227208E-02
   -.107179E-02
   -.244646E-02
    .107077E-03
    .213441E-02
    .789313E-03
   -.123292E-02
   -.296961E-02
   -.266979E-02
   -.848460E-03
    .103304E-02
    .154803E-02
   -.400775E-03
    .339588E-03
   -.176423E-03
    .686315E-03
    .190598E-02
    .227718E-02
    .511932E-02
    .513971E-02
    .279115E-02
    .259943E-02
    .261881E-02
    .252294E-02
    .271365E-02
    .918825E-03
   -.683255E-04
   -.184785E-02
   -.317969E-02
   -.268407E-02
   -.319702E-02
   -.236794E-02
   -.387518E-03
   -.316133E-04
   -.349786E-03
    .353865E-03
    .577198E-03
   -.255966E-03
   -.228330E-02
   -.531001E-02
   -.568835E-02
   -.422293E-02
   -.492861E-02
   -.528452E-02
   -.557210E-02
   -.576076E-02
   -.727106E-02
   -.843667E-02
   -.841118E-02
   -.852437E-02
   -.828982E-02
   -.649500E-02
   -.524781E-02
   -.525291E-02
   -.604630E-02
   -.449011E-02
   -.308077E-02
   -.722007E-03
    .199062E-02
    .368346E-02
    .542933E-02
    .522945E-02
    .525495E-02
    .637059E-02
    .807465E-02
    .803998E-02
    .807261E-02
    .769937E-02
    .823781E-02
    .601673E-02
    .520192E-02
    .501020E-02
    .521517E-02
    .740771E-02
    .814603E-02
    .815215E-02
    .843667E-02
    .637059E-02
    .401591E-02
    .146849E-02
   -.118295E-03
   -.364063E-03
    .149908E-03
    .207118E-02
   -.126147E-02
   -.311136E-02
   -.303794E-02
   -.138589E-02
    .159086E-03
    .202937E-03
   -.349786E-03
    .682235E-03
    .290434E-02
    .482868E-02
    .452172E-02
    .490210E-02
    .537732E-02
    .506629E-02
    .537426E-02
    .387926E-02
   -.111156E-03
   -.509280E-02
   -.603916E-02
   -.589537E-02
   -.565266E-02
   -.617479E-02
   -.839894E-02
   -.870386E-02
   -.693861E-02
   -.552315E-02
   -.354375E-02
   -.477973E-02
   -.615541E-02
   -.544463E-02
   -.618703E-02
   -.530084E-02
   -.706404E-02
   -.813889E-02
   -.610137E-02
   -.376198E-02
   -.373751E-02
   -.600347E-02
   -.556394E-02
   -.607077E-02
   -.550683E-02
   -.773914E-02
   -.630532E-02
   -.653070E-02
   -.870793E-02
   -.902407E-02
   -.116184E-01
   -.111697E-01
   -.116633E-01
   -.110514E-01
   -.114257E-01
   -.137467E-01
   -.142005E-01
   -.139292E-01
   -.128748E-01
   -.115134E-01
   -.910565E-02
   -.874669E-02
   -.109229E-01
   -.117306E-01
   -.135692E-01
   -.157506E-01
   -.171426E-01
   -.166000E-01
   -.145034E-01
   -.141220E-01
   -.165174E-01
   -.170222E-01
   -.160647E-01
   -.119182E-01
   -.922598E-02
   -.749745E-02
   -.598919E-02
   -.578931E-02
   -.347236E-02
   -.310932E-02
   -.325617E-02
   -.308587E-02
   -.337447E-02
   -.246992E-02
   -.345707E-03
   -.258005E-03
   -.520090E-04
   -.143280E-02
    .124006E-02
    .232817E-02
    .621048E-03
    .916786E-03
    .129309E-02
    .423108E-02
    .741179E-02
    .109025E-01
    .123363E-01
    .123098E-01
    .151234E-01
    .188619E-01
    .211238E-01
    .232460E-01
    .231144E-01
    .233133E-01
    .231736E-01
    .234805E-01
    .231664E-01
    .212564E-01
    .208311E-01
    .213584E-01
    .208209E-01
    .193015E-01
    .171640E-01
    .162237E-01
    .147706E-01
    .132919E-01
    .134183E-01
    .113114E-01
    .104161E-01
    .118091E-01
    .116011E-01
    .105956E-01
    .107006E-01
    .105884E-01
    .105905E-01
