    .0037991
    .0037070
    .0038007
    .0037432
    .0037075
    .0036219
    .0035925
    .0035864
    .0036007
    .0036774
    .0038011
    .0038714
    .0038363
    .0037484
    .0036868
    .0036072
    .0034856
    .0034835
    .0035802
    .0036249
    .0037688
    .0036183
    .0035075
    .0030197
    .0023859
    .0019754
    .0019738
    .0022995
    .0029093
    .0032582
    .0032279
    .0031870
    .0035472
    .0022513
    .0015107
    .0012732
    .0019340
    .0035467
    .0056170
    .0071224
    .0082034
    .0083978
    .0075977
    .0066599
    .0056698
    .0045301
    .0033854
    .0021833
    .0015362
    .0024407
    .0044757
    .0059931
    .0061073
    .0052294
    .0039564
    .0026794
    .0028064
    .0032741
    .0018521
   -.0001880
   -.0013329
   -.0017500
   -.0035300
   -.0038257
   -.0006917
    .0050694
    .0114479
    .0154620
    .0143511
    .0107255
    .0085242
    .0084030
    .0104520
    .0121777
    .0110830
    .0060008
   -.0005571
   -.0051639
   -.0053290
   -.0022644
    .0042851
    .0116753
    .0177485
    .0205346
    .0206443
    .0177583
    .0114003
    .0036436
   -.0043608
   -.0110048
   -.0144265
   -.0146724
   -.0112331
   -.0032812
    .0060986
    .0118267
    .0121120
    .0092619
    .0052827
    .0024023
   -.0006111
   -.0036057
   -.0053730
   -.0056874
   -.0036391
   -.0000126
    .0037275
    .0061866
    .0046817
   -.0011383
   -.0094155
   -.0173771
   -.0234904
   -.0242174
   -.0182105
   -.0059408
    .0072163
    .0168667
    .0226239
    .0215125
    .0132629
    .0035977
   -.0048710
   -.0113423
   -.0167787
   -.0188456
   -.0154504
   -.0081794
   -.0001872
    .0057650
    .0084981
    .0062000
   -.0001108
   -.0079201
   -.0145419
   -.0164725
   -.0129045
   -.0048237
    .0045782
    .0132645
    .0200130
    .0235940
    .0228152
    .0187024
    .0152302
    .0132531
    .0110856
    .0100563
    .0124834
    .0171613
    .0207711
    .0188623
    .0121115
    .0031544
   -.0054333
   -.0110637
   -.0115406
   -.0076831
   -.0031309
    .0019536
    .0063545
    .0089614
    .0083243
    .0063172
    .0046509
    .0029832
    .0013723
    .0008791
    .0032782
    .0103648
    .0199093
    .0293120
    .0353293
    .0370043
    .0346325
    .0309872
    .0250501
    .0186195
    .0100590
    .0001769
   -.0107701
   -.0215841
   -.0293830
   -.0323036
   -.0298335
   -.0220293
   -.0129086
   -.0053841
    .0006481
    .0052315
    .0088857
    .0121879
    .0147948
    .0173901
    .0185735
    .0175756
    .0147946
    .0123382
    .0137778
    .0171927
    .0171985
    .0113859
    .0016809
   -.0090962
   -.0166988
   -.0162785
   -.0053923
    .0150749
    .0379613
    .0577456
    .0680295
    .0681692
    .0580814
    .0346680
    .0044550
   -.0250729
   -.0480976
   -.0570279
   -.0533678
   -.0363551
   -.0119506
    .0112766
    .0270573
    .0309865
    .0205092
   -.0007583
   -.0243691
   -.0411287
   -.0477333
   -.0429019
   -.0285058
   -.0033137
    .0206220
    .0338342
    .0396601
    .0364908
    .0252355
    .0116346
    .0002097
   -.0057768
   -.0073827
   -.0085559
   -.0120293
   -.0192797
   -.0314385
   -.0451593
   -.0567722
   -.0614075
   -.0559901
   -.0377724
   -.0146894
    .0053809
    .0190150
    .0302828
    .0396485
    .0445925
    .0449773
    .0377413
    .0211963
    .0024823
   -.0100424
   -.0127627
   -.0071035
    .0024869
    .0091938
    .0069128
    .0004888
   -.0012819
    .0056810
    .0175058
    .0279899
    .0296254
    .0208886
    .0045506
   -.0171957
   -.0381401
   -.0565798
   -.0678914
   -.0719277
   -.0667316
   -.0538964
   -.0241447
    .0144632
    .0494536
    .0708854
    .0794851
    .0772704
    .0663079
    .0489453
    .0270371
    .0049839
   -.0118204
   -.0192238
   -.0190291
   -.0109493
    .0019532
    .0136930
    .0216238
    .0240372
    .0229476
    .0208622
    .0163233
    .0100811
    .0019789
   -.0058888
   -.0122419
   -.0180379
   -.0244606
   -.0322109
   -.0400694
   -.0452722
   -.0457318
   -.0419843
   -.0309609
   -.0135364
    .0054954
    .0205156
    .0288171
    .0295348
    .0231552
    .0131277
    .0012798
   -.0110089
   -.0188380
   -.0183697
   -.0090468
    .0052130
    .0200140
    .0300164
    .0319241
    .0278187
    .0237117
    .0241465
    .0291070
    .0361601
    .0416068
    .0437000
    .0404332
    .0278292
    .0083154
   -.0095367
   -.0195500
   -.0195161
   -.0076296
    .0125842
    .0304015
    .0424595
    .0465909
    .0403299
    .0284066
    .0172803
    .0093837
    .0068650
    .0078380
    .0083150
    .0079227
    .0068761
    .0032492
   -.0056928
   -.0193008
   -.0354462
   -.0484784
   -.0561626
   -.0640477
   -.0707301
   -.0740036
   -.0810335
   -.0887440
   -.0916619
   -.0900719
   -.0882256
   -.0855134
   -.0808818
   -.0787254
   -.0831364
   -.0934960
   -.1071861
   -.1181602
   -.1208444
   -.1086975
   -.0812956
   -.0426173
   -.0071027
    .0164001
    .0278709
    .0290141
    .0218682
    .0109817
    .0019889
    .0017954
    .0112719
    .0260156
    .0372940
    .0463312
    .0538204
    .0613173
    .0665723
    .0763190
    .0924580
    .1185554
    .1499878
    .1707209
    .1649562
    .1229832
    .0307645
   -.0465301
   -.0917488
   -.1207938
   -.1310780
   -.1311348
   -.1140977
   -.0888505
   -.0694226
   -.0641680
   -.0730384
   -.0922167
   -.1104190
   -.1354943
   -.1374181
   -.1503390
   -.1133167
   -.0811194
   -.0187975
    .0433691
    .1264002
    .1909417
    .2479601
    .2695948
    .2735433
    .2450243
    .1866655
    .1197143
    .0696647
    .0260595
   -.0085163
   -.0726285
   -.0965231
   -.1020230
   -.1057060
   -.0936774
   -.1003156
   -.0909250
   -.0893002
   -.0436421
    .0076603
    .0212580
    .0574310
    .0957003
    .1053049
    .1735892
    .2019471
    .2200017
    .2235862
    .2201052
    .1950555
    .1720874
    .1664879
    .0082471
   -.0936244
   -.1480196
   -.1873421
   -.2079169
   -.1962681
   -.1619869
   -.1313248
   -.1005821
   -.0513739
    .0023817
    .0792514
    .1219770
    .1497007
    .1928150
    .2181190
    .2316958
    .2531038
    .2782238
    .2889790
    .2360331
    .2159863
    .2032282
    .1679323
    .1451602
    .1206286
    .1109626
    .0936983
    .0792056
    .0492530
    .0391241
    .0296152
    .0370994
    .0457565
    .0661328
    .0716533
    .0628334
    .0503817
    .0398336
    .0677553
    .0583936
    .0451929
    .0199116
    .0118982
   -.0051512
   -.0218480
   -.0277699
   -.0422684
   -.0565358
   -.0583326
   -.0920073
   -.1437363
   -.1912314
   -.2199700
   -.2306132
   -.2212530
   -.2173668
   -.1982381
   -.1920853
   -.1842024
   -.1827553
   -.1759681
   -.1583583
   -.1335621
   -.0964220
   -.0703198
   -.0334170
   -.0070488
    .0308341
    .0680009
    .0945030
    .1201540
    .1387451
    .1662339
    .1817576
    .1813264
    .2019286
    .2065559
    .2156839
    .2284238
    .2285889
    .2394326
    .2375664
    .2458509
    .2567677
    .2626792
    .2637892
    .2676807
    .2722128
    .2738264
    .2743662
    .2945187
    .2782128
    .2521588
    .2207626
    .1810268
    .1366116
    .1157877
    .1152846
    .0853661
    .0859501
    .0935183
    .0560639
   -.0311804
   -.0920753
   -.2001258
   -.2613101
   -.2858561
   -.2824557
   -.1817104
   -.1437075
   -.1590633
   -.1844525
   -.2351799
   -.2545581
   -.2706261
   -.2946541
   -.3719929
   -.3539433
   -.2405966
   -.1987188
   -.1848230
   -.1497219
   -.0642728
   -.0624884
   -.1201961
   -.2375060
   -.3085199
   -.3391426
   -.3127470
   -.2579434
   -.1576169
   -.0530727
    .0323013
    .0534498
    .0604009
    .0508123
   -.0193790
   -.0677116
   -.1535838
   -.1735976
   -.1927434
   -.1934443
   -.0769952
   -.0329200
    .0194410
    .0866517
    .1485083
    .1773976
    .2109081
    .1939173
    .1498337
    .0646437
   -.0067751
   -.0617498
   -.0621688
   -.0403821
   -.0179431
    .0277400
    .0258597
    .0494412
    .0286961
    .0087530
   -.0460464
   -.1026637
   -.1511457
   -.1952315
   -.2331747
   -.2429502
   -.2399822
   -.2124071
   -.1811946
   -.1658935
   -.1195782
   -.1005255
   -.0650178
   -.0485843
   -.0327640
   -.0413327
   -.0005379
    .0170388
    .0525744
    .0764911
    .0920944
    .1049093
    .1057160
    .1021967
    .1091652
    .1139292
    .1104057
    .1251945
    .1190010
    .1255150
    .1327174
    .1496803
    .1640171
    .2010116
    .2065158
    .2196508
    .2456434
    .2531403
    .2608082
    .2680975
    .2723747
    .2667793
    .2766116
    .2623649
    .2535538
    .2333138
    .2195037
    .2002027
    .1867138
    .1590790
    .1112475
    .0930509
    .0640415
    .0343280
    .0096219
   -.0155831
   -.0484608
   -.0911191
   -.1152793
   -.1285187
   -.1405449
   -.1677491
   -.1726440
   -.1760965
   -.1770483
   -.1761763
   -.1759762
   -.1763460
   -.1788118
   -.1722078
   -.1660385
   -.1699617
   -.1771602
   -.1742337
   -.1444688
   -.1084582
   -.0539801
   -.0187794
    .0507066
    .0906467
    .1162489
    .1466342
    .1616285
    .1040699
    .0537022
    .0134735
    .0007683
   -.0165411
    .0031362
    .0564739
    .0757291
    .1187429
    .1330067
    .1325103
    .1275444
    .1226579
    .1054944
    .0791128
    .0944679
    .0840821
    .1094599
    .1221503
    .1423393
    .1733257
    .1949613
    .2053811
    .1935994
    .1537824
    .1087055
    .0707129
    .0394935
   -.0048014
   -.0428483
   -.0688161
   -.0905642
   -.1102020
   -.1235809
   -.1566774
   -.1936281
   -.2178599
   -.2532598
   -.2750403
   -.2764505
   -.2913284
   -.2684443
   -.2122224
   -.1557387
   -.1031718
   -.0520316
   -.0592114
   -.0379871
   -.0462167
    .0076878
    .0619395
    .0967454
    .1392093
    .2000040
    .2108054
    .2218040
    .2283213
    .2009132
    .1296707
    .0545487
   -.0273816
   -.0701414
   -.0980394
   -.1138629
   -.0761298
   -.0689163
   -.0542001
    .0257271
    .0605405
    .0592822
    .0055158
   -.1051562
   -.0762149
   -.0792000
   -.0671123
   -.0587220
   -.0358803
    .0151180
    .0537582
    .2063835
    .2523996
    .2299826
    .1875791
    .1312327
    .0707475
    .0059825
   -.0506587
   -.1136817
   -.1614661
   -.1801483
   -.1993974
   -.2131725
   -.2024866
   -.1683238
   -.1529015
   -.1216237
   -.0991559
   -.0801258
   -.0660584
   -.0651244
   -.0657367
   -.0650479
   -.0524072
   -.0515618
   -.0243255
    .0138635
    .0392892
    .0651753
    .0738924
    .0839630
    .0819756
    .0686996
    .0629956
    .0460731
    .0362407
    .0170058
   -.0000544
   -.0202436
   -.0258247
   -.0554899
   -.0632694
   -.0617755
   -.0603875
   -.0602371
   -.0605549
   -.0620120
   -.0742847
   -.0723857
   -.0647819
   -.0479068
   -.0458941
   -.0153645
    .0133106
    .0214057
    .0408559
    .0355153
    .0183542
    .0028437
   -.0247024
   -.0383199
   -.0501002
   -.0530371
   -.0651596
   -.0544080
   -.0219474
   -.0295155
   -.0304185
   -.0460657
   -.0583662
   -.0811397
   -.0886411
   -.1431167
   -.1598923
   -.1488254
   -.0899141
   -.0289202
    .0123347
    .0632118
    .1512121
    .1622224
    .1697664
    .1500674
    .0185213
   -.0385817
   -.0677839
   -.0732700
   -.0581851
   -.0413644
    .0115344
    .0542131
    .1009447
    .1102409
    .0982816
    .0926672
   -.0100946
   -.0474894
   -.0841034
   -.0839048
   -.0133593
    .1153296
    .1555891
    .1899010
    .1882447
    .1788705
    .1496467
    .1318923
    .0813386
    .0224221
    .0080712
   -.0126303
   -.0137489
   -.0163775
   -.0189084
   -.0108157
   -.0080650
    .0092299
    .0074851
    .0380864
    .0158695
   -.0000654
   -.0280421
   -.0599592
   -.0614360
   -.0594755
   -.0545771
   -.0343812
   -.0200832
    .0112152
    .0502626
    .0782154
    .0970540
    .0965203
    .0922854
    .0692492
    .0578177
    .0542519
    .0467760
    .0413499
    .0353096
    .0486896
    .0596681
    .0696883
    .0696139
    .0548911
    .0531414
    .0454123
    .0297958
    .0274159
    .0170113
    .0224984
    .0333124
    .0451661
    .0541271
    .0669866
    .0709528
    .0672671
    .0602363
    .0519035
    .0395204
    .0308030
    .0203811
   -.0013596
   -.0164388
   -.0289078
   -.0442140
   -.0455196
   -.0418859
   -.0368185
   -.0401310
   -.0486668
   -.0682952
   -.0755650
   -.0854150
   -.0917890
   -.0905507
   -.0823826
   -.0686724
   -.0582408
   -.0494026
   -.0453353
   -.0449443
   -.0470445
   -.0439892
   -.0414508
   -.0361908
   -.0304172
   -.0256240
   -.0192269
   -.0121350
   -.0076980
   -.0007129
    .0015407
    .0032007
   -.0026816
   -.0047463
   -.0066016
   -.0093348
   -.0109962
   -.0115169
   -.0144210
   -.0145258
   -.0127090
   -.0106056
   -.0042902
    .0079888
    .0288186
    .0360124
    .0429704
    .0572441
    .0551165
    .0556295
    .0501766
    .0435990
    .0361150
    .0250389
    .0038208
   -.0085831
   -.0149407
   -.0239849
   -.0329071
   -.0348929
   -.0286547
   -.0329097
   -.0308050
   -.0338815
   -.0391202
   -.0454803
   -.0584275
   -.0729206
   -.0861901
   -.0859947
   -.0753187
   -.0464709
   -.0164251
    .0058784
    .0312600
    .0363082
    .0341439
    .0227714
    .0010393
   -.0392435
   -.0480599
   -.0535025
   -.0468682
   -.0338527
   -.0151347
   -.0073589
   -.0047855
   -.0026125
   -.0067527
   -.0051598
   -.0358161
   -.0393482
   -.0321628
   -.0116654
    .0328567
    .0647624
    .0862792
    .1064983
    .1146871
    .1092880
    .1049378
    .0968597
    .0863882
    .0744843
    .0611863
    .0458822
    .0272945
    .0109685
    .0042173
    .0038819
    .0095521
    .0203179
    .0293650
    .0338169
    .0347205
    .0330399
    .0310554
    .0294713
    .0295563
    .0297204
    .0278908
    .0215435
    .0097201
   -.0059627
   -.0244965
   -.0424122
   -.0578873
   -.0677873
   -.0707530
   -.0672035
   -.0566047
   -.0388163
   -.0166773
    .0057721
    .0224105
    .0270181
    .0234092
    .0136668
    .0002637
   -.0092008
   -.0130007
   -.0087908
    .0047574
    .0249876
    .0462973
    .0653309
    .0797287
    .0876342
    .0898364
    .0912533
    .0899405
    .0867609
    .0845012
    .0810231
    .0770879
    .0722836
    .0654044
    .0557524
    .0434951
    .0293439
    .0171973
    .0113319
    .0145674
    .0225212
    .0298093
    .0328464
    .0326889
    .0276126
    .0172871
    .0022386
   -.0138009
   -.0267717
   -.0332301
   -.0340603
   -.0326274
   -.0296240
   -.0260533
   -.0232300
   -.0224857
   -.0234504
   -.0254797
   -.0275233
   -.0289693
   -.0282306
   -.0268045
   -.0259631
   -.0270109
   -.0283897
   -.0288470
   -.0325551
   -.0390463
   -.0483344
   -.0585548
   -.0661655
   -.0676975
   -.0610962
   -.0459056
   -.0235187
   -.0026005
    .0081548
    .0088487
    .0007259
   -.0101173
   -.0177572
   -.0182165
   -.0084516
    .0098590
    .0296228
    .0445571
    .0499201
    .0459457
    .0339859
    .0169571
   -.0004308
   -.0151691
   -.0265082
   -.0332731
   -.0357040
   -.0392570
   -.0414025
   -.0433163
   -.0439148
   -.0426102
   -.0390971
   -.0343633
   -.0303605
   -.0273597
   -.0241799
   -.0243819
   -.0264166
   -.0286799
   -.0297217
   -.0287451
   -.0265741
   -.0220929
   -.0175180
   -.0155905
   -.0163338
   -.0203131
   -.0265879
   -.0321113
   -.0346252
   -.0323645
   -.0253172
   -.0147270
   -.0016711
    .0111293
    .0214695
    .0285496
    .0320233
    .0320453
    .0275235
    .0205423
    .0148080
    .0117236
    .0112564
    .0139246
    .0182466
    .0224117
    .0251983
    .0260035
    .0255238
    .0243364
    .0226753
    .0203154
    .0185315
    .0174083
    .0164220
    .0152521
    .0127909
    .0074709
    .0035958
    .0008992
    .0018237
    .0032110
    .0025332
    .0017638
    .0024312
    .0044427
    .0069366
    .0112873
    .0149229
    .0172838
    .0195358
    .0177388
    .0127739
    .0024171
   -.0081814
   -.0158767
   -.0224080
   -.0284384
   -.0342576
   -.0406262
   -.0470583
   -.0531417
   -.0570280
   -.0565537
   -.0519353
   -.0435371
   -.0332446
   -.0222338
   -.0117681
   -.0012876
    .0103474
    .0226891
    .0350231
    .0469208
    .0588257
    .0674753
    .0713864
    .0718411
    .0680907
    .0599457
    .0502439
    .0412328
    .0332800
    .0273548
    .0234624
    .0219767
    .0235348
    .0268767
    .0302670
    .0324186
    .0333346
    .0319328
    .0282144
    .0231344
    .0174830
    .0112501
    .0057837
    .0010540
   -.0032880
   -.0065815
   -.0093063
   -.0126448
   -.0165173
   -.0209943
   -.0249455
   -.0299551
   -.0353919
   -.0395634
   -.0404646
   -.0378482
   -.0333510
   -.0268987
   -.0210916
   -.0189202
   -.0213025
   -.0263489
   -.0318901
   -.0360461
   -.0392292
   -.0407000
   -.0394137
   -.0349956
   -.0273405
   -.0177887
   -.0074234
   -.0001006
    .0036495
    .0067060
    .0106451
    .0156277
    .0196829
    .0239105
    .0280091
    .0317665
    .0352786
    .0372873
    .0385189
    .0399006
    .0415392
    .0421766
    .0415429
    .0378445
    .0326736
    .0268152
    .0221470
    .0184611
    .0157818
    .0112456
    .0042337
   -.0045385
   -.0123847
   -.0188896
   -.0249876
   -.0299854
   -.0336118
   -.0348182
   -.0341822
   -.0320049
   -.0276720
   -.0221591
   -.0165894
   -.0128792
   -.0095422
   -.0066131
   -.0037388
   -.0003331
    .0028210
    .0057490
    .0075512
    .0106244
    .0145206
    .0181834
    .0216540
    .0235807
    .0238715
    .0223863
    .0195636
    .0166637
    .0163895
    .0192887
    .0247780
    .0311019
    .0380461
    .0431826
    .0444202
    .0425935
    .0347080
    .0224625
    .0112568
    .0053010
    .0047238
    .0093523
    .0163030
    .0212711
    .0239892
    .0238738
    .0217948
    .0189247
    .0155516
    .0132581
    .0125903
    .0134888
    .0135265
    .0152384
    .0182606
    .0222234
    .0253760
    .0266077
    .0244401
    .0193334
    .0116022
    .0035441
   -.0038771
   -.0099423
   -.0140113
   -.0156077
   -.0158603
   -.0132634
   -.0092770
   -.0058769
   -.0056346
   -.0092508
   -.0162567
   -.0250410
   -.0319615
   -.0352367
   -.0364322
   -.0352710
   -.0318608
   -.0269217
   -.0198644
   -.0112638
   -.0036332
   -.0008299
   -.0024126
   -.0062947
   -.0094197
   -.0105752
   -.0096686
   -.0060606
    .0011858
    .0112606
    .0216001
    .0295222
    .0332553
    .0323421
    .0273097
    .0195005
    .0109726
    .0025097
   -.0041911
   -.0086711
   -.0121216
   -.0137594
   -.0127861
   -.0104321
   -.0071316
   -.0037820
   -.0009434
    .0009266
    .0031243
    .0040392
    .0051282
    .0067741
    .0089131
    .0114713
    .0141213
    .0167183
    .0201141
    .0244643
    .0298765
    .0358828
    .0398512
    .0403269
    .0369236
    .0304136
    .0224960
    .0149405
    .0100593
    .0082015
    .0083930
    .0102380
    .0121673
    .0131115
    .0133795
    .0138059
    .0146637
    .0171026
    .0197009
    .0223751
    .0231082
    .0228120
    .0215196
    .0206361
    .0205888
    .0205233
    .0200821
    .0190616
    .0176870
    .0174527
    .0173333
    .0168491
    .0150735
    .0140806
    .0136908
    .0113504
    .0063599
   -.0002446
   -.0047800
   -.0074722
   -.0072432
   -.0051970
   -.0042815
   -.0040542
   -.0035327
   -.0005581
    .0032472
    .0074409
    .0113437
    .0127758
    .0106125
    .0054324
   -.0002511
   -.0056150
   -.0086077
   -.0086642
   -.0071237
   -.0052777
   -.0034028
   -.0019058
    .0003001
   -.0004368
   -.0030782
   -.0062826
   -.0112169
   -.0167604
   -.0208550
   -.0230213
   -.0232998
   -.0213269
   -.0180226
   -.0147094
   -.0131490
   -.0136274
   -.0146529
   -.0161486
   -.0170624
   -.0182330
   -.0196593
   -.0207657
   -.0193880
   -.0169285
   -.0147470
   -.0122134
   -.0088118
   -.0051684
   -.0026794
   -.0037032
   -.0068939
   -.0107420
   -.0163741
   -.0229072
   -.0277182
   -.0308560
   -.0317016
   -.0283613
   -.0221211
   -.0148065
   -.0076549
   -.0027705
   -.0019832
   -.0038060
   -.0064587
   -.0100772
   -.0140600
   -.0170433
   -.0172634
   -.0156487
   -.0115196
   -.0056946
    .0012057
    .0082706
    .0136184
    .0167310
    .0176475
    .0157666
    .0131864
    .0107169
    .0095136
    .0097719
    .0106116
    .0116460
    .0123938
    .0111029
    .0091994
    .0055684
    .0027346
    .0004398
   -.0014486
   -.0031789
   -.0048249
   -.0073320
   -.0099456
   -.0114107
   -.0113718
   -.0103248
   -.0095242
   -.0092022
   -.0046671
    .0006767
    .0053146
    .0064723
    .0044884
    .0019800
    .0009441
    .0004432
    .0005335
    .0014810
    .0021239
    .0013676
   -.0009918
   -.0030307
   -.0042266
   -.0038795
   -.0027723
   -.0006378
    .0008366
    .0023515
    .0034507
    .0046245
    .0063846
    .0084116
    .0113053
    .0134080
    .0165197
    .0197070
    .0223079
    .0233697
    .0226283
    .0217259
    .0206004
    .0209994
    .0217362
    .0233002
    .0259555
    .0277829
    .0283865
    .0282450
    .0272590
    .0249271
    .0221524
    .0181609
    .0145099
    .0134815
    .0157439
    .0203257
    .0259385
    .0319814
    .0361393
    .0360992
    .0319899
    .0243186
    .0139173
    .0030080
   -.0045528
   -.0070623
   -.0070020
   -.0059730
   -.0047922
   -.0033520
   -.0015717
   -.0000698
    .0004701
   -.0017048
   -.0056098
   -.0096921
   -.0144750
   -.0183398
   -.0206129
   -.0216177
   -.0209202
   -.0188371
   -.0165719
   -.0139470
   -.0114148
   -.0087679
   -.0063221
   -.0038380
   -.0012999
    .0026918
    .0061650
    .0096708
    .0126120
    .0133794
    .0143762
    .0151036
    .0156955
    .0159700
    .0170046
    .0180858
    .0184963
    .0184302
    .0181969
    .0184178
    .0174935
    .0142538
    .0098050
    .0061149
    .0033617
    .0017952
    .0016800
    .0026232
    .0037610
    .0046123
    .0043424
    .0031285
   -.0004199
   -.0055287
   -.0113016
   -.0160844
   -.0191706
   -.0193668
   -.0163000
   -.0118771
   -.0067592
   -.0017342
    .0012764
    .0020749
    .0020734
    .0033921
    .0059635
    .0080342
    .0099237
    .0109569
    .0112347
    .0090131
    .0050997
    .0005227
   -.0025660
   -.0034184
   -.0030045
   -.0022855
   -.0020475
   -.0031405
   -.0049973
   -.0072785
   -.0107253
   -.0150940
   -.0192898
   -.0228761
   -.0249587
   -.0249493
   -.0241908
   -.0238148
   -.0230559
   -.0224713
   -.0206558
   -.0168718
   -.0108249
   -.0025617
    .0065578
    .0144163
    .0200399
    .0241986
    .0245334
    .0224639
    .0184209
    .0143804
    .0114522
    .0110627
    .0122356
    .0156216
    .0206720
    .0260098
    .0297310
    .0318659
    .0316877
    .0303221
    .0284966
    .0271314
    .0263072
    .0259521
    .0253035
    .0255741
    .0258736
    .0266670
    .0270566
    .0278495
    .0289823
    .0293383
    .0284861
    .0267625
    .0241254
    .0200357
    .0158252
    .0137990
    .0148664
    .0163274
    .0175067
    .0188143
    .0200884
    .0207788
    .0195819
    .0167979
    .0139276
    .0111608
    .0079468
    .0045479
    .0014330
   -.0020796
   -.0045972
   -.0063645
   -.0075867
   -.0089294
   -.0087460
   -.0094451
   -.0116693
   -.0140043
   -.0144374
   -.0151968
   -.0165239
   -.0180093
   -.0210988
   -.0250947
   -.0286314
   -.0316782
   -.0347252
   -.0368978
   -.0365221
   -.0366315
   -.0367370
   -.0361709
   -.0349090
   -.0333483
   -.0313642
   -.0297086
   -.0281431
   -.0261575
   -.0233679
   -.0199803
   -.0167740
   -.0140430
   -.0105379
   -.0068828
   -.0029153
    .0002038
    .0012485
   -.0003421
   -.0029273
   -.0047563
   -.0063589
   -.0071428
   -.0074978
   -.0073300
   -.0065891
   -.0054014
   -.0042155
   -.0028541
   -.0018049
   -.0006554
    .0006264
    .0012603
    .0009450
   -.0009949
   -.0026791
   -.0022448
    .0003183
    .0024584
    .0026708
    .0017072
   -.0001423
   -.0007098
   -.0004934
   -.0000860
    .0004498
    .0016530
    .0034147
    .0064198
    .0110110
    .0158399
    .0188138
    .0206483
    .0224769
    .0230503
    .0221610
    .0220368
    .0219467
    .0202590
    .0179281
    .0167907
    .0147945
    .0136238
    .0139884
    .0145867
    .0146591
    .0155667
    .0173070
    .0177134
    .0179426
    .0185642
    .0184699
    .0166719
    .0146168
    .0129026
    .0113221
    .0103666
    .0090536
    .0077423
    .0062232
    .0044291
    .0029611
    .0022760
    .0027540
    .0033250
    .0047523
    .0067166
    .0076594
    .0074098
    .0072433
    .0069448
    .0064125
    .0059382
    .0065727
    .0076491
    .0082389
    .0087581
    .0086943
    .0081115
    .0077602
    .0077517
    .0076125
    .0073906
    .0064844
    .0055144
    .0045549
    .0033345
    .0019047
   -.0000245
   -.0011730
   -.0022480
   -.0031736
   -.0036230
   -.0033776
   -.0031921
   -.0031415
   -.0028172
   -.0026795
   -.0029292
   -.0032141
   -.0032028
   -.0028481
   -.0025919
   -.0018943
   -.0013841
   -.0007701
    .0002022
    .0009598
    .0012641
    .0017097
    .0019894
    .0026199
    .0030049
    .0032163
    .0032382
    .0031653
    .0031809
    .0032666
    .0032812
    .0035054
    .0035029
    .0036760
    .0037115
    .0038063
    .0038290
    .0039010
    .0038525
    .0038422
    .0037818
    .0038068
    .0036753
    .0036378
    .0035458
    .0035716
    .0034933
    .0035241
    .0034431
    .0034563
    .0033431
    .0033511
    .0032614
    .0033095
    .0032385
    .0032824
    .0031735
    .0031706
    .0030407
    .0030474
    .0029020
    .0029073
    .0027701
    .0027820
    .0026507
    .0026691
    .0025580
    .0026118
    .0024927
    .0025357
    .0024668
    .0025296
    .0024637
    .0025269
    .0024757
    .0025448
    .0025129
    .0025851
    .0025796
    .0026520
    .0026903
    .0027594
    .0028841
    .0028540
    .0032467