    .0041279
    .0040910
    .0041216
    .0041280
    .0041247
    .0041343
    .0041245
    .0041363
    .0041244
    .0041380
    .0041236
    .0041407
    .0041219
    .0041427
    .0041206
    .0041396
    .0041228
    .0041303
    .0041272
    .0041209
    .0041034
    .0041346
    .0041270
    .0041739
    .0040809
    .0039656
    .0040710
    .0041613
    .0041332
    .0041331
    .0041237
    .0041261
    .0041231
    .0041252
    .0041235
    .0041239
    .0041256
    .0041246
    .0041303
    .0041260
    .0041323
    .0041259
    .0041295
    .0041214
    .0041308
    .0041211
    .0041302
    .0041196
    .0041267
    .0041172
    .0041294
    .0041203
    .0041264
    .0041238
    .0041249
    .0041226
    .0041152
    .0041302
    .0041185
    .0041280
    .0041163
    .0041223
    .0041173
    .0041301
    .0041155
    .0041293
    .0041158
    .0041228
    .0041143
    .0041277
    .0041122
    .0041245
    .0041114
    .0041247
    .0041139
    .0041232
    .0041129
    .0041228
    .0041069
    .0041243
    .0041117
    .0041237
    .0041131
    .0041205
    .0041040
    .0041217
    .0040856
    .0041295
    .0041033
    .0041245
    .0040990
    .0041203
    .0041007
    .0041205
    .0040992
    .0041185
    .0040989
    .0041181
    .0041103
    .0041246
    .0041044
    .0041278
    .0041187
    .0041166
    .0041055
    .0041287
    .0041173
    .0041284
    .0041175
    .0041223
    .0041241
    .0041279
    .0041271
    .0041360
    .0041286
    .0041459
    .0041691
    .0041666
    .0042149
    .0041474
    .0041759
    .0041100
    .0041713
    .0041091
    .0041521
    .0041040
    .0041617
    .0041025
    .0041592
    .0041107
    .0041681
    .0040963
    .0041529
    .0040978
    .0041534
    .0040914
    .0041714
    .0040979
    .0041479
    .0041026
    .0041761
    .0041149
    .0041669
    .0040810
    .0037400
    .0041065
    .0041566
    .0041080
    .0041700
    .0040791
    .0040582
    .0040791
    .0040425
    .0040653
    .0040453
    .0040717
    .0040848
    .0040850
    .0040819
    .0040779
    .0040868
    .0040922
    .0041084
    .0040933
    .0041144
    .0041015
    .0041106
    .0041240
    .0041309
    .0041087
    .0039947
    .0041256
    .0041258
    .0041515
    .0041469
    .0041449
    .0040795
    .0039065
    .0039737
    .0040998
    .0041199
    .0041855
    .0041066
    .0041344
    .0040664
    .0040435
    .0040801
    .0040353
    .0040607
    .0040615
    .0040849
    .0040723
    .0040616
    .0040812
    .0040772
    .0040955
    .0040905
    .0041049
    .0040788
    .0040945
    .0040747
    .0040614
    .0040867
    .0040401
    .0040589
    .0040297
    .0040746
    .0040283
    .0040799
    .0040423
    .0040542
    .0040467
    .0040707
    .0040824
    .0040892
    .0040793
    .0040955
    .0041162
    .0040965
    .0041133
    .0041170
    .0041045
    .0040944
    .0041028
    .0041198
    .0041354
    .0041117
    .0041308
    .0041571
    .0041487
    .0041497
    .0038973
    .0041726
    .0041472
    .0041897
    .0041775
    .0041568
    .0040614
    .0038519
    .0039367
    .0041441
    .0041697
    .0042865
    .0041565
    .0041675
    .0040770
    .0039824
    .0040318
    .0039566
    .0040693
    .0039773
    .0040586
    .0039831
    .0040621
    .0039774
    .0040409
    .0040070
    .0040391
    .0040018
    .0040720
    .0040590
    .0040703
    .0040714
    .0040856
    .0040457
    .0040606
    .0040503
    .0040595
    .0040236
    .0040560
    .0040665
    .0040725
    .0040677
    .0040864
    .0040897
    .0040762
    .0040749
    .0040734
    .0041053
    .0041011
    .0041060
    .0041063
    .0041238
    .0040957
    .0041134
    .0041408
    .0041443
    .0041270
    .0041489
    .0041521
    .0041682
    .0041963
    .0041584
    .0041922
    .0041702
    .0042336
    .0041971
    .0042206
    .0040981
    .0038361
    .0041062
    .0043381
    .0041188
    .0039781
    .0040640
    .0039914
    .0040679
    .0040196
    .0040861
    .0028967
    .0041049
    .0040809
    .0041006
    .0040568
    .0040860
    .0040679
    .0040737
    .0040839
    .0041145
    .0040981
    .0041169
    .0040926
    .0040678
    .0040920
    .0041216
    .0041299
    .0041196
    .0041014
    .0041151
    .0041105
    .0041012
    .0041076
    .0041060
    .0040984
    .0041117
    .0041343
    .0041347
    .0041454
    .0041568
    .0041496
    .0041518
    .0041382
    .0041528
    .0041529
    .0041586
    .0041465
    .0041760
    .0041713
    .0041720
    .0041633
    .0041782
    .0041805
    .0042031
    .0041776
    .0042371
    .0041718
    .0042619
    .0042171
    .0043112
    .0042167
    .0042983
    .0042074
    .0041423
    .0040760
    .0039412
    .0040756
    .0039378
    .0040697
    .0039804
    .0040682
    .0040181
    .0041051
    .0040844
    .0041038
    .0040810
    .0040985
    .0040793
    .0040996
    .0041031
    .0041150
    .0041069
    .0041130
    .0040906
    .0041036
    .0041102
    .0041024
    .0041101
    .0041136
    .0041121
    .0041258
    .0041332
    .0041087
    .0041209
    .0041293
    .0041502
    .0041396
    .0041413
    .0041433
    .0041447
    .0041269
    .0041371
    .0041382
    .0041544
    .0041239
    .0041337
    .0041459
    .0041544
    .0041580
    .0041591
    .0041657
    .0041521
    .0041530
    .0041498
    .0041568
    .0041593
    .0041826
    .0041693
    .0042071
    .0041738
    .0042195
    .0041872
    .0042724
    .0041671
    .0041750
    .0041376
    .0040549
    .0041053
    .0040675
    .0041120
    .0041038
    .0041329
    .0041251
    .0041200
    .0041183
    .0041167
    .0041151
    .0041248
    .0041324
    .0041327
    .0041337
    .0041226
    .0041303
    .0041489
    .0041436
    .0041215
    .0041382
    .0037231
    .0041475
    .0041508
    .0041576
    .0041568
    .0041494
    .0041380
    .0041343
    .0041288
    .0041315
    .0041458
    .0041419
    .0041532
    .0041509
    .0041429
    .0041507
    .0041614
    .0041387
    .0041660
    .0041520
    .0041511
    .0041416
    .0041537
    .0041482
    .0041736
    .0041461
    .0041589
    .0041576
    .0041749
    .0041482
    .0042081
    .0041796
    .0042087
    .0041785
    .0042334
    .0030333
    .0042662
    .0041615
    .0042323
    .0041425
    .0040995
    .0040982
    .0040933
    .0041061
    .0041248
    .0041216
    .0041303
    .0041308
    .0041335
    .0041125
    .0041390
    .0041279
    .0041618
    .0041646
    .0041534
    .0041381
    .0041691
    .0041655
    .0041853
    .0042101
    .0042838
    .0043171
    .0043344
    .0043188
    .0043133
    .0042635
    .0042124
    .0041253
    .0041422
    .0041523
    .0041298
    .0042289
    .0045848
    .0049017
    .0054811
    .0062755
    .0070186
    .0076905
    .0076985
    .0072478
    .0057688
    .0029881
    .0002809
   -.0006530
    .0004744
    .0016212
    .0020727
    .0058317
    .0089491
    .0061362
    .0064363
    .0070050
    .0042116
   -.0008141
   -.0068574
   -.0093796
   -.0085397
   -.0072443
   -.0050522
   -.0046390
   -.0016151
    .0038372
    .0085341
    .0108315
    .0105776
    .0039322
   -.0109952
   -.0170188
   -.0153120
   -.0110842
   -.0133212
   -.0092622
   -.0013955
    .0155921
    .0322801
    .0425733
    .0187910
   -.0065743
   -.0220071
   -.0284533
   -.0248986
   -.0157403
   -.0074261
    .0003762
    .0088951
    .0182455
    .0258793
    .0181075
   -.0021678
   -.0147908
   -.0172422
   -.0141860
   -.0034660
    .0149262
    .0142882
    .0031432
    .0039723
    .0258084
    .0323740
    .0356448
    .0415833
    .0322213
    .0144386
    .0052263
   -.0045408
   -.0208001
   -.0350559
   -.0342933
   -.0154507
    .0187246
    .0440375
    .0533134
    .0565736
    .0695270
    .0632246
    .0278346
    .0010288
   -.0100426
   -.0150395
   -.0128506
   -.0116472
   -.0207569
   -.0216239
   -.0094509
   -.0051925
    .0061573
    .0161658
    .0024224
   -.0091232
   -.0118084
   -.0099048
   -.0074833
   -.0126996
   -.0161265
   -.0034760
    .0191345
    .0415775
    .0504528
    .0523831
    .0639359
    .0674517
    .0445671
    .0131857
   -.0092965
   -.0209635
   -.0297025
   -.0356869
   -.0312950
   -.0206792
   -.0047919
    .0174683
    .0351741
    .0472503
    .0502895
    .0405424
    .0271945
    .0311029
    .0294939
    .0087766
    .0107979
    .0144579
    .0144210
    .0255548
    .0290623
    .0193020
    .0183073
    .0176144
    .0095604
    .0191606
    .0273704
    .0115658
    .0056249
    .0097306
    .0011749
   -.0020456
    .0007381
   -.0090897
   -.0130537
   -.0067788
   -.0127518
   -.0189515
   -.0153129
   -.0203976
   -.0290203
   -.0247990
   -.0187273
   -.0183667
   -.0064781
    .0062395
    .0064989
    .0127646
    .0224330
    .0139503
    .0095883
    .0158345
    .0216801
    .0264439
    .0322695
    .0376914
    .0397641
    .0297601
    .0097717
   -.0091830
   -.0235000
   -.0370910
   -.0448394
   -.0452608
   -.0374143
   -.0202420
   -.0018566
    .0156237
    .0234570
    .0279313
    .0365230
    .0369906
    .0172447
   -.0016738
   -.0045319
   -.0099816
   -.0092268
    .0069813
    .0119432
    .0153984
    .0289993
    .0312781
    .0280611
    .0356396
    .0209062
    .0006257
   -.0012631
   -.0104723
   -.0232995
   -.0318347
   -.0374571
   -.0490034
   -.0544289
   -.0546294
   -.0427628
   -.0213320
    .0010185
    .0219583
    .0328875
    .0332273
    .0305508
    .0247926
    .0120930
    .0014062
   -.0081961
   -.0121525
   -.0078990
   -.0005001
    .0070713
    .0101485
    .0099684
    .0113843
    .0145463
    .0088214
    .0030992
    .0043430
    .0092207
    .0161859
    .0231770
    .0279249
    .0274093
    .0285202
    .0335226
    .0239662
    .0078914
   -.0021215
   -.0250451
   -.0443164
   -.0431857
   -.0509647
   -.0552210
   -.0458518
   -.0441671
   -.0398791
   -.0167515
    .0148945
    .0276573
    .0313398
    .0337372
    .0287767
    .0195056
    .0134301
    .0043872
   -.0039462
   -.0104870
   -.0167819
   -.0223595
   -.0227892
   -.0195484
   -.0127375
    .0073040
    .0241177
    .0219781
    .0178150
    .0259170
    .0189752
    .0113953
    .0145540
    .0022604
   -.0100359
   -.0039080
   -.0095522
   -.0178548
   -.0132198
   -.0140661
   -.0206031
   -.0102031
    .0131958
    .0158988
    .0187552
    .0429987
    .0468250
    .0426531
    .0515786
    .0497460
    .0385668
    .0378155
    .0359792
    .0211924
    .0061238
   -.0043252
   -.0196899
   -.0244871
   -.0226407
   -.0266022
   -.0097360
    .0111292
    .0157417
    .0386076
    .0492465
    .0206656
    .0108354
   -.0003973
   -.0155473
   -.0135839
   -.0108490
   -.0161926
   -.0088303
   -.0056750
   -.0225620
   -.0181879
   -.0143339
   -.0310908
   -.0198095
   -.0093548
   -.0124143
   -.0131211
   -.0133621
   -.0166867
   -.0206045
   -.0236661
   -.0244605
   -.0231688
   -.0194406
   -.0119013
   -.0100308
   -.0133837
   -.0084296
    .0045576
    .0089649
    .0087561
   -.0115909
   -.0360628
   -.0335946
   -.0255425
   -.0199268
   -.0093530
    .0045803
    .0071260
    .0135286
    .0226463
    .0169203
   -.0002685
   -.0043858
    .0026944
    .0111081
    .0173219
    .0173258
    .0125768
    .0044880
    .0024547
    .0047258
    .0026901
    .0023908
    .0090501
    .0009503
   -.0127138
   -.0162404
   -.0309390
   -.0463016
   -.0444717
   -.0510598
   -.0490275
   -.0292065
   -.0194039
   -.0095052
    .0204607
    .0464231
    .0344978
    .0413301
    .0590009
    .0426996
    .0144649
   -.0058640
   -.0178543
   -.0140951
   -.0010550
    .0014622
   -.0094903
   -.0157307
   -.0161147
   -.0363531
   -.0566064
   -.0618279
   -.0794084
   -.0913820
   -.0852858
   -.0884684
   -.1049568
   -.1114324
   -.1121774
   -.1085541
   -.1039439
   -.0962029
   -.1025116
   -.1088686
   -.1003821
   -.0988337
   -.1109034
   -.1241422
   -.1371748
   -.1515474
   -.1604437
   -.1635703
   -.1718119
   -.1832338
   -.1850581
   -.1884940
   -.1916637
   -.1946165
   -.1973150
   -.1880830
   -.1546140
   -.1024728
   -.0276771
    .0450054
    .0637136
    .0736997
    .1280451
    .1599944
    .1810232
    .2162815
    .2348707
    .2287239
    .2393436
    .2790776
    .2974567
    .2996654
    .2912067
    .3128873
    .3017937
    .2700948
    .2278940
    .2059963
    .1777987
    .1384268
    .0997440
    .0517254
    .0101320
   -.0045984
   -.0189993
   -.0174869
   -.0112021
    .0182670
    .0562968
    .1161288
    .2117193
    .2458186
    .2534902
    .2631891
    .2825423
    .2688389
    .2196832
    .2136581
    .1894011
    .1875637
    .1754973
    .2413890
    .2668154
    .2832336
    .2906519
    .2696213
    .2384977
    .2038038
    .1330802
    .0797872
    .0306375
    .0177187
    .0090264
    .0056084
    .0295155
    .0159634
    .0054559
   -.0116383
   -.0261285
   -.0453487
   -.0613007
   -.0807509
   -.1107843
   -.1607393
   -.2320035
   -.2674913
   -.3067165
   -.3156914
   -.3171298
   -.3147741
   -.3126662
   -.2858812
   -.2603350
   -.2349238
   -.2278956
   -.2002286
   -.1615652
   -.0943327
   -.0661647
   -.0562414
   -.0801092
   -.0937502
   -.0593539
   -.0324778
   -.0909658
   -.1181401
   -.0523252
   -.0453603
   -.0644246
   -.0906890
   -.0302099
    .0789416
    .1087770
    .1365398
    .1807617
    .2783723
    .3328407
    .3513690
    .3641777
    .3643415
    .3716814
    .3262148
    .2868296
    .2627387
    .2545543
    .2419685
    .2230430
    .1949276
    .1639245
    .1376445
    .1286393
    .0955717
    .0388647
   -.0073694
   -.0278061
   -.0581163
   -.1006954
   -.1401662
   -.1656777
   -.2186707
   -.2779835
   -.3339917
   -.4074348
   -.4387929
   -.4924352
   -.5234329
   -.5448488
   -.5374672
   -.4920064
   -.4322323
   -.3485315
   -.2029686
    .0272377
    .1951829
    .2029174
    .2449993
    .4158123
    .6059994
    .4690521
    .4657013
    .4184794
    .4676814
    .3950710
    .1740164
    .0512418
    .1015731
    .2583541
    .3333892
    .3906944
    .3593012
    .3318730
    .4042882
    .3820522
    .3544396
    .1780596
   -.0173603
   -.1445833
   -.2449890
   -.3536615
   -.4500319
   -.5302660
   -.5449850
   -.4991859
   -.4250900
   -.3828919
   -.3566113
   -.2784440
    .0687245
    .1374895
    .1243762
    .0842818
   -.1941398
   -.2961932
   -.3939341
   -.4180944
   -.4689853
   -.4886789
   -.4222931
   -.3834788
   -.3421475
   -.3060085
   -.1866714
    .0478012
    .1303136
    .1485769
    .2334180
    .2755582
    .2271645
    .1496520
    .1207966
    .1324781
    .0073002
   -.2405316
   -.1973027
   -.0318140
    .0668937
    .0285336
    .0610933
    .2013692
    .4607101
    .4956522
    .3973862
    .3173931
    .3819339
    .3401220
    .1557749
    .1046260
    .1263781
    .1186679
    .0428756
    .0339076
    .0652455
    .0520481
    .0561069
    .0591623
    .0759556
    .0820157
    .1002691
    .1604640
    .1236401
    .0017141
   -.0369993
   -.0267120
   -.0538739
   -.0984690
   -.1261091
   -.1738673
   -.1672927
   -.0801689
   -.0094313
    .0162533
    .0338654
    .0916133
    .0912878
    .0719946
    .0665755
    .0466185
   -.0274722
   -.1010657
   -.1680197
   -.2293928
   -.2072158
   -.1985293
   -.1043145
   -.0574924
   -.0198749
    .0105560
    .0245652
    .0342411
    .0324046
    .0203629
    .0066371
   -.0100442
   -.0424855
   -.0419663
   -.0525241
   -.0652962
   -.0647422
   -.0546386
   -.0578072
   -.0121932
    .0475852
    .1266212
    .1981262
    .2628916
    .3301289
    .3971770
    .4382638
    .3871510
    .3981724
    .3323707
    .2696544
    .1345063
    .1191246
    .0865518
   -.0158733
   -.1486209
   -.1645309
   -.1455239
   -.1686810
   -.1872280
   -.1953408
   -.1904073
   -.1192664
   -.1098695
   -.1139906
   -.1120047
   -.1102000
   -.1393811
   -.1655955
   -.1889607
   -.2240669
   -.2855195
   -.2968463
   -.2871994
   -.2823586
   -.2636394
   -.2230365
   -.1749493
   -.1309813
   -.0972521
    .0041060
    .0327840
    .0558871
    .0518233
    .0548916
    .0639726
    .0870316
    .1032534
    .0956616
    .1097242
    .1369859
    .1586501
    .1754715
    .1631559
    .1609399
    .1646185
    .1510262
    .1308766
    .1147428
    .1032189
    .1052715
    .0982417
    .0768920
    .0591864
    .0353647
    .0286370
    .0266555
    .0141743
   -.0060484
   -.0301708
   -.0464041
   -.0354383
   -.0240643
   -.0227287
   -.0527897
   -.0610964
   -.0198065
    .0234490
   -.0134711
   -.0952438
   -.1211039
   -.0791186
   -.0063660
    .0374333
   -.0379663
   -.1591655
   -.1364501
    .0436412
    .0289391
   -.0593874
   -.0729891
   -.0078276
    .1090588
    .1272561
   -.0206508
   -.0428712
    .1047885
    .1266100
    .1545055
    .0480818
   -.0905602
   -.1034595
    .0356013
    .0618139
   -.1034781
   -.0485519
    .0901712
    .1062252
    .1235909
    .0745299
    .0778833
    .0898472
    .1168204
    .1621253
    .0951269
    .0251538
    .0186166
   -.0049940
   -.0220494
   -.0302688
   -.0225340
   -.0043564
    .0051601
    .0223504
    .0396664
    .0582301
    .0893368
    .0981882
    .0973202
    .0912290
    .0715419
    .0670314
    .0662054
    .0582673
    .0571228
    .0533465
    .0539543
    .0616562
    .0841148
    .1016245
    .1072790
    .1089354
    .1134819
    .1102925
    .1085537
    .0996108
    .0701693
    .0500492
    .0323307
    .0164178
   -.0054065
   -.0369562
   -.0662068
   -.0833607
   -.0915130
   -.1118475
   -.1242676
   -.1251730
   -.1068043
   -.1002557
   -.1032077
   -.0778011
   -.0470310
   -.0273975
   -.0213430
    .0047010
    .0348596
    .0626191
    .0833496
    .0960725
    .1060136
    .1109060
    .1096718
    .1059426
    .0970521
    .0860495
    .0740495
    .0649339
    .0608571
    .0509688
    .0262742
    .0017628
   -.0202473
   -.0302977
   -.0395072
   -.0602075
   -.0827316
   -.0938028
   -.0952193
   -.0975108
   -.1101554
   -.1187360
   -.1199245
   -.1090281
   -.0935626
   -.0604847
   -.0381838
   -.0156985
    .0271084
    .0597374
    .0798956
    .0807882
    .0953474
    .1124493
    .1129624
    .0896010
    .0686185
    .0584742
    .0564189
    .0495642
    .0456354
    .0229631
    .0037029
    .0112352
    .0340441
    .0409226
    .0348705
    .0113842
    .0001543
   -.0044752
   -.0187160
   -.0396685
   -.0546325
   -.0636186
   -.0855830
   -.0993565
   -.1086153
   -.1057704
   -.0591510
   -.0596229
   -.0582421
   -.0566474
   -.0556319
   -.0491179
   -.0505222
   -.0596432
   -.1099363
   -.1213629
   -.1162014
   -.0998529
   -.1015300
   -.0921218
   -.0522651
    .0058893
    .0342635
    .0505297
    .0914645
    .1286587
    .1519758
    .1748686
    .1731381
    .1509611
    .1226284
    .0805848
    .0393552
    .0022293
   -.0114896
   -.0446164
   -.0768653
   -.0597058
   -.0082675
   -.0108516
   -.0350050
   -.0595257
   -.0884332
   -.0886200
   -.1120736
   -.1423015
   -.1733088
   -.1860311
   -.1800152
   -.1632401
   -.1065851
   -.0682550
   -.0506820
   -.0388346
   -.0247130
   -.0220418
   -.0362016
   -.0482554
   -.0606779
   -.0704765
   -.0854759
   -.1027729
   -.1213209
   -.1273061
   -.1244277
   -.1111395
   -.0991845
   -.0951835
   -.0666094
   -.0566892
   -.0371656
   -.0241554
   -.0131660
   -.0104396
   -.0203336
   -.0153904
   -.0235224
   -.0183035
   -.0179709
   -.0060530
    .0192644
    .0276080
    .0436325
    .0689622
    .0834195
    .1023802
    .0850917
    .0851462
    .1161509
    .1176130
    .0889195
    .0769626
    .0627498
    .0596441
    .0612846
    .0640461
    .0694506
    .0763172
    .0915277
    .1088763
    .1194340
    .1337742
    .1396037
    .1446830
    .1432900
    .1363270
    .1230213
    .1142280
    .1090324
    .1003849
    .0867363
    .0762589
    .0776871
    .0737832
    .0616550
    .0652767
    .0646184
    .0534915
    .0391498
    .0250230
    .0135627
   -.0068510
   -.0264582
   -.0499528
   -.0638880
   -.0790753
   -.0905068
   -.1086941
   -.1136710
   -.1140280
   -.1043685
   -.0938829
   -.0772595
   -.0540613
   -.0307064
   -.0095958
    .0141245
    .0293991
    .0444519
    .0554173
    .0670504
    .0711556
    .0667750
    .0605658
    .0613762
    .0551730
    .0304859
    .0249903
    .0208259
    .0204775
    .0297229
    .0557421
    .0650099
    .0662604
    .0652016
    .0580167
    .0548312
    .0547934
    .0495184
    .0353759
    .0161037
   -.0049324
   -.0121374
   -.0190920
   -.0419372
   -.0621502
   -.0650086
   -.0654331
   -.0698651
   -.0775338
   -.0640036
   -.0632462
   -.0662668
   -.0701067
   -.0758636
   -.0820937
   -.0904517
   -.0960938
   -.1056968
   -.1168733
   -.1262597
   -.1353693
   -.1458976
   -.1496560
   -.1534520
   -.1504471
   -.1370972
   -.1187153
   -.1039511
   -.0952332
   -.0755165
   -.0485850
   -.0216099
   -.0049314
    .0100030
    .0300884
    .0453100
    .0514246
    .0487740
    .0463032
    .0422578
    .0368291
    .0188234
    .0091789
    .0035391
    .0006452
    .0006316
    .0067390
    .0053548
    .0075652
    .0126796
    .0233533
    .0266647
    .0275107
    .0253106
    .0269715
    .0252248
    .0171423
    .0114953
    .0094896
    .0041681
   -.0047298
   -.0130958
   -.0195239
   -.0246955
   -.0329574
   -.0436142
   -.0551194
   -.0698658
   -.0810602
   -.0840950
   -.0925669
   -.1020221
   -.1098960
   -.1112449
   -.1112006
   -.1105693
   -.1066650
   -.1010092
   -.0950587
   -.0867976
   -.0782612
   -.0685069
   -.0553245
   -.0452964
   -.0290041
   -.0152639
   -.0022258
    .0056857
    .0128688
    .0224576
    .0258439
    .0267069
    .0247333
    .0266633
    .0253551
    .0188645
    .0153586
    .0175902
    .0212186
    .0221645
    .0280022
    .0339010
    .0376493
    .0395555
    .0377573
    .0296303
    .0189510
    .0107732
    .0006697
   -.0119805
   -.0281745
   -.0404726
   -.0577915
   -.0700424
   -.0723739
   -.0710968
   -.0700478
   -.0624037
   -.0477795
   -.0295837
   -.0134185
    .0011505
    .0192958
    .0377280
    .0504556
    .0575217
    .0621517
    .0701126
    .0768515
    .0845612
    .0851301
    .0770361
    .0712722
    .0653702
    .0587396
    .0445098
    .0326889
    .0222225
    .0161940
    .0030697
   -.0090675
   -.0109415
    .0015405
    .0084893
    .0042706
    .0116436
    .0230385
    .0310286
    .0245695
    .0175314
    .0050439
   -.0005244
   -.0159097
   -.0511710
   -.0556541
   -.0648654
   -.0635675
   -.0569150
   -.0447853
   -.0247498
    .0123549
    .0453585
    .0598850
    .1061974
    .1310376
    .1509207
    .1531563
    .1169592
    .0597819
    .0338776
    .0161322
    .0096651
    .0073227
    .0609042
    .0621114
    .0688576
    .0951601
    .0988404
    .1137756
    .1344159
    .1338359
    .1449346
    .1417581
    .1356843
    .1153735
    .0639536
    .0164311
   -.0194260
   -.0525455
   -.0627177
   -.0726442
   -.0540720
   -.0277260
    .0001322
    .0158351
    .0402591
    .0515187
    .0915008
    .1183908
    .1310137
    .1317969
    .1194533
    .1171348
    .0862782
    .0623729
    .0521952
    .0258737
    .0307600
    .0479168
    .0780001
    .1116719
    .1348319
    .1553456
    .1574605
    .1579351
    .1496663
    .1295760
    .1105069
    .0986486
    .0885226
    .0746987
    .0601947
    .0453110
    .0345153
    .0224804
    .0050041
   -.0108298
   -.0213637
   -.0298165
   -.0395617
   -.0446956
   -.0482240
   -.0550001
   -.0598379
   -.0619236
   -.0611058
   -.0602252
   -.0573741
   -.0507796
   -.0403034
   -.0235250
   -.0088227
   -.0050227
    .0001060
    .0077650
    .0116934
    .0148530
    .0202230
    .0267075
    .0314508
    .0359593
    .0411811
    .0475993
    .0529867
    .0530099
    .0491247
    .0481379
    .0488969
    .0454974
    .0402608
    .0387532
    .0383185
    .0330490
    .0288001
    .0245858
    .0190616
    .0104526
    .0017955
   -.0073814
   -.0172895
   -.0258331
   -.0337279
   -.0427096
   -.0506000
   -.0540455
   -.0560215
   -.0582714
   -.0645116
   -.0724081
   -.0769187
   -.0810457
   -.0828961
   -.0833028
   -.0850064
   -.0880587
   -.0911338
   -.0936479
   -.0956026
   -.0998665
   -.1001897
   -.0953982
   -.0866941
   -.0796256
   -.0677547
   -.0479499
   -.0258061
   -.0076208
    .0113284
    .0281993
    .0431476
    .0552749
    .0603429
    .0660045
    .0706285
    .0743870
    .0727206
    .0686596
    .0658531
    .0635329
    .0601759
    .0547391
    .0486855
    .0451258
    .0451477
    .0462493
    .0488571
    .0519090
    .0531874
    .0548006
    .0553512
    .0522278
    .0506918
    .0500702
    .0520510
    .0573397
    .0639940
    .0663860
    .0651484
    .0682653
    .0710221
    .0742235
    .0775748
    .0819816
    .0861338
    .0896563
    .0912649
    .0931407
    .0954424
    .0945668
    .0869916
    .0757855
    .0632477
    .0490608
    .0338453
    .0222865
    .0146080
    .0115616
    .0090463
    .0039778
   -.0059950
   -.0183115
   -.0288720
   -.0360856
   -.0401168
   -.0410161
   -.0389414
   -.0363532
   -.0316349
   -.0219973
   -.0087013
    .0029314
    .0146926
    .0262008
    .0340059
    .0398053
    .0437693
    .0454552
    .0464987
    .0462665
    .0440445
    .0409411
    .0380081
    .0354085
    .0340860
    .0312162
    .0240434
    .0094919
    .0004567
   -.0065011
   -.0194804
   -.0331647
   -.0444714
   -.0523995
   -.0565283
   -.0564135
   -.0540649
   -.0505480
   -.0459873
   -.0412795
   -.0353812
   -.0292429
   -.0226977
   -.0126180
   -.0014219
    .0090509
    .0150574
    .0189438
    .0201481
    .0172550
    .0110577
    .0020614
   -.0084962
   -.0162143
   -.0247539
   -.0323320
   -.0382107
   -.0434444
   -.0474683
   -.0478160
   -.0454189
   -.0437472
   -.0432321
   -.0414916
   -.0390163
   -.0389051
   -.0420797
   -.0438540
   -.0430924
   -.0420306
   -.0380943
   -.0315738
   -.0240031
   -.0149047
   -.0030538
    .0088159
    .0198370
    .0287894
    .0272139
    .0196667
    .0123542
    .0084489
    .0025128
   -.0044171
   -.0106691
   -.0165131
   -.0213264
   -.0246472
   -.0268184
   -.0268969
   -.0254919
   -.0223589
   -.0189417
   -.0159889
   -.0121590
   -.0058541
    .0022337
    .0091842
    .0116931
    .0098141
    .0058809
    .0021700
   -.0025214
   -.0082785
   -.0135011
   -.0159402
   -.0153513
   -.0127231
   -.0104853
   -.0071700
   -.0028849
   -.0008849
   -.0014404
   -.0015809
   -.0051801
   -.0112831
   -.0182744
   -.0262377
   -.0356054
   -.0434712
   -.0483316
   -.0494317
   -.0486224
   -.0429200
   -.0307889
   -.0160236
   -.0021871
    .0097569
    .0182359
    .0234100
    .0267063
    .0285886
    .0297220
    .0329924
    .0392213
    .0415036
    .0416771
    .0409741
    .0410351
    .0398505
    .0386507
    .0373239
    .0347891
    .0319829
    .0287132
    .0254616
    .0209043
    .0141841
    .0046453
   -.0057277
   -.0134598
   -.0161198
   -.0228665
   -.0294568
   -.0319559
   -.0377513
   -.0423720
   -.0438950
   -.0424842
   -.0418196
   -.0416215
   -.0415182
   -.0408124
   -.0390067
   -.0365612
   -.0333738
   -.0270136
   -.0193245
   -.0107035
   -.0024047
    .0054726
    .0129410
    .0173492
    .0170576
    .0134387
    .0076345
    .0030836
    .0016562
    .0062361
    .0143168
    .0262730
    .0370038
    .0462583
    .0527026
    .0570497
    .0598127
    .0608577
    .0612453
    .0627974
    .0687646
    .0767574
    .0830242
    .0850626
    .0821842
    .0758891
    .0701199
    .0624800
    .0548210
    .0464664
    .0397801
    .0350362
    .0322307
    .0309697
    .0283728
    .0227438
    .0203571
    .0179548
    .0113111
    .0068290
    .0041648
    .0007487
   -.0036845
   -.0063276
   -.0076614
   -.0082873
   -.0078484
   -.0074410
   -.0087559
   -.0109620
   -.0129371
   -.0136986
   -.0128423
   -.0121565
   -.0137644
   -.0164850
   -.0190312
   -.0223951
   -.0251281
   -.0257961
   -.0239990
   -.0197083
   -.0148827
   -.0123277
   -.0086220
   -.0037232
   -.0013919
   -.0017449
    .0012085
    .0060261
    .0090788
    .0122516
    .0144409
    .0164519
    .0176358
    .0168175
    .0145180
    .0109913
    .0069796
    .0037673
    .0040100
    .0070457
    .0115032
    .0174363
    .0247849
    .0326382
    .0379350
    .0390114
    .0368277
    .0312586
    .0219399
    .0116260
    .0024043
   -.0055883
   -.0126346
   -.0175051
   -.0195367
   -.0192219
   -.0136620
   -.0062719
    .0003161
    .0062367
    .0102396
    .0094368
    .0090037
    .0066121
    .0010231
   -.0072337
   -.0187902
   -.0300556
   -.0398458
   -.0480884
   -.0535850
   -.0566980
   -.0578913
   -.0566330
   -.0539699
   -.0511195
   -.0489047
   -.0446985
   -.0385908
   -.0336658
   -.0291820
   -.0218228
   -.0139452
   -.0070391
   -.0015902
    .0013498
    .0010478
   -.0003697
   -.0003372
    .0010449
    .0048590
    .0143115
    .0242920
    .0342722
    .0456540
    .0543671
    .0613152
    .0634624
    .0631668
    .0608623
    .0576745
    .0530854
    .0446759
    .0370994
    .0285970
    .0223548
    .0185172
    .0167228
    .0158101
    .0133097
    .0119748
    .0099789
    .0068102
    .0042053
    .0027308
    .0018388
    .0020544
    .0029922
    .0040890
    .0056998
    .0084008
    .0095229
    .0104855
    .0121797
    .0143343
    .0178340
    .0214168
    .0257028
    .0308327
    .0365911
    .0418714
    .0465526
    .0498674
    .0521855
    .0527668
    .0506065
    .0468930
    .0429383
    .0381599
    .0342313
    .0324107
    .0319514
    .0319550
    .0328293
    .0322893
    .0299224
    .0279630
    .0283155
    .0299102
    .0298142
    .0290171
    .0281023
    .0251027
    .0198075
    .0127400
    .0042204
   -.0055047
   -.0151147
   -.0241133
   -.0324364
   -.0390846
   -.0448737
   -.0487179
   -.0503428
   -.0498163
   -.0480621
   -.0473234
   -.0469372
   -.0470554
   -.0462974
   -.0455564
   -.0451362
   -.0434745
   -.0402284
   -.0360819
   -.0302044
   -.0236277
   -.0154606
   -.0070685
    .0023649
    .0114347
    .0203583
    .0279287
    .0325756
    .0334152
    .0317338
    .0294292
    .0234636
    .0161439
    .0095213
    .0027236
   -.0011536
   -.0023731
   -.0041680
   -.0042208
   -.0030935
    .0006076
    .0029185
    .0056290
    .0082553
    .0109011
    .0132297
    .0156332
    .0172600
    .0161254
    .0125256
    .0095015
    .0081649
    .0069632
    .0069186
    .0069989
    .0057240
    .0015564
   -.0041159
   -.0077211
   -.0097933
   -.0134533
   -.0138670
   -.0106802
   -.0092552
   -.0087000
   -.0072585
   -.0060548
   -.0067852
   -.0083375
   -.0104667
   -.0132014
   -.0154356
   -.0170589
   -.0185493
   -.0200492
   -.0180785
   -.0154363
   -.0139854
   -.0119158
   -.0092603
   -.0045630
   -.0003009
    .0039046
    .0077774
    .0124324
    .0138547
    .0126501
    .0135775
    .0107579
    .0062513
    .0065158
    .0069520
    .0058069
    .0073031
    .0117353
    .0134732
    .0142379
    .0181560
    .0216064
    .0230825
    .0237263
    .0246685
    .0240053
    .0207669
    .0170739
    .0134667
    .0097979
    .0061786
    .0024208
   -.0013048
   -.0036304
   -.0047307
   -.0050314
   -.0029520
    .0007708
    .0034882
    .0061207
    .0077897
    .0083399
    .0083872
    .0071444
    .0068638
    .0084875
    .0124084
    .0151894
    .0159707
    .0160493
    .0147972
    .0124411
    .0098557
    .0066645
    .0042768
    .0028620
    .0034619
    .0053570
    .0075029
    .0096486
    .0095417
    .0080454
    .0063150
    .0050220
    .0026031
    .0005466
    .0000982
    .0035560
    .0065211
    .0095931
    .0141820
    .0190912
    .0226916
    .0251208
    .0265492
    .0276475
    .0278147
    .0272675
    .0262290
    .0245473
    .0226941
    .0196102
    .0151236
    .0089592
    .0035598
   -.0027147
   -.0102938
   -.0170597
   -.0215847
   -.0239914
   -.0241108
   -.0229831
   -.0216967
   -.0185589
   -.0142096
   -.0105985
   -.0058451
   -.0008868
    .0029786
    .0058503
    .0085440
    .0122254
    .0119612
    .0098762
    .0095272
    .0102323
    .0087159
    .0070713
    .0081886
    .0080632
    .0082138
    .0087896
    .0108494
    .0126086
    .0133303
    .0124150
    .0105398
    .0096835
    .0103534
    .0103399
    .0110273
    .0132846
    .0146797
    .0156079
    .0168285
    .0186437
    .0196913
    .0197607
    .0200150
    .0209181
    .0222355
    .0240449
    .0249371
    .0252070
    .0246920
    .0246792
    .0234573
    .0204269
    .0170648
    .0136043
    .0098253
    .0069841
    .0056434
    .0051562
    .0045262
    .0016491
   -.0021328
   -.0062534
   -.0084960
   -.0101713
   -.0111105
   -.0102066
   -.0085756
   -.0063293
   -.0037664
   -.0025753
   -.0021402
   -.0013549
   -.0009442
   -.0030296
   -.0060556
   -.0078591
   -.0100813
   -.0119125
   -.0125753
   -.0135160
   -.0139633
   -.0149349
   -.0153145
   -.0156687
   -.0166324
   -.0179017
   -.0182178
   -.0185771
   -.0186953
   -.0178462
   -.0159443
   -.0134204
   -.0094507
   -.0045377
   -.0003870
    .0025766
    .0048135
    .0057109
    .0062281
    .0068925
    .0071761
    .0065245
    .0054963
    .0048953
    .0048201
    .0033037
    .0027457
    .0026643
    .0023795
    .0020114
    .0017319
    .0011034
   -.0000864
   -.0009056
   -.0013523
   -.0022250
   -.0034486
   -.0045417
   -.0057694
   -.0069055
   -.0075571
   -.0078242
   -.0074366
   -.0064299
   -.0045978
   -.0025382
   -.0009279
    .0002573
    .0015124
    .0024251
    .0033608
    .0044338
    .0054051
    .0071737
    .0097800
    .0115326
    .0118999
    .0099080
    .0086167
    .0068726
    .0028718
   -.0015944
   -.0059619
   -.0100035
   -.0131766
   -.0147037
   -.0146477
   -.0128685
   -.0099334
   -.0055337
   -.0001826
    .0044684
    .0082563
    .0102513
    .0106704
    .0109869
    .0109155
    .0100411
    .0094321
    .0088226
    .0065882
    .0040755
    .0024065
    .0016279
    .0025462
    .0051465
    .0081163
    .0127343
    .0180220
    .0221069
    .0250305
    .0286513
    .0306858
    .0328761
    .0337643
    .0348950
    .0354802
    .0360762
    .0371143
    .0379255
    .0371698
    .0356821
    .0333772
    .0303239
    .0268113
    .0232145
    .0191594
    .0155967
    .0123415
    .0104465
    .0079346
    .0062194
    .0053596
    .0050105
    .0058128
    .0077669
    .0098281
    .0121672
    .0145646
    .0155057
    .0149470
    .0135956
    .0104668
    .0058645
    .0013688
   -.0016621
   -.0025705
   -.0018918
   -.0016131
   -.0021337
   -.0029473
   -.0035918
   -.0049659
   -.0064403
   -.0083735
   -.0107707
   -.0123922
   -.0136097
   -.0143188
   -.0149575
   -.0153365
   -.0169178
   -.0188414
   -.0212559
   -.0240658
   -.0273694
   -.0295445
   -.0310909
   -.0320077
   -.0311315
   -.0288902
   -.0254958
   -.0211921
   -.0161783
   -.0108431
   -.0054673
   -.0001013
    .0052263
    .0097841
    .0131003
    .0149821
    .0153690
    .0144287
    .0130803
    .0123317
    .0124120
    .0138169
    .0161953
    .0188414
    .0219325
    .0251236
    .0278084
    .0294093
    .0299399
    .0298854
    .0300368
    .0302838
    .0309654
    .0318744
    .0332423
    .0338360
    .0340521
    .0332763
    .0301726
    .0248175
    .0195521
    .0148671
    .0093013
    .0030422
   -.0021636
   -.0065940
   -.0100720
   -.0122790
   -.0137164
   -.0147991
   -.0150783
   -.0141108
   -.0121809
   -.0098247
   -.0078643
   -.0072781
   -.0087454
   -.0113785
   -.0137480
   -.0162785
   -.0189659
   -.0213040
   -.0225926
   -.0227227
   -.0229374
   -.0235389
   -.0233963
   -.0224715
   -.0223719
   -.0227940
   -.0230053
   -.0228841
   -.0227497
   -.0222221
   -.0214069
   -.0206779
   -.0200305
   -.0197399
   -.0197995
   -.0195573
   -.0187488
   -.0176172
   -.0156887
   -.0126109
   -.0083297
   -.0037499
    .0008798
    .0051235
    .0082747
    .0108094
    .0128831
    .0140315
    .0140396
    .0134246
    .0115923
    .0091240
    .0063731
    .0038779
    .0014049
   -.0003027
   -.0007679
    .0005194
    .0031651
    .0056934
    .0081190
    .0100611
    .0107418
    .0101216
    .0083013
    .0054685
    .0022812
   -.0003866
   -.0024302
   -.0038180
   -.0044422
   -.0044519
   -.0047502
   -.0056621
   -.0061794
   -.0063725
   -.0059176
   -.0054540
   -.0050827
   -.0044944
   -.0035440
   -.0026321
   -.0015144
   -.0000946
    .0008226
    .0018270
    .0028726
    .0039996
    .0053777
    .0072018
    .0093985
    .0113875
    .0131308
    .0143302
    .0146893
    .0140015
    .0130031
    .0116956
    .0098588
    .0080673
    .0062968
    .0036454
    .0007115
   -.0020064
   -.0045580
   -.0065497
   -.0078687
   -.0083529
   -.0078093
   -.0062466
   -.0044051
   -.0029158
   -.0023271
   -.0030270
   -.0042618
   -.0059415
   -.0080673
   -.0108408
   -.0137479
   -.0157671
   -.0164180
   -.0158144
   -.0136493
   -.0105323
   -.0071552
   -.0032100
    .0017056
    .0075319
    .0139432
    .0203924
    .0265971
    .0306367
    .0326704
    .0331313
    .0330409
    .0322947
    .0307097
    .0286244
    .0269405
    .0258242
    .0249929
    .0248792
    .0254447
    .0263617
    .0273150
    .0275901
    .0274827
    .0272308
    .0275312
    .0269738
    .0256659
    .0232127
    .0211119
    .0189772
    .0169473
    .0152824
    .0138859
    .0132874
    .0133018
    .0137791
    .0150553
    .0169266
    .0189103
    .0212278
    .0238110
    .0259590
    .0270955
    .0276133
    .0270406
    .0259578
    .0254125
    .0258669
    .0254251
    .0252792
    .0258457
    .0260911
    .0253847
    .0245997
    .0239760
    .0237391
    .0235564
    .0231962
    .0225524
    .0218489
    .0211342
    .0201841
    .0189298
    .0174366
    .0157030
    .0136169
    .0112294
    .0091095
    .0079480
    .0066729
    .0052624
    .0041753
    .0035347
    .0025640
    .0012919
    .0005670
    .0000798
   -.0002512
   -.0000194
    .0007371
    .0012263
    .0019737
    .0034762
    .0048795
    .0057641
    .0072866
    .0089462
    .0083290
    .0078047
    .0070062
    .0056707
    .0037680
    .0024254
    .0010217
   -.0002316
   -.0007648
   -.0007899
   -.0005995
   -.0003765
   -.0006190
   -.0010090
   -.0009052
   -.0008279
   -.0009503
   -.0011568
   -.0019562
   -.0035943
   -.0060100
   -.0093586
   -.0129603
   -.0170738
   -.0217394
   -.0260671
   -.0297413
   -.0324522
   -.0335337
   -.0326806
   -.0308950
   -.0287862
   -.0273821
   -.0265151
   -.0251924
   -.0233972
   -.0223762
   -.0212633
   -.0188442
   -.0155381
   -.0129976
   -.0109623
   -.0090966
   -.0078118
   -.0067386
   -.0061272
   -.0075885
   -.0098004
   -.0108996
   -.0118413
   -.0132468
   -.0136243
   -.0124548
   -.0105991
   -.0080589
   -.0052867
   -.0032494
   -.0020726
   -.0012956
   -.0012029
   -.0029303
   -.0060573
   -.0082337
   -.0104595
   -.0140679
   -.0164967
   -.0174095
   -.0185371
   -.0186830
   -.0167725
   -.0141031
   -.0113346
   -.0079057
   -.0032426
    .0000089
    .0032900
    .0067113
    .0089721
    .0097140
    .0105872
    .0110173
    .0108968
    .0103074
    .0096266
    .0086992
    .0080330
    .0076976
    .0075281
    .0073979
    .0076311
    .0083203
    .0084473
    .0077696
    .0075378
    .0082962
    .0083874
    .0081019
    .0076157
    .0067292
    .0052168
    .0034480
    .0015412
    .0000320
    .0001524
    .0005449
    .0010740
    .0029015
    .0048623
    .0068387
    .0097638
    .0129656
    .0156283
    .0179371
    .0199536
    .0214450
    .0223545
    .0224031
    .0212784
    .0195608
    .0176300
    .0160063
    .0136950
    .0108588
    .0085787
    .0066611
    .0047065
    .0027321
    .0007703
   -.0005917
   -.0011784
   -.0020441
   -.0031656
   -.0036796
   -.0034912
   -.0044769
   -.0054843
   -.0055339
   -.0051017
   -.0051319
   -.0047594
   -.0035000
   -.0022955
   -.0007822
    .0008648
    .0025922
    .0047755
    .0073508
    .0098304
    .0118301
    .0131678
    .0134661
    .0124632
    .0110205
    .0101078
    .0099621
    .0098118
    .0093531
    .0094847
    .0102260
    .0102237
    .0100561
    .0104563
    .0107974
    .0109100
    .0107177
    .0104372
    .0096864
    .0087705
    .0076626
    .0060708
    .0039942
    .0018020
   -.0000997
   -.0013750
   -.0019677
   -.0020934
   -.0023083
   -.0022350
   -.0016520
   -.0017445
   -.0022710
   -.0026273
   -.0026070
   -.0029079
   -.0039539
   -.0044042
   -.0032932
   -.0023426
   -.0014334
    .0006039
    .0024942
    .0038717
    .0059129
    .0069404
    .0069248
    .0070150
    .0064152
    .0054834
    .0054064
    .0061709
    .0062176
    .0061678
    .0063686
    .0064801
    .0064982
    .0064647
    .0064083
    .0069786
    .0078954
    .0088087
    .0098379
    .0108533
    .0117349
    .0123537
    .0121708
    .0114190
    .0107111
    .0105318
    .0114286
    .0131370
    .0154965
    .0183558
    .0205603
    .0211382
    .0205950
    .0196087
    .0183475
    .0170458
    .0156570
    .0143917
    .0147494
    .0164521
    .0163846
    .0153336
    .0142974
    .0133451
    .0115297
    .0096843
    .0078418
    .0067583
    .0055470
    .0041026
    .0029115
    .0027445
    .0027975
    .0031767
    .0032663
    .0031970
    .0033226
    .0035130
    .0039730
    .0048337
    .0057382
    .0066869
    .0074510
    .0074737
    .0068379
    .0059550
    .0039997
    .0011207
   -.0018616
   -.0044852
   -.0061540
   -.0068620
   -.0071300
   -.0068360
   -.0058420
   -.0044586
   -.0031018
   -.0019446
   -.0014496
   -.0019405
   -.0029555
   -.0041333
   -.0049850
   -.0054164
   -.0055216
   -.0054006
   -.0052184
   -.0051544
   -.0055195
   -.0060381
   -.0060785
   -.0055019
   -.0046013
   -.0033876
   -.0021675
   -.0009091
   -.0000656
   -.0003367
   -.0006704
    .0000294
    .0005657
    .0003260
    .0009144
    .0017787
    .0019180
    .0016480
    .0012482
    .0000356
   -.0010623
   -.0015450
   -.0015142
   -.0017639
   -.0017901
   -.0009803
    .0004517
    .0022149
    .0041841
    .0060638
    .0077499
    .0090955
    .0099718
    .0104146
    .0107474
    .0111169
    .0108081
    .0100985
    .0096070
    .0088344
    .0077068
    .0069071
    .0061034
    .0052055
    .0042706
    .0033146
    .0023269
    .0012385
    .0005131
    .0007892
    .0009044
    .0006160
    .0009241
    .0014086
    .0018111
    .0023127
    .0032690
    .0049101
    .0067923
    .0090657
    .0115534
    .0142208
    .0164274
    .0187226
    .0207656
    .0224195
    .0237212
    .0246719
    .0256214
    .0263269
    .0264017
    .0258291
    .0247212
    .0233060
    .0215985
    .0201929
    .0192792
    .0185971
    .0184671
    .0186178
    .0185336
    .0179721
    .0168016
    .0148521
    .0129361
    .0109262
    .0091682
    .0078836
    .0060191
    .0049249
    .0051044
    .0050316
    .0043142
    .0042770
    .0041583
    .0040348
    .0041249
    .0041599
    .0038202
    .0032923
    .0026906
    .0019055
    .0005652
   -.0006883
   -.0015800
   -.0019910
   -.0020271
   -.0013509
   -.0003089
    .0008557
    .0020852
    .0031016
    .0036155
    .0035177
    .0035569
    .0032754
    .0022954
    .0013658
    .0005445
   -.0000793
   -.0004301
   -.0002219
    .0003280
    .0010279
    .0018073
    .0028939
    .0039411
    .0049960
    .0061569
    .0072687
    .0079819
    .0082632
    .0075926
    .0056750
    .0030509
    .0004342
   -.0021075
   -.0041773
   -.0057067
   -.0067801
   -.0077817
   -.0087495
   -.0103508
   -.0122396
   -.0140466
   -.0148714
   -.0156292
   -.0164588
   -.0167943
   -.0168464
   -.0166491
   -.0164257
   -.0163831
   -.0165019
   -.0168520
   -.0168386
   -.0154231
   -.0142932
   -.0130176
   -.0115262
   -.0098974
   -.0088900
   -.0082589
   -.0080164
   -.0080938
   -.0082066
   -.0083260
   -.0084344
   -.0085166
   -.0083699
   -.0080731
   -.0077986
   -.0077848
   -.0080375
   -.0087233
   -.0098258
   -.0115735
   -.0135857
   -.0155163
   -.0165251
   -.0168107
   -.0167668
   -.0161672
   -.0153069
   -.0142520
   -.0130767
   -.0118435
   -.0103263
   -.0087225
   -.0071090
   -.0056259
   -.0045623
   -.0040999
   -.0041241
   -.0039780
   -.0038111
   -.0038204
   -.0039031
   -.0037703
   -.0034334
   -.0030502
   -.0025203
   -.0017944
   -.0009344
    .0004686
    .0019327
    .0030029
    .0041198
    .0055189
    .0069068
    .0082790
    .0096569
    .0112434
    .0128814
    .0145834
    .0163166
    .0180206
    .0196865
    .0211602
    .0224196
    .0240090
    .0258946
    .0274349
    .0284380
    .0292962
    .0298040
    .0295783
    .0290375
    .0285024
    .0276023
    .0265672
    .0256186
    .0250448
    .0243106
    .0235353
    .0232172
    .0234085
    .0234889
    .0235713
    .0246878
    .0256037
    .0261533
    .0275210
    .0286268
    .0290419
    .0293082
    .0292073
    .0286833
    .0281321
    .0275126
    .0267595
    .0261120
    .0255588
    .0251448
    .0250742
    .0256176
    .0264312
    .0273848
    .0279480
    .0277335
    .0267048
    .0250227
    .0223381
    .0196122
    .0169254
    .0141679
    .0113157
    .0097002
    .0083325
    .0061791
    .0042828
    .0024686
    .0010021
   -.0002732
   -.0012208
   -.0021849
   -.0032919
   -.0044304
   -.0056831
   -.0069299
   -.0078026
   -.0086623
   -.0093225
   -.0094383
   -.0089483
   -.0083804
   -.0080571
   -.0082948
   -.0087652
   -.0094051
   -.0094840
   -.0094083
   -.0090255
   -.0081948
   -.0070503
   -.0059465
   -.0044016
   -.0029786
   -.0015899
   -.0000757
    .0016103
    .0038332
    .0060520
    .0080355
    .0099693
    .0117850
    .0131873
    .0145321
    .0154626
    .0158504
    .0160223
    .0160822
    .0161468
    .0163907
    .0168866
    .0173286
    .0176279
    .0174716
    .0164606
    .0145728
    .0121920
    .0092080
    .0059654
    .0031855
    .0004107
   -.0016863
   -.0032358
   -.0046609
   -.0058933
   -.0072466
   -.0083390
   -.0083851
   -.0078654
   -.0071000
   -.0058833
   -.0044490
   -.0030225
   -.0015101
   -.0001904
    .0008722
    .0014742
    .0014984
    .0009294
    .0002507
   -.0003817
   -.0011873
   -.0022164
   -.0029975
   -.0039426
   -.0051699
   -.0065730
   -.0080025
   -.0094804
   -.0107911
   -.0117620
   -.0124315
   -.0127103
   -.0124335
   -.0118657
   -.0113491
   -.0106826
   -.0097111
   -.0088021
   -.0079719
   -.0069024
   -.0059315
   -.0050475
   -.0042461
   -.0037811
   -.0036153
   -.0037401
   -.0045544
   -.0059630
   -.0074125
   -.0088714
   -.0101003
   -.0106641
   -.0107621
   -.0103861
   -.0095353
   -.0087566
   -.0076424
   -.0058420
   -.0035972
   -.0010711
    .0017318
    .0042797
    .0063122
    .0083425
    .0092055
    .0099415
    .0114238
    .0126989
    .0137284
    .0145568
    .0150710
    .0155092
    .0160323
    .0163680
    .0160709
    .0154146
    .0150428
    .0143864
    .0136261
    .0132380
    .0132072
    .0124247
    .0118329
    .0119728
    .0118852
    .0113616
    .0112105
    .0111996
    .0110359
    .0109063
    .0112446
    .0118360
    .0120973
    .0117852
    .0119489
    .0124381
    .0130824
    .0130482
    .0127106
    .0131104
    .0138245
    .0140727
    .0141713
    .0145923
    .0145620
    .0136021
    .0127307
    .0124250
    .0113614
    .0098129
    .0089126
    .0074548
    .0061140
    .0057002
    .0047907
    .0033986
    .0026455
    .0021817
    .0016721
    .0016516
    .0023519
    .0024258
    .0023260
    .0035986
    .0046226
    .0050487
    .0056847
    .0067142
    .0073020
    .0077434
    .0086589
    .0092173
    .0091745
    .0093966
    .0094597
    .0093193
    .0096575
    .0102566
    .0108477
    .0111813
    .0113115
    .0114019
    .0114641
    .0110442
    .0102467
    .0093586
    .0082039
    .0068902
    .0061477
    .0053671
    .0042741
    .0033861
    .0028294
    .0021508
    .0017701
    .0016834
    .0014546
    .0014359
    .0017893
    .0024634
    .0039071
    .0046611
    .0052138
    .0061369
    .0066156
    .0060038
    .0049725
    .0038939
    .0027640
    .0018653
    .0009496
   -.0002360
   -.0013388
   -.0021021
   -.0022098
   -.0020363
   -.0023261
   -.0026306
   -.0022479
   -.0019830
   -.0020643
   -.0019782
   -.0021914
   -.0035742
   -.0037260
   -.0045405
   -.0062316
   -.0059032
   -.0049248
   -.0055165
   -.0055884
   -.0046541
   -.0030985
   -.0014568
    .0003362
    .0017382
    .0027555
    .0042283
    .0053375
    .0054782
    .0062047
    .0055637
    .0039521
    .0037405
    .0027545
    .0010025
    .0001793
   -.0009591
   -.0019487
   -.0015940
   -.0015788
   -.0016446
   -.0008480
   -.0002488
   -.0001249
    .0007260
    .0009003
    .0004714
    .0002595
    .0003661
   -.0002401
   -.0008874
   -.0010033
   -.0008838
   -.0010423
   -.0013318
   -.0003396
   -.0000422
   -.0004193
   -.0001148
   -.0003928
   -.0008395
   -.0003630
   -.0004371
   -.0010693
   -.0008956
   -.0009539
   -.0008169
    .0000568
    .0011428
    .0019752
    .0027435
    .0042067
    .0058240
    .0074880
    .0089532
    .0102394
    .0113057
    .0124868
    .0129875
    .0127772
    .0120048
    .0111965
    .0101741
    .0087121
    .0073623
    .0062823
    .0056681
    .0048298
    .0036718
    .0026398
    .0023622
    .0021207
    .0014586
    .0012904
    .0022818
    .0030095
    .0027298
    .0025957
    .0030082
    .0023872
    .0013458
    .0007497
   -.0002015
   -.0008338
   -.0007022
    .0003202
    .0014871
    .0027843
    .0042887
    .0057624
    .0069761
    .0075016
    .0078115
    .0081459
    .0086740
    .0092721
    .0092655
    .0093659
    .0094881
    .0094725
    .0097882
    .0100539
    .0106732
    .0109487
    .0120908
    .0135124
    .0145350
    .0156990
    .0167968
    .0175170
    .0179489
    .0179892
    .0174399
    .0164791
    .0156502
    .0146005
    .0129513
    .0109040
    .0090859
    .0075583
    .0068643
    .0070795
    .0073104
    .0073145
    .0073079
    .0073297
    .0075450
    .0079987
    .0081793
    .0077014
    .0082077
    .0090622
    .0090622
    .0095097
    .0103243
    .0105469
    .0113093
    .0123303
    .0128037
    .0128936
    .0134941
    .0137663
    .0138322
    .0139891
    .0126954
    .0113308
    .0102887
    .0081447
    .0061395
    .0042371
    .0027936
    .0011848
   -.0000751
   -.0014540
   -.0025636
   -.0032864
   -.0034915
   -.0031166
   -.0030122
   -.0028928
   -.0020706
   -.0018006
   -.0021604
   -.0020887
   -.0021865
   -.0025222
   -.0027062
   -.0027177
   -.0033775
   -.0039517
   -.0038382
   -.0036746
   -.0036439
   -.0032907
   -.0024916
   -.0016440
   -.0008972
    .0000052
    .0012831
    .0027926
    .0042185
    .0055041
    .0065227
    .0067795
    .0064566
    .0063252
    .0064449
    .0061777
    .0045621
    .0029800
    .0023126
    .0015623
    .0001609
   -.0002968
   -.0003649
   -.0005571
   -.0007030
   -.0006974
   -.0003355
    .0004274
    .0012926
    .0018025
    .0024837
    .0034687
    .0031779
    .0030158
    .0035331
    .0033650
    .0030452
    .0034027
    .0033619
    .0028321
    .0023983
    .0021172
    .0013019
   -.0000204
   -.0010132
   -.0012757
   -.0020882
   -.0027494
   -.0027412
   -.0031261
   -.0039120
   -.0042810
   -.0042674
   -.0040606
   -.0040550
   -.0036107
   -.0024815
   -.0012574
   -.0001843
    .0009287
    .0019258
    .0025566
    .0030466
    .0033257
    .0030404
    .0022025
    .0020543
    .0022125
    .0014465
    .0014114
    .0024916
    .0036996
    .0044109
    .0045466
    .0041467
    .0037269
    .0026800
    .0009031
   -.0012523
   -.0037434
   -.0064719
   -.0087328
   -.0097674
   -.0090902
   -.0074803
   -.0056575
   -.0036771
   -.0016803
    .0002248
    .0016438
    .0027366
    .0037521
    .0049643
    .0052213
    .0047990
    .0061109
    .0072536
    .0074937
    .0085864
    .0103511
    .0113657
    .0128974
    .0144313
    .0153688
    .0154737
    .0148136
    .0138842
    .0116711
    .0095771
    .0086094
    .0076971
    .0069282
    .0081774
    .0095145
    .0103349
    .0121067
    .0145048
    .0154857
    .0169793
    .0189144
    .0196300
    .0202041
    .0213639
    .0214794
    .0210418
    .0215206
    .0214093
    .0206134
    .0203589
    .0201427
    .0189479
    .0175857
    .0168668
    .0166847
    .0165081
    .0162340
    .0157290
    .0149003
    .0138603
    .0125597
    .0113474
    .0101232
    .0085116
    .0066051
    .0046618
    .0018923
   -.0012068
   -.0033809
   -.0044998
   -.0051928
   -.0048224
   -.0037845
   -.0025502
   -.0013972
   -.0010371
   -.0018512
   -.0030292
   -.0038511
   -.0048300
   -.0052875
   -.0041500
   -.0030837
   -.0024756
   -.0016061
   -.0000231
    .0014826
    .0023799
    .0033948
    .0041765
    .0033113
    .0021765
    .0012047
   -.0003123
   -.0020909
   -.0034732
   -.0039824
   -.0036634
   -.0032840
   -.0028756
   -.0021989
   -.0014697
   -.0008183
   -.0004728
   -.0004816
   -.0006457
   -.0008832
   -.0008919
   -.0006580
   -.0008940
   -.0019491
   -.0029293
   -.0040430
   -.0052371
   -.0061985
   -.0061989
   -.0055192
   -.0043779
   -.0029662
   -.0012515
    .0008942
    .0027091
    .0046804
    .0062208
    .0067545
    .0064118
    .0056356
    .0048076
    .0044953
    .0049086
    .0058002
    .0068401
    .0075209
    .0076049
    .0072212
    .0065732
    .0057440
    .0049251
    .0044018
    .0045349
    .0054518
    .0065019
    .0076493
    .0089183
    .0092585
    .0088614
    .0086101
    .0082504
    .0079229
    .0076620
    .0074020
    .0068933
    .0074866
    .0093706
    .0111586
    .0125756
    .0134451
    .0130795
    .0121417
    .0111555
    .0092884
    .0067770
    .0048560
    .0036175
    .0034849
    .0047016
    .0066064
    .0085844
    .0101155
    .0112467
    .0118373
    .0114745
    .0104098
    .0090753
    .0080775
    .0077477
    .0078371
    .0080061
    .0081597
    .0083617
    .0084935
    .0085672
    .0085966
    .0085499
    .0084667
    .0084525
    .0085257
    .0088075
    .0093954
    .0096274
    .0092619
    .0087051
    .0081371
    .0076660
    .0073800
    .0076604
    .0081060
    .0086113
    .0089586
    .0090722
    .0088584
    .0081634
    .0069082
    .0053285
    .0036281
    .0021170
    .0012715
    .0004455
   -.0005268
   -.0008759
   -.0007925
   -.0005724
   -.0001622
    .0003385
    .0009985
    .0014578
    .0013203
    .0008904
    .0005195
    .0000866
   -.0003459
   -.0008044
   -.0013306
   -.0021058
   -.0033550
   -.0052431
   -.0072431
   -.0085779
   -.0094633
   -.0107203
   -.0117704
   -.0122421
   -.0127679
   -.0136571
   -.0144113
   -.0150111
   -.0150414
   -.0144759
   -.0139556
   -.0133364
   -.0122068
   -.0111283
   -.0101134
   -.0089741
   -.0078916
   -.0071181
   -.0065177
   -.0059651
   -.0053637
   -.0046153
   -.0040196
   -.0036961
   -.0034343
   -.0029917
   -.0028737
   -.0027525
   -.0019898
   -.0010260
   -.0004541
    .0000951
    .0009399
    .0017128
    .0022649
    .0025781
    .0022591
    .0020308
    .0025705
    .0031472
    .0035667
    .0045442
    .0053892
    .0060788
    .0068937
    .0075754
    .0079590
    .0078397
    .0075381
    .0075686
    .0077444
    .0078187
    .0081557
    .0087499
    .0092136
    .0098302
    .0105432
    .0109886
    .0113577
    .0117195
    .0119552
    .0120402
    .0122140
    .0121710
    .0118973
    .0118210
    .0120199
    .0122667
    .0126232
    .0131680
    .0135729
    .0137973
    .0136901
    .0132796
    .0126114
    .0123431
    .0118827
    .0116309
    .0118734
    .0123176
    .0124347
    .0126594
    .0127953
    .0124465
    .0120060
    .0117971
    .0118365
    .0121402
    .0124424
    .0130989
    .0141777
    .0146274
    .0146192
    .0145259
    .0142309
    .0136933
    .0129659
    .0121280
    .0110785
    .0101198
    .0094753
    .0091423
    .0089134
    .0086532
    .0083709
    .0080788
    .0082294
    .0081645
    .0080334
    .0084320
    .0086193
    .0083580
    .0083895
    .0081942
    .0074417
    .0065760
    .0060030
    .0053813
    .0046577
    .0044624
    .0038421
    .0035128
    .0037898
    .0035790
    .0032851
    .0037352
    .0038063
    .0037338
    .0043364
    .0045750
    .0043227
    .0042563
    .0041829
    .0035292
    .0028572
    .0022510
    .0011705
    .0001346
   -.0005081
   -.0011272
   -.0016989
   -.0023555
   -.0029115
   -.0038388
   -.0047052
   -.0055039
   -.0063366
   -.0070373
   -.0077052
   -.0085198
   -.0091513
   -.0095372
   -.0094531
   -.0096691
   -.0082954
   -.0058103
   -.0043037
   -.0027613
   -.0017351
   -.0010955
   -.0004857
   -.0000132
    .0000389
    .0006395
    .0008726
    .0007659
    .0008176
    .0008683
    .0003123
   -.0006703
   -.0014310
   -.0025746
   -.0040435
   -.0052703
   -.0061210
   -.0068006
   -.0071617
   -.0070446
   -.0066626
   -.0062074
   -.0056993
   -.0050954
   -.0045616
   -.0041035
   -.0032997
   -.0021193
   -.0010871
    .0000912
    .0016834
    .0033094
    .0048930
    .0060397
    .0067609
    .0077804
    .0083743
    .0086959
    .0094849
    .0100922
    .0105080
    .0107492
    .0108916
    .0108380
    .0108501
    .0110608
    .0110331
    .0106567
    .0109325
    .0111517
    .0107166
    .0101884
    .0100034
    .0094608
    .0088393
    .0088333
    .0092648
    .0093658
    .0099694
    .0107069
    .0108344
    .0107740
    .0109722
    .0106604
    .0102218
    .0104200
    .0103006
    .0101598
    .0101061
    .0102499
    .0103204
    .0103124
    .0100546
    .0096627
    .0092678
    .0092166
    .0092306
    .0088689
    .0084011
    .0077042
    .0067561
    .0060104
    .0056019
    .0051197
    .0041256
    .0023920
    .0011619
    .0004833
   -.0009709
   -.0024184
   -.0017257
   -.0012730
   -.0014220
   -.0003814
    .0013648
    .0010122
    .0009592
    .0018018
    .0028982
    .0026566
    .0033456
    .0055845
    .0058499
    .0062070
    .0083833
    .0086644
    .0076586
    .0076018
    .0076012
    .0066202
    .0060964
    .0056537
    .0046147
    .0049238
    .0045011
    .0032825
    .0034552
    .0032940
    .0026647
    .0030763
    .0037922
    .0035820
    .0036678
    .0039204
    .0026161
    .0008745
    .0011570
    .0014525
    .0011428
    .0018810
    .0035049
    .0038681
    .0035875
    .0041961
    .0033669
    .0021889
    .0021804
    .0010609
    .0009220
    .0028957
    .0032419
    .0040115
    .0065540
    .0074570
    .0085061
    .0104641
    .0097694
    .0094315
    .0117854
    .0125542
    .0121670
    .0144353
    .0147968
    .0126233
    .0109877
    .0097670
    .0067965
    .0035968
    .0022566
    .0006820
   -.0014333
   -.0004053
   -.0004204
   -.0012183
   -.0005824
    .0007275
    .0008698
    .0010419
    .0017928
    .0023099
    .0022652
    .0019587
    .0020254
    .0020430
    .0019515
    .0016214
    .0014557
    .0010021
    .0012315
    .0011969
    .0008940
    .0001439
   -.0010093
   -.0014895
   -.0015257
   -.0029806
   -.0032854
   -.0031491
   -.0041091
   -.0050903
   -.0049126
   -.0049516
   -.0060594
   -.0057468
   -.0058692
   -.0057655
   -.0037734
   -.0020102
   -.0006980
    .0011122
    .0028780
    .0042508
    .0050587
    .0052731
    .0050373
    .0043174
    .0034946
    .0023632
    .0015415
    .0011730
   -.0002015
   -.0017457
   -.0018486
   -.0016467
   -.0019720
   -.0019175
   -.0013375
   -.0006236
   -.0001962
   -.0000433
    .0000848
    .0009385
    .0013775
    .0011061
    .0017967
    .0036191
    .0028691
    .0021542
    .0023412
    .0014808
    .0005721
    .0010970
    .0011429
    .0006415
    .0013010
    .0029581
    .0038999
    .0043594
    .0058597
    .0065023
    .0061796
    .0062209
    .0069490
    .0064724
    .0056535
    .0053333
    .0052644
    .0052700
    .0053169
    .0050769
    .0047160
    .0047993
    .0050638
    .0049144
    .0048558
    .0050693
    .0057387
    .0062635
    .0063364
    .0061800
    .0055618
    .0043473
    .0028248
    .0029848
    .0044672
    .0046841
    .0035390
    .0050413
    .0072422
    .0080457
    .0075803
    .0074239
    .0091966
    .0091174
    .0085129
    .0108054
    .0106815
    .0083545
    .0075348
    .0082595
    .0074524
    .0065001
    .0061807
    .0061173
    .0059381
    .0056727
    .0059207
    .0067017
    .0064203
    .0059858
    .0084238
    .0101293
    .0098981
    .0103418
    .0110543
    .0097920
    .0084460
    .0080356
    .0074430
    .0066679
    .0057671
    .0051039
    .0060606
    .0062471
    .0059121
    .0070432
    .0079939
    .0065700
    .0053501
    .0052488
    .0038941
    .0024182
    .0022604
    .0020401
    .0019296
    .0024411
    .0038240
    .0059548
    .0083014
    .0100617
    .0108066
    .0110414
    .0106207
    .0091969
    .0072180
    .0049960
    .0018972
   -.0017878
   -.0053511
   -.0081548
   -.0096012
   -.0096687
   -.0090963
   -.0077200
   -.0060688
   -.0041810
   -.0023796
   -.0005216
    .0014108
    .0056552
    .0111949
    .0173232
    .0215759
    .0247594
    .0261910
    .0264677
    .0258562
    .0227966
    .0185279
    .0137420
    .0087865
    .0036201
   -.0017467
   -.0074213
   -.0119972
   -.0146846
   -.0164497
   -.0171194
   -.0160710
   -.0146624
   -.0122262
   -.0091622
   -.0066434
   -.0046350
   -.0034631
   -.0035326
   -.0041240
   -.0047438
   -.0052114
   -.0048485
   -.0027640
   -.0001460
    .0010962
    .0008857
    .0011302
    .0011712
    .0005689
   -.0006592
   -.0014724
   -.0024218
   -.0029114
   -.0022223
   -.0007954
    .0005149
    .0015056
    .0012682
   -.0003758
   -.0014606
   -.0022206
   -.0035133
   -.0050652
   -.0055864
   -.0049799
   -.0041139
   -.0030369
   -.0014545
    .0000906
    .0015286
    .0031069
    .0050529
    .0069068
    .0083965
    .0090600
    .0091820
    .0077769
    .0053757
    .0029659
    .0002272
   -.0014397
   -.0019613
   -.0017399
   -.0010554
   -.0005696
   -.0007454
   -.0010532
   -.0011075
   -.0008852
    .0003124
    .0020894
    .0032487
    .0045067
    .0060036
    .0059663
    .0059491
    .0071961
    .0076832
    .0074743
    .0069869
    .0063373
    .0060329
    .0058404
    .0057828
    .0061255
    .0064300
    .0069738
    .0078261
    .0081515
    .0075661
    .0068078
    .0066848
    .0068571
    .0077305
    .0096218
    .0114692
    .0128067
    .0134711
    .0128534
    .0109400
    .0085764
    .0055678
    .0026275
    .0004449
   -.0007849
   -.0006196
    .0007821
    .0027091
    .0047572
    .0062853
    .0072314
    .0075868
    .0079052
    .0077478
    .0079644
    .0091716
    .0111378
    .0119477
    .0127075
    .0139726
    .0148207
    .0150769
    .0145179
    .0130686
    .0111327
    .0092204
    .0076435
    .0066127
    .0066868
    .0074790
    .0083996
    .0096350
    .0103506
    .0103923
    .0099888
    .0099079
    .0093673
    .0076521
    .0067745
    .0068948
    .0064871
    .0068952
    .0085523
    .0100618
    .0111175
    .0128319
    .0147192
    .0151702
    .0157586
    .0163983
    .0161177
    .0141663
    .0114561
    .0087766
    .0061825
    .0018834
   -.0012277
   -.0022420
   -.0041686
   -.0051637
   -.0036370
   -.0032473
   -.0021091
    .0002005
   -.0006231
   -.0013190
   -.0009668
   -.0030370
   -.0038074
   -.0022548
   -.0023508
   -.0011446
    .0019318
    .0033017
    .0043055
    .0063942
    .0065000
    .0057240
    .0054258
    .0047952
    .0038499
    .0039549
    .0041486
    .0045843
    .0059825
    .0069010
    .0074525
    .0081951
    .0079611
    .0065446
    .0063408
    .0054347
    .0035344
    .0032090
    .0025381
    .0008232
    .0004408
    .0003242
   -.0010305
   -.0011206
    .0000091
   -.0008173
   -.0004687
    .0011641
    .0014110
    .0007769
    .0016120
    .0024219
    .0020069
    .0020392
    .0031099
    .0032235
    .0029312
    .0039225
    .0043617
    .0042358
    .0044520
    .0048350
    .0051604
    .0049805
    .0045504
    .0040768
    .0037233
    .0034276
    .0029616
    .0029480
    .0030599
    .0031402
    .0032202
    .0027776
    .0020729
    .0013205
    .0006867
    .0001866
    .0001438
    .0006344
    .0011730
    .0015096
    .0010902
   -.0003612
   -.0015254
   -.0018828
   -.0019031
   -.0019901
   -.0015414
   -.0004708
    .0005991
    .0018463
    .0027626
    .0032674
    .0035250
    .0037727
    .0042533
    .0050213
    .0057514
    .0065150
    .0069580
    .0067105
    .0061468
    .0058276
    .0054996
    .0044062
    .0037305
    .0035013
    .0026149
    .0017352
    .0019389
    .0016266
    .0012836
    .0015380
    .0018698
    .0017943
    .0021935
    .0024612
    .0025323
    .0025304
    .0029571
    .0037611
    .0037297
    .0034385
    .0036345
    .0040577
    .0036054
    .0030428
    .0028015
    .0038389
    .0043315
    .0048119
    .0054305
    .0057880
    .0060429
    .0058928
    .0050624
    .0037686
    .0021022
    .0002428
   -.0014499
   -.0027912
   -.0033873
   -.0026840
   -.0013252
   -.0005070
    .0007173
    .0030606
    .0045515
    .0049225
    .0057997
    .0056331
    .0045507
    .0038018
    .0031594
    .0018924
    .0012549
    .0015927
    .0017294
    .0022262
    .0033690
    .0037449
    .0044539
    .0054252
    .0052622
    .0049164
    .0044916
    .0031107
    .0015692
    .0006654
   -.0007011
   -.0018805
   -.0017127
   -.0008511
   -.0007639
    .0001288
    .0023304
    .0036364
    .0042915
    .0063975
    .0077095
    .0074116
    .0076995
    .0083621
    .0075267
    .0073661
    .0081976
    .0081779
    .0076676
    .0081009
    .0079454
    .0069779
    .0067978
    .0060423
    .0050597
    .0048692
    .0052159
    .0052274
    .0051444
    .0051295
    .0050233
    .0038650
    .0029007
    .0023397
    .0019394
    .0016626
    .0018625
    .0020174
    .0024476
    .0033540
    .0042490
    .0048771
    .0050398
    .0051834
    .0054964
    .0059939
    .0062098
    .0062356
    .0067929
    .0070102
    .0071550
    .0076841
    .0074054
    .0072419
    .0072832
    .0069664
    .0059288
    .0050327
    .0043897
    .0040984
    .0038542
    .0033477
    .0029236
    .0026941
    .0025169
    .0023142
    .0023250
    .0022926
    .0015294
    .0005490
    .0006266
    .0001211
   -.0008264
   -.0007922
   -.0005544
   -.0010214
   -.0007340
    .0000478
   -.0002332
    .0000065
    .0010510
    .0014559
    .0019079
    .0026884
    .0026439
    .0026976
    .0030823
    .0034932
    .0038044
    .0041069
    .0041962
    .0045058
    .0047976
    .0047622
    .0045860
    .0045248
    .0044592
    .0044904
    .0045056
    .0045433
    .0047999
    .0049681
    .0050502
    .0049210
    .0040970
    .0034101
    .0030620
    .0023004
    .0018175
    .0017402
    .0018781
    .0020229
    .0023976
    .0030135
    .0037786
    .0042199
    .0046158
    .0051815
    .0055753
    .0057301
    .0059700
    .0062493
    .0057035
    .0053676
    .0053290
    .0048906
    .0044335
    .0038456
    .0032168
    .0027438
    .0022384
    .0019192
    .0016739
    .0015155
    .0017567
    .0022833
    .0025829
    .0026292
    .0026916
    .0018157
    .0002536
   -.0007434
   -.0013064
   -.0022433
   -.0028077
   -.0027642
   -.0027859
   -.0026828
   -.0020598
   -.0015179
   -.0008899
    .0002860
    .0015768
    .0025380
    .0033490
    .0041783
    .0047890
    .0049093
    .0047960
    .0047207
    .0043775
    .0040739
    .0040832
    .0043042
    .0046328
    .0048533
    .0048931
    .0048075
    .0049212
    .0054925
    .0056449
    .0054598
    .0059112
    .0063306
    .0060259
    .0060675
    .0062911
    .0056241
    .0053886
    .0059185
    .0056041
    .0061017
    .0071366
    .0072092
    .0075870
    .0086260
    .0088479
    .0084726
    .0085103
    .0087272
    .0083555
    .0082421
    .0088007
    .0084848
    .0087213
    .0093532
    .0093345
    .0095779
    .0101754
    .0104617
    .0107340
    .0112351
    .0116154
    .0118072
    .0121401
    .0121508
    .0118406
    .0116619
    .0112216
    .0101951
    .0093080
    .0082983
    .0070419
    .0059137
    .0047989
    .0039025
    .0033102
    .0028202
    .0025474
    .0021983
    .0018977
    .0016684
    .0017591
    .0021500
    .0022217
    .0018769
    .0017427
    .0014780
    .0009215
    .0004804
    .0000914
   -.0000832
    .0000096
    .0001157
    .0004137
    .0008904
    .0011896
    .0012169
    .0012100
    .0010674
    .0012035
    .0014298
    .0013790
    .0013435
    .0014477
    .0012520
    .0009954
    .0005965
    .0002556
   -.0000570
   -.0002727
   -.0004723
   -.0004153
   -.0000668
    .0001228
    .0003461
    .0008636
    .0009964
    .0010897
    .0017154
    .0019194
    .0020977
    .0027241
    .0029585
    .0028899
    .0031763
    .0029263
    .0022814
    .0021267
    .0017777
    .0012637
    .0011945
    .0016414
    .0019256
    .0020592
    .0025398
    .0030395
    .0031862
    .0034563
    .0037968
    .0037730
    .0035969
    .0034271
    .0032086
    .0031582
    .0033762
    .0036358
    .0037570
    .0038302
    .0038346
    .0040950
    .0044871
    .0048280
    .0049638
    .0047395
    .0046761
    .0050015
    .0050806
    .0048946
    .0053131
    .0055117
    .0052508
    .0056044
    .0058487
    .0053475
    .0054414
    .0056325
    .0052586
    .0053255
    .0056995
    .0055347
    .0056214
    .0059792
    .0058984
    .0057494
    .0058010
    .0054260
    .0051694
    .0051228
    .0050449
    .0048921
    .0047436
    .0046306
    .0046388
    .0048053
    .0047475
    .0045547
    .0047725
    .0050040
    .0049015
    .0049094
    .0049984
    .0048797
    .0046526
    .0044792
    .0043885
    .0042599
    .0041416
    .0041362
    .0041465
    .0040916
    .0041351
    .0042531
    .0043466
    .0043095
    .0044344
    .0044920
    .0044092
    .0045386
    .0045917
    .0045442
    .0047294
    .0048004
    .0047566
    .0048743
    .0048917
    .0047975
    .0048069
    .0047158
    .0045230
    .0044839
    .0043838
    .0041761
    .0041714
    .0041146
    .0039549
    .0039748
    .0039650
    .0038947
    .0038963
    .0039500
    .0039395
    .0039352
    .0039500
    .0038880
    .0038390
    .0038050
    .0037563
    .0037504
    .0037769
    .0038019
    .0038319
    .0039125
    .0039442
    .0040308
    .0040879
    .0040874
    .0041157
    .0041063
    .0040700
    .0040259
    .0039645
    .0038917
    .0038284
    .0037783
    .0037216
    .0036491
    .0035791
    .0035157
    .0034456
    .0033555
    .0033281
    .0032931
    .0032439
    .0032085
    .0031924
    .0031885
    .0031835
    .0031975
    .0032093
    .0032495
    .0032711
    .0033164
    .0033692
    .0034146
    .0034607
    .0035080
    .0035322
    .0035621
    .0035923
    .0036312
    .0036535
    .0037026
    .0037380
    .0037658
    .0037714
    .0038074
    .0038175
    .0038191
    .0038207
    .0038413
    .0038365
    .0038335
    .0038364
    .0038378
    .0038101
    .0038166
    .0038074
    .0037931
    .0038041
    .0038154
    .0037864
    .0038041
    .0038047
    .0037804
    .0037671
    .0037746
    .0037475
    .0037421
    .0037445
    .0037445
    .0037268
    .0037315
    .0037219
    .0037218
    .0037106
    .0037119
    .0036967
    .0036937
    .0025494
    .0036909
    .0036808
    .0036852
    .0036819
    .0036863
    .0036758
    .0036838
    .0036765
    .0036765
    .0036733
    .0036792
    .0036715
    .0036817
    .0036762
    .0036804
    .0036703
    .0036737
    .0036638
    .0036644
    .0036556
    .0036592
    .0036497
    .0036530
    .0036480
    .0036541
    .0036478
    .0036539
    .0036477
    .0036529
    .0036466
    .0036531
    .0036496
    .0036563
    .0036511
    .0036565
    .0036492
    .0036506
    .0036417
    .0036437
    .0036365
    .0036407
    .0036370
    .0036422
    .0036396
    .0036452
    .0036425
    .0036473
    .0036445
    .0036478
    .0036436
    .0036454
    .0036404
    .0036403
    .0036349
    .0036341
    .0036292
    .0036280
    .0036239
    .0036221
    .0036186
    .0036158
    .0036129
    .0036089
    .0036064
    .0036009
    .0035990
    .0035919
    .0035908
    .0035817
    .0035816
    .0035703
    .0035715
    .0035572
    .0035600
    .0035419
    .0035468
    .0035232
    .0035312
    .0034994
    .0035123
    .0034666
    .0034919
    .0034222
    .0034861
    .0032604