    .146958E-02
    .211063E-02
    .544750E-02
    .879702E-02
    .672941E-02
   -.118750E-02
   -.103944E-01
   -.154937E-01
   -.143528E-01
   -.887197E-02
   -.187722E-02
    .406091E-02
    .771023E-02
    .100334E-01
    .130207E-01
    .172475E-01
    .211305E-01
    .221661E-01
    .184708E-01
    .107238E-01
    .201697E-02
   -.503951E-02
   -.878718E-02
   -.903311E-02
   -.833246E-02
   -.107794E-01
   -.193239E-01
   -.339196E-01
   -.509386E-01
   -.650371E-01
   -.717059E-01
   -.692995E-01
   -.593031E-01
   -.447875E-01
   -.278949E-01
   -.828595E-02
    .130512E-01
    .346288E-01
    .540999E-01
    .673750E-01
    .717845E-01
    .681575E-01
    .585312E-01
    .445675E-01
    .273409E-01
    .849394E-02
   -.889470E-02
   -.227128E-01
   -.318526E-01
   -.357005E-01
   -.346807E-01
   -.311152E-01
   -.284707E-01
   -.270413E-01
   -.241657E-01
   -.183798E-01
   -.110548E-01
   -.400280E-02
    .134593E-02
    .442222E-02
    .672767E-02
    .110871E-01
    .190752E-01
    .291703E-01
    .380549E-01
    .429326E-01
    .436252E-01
    .415976E-01
    .378074E-01
    .321115E-01
    .244668E-01
    .167902E-01
    .101158E-01
    .303024E-02
   -.559947E-02
   -.151109E-01
   -.236405E-01
   -.295699E-01
   -.310334E-01
   -.266268E-01
   -.183937E-01
   -.108929E-01
   -.706243E-02
   -.695467E-02
   -.968999E-02
   -.141417E-01
   -.172226E-01
   -.132225E-01
    .155530E-02
    .250974E-01
    .495492E-01
    .653424E-01
    .668562E-01
    .550005E-01
    .351156E-01
    .132837E-01
   -.583977E-02
   -.201433E-01
   -.300224E-01
   -.381567E-01
   -.474290E-01
   -.578291E-01
   -.665927E-01
   -.710311E-01
   -.695212E-01
   -.612466E-01
   -.465553E-01
   -.266531E-01
   -.368087E-02
    .183170E-01
    .344667E-01
    .407716E-01
    .347829E-01
    .173708E-01
   -.692796E-02
   -.311948E-01
   -.490909E-01
   -.572257E-01
   -.549501E-01
   -.435706E-01
   -.267453E-01
   -.935229E-02
    .522103E-02
    .170201E-01
    .286723E-01
    .429235E-01
    .605263E-01
    .794585E-01
    .946199E-01
    .993347E-01
    .903079E-01
    .700903E-01
    .444318E-01
    .186832E-01
   -.523657E-02
   -.284538E-01
   -.522538E-01
   -.759882E-01
   -.960665E-01
   -.106723E+00
   -.103493E+00
   -.868978E-01
   -.646245E-01
   -.470844E-01
   -.386502E-01
   -.340163E-01
   -.241941E-01
   -.424339E-02
    .227786E-01
    .490752E-01
    .680060E-01
    .757456E-01
    .712409E-01
    .574388E-01
    .403913E-01
    .248822E-01
    .110897E-01
   -.461352E-02
   -.239966E-01
   -.445837E-01
   -.620694E-01
   -.737470E-01
   -.798432E-01
   -.813702E-01
   -.780990E-01
   -.689377E-01
   -.525671E-01
   -.302326E-01
   -.709857E-02
    .109102E-01
    .194134E-01
    .158626E-01
    .198180E-03
   -.254376E-01
   -.566980E-01
   -.874981E-01
   -.114064E+00
   -.136561E+00
   -.156016E+00
   -.171282E+00
   -.180600E+00
   -.182837E+00
   -.177366E+00
   -.164855E+00
   -.146520E+00
   -.124288E+00
   -.102571E+00
   -.863031E-01
   -.765966E-01
   -.719966E-01
   -.713546E-01
   -.731620E-01
   -.755349E-01
   -.770620E-01
   -.769918E-01
   -.756683E-01
   -.742295E-01
   -.736268E-01
   -.741379E-01
   -.757535E-01
   -.782329E-01
   -.813898E-01
   -.849720E-01
   -.881612E-01
   -.890231E-01
   -.856097E-01
   -.769023E-01
   -.624269E-01
   -.430322E-01
   -.204903E-01
    .368109E-02
    .289685E-01
    .565942E-01
    .876256E-01
    .120128E+00
    .152308E+00
    .184183E+00
    .214755E+00
    .242851E+00
    .269853E+00
    .297524E+00
    .325394E+00
    .352909E+00
    .379564E+00
    .403530E+00
    .423368E+00
    .439781E+00
    .453598E+00
    .464595E+00
    .471941E+00
    .475120E+00
    .473777E+00
    .466760E+00
    .454145E+00
    .438437E+00
    .423136E+00
    .409823E+00
    .398429E+00
    .389609E+00
    .383512E+00
    .379246E+00
    .376777E+00
    .376169E+00
    .375409E+00
    .372063E+00
    .367078E+00
    .360459E+00
    .349988E+00
    .334030E+00
    .309861E+00
    .273523E+00
    .226981E+00
    .176529E+00
    .124277E+00
    .685200E-01
    .122918E-01
   -.385501E-01
   -.821581E-01
   -.120266E+00
   -.155113E+00
   -.185391E+00
   -.206571E+00
   -.216328E+00
   -.215288E+00
   -.204225E+00
   -.183558E+00
   -.153024E+00
   -.112811E+00
   -.664701E-01
   -.197484E-01
    .211861E-01
    .532005E-01
    .786541E-01
    .102187E+00
    .125039E+00
    .145844E+00
    .163133E+00
    .177366E+00
    .190958E+00
    .208858E+00
    .233851E+00
    .260274E+00
    .279452E+00
    .288799E+00
    .289877E+00
    .283401E+00
    .268831E+00
    .245292E+00
    .212782E+00
    .177892E+00
    .143551E+00
    .105890E+00
    .591176E-01
    .659313E-03
   -.659434E-01
   -.135351E+00
   -.205855E+00
   -.278891E+00
   -.357577E+00
   -.438658E+00
   -.512283E+00
   -.576448E+00
   -.633736E+00
   -.683820E+00
   -.726843E+00
   -.768224E+00
   -.810540E+00
   -.848890E+00
   -.874027E+00
   -.874934E+00
   -.845303E+00
   -.790446E+00
   -.722540E+00
   -.652423E+00
   -.588140E+00
   -.535054E+00
   -.496359E+00
   -.471549E+00
   -.457385E+00
   -.451030E+00
   -.450922E+00
   -.457194E+00
   -.471103E+00
   -.492131E+00
   -.516842E+00
   -.541203E+00
   -.561850E+00
   -.575287E+00
   -.576839E+00
   -.560598E+00
   -.523139E+00
   -.464200E+00
   -.387352E+00
   -.304252E+00
   -.228867E+00
   -.165634E+00
   -.109356E+00
   -.544307E-01
    .122981E-02
    .585748E-01
    .113675E+00
    .161035E+00
    .201229E+00
    .235318E+00
    .262168E+00
    .282469E+00
    .297745E+00
    .308529E+00
    .313855E+00
    .310970E+00
    .297746E+00
    .275724E+00
    .248181E+00
    .225605E+00
    .220071E+00
    .234263E+00
    .265475E+00
    .306408E+00
    .350087E+00
    .391677E+00
    .425918E+00
    .447527E+00
    .453018E+00
    .441767E+00
    .415768E+00
    .379455E+00
    .337390E+00
    .291261E+00
    .242459E+00
    .192690E+00
    .142105E+00
    .912524E-01
    .435204E-01
   -.537397E-03
   -.427338E-01
   -.830166E-01
   -.120158E+00
   -.151954E+00
   -.179659E+00
   -.207170E+00
   -.232561E+00
   -.249423E+00
   -.253968E+00
   -.246226E+00
   -.229325E+00
   -.206737E+00
   -.177085E+00
   -.136466E+00
   -.861608E-01
   -.327300E-01
    .163707E-01
    .550617E-01
    .804087E-01
    .930625E-01
    .947393E-01
    .864498E-01
    .692663E-01
    .463160E-01
    .241670E-01
    .947458E-02
    .393201E-02
    .286047E-02
   -.102409E-02
   -.130529E-01
   -.351446E-01
   -.651521E-01
   -.974638E-01
   -.126722E+00
   -.150161E+00
   -.167912E+00
   -.180623E+00
   -.188430E+00
   -.193135E+00
   -.197947E+00
   -.204910E+00
   -.212954E+00
   -.219175E+00
   -.221307E+00
   -.218236E+00
   -.209953E+00
   -.196842E+00
   -.179648E+00
   -.160746E+00
   -.143094E+00
   -.127685E+00
   -.113057E+00
   -.971032E-01
   -.788987E-01
   -.585621E-01
   -.371301E-01
   -.158053E-01
    .415702E-02
    .203780E-01
    .310376E-01
    .364967E-01
    .389568E-01
    .395960E-01
    .374060E-01
    .303767E-01
    .174887E-01
    .183503E-03
   -.192834E-01
   -.380346E-01
   -.538869E-01
   -.651096E-01
   -.705761E-01
   -.706747E-01
   -.663173E-01
   -.572385E-01
   -.431739E-01
   -.249671E-01
   -.253009E-02
    .232009E-01
    .505743E-01
    .780756E-01
    .101120E+00
    .116051E+00
    .123498E+00
    .125665E+00
    .124743E+00
    .122537E+00
    .120228E+00
    .118533E+00
    .117166E+00
    .115922E+00
    .115440E+00
    .116564E+00
    .119405E+00
    .123276E+00
    .127142E+00
    .130537E+00
    .133738E+00
    .137120E+00
    .140471E+00
    .142672E+00
    .142956E+00
    .142275E+00
    .142892E+00
    .145295E+00
    .146899E+00
    .145268E+00
    .140806E+00
    .135169E+00
    .129513E+00
    .125492E+00
    .125090E+00
    .129373E+00
    .138642E+00
    .151652E+00
    .165009E+00
    .176154E+00
    .184906E+00
    .192209E+00
    .199076E+00
    .205844E+00
    .212337E+00
    .218114E+00
    .222419E+00
    .225476E+00
    .228486E+00
    .232176E+00
    .236542E+00
    .241465E+00
    .247530E+00
    .254408E+00
    .261715E+00
    .268684E+00
    .273477E+00
    .273323E+00
    .263612E+00
    .245217E+00
    .221856E+00
    .192853E+00
    .158122E+00
    .121146E+00
    .824030E-01
    .428179E-01
    .621577E-02
   -.222925E-01
   -.385270E-01
   -.438540E-01
   -.442327E-01
   -.428880E-01
   -.373088E-01
   -.243160E-01
   -.363462E-02
    .203607E-01
    .436732E-01
    .650011E-01
    .841328E-01
    .101493E+00
    .117207E+00
    .130924E+00
    .141627E+00
    .148194E+00
    .150328E+00
    .147623E+00
    .139620E+00
    .125965E+00
    .107412E+00
    .860872E-01
    .647707E-01
    .459419E-01
    .309093E-01
    .192077E-01
    .931490E-02
    .776948E-04
   -.865743E-02
   -.167993E-01
   -.249870E-01
   -.339912E-01
   -.446821E-01
   -.572364E-01
   -.697718E-01
   -.795871E-01
   -.850798E-01
   -.857012E-01
   -.826664E-01
   -.784928E-01
   -.751898E-01
   -.730663E-01
   -.720000E-01
   -.717988E-01
   -.720688E-01
   -.731762E-01
   -.766863E-01
   -.828695E-01
   -.899704E-01
   -.974927E-01
   -.106356E+00
   -.117064E+00
   -.128488E+00
   -.138351E+00
   -.146398E+00
   -.154561E+00
   -.164058E+00
   -.174287E+00
   -.183586E+00
   -.189994E+00
   -.192159E+00
   -.189714E+00
   -.183229E+00
   -.173847E+00
   -.162848E+00
   -.151245E+00
   -.140097E+00
   -.130894E+00
   -.124260E+00
   -.118364E+00
   -.110639E+00
   -.100512E+00
   -.889892E-01
   -.769520E-01
   -.651130E-01
   -.542768E-01
   -.443113E-01
   -.342641E-01
   -.234851E-01
   -.121038E-01
   -.861905E-03
    .985349E-02
    .201086E-01
    .299156E-01
    .388681E-01
    .466378E-01
    .537346E-01
    .606128E-01
    .674587E-01
    .748377E-01
    .830576E-01
    .912656E-01
    .976349E-01
    .100644E+00
    .994309E-01
    .936569E-01
    .835136E-01
    .697410E-01
    .537099E-01
    .366943E-01
    .195797E-01
    .264166E-02
   -.140873E-01
   -.305013E-01
   -.466707E-01
   -.618718E-01
   -.743376E-01
   -.828106E-01
   -.867603E-01
   -.853209E-01
   -.778169E-01
   -.635475E-01
   -.426855E-01
   -.174389E-01
    .908737E-02
    .345345E-01
    .590739E-01
    .827526E-01
    .103928E+00
    .121198E+00
    .134316E+00
    .143329E+00
    .148629E+00
    .150666E+00
    .149705E+00
    .145736E+00
    .139321E+00
    .130733E+00
    .120861E+00
    .111301E+00
    .103514E+00
    .984383E-01
    .957143E-01
    .942128E-01
    .937870E-01
    .950273E-01
    .975602E-01
    .100973E+00
    .104778E+00
    .107770E+00
    .109704E+00
    .111442E+00
    .112983E+00
    .113012E+00
    .110727E+00
    .106699E+00
    .101305E+00
    .942254E-01
    .856395E-01
    .756222E-01
    .639334E-01
    .510683E-01
    .381858E-01
    .262154E-01
    .152595E-01
    .453938E-02
   -.614318E-02
   -.156485E-01
   -.225291E-01
   -.259428E-01
   -.255936E-01
   -.210814E-01
   -.120357E-01
    .974828E-03
    .164954E-01
    .329581E-01
    .486347E-01
    .620372E-01
    .726175E-01
    .800236E-01
    .843683E-01
    .858284E-01
    .839604E-01
    .787901E-01
    .709113E-01
    .607717E-01
    .486082E-01
    .356517E-01
    .238353E-01
    .149372E-01
    .879752E-02
    .396432E-02
    .291940E-03
   -.219825E-02
   -.455445E-02
   -.724123E-02
   -.931761E-02
   -.107038E-01
   -.120851E-01
   -.137675E-01
   -.155259E-01
   -.173315E-01
   -.200747E-01
   -.253486E-01
   -.334782E-01
   -.433821E-01
   -.540495E-01
   -.651526E-01
   -.763240E-01
   -.879589E-01
   -.101226E+00
   -.115183E+00
   -.128546E+00
   -.141783E+00
   -.156307E+00
   -.171929E+00
   -.186810E+00
   -.199672E+00
   -.210243E+00
   -.218580E+00
   -.223998E+00
   -.225258E+00
   -.222645E+00
   -.217756E+00
   -.212567E+00
   -.207038E+00
   -.199316E+00
   -.188241E+00
   -.174606E+00
   -.159975E+00
   -.145214E+00
   -.130790E+00
   -.116930E+00
   -.103597E+00
   -.909838E-01
   -.796594E-01
   -.690886E-01
   -.578555E-01
   -.451755E-01
   -.314185E-01
   -.173842E-01
   -.338446E-02
    .107882E-01
    .231095E-01
    .333229E-01
    .423007E-01
    .492067E-01
    .538382E-01
    .572327E-01
    .607212E-01
    .647647E-01
    .683946E-01
    .704210E-01
    .703688E-01
    .684910E-01
    .657595E-01
    .628171E-01
    .590884E-01
    .535841E-01
    .460469E-01
    .370684E-01
    .274311E-01
    .167722E-01
    .539571E-02
   -.537824E-02
   -.157765E-01
   -.256405E-01
   -.339323E-01
   -.398507E-01
   -.436090E-01
   -.458096E-01
   -.461792E-01
   -.437290E-01
   -.388213E-01
   -.340582E-01
   -.305430E-01
   -.276312E-01
   -.247961E-01
   -.220085E-01
   -.197733E-01
   -.189433E-01
   -.199331E-01
   -.226127E-01
   -.266301E-01
   -.320132E-01
   -.390377E-01
   -.468648E-01
   -.542507E-01
   -.603602E-01
   -.657248E-01
   -.722213E-01
   -.802821E-01
   -.882368E-01
   -.953219E-01
   -.101501E+00
   -.106137E+00
   -.108716E+00
   -.109456E+00
   -.108303E+00
   -.105336E+00
   -.101518E+00
   -.978082E-01
   -.943917E-01
   -.911239E-01
   -.879445E-01
   -.855516E-01
   -.841343E-01
   -.827163E-01
   -.807025E-01
   -.791276E-01
   -.794417E-01
   -.820672E-01
   -.861130E-01
   -.907712E-01
   -.962758E-01
   -.102594E+00
   -.109855E+00
   -.117186E+00
   -.122826E+00
   -.125413E+00
   -.125132E+00
   -.123522E+00
   -.121272E+00
   -.118429E+00
   -.115002E+00
   -.111519E+00
   -.108281E+00
   -.104317E+00
   -.981234E-01
   -.900108E-01
   -.813410E-01
   -.735216E-01
   -.676012E-01
   -.635666E-01
   -.598558E-01
   -.556179E-01
   -.520542E-01
   -.497913E-01
   -.480184E-01
   -.462138E-01
   -.443270E-01
   -.424049E-01
   -.405748E-01
   -.387397E-01
   -.372018E-01
   -.360862E-01
   -.341458E-01
   -.304093E-01
   -.240273E-01
   -.150371E-01
   -.459443E-02
    .652490E-02
    .179399E-01
    .290551E-01
    .399950E-01
    .513907E-01
    .625814E-01
    .724774E-01
    .808886E-01
    .882141E-01
    .941753E-01
    .982019E-01
    .100284E+00
    .101379E+00
    .101890E+00
    .101180E+00
    .993189E-01
    .973857E-01
    .953788E-01
    .922647E-01
    .886601E-01
    .864285E-01
    .859604E-01
    .873561E-01
    .892559E-01
    .895177E-01
    .873286E-01
    .839630E-01
    .805626E-01
    .766471E-01
    .704804E-01
    .612733E-01
    .507559E-01
    .413997E-01
    .351805E-01
    .319674E-01
    .304638E-01
    .299493E-01
    .298504E-01
    .299290E-01
    .305554E-01
    .325105E-01
    .362430E-01
    .409262E-01
    .448802E-01
    .466677E-01
    .462271E-01
    .450669E-01
    .438435E-01
    .425847E-01
    .411131E-01
    .382302E-01
    .329170E-01
    .258028E-01
    .179236E-01
    .958880E-02
    .132109E-02
   -.656720E-02
   -.138177E-01
   -.202181E-01
   -.256123E-01
   -.294265E-01
   -.313356E-01
   -.322734E-01
   -.332956E-01
   -.344061E-01
   -.359133E-01
   -.374771E-01
   -.384696E-01
   -.388717E-01
   -.398395E-01
   -.418358E-01
   -.447465E-01
   -.487500E-01
   -.540248E-01
   -.599718E-01
   -.664441E-01
   -.737500E-01
   -.814264E-01
   -.884488E-01
   -.930627E-01
   -.958847E-01
   -.985494E-01
   -.100451E+00
   -.100402E+00
   -.987130E-01
   -.961887E-01
   -.925552E-01
   -.872523E-01
   -.804843E-01
   -.713743E-01
   -.592063E-01
   -.449657E-01
   -.294838E-01
   -.131195E-01
    .317098E-02
    .182924E-01
    .322381E-01
    .454976E-01
    .580278E-01
    .695153E-01
    .797198E-01
    .886124E-01
    .967905E-01
    .104910E+00
    .112735E+00
    .119987E+00
    .126718E+00
    .133208E+00
    .139112E+00
    .143733E+00
    .147030E+00
    .149052E+00
    .149632E+00
    .148642E+00
    .145902E+00
    .142330E+00
    .138577E+00
    .134336E+00
    .128887E+00
    .121725E+00
    .113063E+00
    .104161E+00
    .959811E-01
    .883851E-01
    .807087E-01
    .726217E-01
    .646310E-01
    .575144E-01
    .516717E-01
    .464660E-01
    .417681E-01
    .382692E-01
    .362235E-01
    .354002E-01
    .350676E-01
    .349992E-01
    .359570E-01
    .380796E-01
    .407534E-01
    .430135E-01
    .438834E-01
    .430749E-01
    .414359E-01
    .398376E-01
    .375290E-01
    .338995E-01
    .299651E-01
    .268538E-01
    .249302E-01
    .236420E-01
    .220317E-01
    .201792E-01
    .187916E-01
    .177346E-01
    .169622E-01
    .169997E-01
    .179287E-01
    .188570E-01
    .188243E-01
    .181659E-01
    .179112E-01
    .185896E-01
    .195958E-01
    .205467E-01
    .208767E-01
    .202059E-01
    .191409E-01
    .184937E-01
    .185257E-01
    .186412E-01
    .184490E-01
    .179517E-01
    .175191E-01
    .174853E-01
    .177705E-01
    .178989E-01
    .180802E-01
    .190690E-01
    .217260E-01
    .264875E-01
    .323640E-01
    .373079E-01
    .402659E-01
    .421548E-01
    .441482E-01
    .463955E-01
    .484157E-01
    .496555E-01
    .498057E-01
    .495140E-01
    .504441E-01
    .532337E-01
    .569022E-01
    .614063E-01
    .673926E-01
    .742045E-01
    .805684E-01
    .863843E-01
    .926759E-01
    .996754E-01
    .105574E+00
    .109469E+00
    .112751E+00
    .116283E+00
    .119423E+00
    .120919E+00
    .120236E+00
    .117859E+00
    .114493E+00
    .110831E+00
    .106951E+00
    .101937E+00
    .956993E-01
    .894629E-01
    .836139E-01
    .777526E-01
    .716335E-01
    .652168E-01
    .585209E-01
    .519406E-01
    .455462E-01
    .388616E-01
    .318517E-01
    .252048E-01
    .190598E-01
    .137131E-01
    .945488E-02
    .495444E-02
   -.737932E-03
   -.721067E-02
   -.133274E-01
   -.187059E-01
   -.240400E-01
   -.298964E-01
   -.359594E-01
   -.411339E-01
   -.447645E-01
   -.475441E-01
   -.510017E-01
   -.553136E-01
   -.597836E-01
   -.634248E-01
   -.662492E-01
   -.688991E-01
   -.713386E-01
   -.736203E-01
   -.759019E-01
   -.779103E-01
   -.793825E-01
   -.800554E-01
   -.799877E-01
   -.804010E-01
   -.824933E-01
   -.860098E-01
   -.898549E-01
   -.936795E-01
   -.979671E-01
   -.103004E+00
   -.109140E+00
   -.115785E+00
   -.121620E+00
   -.126807E+00
   -.132280E+00
   -.137645E+00
   -.141963E+00
   -.144935E+00
   -.146373E+00
   -.146765E+00
   -.146560E+00
   -.145709E+00
   -.143996E+00
   -.141599E+00
   -.139304E+00
   -.137069E+00
   -.133629E+00
   -.129065E+00
   -.124163E+00
   -.118812E+00
   -.112568E+00
   -.105376E+00
   -.982744E-01
   -.923321E-01
   -.877972E-01
   -.840834E-01
   -.805024E-01
   -.767592E-01
   -.730714E-01
   -.693783E-01
   -.647724E-01
   -.589269E-01
   -.521352E-01
   -.441535E-01
   -.354427E-01
   -.275648E-01
   -.218216E-01
   -.183854E-01
   -.165724E-01
   -.159739E-01
   -.158579E-01
   -.157512E-01
   -.160501E-01
   -.166433E-01
   -.170894E-01
   -.174221E-01
   -.173455E-01
   -.164213E-01
   -.147513E-01
   -.132057E-01
   -.118296E-01
   -.963595E-02
   -.656670E-02
   -.333323E-02
   -.490111E-03
    .150402E-02
    .258665E-02
    .375870E-02
    .578157E-02
    .845727E-02
    .108231E-01
    .125114E-01
    .144347E-01
    .171909E-01
    .203258E-01
    .232258E-01
    .259848E-01
    .293459E-01
    .337946E-01
    .387866E-01
    .431058E-01
    .461020E-01
    .484797E-01
    .513784E-01
    .545786E-01
    .568395E-01
    .580005E-01
    .592544E-01
    .615678E-01
    .647397E-01
    .676411E-01
    .694121E-01
    .697048E-01
    .687359E-01
    .676653E-01
    .669358E-01
    .652477E-01
    .611822E-01
    .551394E-01
    .487224E-01
    .424831E-01
    .359809E-01
    .291535E-01
    .224440E-01
    .160925E-01
    .973867E-02
    .295519E-02
   -.401362E-02
   -.107577E-01
   -.171859E-01
   -.229127E-01
   -.275430E-01
   -.313138E-01
   -.349184E-01
   -.379456E-01
   -.392935E-01
   -.397042E-01
   -.406626E-01
   -.426315E-01
   -.457331E-01
   -.500730E-01
   -.546794E-01
   -.580210E-01
   -.601544E-01
   -.617553E-01
   -.626880E-01
   -.632851E-01
   -.637947E-01
   -.633994E-01
   -.621311E-01
   -.604978E-01
   -.582062E-01
   -.552069E-01
   -.523252E-01
   -.500593E-01
   -.481016E-01
   -.460736E-01
   -.433844E-01
   -.399270E-01
   -.363275E-01
   -.332818E-01
   -.300556E-01
   -.251795E-01
   -.185023E-01
   -.118026E-01
   -.675509E-02
   -.340173E-02
   -.435727E-03
    .253871E-02
    .461483E-02
    .502969E-02
    .435418E-02
    .286298E-02
    .114891E-02
   -.300744E-03
   -.166670E-02
   -.377412E-02
   -.686205E-02
   -.966299E-02
   -.111484E-01
   -.124647E-01
   -.152413E-01
   -.193702E-01
   -.235681E-01
   -.269721E-01
   -.302263E-01
   -.338012E-01
   -.371781E-01
   -.395093E-01
   -.407287E-01
   -.414152E-01
   -.422411E-01
   -.432713E-01
   -.434183E-01
   -.425248E-01
   -.414064E-01
   -.401071E-01
   -.382695E-01
   -.364051E-01
   -.351096E-01
   -.338961E-01
   -.320644E-01
   -.297379E-01
   -.272292E-01
   -.247775E-01
   -.223589E-01
   -.199264E-01
   -.170466E-01
   -.135004E-01
   -.100313E-01
   -.655161E-02
   -.235312E-02
    .234472E-02
    .686220E-02
    .107448E-01
    .137585E-01
    .161838E-01
    .181893E-01
    .195459E-01
    .211089E-01
    .237186E-01
    .271200E-01
    .303273E-01
    .330370E-01
    .363972E-01
    .406029E-01
    .442850E-01
    .468993E-01
    .492252E-01
    .516994E-01
    .527734E-01
    .513222E-01
    .486195E-01
    .462432E-01
    .449452E-01
    .442523E-01
    .427743E-01
    .397003E-01
    .359269E-01
    .326363E-01
    .300579E-01
    .281226E-01
    .264574E-01
    .247708E-01
    .233703E-01
    .223680E-01
    .214363E-01
    .207787E-01
    .215498E-01
    .243115E-01
    .286499E-01
    .338769E-01
    .393585E-01
    .447922E-01
    .501926E-01
    .551469E-01
    .596760E-01
    .643129E-01
    .692040E-01
    .740588E-01
    .787051E-01
    .833910E-01
    .880831E-01
    .925228E-01
    .966041E-01
    .100546E+00
    .104564E+00
    .108368E+00
    .111530E+00
    .113773E+00
    .115610E+00
    .117921E+00
    .120742E+00
    .122872E+00
    .122789E+00
    .120620E+00
    .118025E+00
    .115862E+00
    .113705E+00
    .111248E+00
    .108932E+00
    .106759E+00
    .103300E+00
    .983785E-01
    .935047E-01
    .888667E-01
    .838306E-01
    .789746E-01
    .744432E-01
    .691985E-01
    .630281E-01
    .572105E-01
    .524247E-01
    .471669E-01
    .409943E-01
    .355642E-01
    .313057E-01
    .272470E-01
    .231711E-01
    .195699E-01
    .167252E-01
    .146775E-01
    .132439E-01
    .123179E-01
    .117960E-01
    .113300E-01
    .112800E-01
    .124901E-01
    .148507E-01
    .173534E-01
    .193124E-01
    .209698E-01
    .230419E-01
    .255450E-01
    .274444E-01
    .278916E-01
    .268050E-01
    .253681E-01
    .252579E-01
    .266403E-01
    .283162E-01
    .290895E-01
    .287207E-01
    .277223E-01
    .265821E-01
    .256654E-01
    .250909E-01
    .246898E-01
    .240957E-01
    .231096E-01
    .218843E-01
    .206724E-01
    .195131E-01
    .180022E-01
    .156389E-01
    .124075E-01
    .833087E-02
    .325840E-02
   -.274382E-02
   -.938714E-02
   -.160904E-01
   -.223260E-01
   -.284481E-01
   -.351814E-01
   -.418496E-01
   -.472918E-01
   -.514410E-01
   -.547207E-01
   -.577896E-01
   -.611066E-01
   -.641448E-01
   -.658875E-01
   -.664870E-01
   -.674673E-01
   -.694870E-01
   -.713996E-01
   -.727836E-01
   -.741404E-01
   -.755853E-01
   -.770919E-01
   -.785041E-01
   -.797110E-01
   -.803019E-01
   -.796704E-01
   -.783963E-01
   -.776441E-01
   -.775377E-01
   -.770415E-01
   -.757359E-01
   -.744828E-01
   -.736315E-01
   -.724833E-01
   -.707600E-01
   -.689454E-01
   -.671815E-01
   -.655236E-01
   -.643770E-01
   -.639650E-01
   -.639627E-01
   -.640430E-01
   -.643958E-01
   -.649406E-01
   -.650648E-01
   -.646568E-01
   -.644758E-01
   -.657218E-01
   -.688719E-01
   -.727563E-01
   -.762408E-01
   -.791885E-01
   -.816058E-01
   -.837737E-01
   -.865508E-01
   -.903848E-01
   -.948770E-01
   -.986579E-01
   -.100617E+00
   -.101049E+00
   -.100670E+00
   -.996830E-01
   -.986711E-01
   -.985902E-01
   -.992281E-01
   -.992784E-01
   -.979127E-01
   -.952760E-01
   -.917126E-01
   -.873777E-01
   -.822055E-01
   -.758661E-01
   -.684065E-01
   -.605498E-01
   -.528407E-01
   -.453866E-01
   -.383411E-01
   -.323543E-01
   -.282265E-01
   -.255426E-01
   -.229343E-01
   -.192485E-01
   -.141392E-01
   -.862188E-02
   -.414075E-02
   -.529475E-03
    .307400E-02
    .661787E-02
    .956233E-02
    .116131E-01
    .131851E-01
    .146749E-01
    .157515E-01
    .159308E-01
    .155644E-01
    .151788E-01
    .147502E-01
    .143243E-01
    .141084E-01
    .142531E-01
    .144188E-01
    .141380E-01
    .135876E-01
    .132461E-01
    .132513E-01
    .133575E-01
    .131669E-01
    .123660E-01
    .110491E-01
    .973946E-02
    .892822E-02
    .888416E-02
    .974311E-02
    .112684E-01
    .131978E-01
    .154749E-01
    .179211E-01
    .202772E-01
    .229043E-01
    .260239E-01
    .293011E-01
    .324623E-01
    .351521E-01
    .372953E-01
    .390047E-01
    .400165E-01
    .404174E-01
    .411550E-01
    .427023E-01
    .445077E-01
    .454934E-01
    .452525E-01
    .447968E-01
    .449410E-01
    .452169E-01
    .450438E-01
    .441889E-01
    .425941E-01
    .404525E-01
    .379486E-01
    .350341E-01
    .317159E-01
    .282480E-01
    .250694E-01
    .224071E-01
    .193482E-01
    .146197E-01
    .873231E-02
    .307910E-02
   -.197208E-02
   -.664796E-02
   -.110094E-01
   -.151548E-01
   -.187463E-01
   -.209199E-01
   -.214570E-01
   -.212248E-01
   -.213497E-01
   -.224692E-01
   -.239426E-01
   -.244013E-01
   -.236787E-01
   -.232441E-01
   -.244972E-01
   -.270303E-01
   -.295937E-01
   -.318986E-01
   -.344969E-01
   -.377354E-01
   -.412521E-01
   -.443280E-01
   -.459873E-01
   -.458548E-01
   -.449105E-01
   -.441749E-01
   -.431124E-01
   -.409371E-01
   -.379699E-01
   -.346615E-01
   -.308762E-01
   -.262525E-01
   -.206160E-01
   -.139358E-01
   -.658087E-02
    .685280E-03
    .747126E-02
    .137298E-01
    .194153E-01
    .245641E-01
    .291569E-01
    .328248E-01
    .365935E-01
    .405491E-01
    .429204E-01
    .431849E-01
    .428661E-01
    .430375E-01
    .430113E-01
    .415753E-01
    .461518E-01
    .456047E-01
    .453980E-01
    .445675E-01
    .428498E-01
    .403332E-01
    .378481E-01
    .358230E-01
    .343146E-01
    .332907E-01
    .326008E-01
    .319271E-01
    .312467E-01
    .308314E-01
    .306872E-01
    .306365E-01
    .305310E-01
    .302474E-01
    .298276E-01
    .302283E-01
    .310295E-01
    .310636E-01
    .313177E-01
    .330688E-01
    .358638E-01
    .387054E-01
    .415995E-01
    .444070E-01
    .462190E-01
    .468865E-01
    .479662E-01
    .502953E-01
    .527371E-01
    .540858E-01
    .548876E-01
    .559970E-01
    .568491E-01
    .565785E-01
    .555522E-01
    .540822E-01
    .524061E-01
    .506950E-01
    .485738E-01
    .458492E-01
    .422621E-01
    .373595E-01
    .320426E-01
    .275240E-01
    .236495E-01
    .198434E-01
    .155080E-01
    .103589E-01
    .482845E-02
   -.754308E-03
   -.637235E-02
   -.114530E-01
   -.154450E-01
   -.186830E-01
   -.216657E-01
   -.244894E-01
   -.271655E-01
   -.292542E-01
   -.302247E-01
   -.303418E-01
   -.300123E-01
   -.294069E-01
   -.291405E-01
   -.293474E-01
   -.292280E-01
   -.283136E-01
   -.269046E-01
   -.252774E-01
   -.235466E-01
   -.218227E-01
   -.199543E-01
   -.175785E-01
   -.145826E-01
   -.111636E-01
   -.767329E-02
   -.467629E-02
   -.258502E-02
   -.109560E-02
    .524025E-03
    .249562E-02
    .424127E-02
    .525272E-02
    .591568E-02
    .706916E-02
    .860287E-02
    .954554E-02
    .937831E-02
    .841135E-02
    .726346E-02
    .632249E-02
    .551152E-02
    .438826E-02
    .280140E-02
    .107075E-02
   -.554424E-03
   -.204944E-02
   -.330284E-02
   -.430219E-02
   -.551642E-02
   -.699403E-02
   -.830386E-02
   -.917101E-02
   -.970591E-02
   -.103398E-01
   -.114489E-01
   -.128259E-01
   -.141176E-01
   -.150852E-01
   -.157169E-01
   -.160503E-01
   -.162889E-01
   -.166264E-01
   -.170703E-01
   -.176863E-01
   -.181629E-01
   -.181406E-01
   -.177144E-01
   -.172544E-01
   -.168693E-01
   -.164390E-01
   -.159612E-01
   -.155180E-01
   -.150951E-01
   -.145590E-01
   -.138745E-01
   -.131993E-01
   -.125751E-01
   -.119805E-01
   -.114778E-01
   -.110064E-01
   -.104092E-01
   -.971817E-02
   -.903090E-02
   -.844448E-02
   -.794084E-02
   -.741667E-02
   -.682985E-02
   -.619543E-02
   -.559310E-02
   -.508998E-02
   -.463667E-02
   -.418569E-02
   -.371833E-02
   -.325064E-02
   -.282029E-02
   -.242799E-02
   -.204907E-02
   -.168792E-02
   -.134105E-02
   -.103988E-02
   -.787993E-03
   -.544062E-03
   -.285120E-03
   -.193396E-04
    .217416E-03
    .410712E-03
    .572132E-03
    .732260E-03
    .895204E-03
    .105635E-02
    .120534E-02
    .133738E-02
    .145721E-02
    .156373E-02
    .165502E-02
    .172133E-02
    .175968E-02
    .178047E-02
    .178962E-02
    .178729E-02
    .177194E-02
    .174675E-02
    .171881E-02
    .169249E-02
    .166828E-02
    .164605E-02
