    .0096501
    .0086621
    .0107799
    .0107682
    .0114477
    .0114135
    .0115960
    .0114387
    .0113618
    .0110423
    .0107678
    .0102289
    .0097372
    .0090587
    .0085410
    .0080429
    .0079524
    .0078452
    .0081765
    .0086477
    .0094176
    .0100563
    .0105445
    .0108145
    .0108120
    .0103725
    .0097785
    .0092689
    .0085838
    .0076124
    .0062500
    .0044883
    .0026492
    .0007463
   -.0010438
   -.0026536
   -.0036156
   -.0034500
   -.0021593
   -.0004452
    .0012806
    .0025590
    .0030719
    .0025247
    .0015525
    .0004694
   -.0003596
   -.0006771
   -.0001980
    .0005557
    .0014165
    .0014211
    .0010954
   -.0006040
   -.0034062
   -.0072506
   -.0111072
   -.0142580
   -.0155124
   -.0150317
   -.0130424
   -.0102186
   -.0071278
   -.0046439
   -.0023092
   -.0003487
    .0017868
    .0033925
    .0045479
    .0050339
    .0049535
    .0045155
    .0036037
    .0021728
    .0009466
    .0005301
    .0010389
    .0021806
    .0036216
    .0050511
    .0069359
    .0089533
    .0107955
    .0126835
    .0143281
    .0156216
    .0165340
    .0171176
    .0176735
    .0174425
    .0165682
    .0145050
    .0115288
    .0076933
    .0035230
   -.0002378
   -.0031885
   -.0054974
   -.0068277
   -.0066800
   -.0046132
   -.0007754
    .0048397
    .0121453
    .0201131
    .0277718
    .0339619
    .0365235
    .0345971
    .0301745
    .0252297
    .0216264
    .0200115
    .0204603
    .0218202
    .0230951
    .0238687
    .0246252
    .0254627
    .0262052
    .0263690
    .0255303
    .0233621
    .0199151
    .0159930
    .0119715
    .0076697
    .0026957
   -.0029357
   -.0090079
   -.0148557
   -.0201264
   -.0245507
   -.0283538
   -.0318923
   -.0355688
   -.0394086
   -.0429240
   -.0455836
   -.0469323
   -.0467193
   -.0444983
   -.0403248
   -.0343853
   -.0268135
   -.0179667
   -.0080224
    .0024963
    .0128377
    .0223157
    .0299353
    .0355809
    .0392046
    .0412309
    .0424622
    .0433963
    .0441607
    .0449585
    .0457295
    .0466084
    .0474876
    .0484701
    .0495623
    .0507471
    .0521373
    .0538288
    .0555701
    .0572419
    .0586832
    .0599833
    .0610845
    .0618347
    .0617339
    .0600025
    .0561540
    .0505640
    .0435478
    .0357666
    .0275639
    .0192719
    .0111088
    .0033441
   -.0037743
   -.0098166
   -.0149681
   -.0194316
   -.0235367
   -.0273004
   -.0305390
   -.0334422
   -.0362347
   -.0389460
   -.0414143
   -.0443239
   -.0481030
   -.0505157
   -.0527554
   -.0536397
   -.0529320
   -.0513153
   -.0497402
   -.0485944
   -.0464398
   -.0430439
   -.0387887
   -.0332684
   -.0257561
   -.0159681
   -.0038180
    .0105657
    .0257726
    .0402665
    .0526136
    .0622154
    .0693902
    .0743658
    .0777840
    .0803257
    .0821824
    .0838734
    .0850536
    .0854572
    .0847894
    .0828897
    .0800311
    .0765991
    .0730008
    .0693052
    .0654441
    .0614424
    .0574658
    .0537710
    .0503849
    .0468985
    .0429764
    .0378753
    .0318617
    .0262171
    .0213844
    .0178360
    .0153304
    .0135215
    .0120260
    .0107081
    .0094838
    .0084827
    .0079014
    .0079493
    .0083774
    .0091791
    .0105264
    .0118566
    .0124191
    .0119809
    .0102354
    .0076066
    .0043851
    .0013334
   -.0012098
   -.0032856
   -.0053129
   -.0075010
   -.0097721
   -.0115102
   -.0128970
   -.0137623
   -.0138575
   -.0127488
   -.0106280
   -.0075476
   -.0039615
    .0000331
    .0043596
    .0090431
    .0137395
    .0185138
    .0230746
    .0273216
    .0308289
    .0334370
    .0348099
    .0347014
    .0335254
    .0317692
    .0302409
    .0298240
    .0308365
    .0335615
    .0382904
    .0451262
    .0542591
    .0654766
    .0786958
    .0936990
    .1100678
    .1150826
    .1401965
    .1533210
    .1794594
    .1916994
    .2020476
    .2126611
    .2139007
    .2098885
    .2077301
    .2040925
    .1994810
    .1864473
    .1589760
    .1357926
    .1085281
    .0960943
    .0703077
    .0433358
    .0166307
   -.0067370
   -.0204293
   -.0318299
   -.0383329
   -.0408856
   -.0344379
   -.0245708
   -.0057338
    .0103857
    .0084866
    .0226365
    .0403762
    .0588285
    .0766707
    .0802647
    .0906275
    .0904524
    .0902166
    .0902467
    .0903551
    .0873198
    .0817015
    .0722181
    .0547595
    .0340199
   -.0056313
   -.0171908
   -.0337646
   -.0346707
   -.0256399
   -.0057926
    .0067072
    .0240274
    .0409792
    .0662311
    .0906718
    .1153191
    .1371193
    .1579591
    .1571741
    .1531157
    .1485308
    .1409675
    .1288930
    .1198000
    .1059321
    .0745946
    .0659677
    .0467755
    .0299413
    .0148184
   -.0009891
   -.0220016
   -.0396930
   -.0520706
   -.0628321
   -.0749340
   -.0792209
   -.0832009
   -.0855570
   -.0805457
   -.0749175
   -.0651326
   -.0596452
   -.0619231
   -.0508290
   -.0378951
   -.0292650
   -.0093872
    .0027494
    .0026852
   -.0001262
   -.0046143
   -.0126141
   -.0215251
   -.0224792
   -.0580691
   -.0724807
   -.0844629
   -.0881949
   -.0945806
   -.0963699
   -.0975523
   -.0989293
   -.1000268
   -.1004452
   -.0995316
   -.0988959
   -.1011171
   -.1024190
   -.1045820
   -.1073034
   -.1111837
   -.1172326
   -.1227952
   -.1290759
   -.1332945
   -.1360113
   -.1383739
   -.1425547
   -.1466052
   -.1496585
   -.1542482
   -.1584460
   -.1621367
   -.1646602
   -.1673212
   -.1711607
   -.1739093
   -.1735945
   -.1737116
   -.1734110
   -.1726783
   -.1718610
   -.1728596
   -.1735591
   -.1728025
   -.1716832
   -.1684754
   -.1657620
   -.1643559
   -.1636039
   -.1592769
   -.1570663
   -.1552034
   -.1520687
   -.1477276
   -.1448985
   -.1414714
   -.1380295
   -.1342876
   -.1309954
   -.1281748
   -.1259223
   -.1229107
   -.1220195
   -.1227430
   -.1225456
   -.1192895
   -.1173056
   -.1180847
   -.1162722
   -.1122575
   -.1087256
   -.1069730
   -.1056583
   -.1037405
   -.1014255
   -.0989349
   -.0916937
   -.0856219
   -.0798236
   -.0696914
   -.0621278
   -.0551762
   -.0486428
   -.0424640
   -.0351137
   -.0278753
   -.0200681
   -.0115860
   -.0025302
    .0071141
    .0167999
    .0258112
    .0336364
    .0421262
    .0503260
    .0564017
    .0612994
    .0660861
    .0694616
    .0766026
    .0819927
    .0910815
    .1003119
    .1110004
    .1231888
    .1406948
    .1519407
    .1631175
    .1738083
    .1860281
    .1970618
    .2021528
    .2096294
    .2130474
    .2136507
    .2157774
    .2152791
    .2108445
    .2117309
    .2094002
    .2022299
    .1941341
    .1870854
    .1807510
    .1742418
    .1670378
    .1593141
    .1513577
    .1521620
    .1436688
    .1329709
    .1243390
    .1160350
    .1070489
    .0933714
    .0826734
    .0689965
    .0534957
    .0371963
    .0204212
    .0039746
   -.0140386
   -.0325518
   -.0518445
   -.0704527
   -.0904724
   -.1100186
   -.1272017
   -.1449482
   -.1568476
   -.1705177
   -.1858137
   -.1966830
   -.2061761
   -.2123957
   -.2153014
   -.2155210
   -.2135101
   -.2111571
   -.2083602
   -.2049413
   -.2006509
   -.1951530
   -.1915177
   -.1875457
   -.1850133
   -.1824528
   -.1805989
   -.1776164
   -.1741717
   -.1726943
   -.1679128
   -.1633029
   -.1623341
   -.1592479
   -.1529855
   -.1463020
   -.1398604
   -.1334382
   -.1273534
   -.1203916
   -.1115892
   -.1054452
   -.0980415
   -.0930853
   -.0889484
   -.0848958
   -.0816115
   -.0789498
   -.0781759
   -.0813734
   -.0827020
   -.0870018
   -.0893957
   -.0956334
   -.0990035
   -.1019238
   -.1105695
   -.1138074
   -.1194819
   -.1236209
   -.1273500
   -.1300361
   -.1328529
   -.1378266
   -.1397580
   -.1410180
   -.1413705
   -.1419392
   -.1421653
   -.1420029
   -.1400124
   -.1370214
   -.1350090
   -.1324604
   -.1308321
   -.1291273
   -.1290453
   -.1327619
   -.1313247
   -.1268237
   -.1235827
   -.1184273
   -.1170266
   -.1143759
   -.1124410
   -.1039408
   -.0954953
   -.0828267
   -.0741136
   -.0628221
   -.0571917
   -.0492244
   -.0389092
   -.0315361
   -.0252093
   -.0222081
   -.0179960
   -.0162012
   -.0162635
   -.0175081
   -.0200777
   -.0245272
   -.0290048
   -.0346002
   -.0402785
   -.0464594
   -.0516387
   -.0546791
   -.0593782
   -.0690249
   -.0766431
   -.0873586
   -.0975036
   -.1021211
   -.1071924
   -.1086704
   -.1085450
   -.1063620
   -.1105379
   -.1089766
   -.1051083
   -.1030397
   -.0978605
   -.0897053
   -.0826717
   -.0756247
   -.0676076
   -.0564405
   -.0493828
   -.0415142
   -.0313977
   -.0186735
   -.0153685
   -.0116191
   -.0009885
    .0139319
    .0227798
    .0295866
    .0346568
    .0387889
    .0431838
    .0462686
    .0510930
    .0534210
    .0569019
    .0625446
    .0632477
    .0642467
    .0648792
    .0657209
    .0663474
    .0669224
    .0673543
    .0653143
    .0657166
    .0640158
    .0632638
    .0604373
    .0614316
    .0604819
    .0590498
    .0563227
    .0523717
    .0482235
    .0419493
    .0339920
    .0217450
    .0158933
    .0076360
    .0018265
   -.0080799
   -.0133950
   -.0154295
   -.0169495
   -.0203998
   -.0218332
   -.0224798
   -.0232232
   -.0213401
   -.0197313
   -.0174392
   -.0116140
   -.0086083
   -.0017214
    .0039439
    .0086043
    .0130624
    .0224516
    .0285359
    .0345806
    .0399489
    .0477505
    .0566460
    .0576925
    .0578826
    .0598257
    .0613305
    .0607191
    .0602475
    .0577034
    .0541246
    .0512852
    .0485367
    .0457138
    .0384933
    .0343484
    .0315714
    .0246472
    .0205114
    .0146193
    .0084970
   -.0022593
   -.0113083
   -.0188401
   -.0275507
   -.0363426
   -.0469178
   -.0535048
   -.0552207
   -.0615766
   -.0628952
   -.0649416
   -.0648214
   -.0642457
   -.0629449
   -.0616381
   -.0601687
   -.0558049
   -.0516544
   -.0489345
   -.0416221
   -.0354892
   -.0281860
   -.0222626
   -.0197998
   -.0127014
   -.0082581
   -.0017326
    .0002558
    .0046568
    .0058440
    .0080843
    .0085938
    .0097435
    .0088128
    .0057944
    .0030262
   -.0015625
   -.0043340
   -.0078726
   -.0107921
   -.0140313
   -.0186366
   -.0221003
   -.0252707
   -.0243914
   -.0289466
   -.0332914
   -.0337287
   -.0382847
   -.0408180
   -.0420995
   -.0441869
   -.0471863
   -.0502049
   -.0523115
   -.0539124
   -.0594172
   -.0614093
   -.0590081
   -.0596125
   -.0594997
   -.0573069
   -.0551803
   -.0508283
   -.0449103
   -.0366139
   -.0289003
   -.0218772
   -.0109024
   -.0048264
   -.0010311
    .0040674
    .0087262
    .0127318
    .0157915
    .0169973
    .0129020
    .0122911
    .0113502
    .0095839
    .0006449
   -.0052186
   -.0117013
   -.0147462
   -.0197723
   -.0225739
   -.0229079
   -.0224360
   -.0210092
   -.0185627
   -.0169534
   -.0121640
   -.0005431
    .0054801
    .0114576
    .0130393
    .0168978
    .0167727
    .0142845
    .0111415
    .0100746
    .0072941
    .0029346
    .0000686
   -.0050126
   -.0094376
   -.0126264
   -.0154292
   -.0162570
   -.0159936
   -.0157838
   -.0172582
   -.0160701
   -.0137474
   -.0121754
   -.0104254
   -.0077904
   -.0062042
   -.0045675
   -.0035842
   -.0024107
   -.0016221
   -.0006160
    .0014551
    .0028887
    .0047359
    .0068935
    .0085270
    .0099709
    .0111600
    .0125658
    .0139399
    .0149448
    .0159219
    .0164205
    .0165539
    .0162462
    .0149677
    .0139149
    .0127659
    .0108059
    .0095441
    .0091120
    .0077739
    .0062793
    .0055173
    .0045207
    .0044214
    .0045854
    .0048210
    .0045744
    .0037555
    .0036006
    .0025087
    .0010531
   -.0002117
   -.0021751
   -.0038096
   -.0054069
   -.0069062
   -.0080264
   -.0088225
   -.0091273
   -.0090073
   -.0065141
   -.0048034
   -.0015337
   -.0010139
    .0010104
    .0031672
    .0048962
    .0064007
    .0076248
    .0076187
    .0070432
    .0070682
    .0075324
    .0079444
    .0076304
    .0066349
    .0044666
    .0033231
    .0040862
    .0043512
    .0050126
    .0052821
    .0058592
    .0062052
    .0063761
    .0069175
    .0088556
    .0100556
    .0114160
    .0100681
    .0107394
    .0119648
    .0107042
    .0102652
    .0099414
    .0089101
    .0095991
    .0104314
    .0106502
    .0095025
    .0085106
    .0065313
    .0044690
    .0024710
    .0017965
    .0008277
   -.0002013
   -.0002227
    .0000655
    .0008567
    .0020813
    .0028826
    .0038259
    .0044817
    .0044309
    .0052409
    .0067225
    .0088003
    .0113039
    .0168772
    .0250106
    .0281470
    .0355315
    .0405584
    .0428832
    .0433664
    .0430799
    .0408346
    .0371799
    .0356675
    .0306359
    .0272476
    .0198587
    .0130696
    .0089623
    .0053002
   -.0010218
   -.0047804
   -.0066615
   -.0087796
   -.0107372
   -.0094896
   -.0074540
   -.0083443
   -.0018392
    .0046494
    .0064415
    .0086706
    .0165907
    .0180929
    .0184450
    .0164046
    .0146525
    .0101736
    .0046510
    .0038430
   -.0079791
   -.0162778
   -.0289934
   -.0330835
   -.0364362
   -.0391692
   -.0428925
   -.0437761
   -.0432644
   -.0409467
   -.0371453
   -.0258013
   -.0184912
   -.0120774
   -.0068261
    .0000924
    .0015305
    .0092089
    .0139165
    .0158851
    .0219119
    .0252143
    .0265462
    .0255091
    .0217659
    .0188040
    .0161206
    .0134199
    .0108464
    .0083568
    .0056844
    .0027808
   -.0001290
   -.0026992
   -.0049004
   -.0072005
   -.0098419
   -.0130188
   -.0165890
   -.0194683
   -.0211755
   -.0214786
   -.0201877
   -.0172689
   -.0130354
   -.0081541
   -.0030788
    .0018613
    .0063401
    .0101350
    .0133298
    .0161012
    .0186078
    .0208026
    .0223733
    .0232792
    .0237420
    .0238958
    .0237397
    .0231530
    .0221928
    .0207309
    .0187026
    .0161459
    .0131525
    .0098260
    .0062175
    .0025266
   -.0009804
   -.0040082
   -.0065520
   -.0087188
   -.0105311
   -.0120421
   -.0134120
   -.0145316
   -.0152248
   -.0154759
   -.0153638
   -.0148416
   -.0138293
   -.0122375
   -.0100846
   -.0074215
   -.0043691
   -.0012273
    .0018312
    .0046317
    .0070524
    .0090048
    .0105444
    .0116611
    .0123410
    .0126341
    .0126732
    .0121173
    .0107934
    .0089641
    .0068628
    .0046662
    .0024416
    .0002818
   -.0016637
   -.0031813
   -.0042198
   -.0049149
   -.0054104
   -.0058034
   -.0061612
   -.0064737
   -.0066567
   -.0064719
   -.0057479
   -.0041588
   -.0014108
    .0020662
    .0055374
    .0085032
    .0107127
    .0118267
    .0119381
    .0113413
    .0102254
    .0087140
    .0070191
    .0054163
    .0041705
    .0032457
    .0025396
    .0019514
    .0012968
    .0006223
    .0000227
   -.0006319
   -.0012330
   -.0017747
   -.0022915
   -.0027507
   -.0031104
   -.0033471
   -.0034574
   -.0034414
   -.0033166
   -.0031155
   -.0028504
   -.0024993
   -.0020851
   -.0015574
   -.0008037
    .0002604
    .0013064
    .0020774
    .0025513
    .0028967
    .0032284
    .0036643
    .0042730
    .0051096
    .0061440
    .0073538
    .0085843
    .0097350
    .0108162
    .0118582
    .0127796
    .0135318
    .0142476
    .0150350
    .0158219
    .0166093
    .0175532
    .0185923
    .0195566
    .0203740
    .0208909
    .0207500
    .0195787
    .0174177
    .0144955
    .0110303
    .0073449
    .0037511
    .0003587
   -.0026460
   -.0048770
   -.0061510
   -.0065857
   -.0064383
   -.0059849
   -.0053504
   -.0046691
   -.0040992
   -.0038119
   -.0038992
   -.0041507
   -.0043477
   -.0043662
   -.0038592
   -.0028607
   -.0016671
   -.0003929
    .0009873
    .0024903
    .0037921
    .0046124
    .0051303
    .0052145
    .0053381
    .0058138
    .0064664
    .0072262
    .0078791
    .0085492
    .0092842
    .0100470
    .0108566
    .0116824
    .0125068
    .0133259
    .0141481
    .0150766
    .0161015
    .0172367
    .0185129
    .0199775
    .0218358
    .0243095
    .0268416
    .0296731
    .0325053
    .0350938
    .0373415
    .0391029
    .0402247
    .0406904
    .0406027
    .0399753
    .0389678
    .0377713
    .0366422
    .0356841
    .0346754
    .0334044
    .0317982
    .0299313
    .0277212
    .0251577
    .0224372
    .0197374
    .0172248
    .0150547
    .0132764
    .0115504
    .0096303
    .0073735
    .0047241
    .0016091
   -.0019896
   -.0059507
   -.0105062
   -.0151812
   -.0195660
   -.0233575
   -.0260955
   -.0277927
   -.0288085
   -.0295824
   -.0302840
   -.0309229
   -.0315757
   -.0321153
   -.0321315
   -.0313540
   -.0299731
   -.0280796
   -.0256502
   -.0229352
   -.0200546
   -.0170675
   -.0139420
   -.0107350
   -.0074163
   -.0039796
   -.0004630
    .0029816
    .0062253
    .0091319
    .0116038
    .0136137
    .0152054
    .0165014
    .0175856
    .0185551
    .0195299
    .0205256
    .0216462
    .0230891
    .0246877
    .0261337
    .0273426
    .0283625
    .0291201
    .0294758
    .0293974
    .0287990
    .0274214
    .0253347
    .0228383
    .0202398
    .0179410
    .0161192
    .0143645
    .0122695
    .0093324
    .0052675
    .0008579
   -.0032918
   -.0067022
   -.0100404
   -.0129692
   -.0155312
   -.0177953
   -.0197721
   -.0213779
   -.0225207
   -.0232349
   -.0235078
   -.0234951
   -.0230487
   -.0219366
   -.0204245
   -.0191797
   -.0182495
   -.0173064
   -.0163264
   -.0153706
   -.0142546
   -.0129178
   -.0114862
   -.0100063
   -.0084075
   -.0067424
   -.0050736
   -.0031244
   -.0007891
    .0015861
    .0037592
    .0055065
    .0066706
    .0072148
    .0073741
    .0074674
    .0078589
    .0087880
    .0100267
    .0111568
    .0121171
    .0129826
    .0136381
    .0138428
    .0134157
    .0121249
    .0100522
    .0075564
    .0047599
    .0017554
   -.0013036
   -.0041179
   -.0065295
   -.0085638
   -.0102596
   -.0113995
   -.0119362
   -.0119610
   -.0114758
   -.0104647
   -.0091437
   -.0078446
   -.0069138
   -.0064901
   -.0064637
   -.0066846
   -.0073280
   -.0081558
   -.0092143
   -.0104251
   -.0115057
   -.0124384
   -.0130188
   -.0131574
   -.0128225
   -.0119605
   -.0108945
   -.0094959
   -.0077568
   -.0058085
   -.0037921
   -.0018243
    .0001944
    .0024001
    .0049222
    .0077481
    .0108470
    .0143277
    .0181165
    .0219562
    .0257424
    .0294700
    .0330433
    .0362563
    .0389718
    .0411386
    .0427379
    .0439285
    .0448446
    .0454825
    .0459226
    .0461286
    .0461145
    .0459286
    .0454529
    .0445520
    .0432041
    .0414922
    .0395064
    .0369346
    .0340992
    .0314630
    .0290439
    .0265304
    .0238390
    .0211237
    .0184298
    .0157720
    .0133115
    .0112233
    .0096166
    .0085234
    .0080030
    .0081725
    .0087561
    .0089782
    .0082913
    .0065686
    .0034838
   -.0009392
   -.0059190
   -.0103769
   -.0134559
   -.0151671
   -.0165596
   -.0176402
   -.0183777
   -.0197460
   -.0214239
   -.0229591
   -.0242160
   -.0250919
   -.0255451
   -.0255063
   -.0249195
   -.0237828
   -.0217949
   -.0187806
   -.0149505
   -.0106714
   -.0063372
   -.0021561
    .0015416
    .0047152
    .0075457
    .0103904
    .0134176
    .0163063
    .0187639
    .0207793
    .0225176
    .0240706
    .0254749
    .0267467
    .0277792
    .0285219
    .0290978
    .0295843
    .0299594
    .0301050
    .0297790
    .0287034
    .0268373
    .0245272
    .0219358
    .0187894
    .0150263
    .0110277
    .0069659
    .0028313
   -.0013081
   -.0051484
   -.0085883
   -.0115160
   -.0141226
   -.0161822
   -.0174056
   -.0174059
   -.0159895
   -.0127466
   -.0081833
   -.0035537
    .0011798
    .0058264
    .0095508
    .0125965
    .0153368
    .0179133
    .0204384
    .0229213
    .0252221
    .0271645
    .0285943
    .0294053
    .0297728
    .0299487
    .0302375
    .0309390
    .0318358
    .0324694
    .0328000
    .0332585
    .0343888
    .0357329
    .0369900
    .0386581
    .0394358
    .0389016
    .0378162
    .0367794
    .0360867
    .0359959
    .0366183
    .0377304
    .0390252
    .0401064
    .0406776
    .0406650
    .0403247
    .0391454
    .0369749
    .0341293
    .0309134
    .0275682
    .0242593
    .0212503
    .0187649
    .0167503
    .0151044
    .0138197
    .0128973
    .0123176
    .0118701
    .0114305
    .0110160
    .0107063
    .0105502
    .0103905
    .0101552
    .0098239
    .0094458
    .0089203
    .0080662
    .0067686
    .0050523
    .0029731
    .0006700
   -.0015556
   -.0035498
   -.0053925
   -.0070455
   -.0085209
   -.0099293
   -.0113062
   -.0125194
   -.0135761
   -.0145633
   -.0155345
   -.0163550
   -.0170609
   -.0178807
   -.0185799
   -.0189638
   -.0188746
   -.0181619
   -.0167331
   -.0146787
   -.0120542
   -.0089542
   -.0055506
   -.0021401
    .0010028
    .0035833
    .0056932
    .0075089
    .0089053
    .0096710
    .0099753
    .0101633
    .0101940
    .0098170
    .0087129
    .0069760
    .0050118
    .0033328
    .0023497
    .0018609
    .0016817
    .0019101
    .0021724
    .0026731
    .0033465
    .0044339
    .0057923
    .0076400
    .0095433
    .0106843
    .0111223
    .0111430
    .0111735
    .0115098
    .0123818
    .0139007
    .0159561
    .0181121
    .0197908
    .0202186
    .0191201
    .0167549
    .0135296
    .0096461
    .0053473
    .0009863
   -.0030571
   -.0065285
   -.0093751
   -.0114517
   -.0124172
   -.0120012
   -.0101756
   -.0071472
   -.0033932
    .0005751
    .0043937
    .0079064
    .0110451
    .0136979
    .0156677
    .0167713
    .0169556
    .0164588
    .0156855
    .0147771
    .0135780
    .0125190
    .0115198
    .0103846
    .0090381
    .0075465
    .0058891
    .0039139
    .0019817
    .0002674
   -.0012891
   -.0027773
   -.0042703
   -.0058013
   -.0074696
   -.0092820
   -.0108536
   -.0125387
   -.0141050
   -.0148419
   -.0148904
   -.0146292
   -.0142252
   -.0136726
   -.0130182
   -.0121916
   -.0111034
   -.0097946
   -.0083343
   -.0067042
   -.0048779
   -.0028632
   -.0006613
    .0017921
    .0043477
    .0068427
    .0089948
    .0107642
    .0123560
    .0135262
    .0144952
    .0154833
    .0165075
    .0176454
    .0186421
    .0188955
    .0193896
    .0197697
    .0194149
    .0187228
    .0175499
    .0163461
    .0153386
    .0144560
    .0134948
    .0124030
    .0112413
    .0100745
    .0087513
    .0071741
    .0053321
    .0033413
    .0012912
   -.0007260
   -.0025305
   -.0038111
   -.0046503
   -.0054350
   -.0065816
   -.0082490
   -.0103002
   -.0125552
   -.0145409
   -.0156749
   -.0156316
   -.0146748
   -.0135634
   -.0125589
   -.0115857
   -.0105966
   -.0096846
   -.0088341
   -.0079840
   -.0071429
   -.0063780
   -.0057324
   -.0052322
   -.0048154
   -.0044426
   -.0040471
   -.0035066
   -.0027385
   -.0018141
   -.0008824
    .0000543
    .0010933
    .0022210
    .0034489
    .0046612
    .0060283
    .0077936
    .0099115
    .0121367
    .0139982
    .0149651
    .0152417
    .0145331
    .0136525
    .0128505
    .0119887
    .0111682
    .0101956
    .0090828
    .0077198
    .0061534
    .0044487
    .0025803
    .0006224
   -.0011351
   -.0025320
   -.0036760
   -.0046149
   -.0052341
   -.0054936
   -.0055475
   -.0053956
   -.0049574
   -.0040874
   -.0026008
   -.0005838
    .0017093
    .0040237
    .0062684
    .0084550
    .0104031
    .0118924
    .0126578
    .0125873
    .0117150
    .0102506
    .0082803
    .0060071
    .0038094
    .0020818
    .0008721
   -.0000953
   -.0010300
   -.0019647
   -.0027558
   -.0031961
   -.0033320
   -.0033844
   -.0033353
   -.0029668
   -.0023451
   -.0015631
   -.0006958
    .0003007
    .0013054
    .0022888
    .0032430
    .0041118
    .0048141
    .0053784
    .0057956
    .0061531
    .0065560
    .0072931
    .0085593
    .0102327
    .0119201
    .0130192
    .0131988
    .0125776
    .0114524
    .0099621
    .0081732
    .0062106
    .0041370
    .0020291
   -.0000034
   -.0018859
   -.0033749
   -.0039357
   -.0036641
   -.0025349
   -.0005462
    .0021573
    .0054370
    .0087866
    .0115824
    .0135591
    .0147592
    .0152984
    .0153637
    .0151530
    .0147493
    .0142190
    .0137549
    .0133858
    .0130639
    .0127431
    .0124102
    .0119199
    .0110338
    .0096228
    .0077964
    .0058184
    .0040661
    .0029084
    .0023091
    .0023644
    .0030410
    .0041968
    .0055268
    .0069179
    .0083207
    .0095823
    .0104569
    .0109652
    .0111878
    .0112184
    .0111846
    .0111203
    .0109648
    .0107584
    .0106921
    .0109154
    .0112998
    .0118454
    .0126156
    .0133443
    .0138059
    .0140163
    .0139258
    .0134534
    .0126230
    .0115509
    .0104080
    .0093408
    .0084713
    .0078948
    .0075782
    .0072307
    .0063419
    .0047811
    .0027475
    .0004507
   -.0016891
   -.0032722
   -.0043470
   -.0049139
   -.0048481
   -.0042348
   -.0030952
   -.0014570
    .0005231
    .0021405
    .0032038
    .0038041
    .0039424
    .0040009
    .0044907
    .0053218
    .0057997
    .0054889
    .0043463
    .0025487
    .0002988
   -.0021868
   -.0047631
   -.0073722
   -.0099708
   -.0123917
   -.0145350
   -.0163460
   -.0178957
   -.0190640
   -.0196524
   -.0195062
   -.0186457
   -.0170278
   -.0147517
   -.0121162
   -.0096142
   -.0075529
   -.0058863
   -.0044856
   -.0032132
   -.0019474
   -.0006829
    .0004741
    .0013255
    .0018138
    .0018752
    .0014173
    .0004410
   -.0009988
   -.0028916
   -.0053184
   -.0083033
   -.0117699
   -.0154928
   -.0191662
   -.0227502
   -.0262950
   -.0294161
   -.0313966
   -.0320200
   -.0316075
   -.0304561
   -.0287334
   -.0268603
   -.0251680
   -.0233850
   -.0216997
   -.0205135
   -.0192268
   -.0176481
   -.0157208
   -.0133439
   -.0106508
   -.0078721
   -.0052007
   -.0027819
   -.0006430
    .0013051
    .0030405
    .0046065
    .0058381
    .0064175
    .0062823
    .0052998
    .0036285
    .0016255
   -.0003840
   -.0023036
   -.0037277
   -.0044808
   -.0040675
   -.0023788
    .0003691
    .0034970
    .0061570
    .0073496
    .0067661
    .0051815
    .0023014
   -.0012924
   -.0049273
   -.0083938
   -.0115168
   -.0145474
   -.0175536
   -.0207215
   -.0237287
   -.0263568
   -.0284080
   -.0294321
   -.0297608
   -.0293812
   -.0282516
   -.0265493
   -.0244045
   -.0220823
   -.0196416
   -.0170451
   -.0144804
   -.0122811
   -.0105856
   -.0092444
   -.0082392
   -.0077267
   -.0074093
   -.0069315
   -.0060136
   -.0046100
   -.0028326
   -.0008547
    .0012757
    .0035483
    .0058783
    .0080399
    .0099601
    .0116134
    .0131002
    .0145384
    .0159660
    .0173942
    .0186802
    .0195677
    .0197867
    .0192727
    .0182763
    .0169592
    .0155089
    .0140687
    .0127818
    .0116258
    .0105579
    .0095974
    .0088960
    .0085232
    .0087945
    .0095157
    .0103057
    .0108043
    .0108395
    .0103229
    .0090506
    .0073361
    .0057771
    .0040972
    .0026260
    .0013185
    .0003818
   -.0002026
   -.0001806
    .0005251
    .0019135
    .0037803
    .0057350
    .0076040
    .0092510
    .0105728
    .0115048
    .0120753
    .0123993
    .0123735
    .0120267
    .0112437
    .0100482
    .0086633
    .0073349
    .0062931
    .0056986
    .0056140
    .0057373
    .0060143
    .0067274
    .0075264
    .0080709
    .0083270
    .0083901
    .0080057
    .0074684
    .0069681
    .0065182
    .0062999
    .0063010
    .0065615
    .0070662
    .0078074
    .0085963
    .0094453
    .0102013
    .0106947
    .0108928
    .0108641
    .0106516
    .0102858
    .0098524
    .0094717
    .0091725
    .0095475
    .0106136
    .0120877
    .0135662
    .0147052
    .0158156
    .0170328
    .0185039
    .0201282
    .0217775
    .0232453
    .0243853
    .0250599
    .0252765
    .0250494
    .0241920
    .0227515
    .0209320
    .0188669
    .0167308
    .0144447
    .0121175
    .0098628
    .0077979
    .0059843
    .0044676
    .0030552
    .0017693
    .0004739
   -.0009573
   -.0026371
   -.0044752
   -.0063282
   -.0080307
   -.0095722
   -.0108405
   -.0117495
   -.0120816
   -.0118266
   -.0108371
   -.0092671
   -.0071615
   -.0047164
   -.0022306
    .0000678
    .0021271
    .0038467
    .0052070
    .0062991
    .0071309
    .0077190
    .0080741
    .0080138
    .0075527
    .0066451
    .0054085
    .0036406
    .0016831
   -.0004653
   -.0027067
   -.0049100
   -.0069611
   -.0088425
   -.0104868
   -.0119987
   -.0133031
   -.0144175
   -.0152272
   -.0157661
   -.0160393
   -.0160397
   -.0157236
   -.0150656
   -.0136606
   -.0113553
   -.0082498
   -.0046638
   -.0010023
    .0024049
    .0054609
    .0081838
    .0105938
    .0125915
    .0141488
    .0151466
    .0156530
    .0156474
    .0150872
    .0139219
    .0124006
    .0107515
    .0090139
    .0072314
    .0054872
    .0038383
    .0022688
    .0007079
   -.0008622
   -.0024653
   -.0040420
   -.0055808
   -.0069880
   -.0081486
   -.0090773
   -.0097844
   -.0103625
   -.0108647
   -.0109805
   -.0104567
   -.0093560
   -.0078326
   -.0059743
   -.0037981
   -.0014095
    .0009930
    .0032175
    .0052185
    .0070252
    .0084842
    .0095865
    .0105008
    .0113230
    .0120312
    .0126563
    .0132994
    .0137523
    .0138890
    .0136073
    .0128231
    .0115512
    .0098242
    .0077290
    .0056507
    .0040640
    .0034785
    .0041992
    .0056289
    .0073104
    .0084912
    .0092732
    .0096484
    .0098652
    .0099063
    .0099025
    .0097235
    .0096765
    .0094801
    .0092228
    .0090558
    .0088481
    .0084612
    .0079549
    .0076658
    .0076496
    .0077568
    .0080490
    .0081987
    .0079904
    .0074506
    .0061916
    .0044991
    .0023805
   -.0000455
   -.0024540
   -.0044487
   -.0056343
   -.0059499
   -.0055101
   -.0046562
   -.0035449
   -.0021416
   -.0003209
    .0019587
    .0046468
    .0077493
    .0111518
    .0146562
    .0179968
    .0209820
    .0235280
    .0255708
    .0270093
    .0278255
    .0281910
    .0282214
    .0278901
    .0271949
    .0261479
    .0248539
    .0232963
    .0216653
    .0200036
    .0184564
    .0170499
    .0157856
    .0146157
    .0135837
    .0127072
    .0119528
    .0112572
    .0105236
    .0097162
    .0088745
    .0080928
    .0074077
    .0068874
    .0065301
    .0062451
    .0062120
    .0064727
    .0070006
    .0076627
    .0084327
    .0093085
    .0103481
    .0113227
    .0118892
    .0118066
    .0112186
    .0101645
    .0090183
    .0079487
    .0071235
    .0065255
    .0061344
    .0055925
    .0051665
    .0046395
    .0039769
    .0031245
    .0021479
    .0025871
    .0031694
    .0038747
    .0049280
    .0059772
    .0072125
    .0083933
    .0093934
    .0102373
    .0109790
    .0116436
    .0122974
    .0127637
    .0130657
    .0131113
    .0129723
    .0129066
    .0127198
    .0120423
    .0113175
    .0106408
    .0102161
    .0100795
    .0102997
    .0106948
    .0113414
    .0119724
    .0127463
    .0134870
    .0143582
    .0150853
    .0157683
    .0158993
    .0157264
    .0155724
    .0149708
    .0145252
    .0139970
    .0135857
    .0127599
    .0122951
    .0119987
    .0118396
    .0119584
    .0117672
    .0117018
    .0114336
    .0111105
    .0107786
    .0102501
    .0102691
    .0104031
    .0103618
    .0103687
    .0102883
    .0102250
    .0101007
    .0100888
    .0098415
    .0098323
    .0095319
    .0093124
    .0092368
    .0087424
    .0086074
    .0087241
    .0088586
    .0091510
    .0092250
    .0093248
    .0093797
    .0094645
    .0095876
    .0096346
    .0095100
    .0095613
    .0094882
    .0096437
    .0096535
    .0096343
    .0097466
    .0097429
    .0097490
    .0096723
    .0094127
    .0093232
    .0096605
    .0095996
    .0100497
    .0104295
    .0103271
    .0106297
    .0106767
    .0106156
    .0105196
    .0104053
    .0104544
    .0106018
    .0103688
    .0103156
    .0102316
    .0102761
    .0102149
    .0105498
    .0103217
    .0105644
    .0105859
    .0106076
    .0104769
    .0105166
    .0104879
    .0106284
    .0102050
    .0103615
    .0099033
    .0099915
    .0096049
    .0096832
    .0094220
    .0093459
    .0090333
    .0090143
    .0086351
    .0085362
    .0081472
    .0078098
    .0074311
    .0071211
    .0062281
    .0060926
    .0057899
    .0058115
    .0054941
    .0056043
    .0052500
    .0054094
    .0059576
    .0056082
    .0056247
    .0060686
    .0062569
    .0067611
    .0067600
    .0076737
    .0074734
    .0103583