    .0007127
   -.0001509
    .0029597
    .0041316
    .0051710
    .0053770
    .0056264
    .0057038
    .0058137
    .0059292
    .0060201
    .0061682
    .0062217
    .0063219
    .0062344
    .0062066
    .0060534
    .0061339
    .0062275
    .0064744
    .0065202
    .0065105
    .0060160
    .0057405
    .0054111
    .0055528
    .0054765
    .0054262
    .0053112
    .0056586
    .0060239
    .0062538
    .0059241
    .0052818
    .0041374
    .0037251
    .0037647
    .0040190
    .0041299
    .0044001
    .0041688
    .0037068
    .0026398
    .0020240
    .0025125
    .0033833
    .0041749
    .0045845
    .0041485
    .0033174
    .0020992
    .0019941
    .0017087
    .0014038
    .0008395
   -.0001032
   -.0015563
   -.0028964
   -.0043013
   -.0053958
   -.0043401
   -.0029550
   -.0011715
    .0005601
    .0013797
    .0017049
    .0013556
    .0004925
   -.0002932
   -.0006843
   -.0015851
   -.0029347
   -.0055791
   -.0077732
   -.0083591
   -.0081069
   -.0083352
   -.0094084
   -.0106448
   -.0106036
   -.0105027
   -.0095222
   -.0069036
   -.0036307
   -.0011305
   -.0009316
   -.0033282
   -.0079135
   -.0139109
   -.0186123
   -.0201868
   -.0175834
   -.0101342
   -.0014202
   -.0000547
   -.0078023
   -.0201342
   -.0263138
   -.0223408
   -.0112151
    .0011564
    .0019566
   -.0046944
   -.0097728
   -.0146898
   -.0152140
   -.0202609
   -.0255639
   -.0266121
   -.0235876
   -.0146993
   -.0083878
   -.0068750
   -.0087036
   -.0104356
   -.0112121
   -.0110571
   -.0098352
   -.0066920
   -.0028730
   -.0002472
   -.0006720
   -.0053540
   -.0121706
   -.0193465
   -.0258331
   -.0302264
   -.0298111
   -.0243896
   -.0156060
   -.0072427
   -.0046030
   -.0080408
   -.0163523
   -.0265973
   -.0334445
   -.0338554
   -.0275357
   -.0151355
   -.0023820
    .0043965
    .0041412
   -.0020282
   -.0105403
   -.0180987
   -.0233854
   -.0248189
   -.0181699
   -.0051560
    .0037770
    .0015122
   -.0134232
   -.0275002
   -.0346452
   -.0345290
   -.0289943
   -.0198909
   -.0101880
   -.0021864
    .0018295
    .0020215
    .0002169
   -.0032136
   -.0075193
   -.0107064
   -.0108366
   -.0074846
   -.0015827
    .0022081
    .0005672
   -.0040873
   -.0102541
   -.0159667
   -.0222253
   -.0277210
   -.0303086
   -.0267044
   -.0155928
   -.0028688
    .0057714
    .0056960
   -.0017637
   -.0093542
   -.0141668
   -.0147903
   -.0100305
   -.0009906
    .0087105
    .0136425
    .0058117
   -.0116268
   -.0281476
   -.0359006
   -.0294102
   -.0128406
    .0015719
    .0045270
   -.0048487
   -.0105682
   -.0099570
   -.0060575
   -.0014349
   -.0027159
   -.0043162
   -.0033311
   -.0026603
   -.0012882
   -.0031497
   -.0088890
   -.0167628
   -.0234091
   -.0256028
   -.0225199
   -.0144074
   -.0017582
    .0056400
    .0060949
    .0050569
    .0048352
    .0062706
    .0079881
    .0046052
   -.0002369
    .0000762
    .0007164
    .0024089
    .0012444
   -.0051966
   -.0126723
   -.0190677
   -.0233747
   -.0252438
   -.0248992
   -.0218569
   -.0161279
   -.0099926
   -.0077042
   -.0079795
   -.0059374
    .0004032
    .0099811
    .0177214
    .0160439
    .0048084
   -.0025179
   -.0063209
   -.0047837
   -.0019325
   -.0029784
   -.0023274
   -.0029039
   -.0040204
   -.0057307
   -.0124691
   -.0236294
   -.0329636
   -.0298282
   -.0166745
   -.0004495
    .0090797
    .0000684
   -.0104737
   -.0104320
   -.0013282
    .0113965
    .0152203
    .0138851
    .0121541
    .0112858
    .0099939
    .0077104
    .0041571
   -.0006687
   -.0089281
   -.0198163
   -.0299991
   -.0345250
   -.0284788
   -.0152529
    .0005056
    .0132094
    .0146264
    .0089488
    .0029865
   -.0002955
   -.0009992
    .0001192
    .0033522
    .0077672
    .0109309
    .0098599
    .0052515
   -.0008473
   -.0053352
   -.0059732
   -.0039688
   -.0004130
   -.0003921
   -.0074851
   -.0130505
   -.0128948
   -.0069771
    .0038575
    .0088661
    .0047110
   -.0033724
   -.0061676
   -.0034728
    .0026781
    .0083358
    .0073093
    .0017984
   -.0024478
   -.0035048
   -.0015335
    .0018511
    .0054833
    .0087021
    .0109545
    .0118967
    .0109602
    .0069550
   -.0007142
   -.0114191
   -.0189119
   -.0210791
   -.0194784
   -.0133837
   -.0059207
   -.0011459
    .0007060
    .0032867
    .0039721
    .0049454
    .0046599
   -.0003438
   -.0036776
   -.0034418
   -.0008330
    .0049955
    .0103946
    .0119619
    .0085098
   -.0002832
   -.0142055
   -.0269570
   -.0325012
   -.0276177
   -.0118922
    .0066448
    .0189931
    .0181602
    .0038967
   -.0082809
   -.0111248
   -.0059158
    .0038327
    .0084418
    .0052764
   -.0022980
   -.0086528
   -.0087053
   -.0043811
    .0027136
    .0105907
    .0132087
    .0103442
    .0039307
   -.0044924
   -.0133245
   -.0191706
   -.0191664
   -.0117679
    .0030475
    .0141768
    .0152315
    .0055410
   -.0097616
   -.0211346
   -.0236474
   -.0158860
    .0024040
    .0234658
    .0360816
    .0342364
    .0162335
   -.0114529
   -.0320381
   -.0381711
   -.0276549
   -.0041742
    .0199933
    .0361494
    .0370462
    .0179525
   -.0074191
   -.0254165
   -.0298382
   -.0203191
   -.0052534
    .0083278
    .0155868
    .0126685
   -.0000297
   -.0158730
   -.0283022
   -.0301278
   -.0169743
    .0022308
    .0219437
    .0361953
    .0324028
    .0161920
   -.0019345
   -.0144316
   -.0181599
   -.0187086
   -.0171072
   -.0127966
   -.0040891
    .0058114
    .0102334
    .0048330
   -.0107762
   -.0237165
   -.0259285
   -.0168932
    .0012520
    .0178831
    .0224546
    .0136091
   -.0017679
   -.0057335
    .0032188
    .0182233
    .0340700
    .0330463
    .0134460
   -.0109478
   -.0297770
   -.0381499
   -.0392316
   -.0296995
   -.0108339
    .0111237
    .0174474
    .0084195
   -.0084571
   -.0209437
   -.0214213
   -.0130954
    .0037916
    .0271164
    .0468516
    .0492194
    .0340575
    .0099719
   -.0040684
   -.0050956
   -.0001903
    .0013815
   -.0102223
   -.0243911
   -.0309252
   -.0282092
   -.0170155
   -.0055621
    .0007580
    .0023663
    .0040858
    .0100712
    .0173828
    .0240663
    .0247062
    .0140804
    .0034148
   -.0037527
   -.0073460
   -.0088981
   -.0125234
   -.0102213
   -.0054715
    .0036601
    .0015832
   -.0112533
   -.0242394
   -.0263796
   -.0165744
   -.0030773
    .0044647
   -.0004449
   -.0068908
   -.0065418
    .0006506
    .0134825
    .0264596
    .0356250
    .0391783
    .0368598
    .0278533
    .0151167
    .0017597
   -.0094127
   -.0160999
   -.0175982
   -.0136459
   -.0050554
    .0052861
    .0120231
    .0130350
    .0073900
   -.0044981
   -.0178249
   -.0267698
   -.0260873
   -.0105408
    .0203623
    .0527684
    .0740140
    .0700130
    .0411131
    .0129132
   -.0036727
   -.0056112
    .0028390
    .0149209
    .0266435
    .0333876
    .0290970
    .0200160
    .0171030
    .0231909
    .0367065
    .0445047
    .0358689
    .0118394
   -.0105956
   -.0097954
    .0087278
    .0371047
    .0661603
    .0830183
    .0869029
    .0811460
    .0702668
    .0598696
    .0521159
    .0479389
    .0476466
    .0523641
    .0596242
    .0662494
    .0688708
    .0631521
    .0499301
    .0324382
    .0137362
   -.0020099
   -.0094256
   -.0066891
    .0055545
    .0253277
    .0434332
    .0493522
    .0394261
    .0208139
    .0181835
    .0306184
    .0449018
    .0530555
    .0324530
   -.0048320
   -.0394838
   -.0595844
   -.0601468
   -.0425479
   -.0099029
    .0307176
    .0659313
    .0800916
    .0757949
    .0577457
    .0327560
    .0072723
   -.0163371
   -.0356408
   -.0461155
   -.0381846
   -.0193976
   -.0018235
    .0017474
   -.0200473
   -.0498856
   -.0728051
   -.0773470
   -.0578790
   -.0224307
    .0223991
    .0664351
    .0898582
    .0795206
    .0508785
    .0192770
    .0031208
    .0032359
    .0059605
    .0040961
   -.0047361
   -.0200398
   -.0434482
   -.0704859
   -.0916938
   -.0914655
   -.0776672
   -.0593194
   -.0451553
   -.0500339
   -.0692244
   -.0910250
   -.1055989
   -.1059131
   -.0961993
   -.0803644
   -.0617769
   -.0467657
   -.0494720
   -.0691720
   -.0965616
   -.1166178
   -.1200926
   -.1142871
   -.1016782
   -.0837245
   -.0632171
   -.0493084
   -.0453380
   -.0509734
   -.0575151
   -.0587827
   -.0561732
   -.0510365
   -.0456937
   -.0446462
   -.0484860
   -.0554187
   -.0617234
   -.0646824
   -.0628525
   -.0542142
   -.0354555
   -.0075915
    .0192065
    .0367991
    .0359010
    .0176855
   -.0015233
   -.0124551
   -.0110771
   -.0008749
    .0230412
    .0665438
    .1268575
    .1802534
    .1986785
    .1893986
    .1642266
    .1424861
    .1276801
    .1178323
    .1124198
    .1171972
    .1337540
    .1482750
    .1543100
    .1508467
    .1424514
    .1318685
    .1192122
    .1035936
    .0802288
    .0483862
    .0127139
   -.0201956
   -.0431931
   -.0574779
   -.0634676
   -.0619255
   -.0570918
   -.0602875
   -.0731510
   -.0906313
   -.1005130
   -.0933112
   -.0750360
   -.0529419
   -.0343338
   -.0209370
   -.0085360
    .0028636
    .0101480
    .0023539
   -.0159445
   -.0372378
   -.0551128
   -.0660626
   -.0705644
   -.0670978
   -.0552210
   -.0329288
   -.0035710
    .0288139
    .0590961
    .0780426
    .0831783
    .0832702
    .0854415
    .0946168
    .1064362
    .1144718
    .1141672
    .1002989
    .0685430
    .0271880
   -.0110038
   -.0319234
   -.0264088
   -.0083589
    .0095956
    .0129343
    .0007275
   -.0080461
   -.0096447
   -.0083492
   -.0115680
   -.0246367
   -.0491650
   -.0824887
   -.1145913
   -.1291414
   -.1222607
   -.0963353
   -.0608019
   -.0499955
   -.0758951
   -.1159983
   -.1299893
   -.0994300
   -.0623431
   -.0419004
   -.0594213
   -.1009858
   -.1311258
   -.1418355
   -.1347587
   -.1168242
   -.0860324
   -.0541992
   -.0380831
   -.0565909
   -.0771694
   -.0712959
   -.0365257
    .0041193
    .0094599
   -.0134486
   -.0451552
   -.0622608
   -.0530534
   -.0299039
    .0003337
    .0311230
    .0492807
    .0411107
    .0063998
   -.0468975
   -.0925907
   -.1112571
   -.0993944
   -.0591620
    .0027762
    .0583434
    .0864532
    .0775264
    .0345169
   -.0092193
   -.0354985
   -.0390102
   -.0226216
    .0053962
    .0381682
    .0687171
    .0869466
    .0797129
    .0604613
    .0431601
    .0394275
    .0587613
    .0874781
    .1159201
    .1396327
    .1577117
    .1710023
    .1777022
    .1759092
    .1612266
    .1370462
    .1062251
    .0669942
    .0175320
   -.0314578
   -.0600766
   -.0651530
   -.0491388
   -.0305552
   -.0319726
   -.0562973
   -.0866894
   -.0903139
   -.0668923
   -.0295002
    .0120213
    .0359466
    .0419104
    .0354828
    .0214194
    .0017186
   -.0191696
   -.0364766
   -.0458131
   -.0438227
   -.0262993
    .0029377
    .0382781
    .0700218
    .0803948
    .0719658
    .0530029
    .0331793
    .0187797
    .0156179
    .0286952
    .0584926
    .0935782
    .1056594
    .0867506
    .0385833
   -.0182469
   -.0623848
   -.0886013
   -.0924857
   -.0625335
    .0038100
    .0774966
    .1276021
    .1177862
    .0472884
   -.0403564
   -.1167740
   -.1595746
   -.1539265
   -.1182311
   -.0745717
   -.0446233
   -.0482176
   -.0659763
   -.0832082
   -.0908512
   -.0866447
   -.0723931
   -.0501636
   -.0247189
   -.0047078
    .0018102
    .0005795
   -.0045534
   -.0096817
   -.0162027
   -.0232338
   -.0269306
   -.0236115
   -.0182120
   -.0182334
   -.0280007
   -.0535274
   -.0885588
   -.1093479
   -.1014092
   -.0605515
    .0013747
    .0481513
    .0592285
    .0289286
   -.0222865
   -.0592818
   -.0767305
   -.0771380
   -.0700269
   -.0578666
   -.0392905
   -.0176121
   -.0034191
   -.0144859
   -.0423790
   -.0740514
   -.0986634
   -.1140634
   -.1266845
   -.1346852
   -.1341998
   -.1112966
   -.0744974
   -.0383221
   -.0155806
   -.0176631
   -.0335750
   -.0483331
   -.0505365
   -.0345122
   -.0077883
    .0286691
    .0732386
    .1209569
    .1522103
    .1579701
    .1412343
    .1113497
    .0882584
    .0722507
    .0603757
    .0481207
    .0449346
    .0536562
    .0648565
    .0582830
    .0214508
   -.0184032
   -.0524240
   -.0660468
   -.0575147
   -.0552387
   -.0567749
   -.0526022
   -.0408221
   -.0217471
   -.0108022
   -.0181114
   -.0432454
   -.0704209
   -.0834215
   -.0747483
   -.0422503
    .0008465
    .0327432
    .0438242
    .0292382
   -.0106747
   -.0602219
   -.1084694
   -.1467514
   -.1652931
   -.1595220
   -.1319443
   -.0878037
   -.0380733
   -.0071655
   -.0067842
   -.0348492
   -.0755395
   -.0961684
   -.0935751
   -.0694549
   -.0309677
    .0093148
    .0285894
    .0173933
   -.0267198
   -.0790273
   -.1082542
   -.1068263
   -.0757337
   -.0218344
    .0392207
    .0908165
    .1174044
    .1022044
    .0618647
    .0255229
    .0127915
    .0328248
    .0654760
    .0889632
    .0906648
    .0590769
   -.0029233
   -.0660070
   -.1124777
   -.1330104
   -.1381721
   -.1343198
   -.1145172
   -.0769559
   -.0286194
    .0032580
    .0084850
   -.0143697
   -.0549197
   -.0903099
   -.1115225
   -.1131963
   -.0941831
   -.0560408
   -.0137141
    .0121884
   -.0040670
   -.0632121
   -.1304542
   -.1838878
   -.2014657
   -.1639299
   -.0932178
   -.0179260
    .0314821
    .0282987
   -.0013284
   -.0337233
   -.0501599
   -.0363516
   -.0127746
    .0057124
    .0151014
    .0177326
    .0134565
   -.0015756
   -.0304883
   -.0779275
   -.1344541
   -.1871962
   -.2291630
   -.2545530
   -.2502280
   -.1771456
   -.0998187
   -.0609417
   -.0325545
   -.0185200
   -.0459182
   -.0806034
   -.0948621
   -.0894238
   -.1173461
   -.1053713
   -.0606895
   -.0551778
   -.0573065
   -.0900434
   -.1813086
   -.1795024
   -.1491682
   -.0471501
    .0886681
    .1408451
    .1501191
    .0327098
   -.0446183
   -.1002068
   -.1491449
   -.1570827
   -.0361425
    .0281577
    .0070322
   -.0116988
   -.0257114
   -.0947306
   -.1020866
   -.0630297
   -.0111481
    .0017522
    .0575646
    .0803743
    .0939780
    .0451438
    .0055223
   -.0477462
   -.1051261
   -.0870966
   -.0248669
    .0246405
    .0766436
    .1105508
    .1063088
    .0941628
    .0887612
    .0579598
    .0481137
    .0680305
    .0793345
    .0924482
    .0963949
    .0795552
    .0433598
    .0062530
   -.0153184
   -.0511004
   -.0585708
   -.0261655
    .0336637
    .0851005
    .1256617
    .1659954
    .1753185
    .1262721
    .0303118
   -.0095183
   -.0264584
   -.0184367
    .0510719
    .1281733
    .1832594
    .2178084
    .2083730
    .1443805
    .1132757
    .0945094
    .1109841
    .1460767
    .1738948
    .1916778
    .1259355
    .0349634
   -.0518702
   -.0915400
   -.0669852
   -.0770294
   -.0983043
   -.1530544
   -.1986066
   -.2295230
   -.2277859
   -.2046664
   -.1876374
   -.1720741
   -.1622630
   -.1601110
   -.1463233
   -.1173276
   -.0754254
   -.0338979
   -.0009210
    .0612308
    .1069548
    .1318603
    .1384404
    .1430901
    .1328735
    .1385181
    .1394405
    .1242849
    .1480962
    .1828030
    .2140065
    .2159831
    .2250601
    .1906788
    .1821958
    .1320612
    .0546507
   -.0352747
   -.1501110
   -.2220518
   -.2690173
   -.2987132
   -.3269993
   -.3518612
   -.3790985
   -.4070086
   -.4053626
   -.3827978
   -.3624372
   -.3148837
   -.2743480
   -.1949713
   -.1834735
   -.1796549
   -.2119704
   -.2323207
   -.3005463
   -.3044699
   -.2691481
   -.2163301
   -.1505876
   -.1034642
   -.0510769
   -.0460656
   -.0361602
   -.0637691
   -.0426277
    .0104748
    .0638236
    .0868950
    .0942332
    .0297925
   -.0251910
   -.0550062
   -.0614323
   -.0765802
   -.0569276
   -.0072816
    .0918854
    .1457898
    .2396250
    .2839200
    .3149435
    .3217770
    .3131816
    .3179398
    .3030969
    .3058729
    .2914282
    .2931172
    .2775746
    .2170218
    .1906106
    .2195006
    .3195462
    .4486569
    .5948568
    .7044322
    .6567953
    .5885952
    .4833570
    .4003294
    .3267416
    .3077345
    .3371775
    .3365688
    .3937447
    .3531299
    .2753218
    .1555216
    .0686678
   -.0393745
   -.1194184
   -.1852002
   -.1863403
   -.1904361
   -.2411514
   -.2758464
   -.2982890
   -.3573424
   -.4003969
   -.3973372
   -.3913373
   -.3810077
   -.3463076
   -.2917750
   -.2313797
   -.1947332
   -.1801007
   -.1881155
   -.2333652
   -.2276038
   -.2092829
   -.1325898
   -.0754721
    .0061092
    .0108991
   -.0414536
   -.1327919
   -.2149325
   -.2769578
   -.2718289
   -.1606455
   -.0226811
    .0903773
    .0451774
   -.1027544
   -.2382374
   -.3010272
   -.2419502
   -.0535478
    .1156250
    .3009331
    .3971925
    .4509225
    .3459946
    .1818395
   -.0519594
   -.1430363
   -.0763377
    .2290895
    .4435694
    .5831202
    .5066814
    .3948994
    .3366652
    .2042161
    .1857563
    .2677888
    .3106234
    .3351771
    .3193421
    .2246447
    .1082743
   -.0705291
   -.2320193
   -.2917014
   -.2833093
   -.2153160
   -.1122540
   -.0049387
   -.0032624
    .0161606
   -.0079596
    .0190996
   -.0170182
   -.0077933
    .0981038
    .0857722
    .0057605
   -.0748550
   -.1238000
   -.1116733
   -.0713321
    .0124542
    .1515417
    .2911212
    .3876455
    .4114378
    .4088917
    .4529197
    .3806760
    .3145516
    .2685617
    .2113559
    .0983699
    .0425210
   -.0232304
   -.1322952
   -.2352028
   -.2872628
   -.2426138
   -.0633977
    .1496601
    .2624577
    .3248136
    .3076939
    .2647734
    .1642397
    .0138630
   -.0772174
   -.1322767
   -.0826798
    .0364115
    .1024571
    .1235616
    .1197783
    .1264001
    .1289682
    .1930687
    .2757272
    .4135474
    .4522173
    .4037841
    .2532973
    .0429876
   -.1992343
   -.3140273
   -.3463466
   -.3062609
   -.1378505
   -.0576174
    .0045422
    .0230001
    .0223022
   -.0280137
   -.0525258
   -.0463255
    .0229932
    .1176644
    .1450831
    .2014817
    .1815201
    .1193965
    .0726939
    .0165950
   -.0930779
   -.0854365
   -.0374466
    .1223875
    .2135772
    .3118282
    .3332814
    .3514781
    .2206071
    .0792283
   -.0736950
   -.1539230
   -.1914581
   -.2287230
   -.2032621
   -.2017207
   -.2073657
   -.2552031
   -.3336626
   -.3631817
   -.3837616
   -.3505043
   -.3124367
   -.2647067
   -.2253007
   -.2023618
   -.2359871
   -.3405943
   -.3929692
   -.4484187
   -.4694195
   -.4583005
   -.4165159
   -.4060609
   -.3921266
   -.3305490
   -.3035738
   -.2616525
   -.2577931
   -.3086457
   -.3476789
   -.3581160
   -.3287586
   -.2622668
   -.2240749
   -.1885544
   -.2099493
   -.3797794
   -.5091080
   -.5251228
   -.4065210
   -.2071379
   -.0411738
    .0204117
    .0529048
   -.0082536
   -.0689728
   -.0768071
   -.0711271
   -.0198104
    .0557790
    .0940647
    .1008788
    .0800207
    .0527561
    .0367508
    .0408917
    .0412827
    .0645005
    .0888901
    .1051425
    .1260164
    .1300070
    .1169262
    .0906414
    .0693713
    .0629625
    .0621026
    .0484087
    .0430407
    .0204757
    .0001650
   -.0127886
   -.0183117
    .0154400
    .0609839
    .1120158
    .1487325
    .1661459
    .1605073
    .1215332
    .0634099
    .0409123
    .0482553
    .0622112
    .0931967
    .1465273
    .1853874
    .2125645
    .1993086
    .1831292
    .1905191
    .1848362
    .1705344
    .1667931
    .1757314
    .1835707
    .1742899
    .1548823
    .1339067
    .1167852
    .0915643
    .0938377
    .1336094
    .1721708
    .2051353
    .2268713
    .2252598
    .2349342
    .2253290
    .2144936
    .2029626
    .1991286
    .1934109
    .1931285
    .2142177
    .2407726
    .2543734
    .2258331
    .2037256
    .1852429
    .1698065
    .1870955
    .2309898
    .2576267
    .2784766
    .2823636
    .2211672
    .1869521
    .1714048
    .1547310
    .1734168
    .2097613
    .2494508
    .3170187
    .3479128
    .3653012
    .2975782
    .2271967
    .1923770
    .1750669
    .1869831
    .1683680
    .2002409
    .1936888
    .2025067
    .2289232
    .1961197
    .1244494
    .0809064
   -.0161446
   -.1122992
   -.1094805
   -.0545359
    .0599933
    .1587230
    .1787996
    .1843533
    .1095385
   -.0161395
   -.1099506
   -.1995589
   -.1273147
   -.0232099
    .0452495
    .0852876
    .1244674
    .1076979
    .0114143
   -.0478999
   -.0212544
    .0191264
    .1200052
    .1164216
    .0157713
   -.0513832
   -.1065830
   -.1382763
   -.1503655
   -.1525283
   -.1569392
   -.1543552
   -.1682076
   -.1810227
   -.1862950
   -.2015473
   -.2170976
   -.2337239
   -.2414792
   -.2374800
   -.2369007
   -.2197350
   -.1906282
   -.1786996
   -.1717445
   -.1651721
   -.1595930
   -.1379833
   -.1219459
   -.1142343
   -.1131714
   -.0797085
   -.0426196
   -.0238598
   -.0138509
    .0018850
   -.0316219
   -.0869503
   -.1685754
   -.2283816
   -.2309802
   -.2298136
   -.2224018
   -.1952282
   -.1704981
   -.1891291
   -.2958028
   -.3581872
   -.3791823
   -.3903744
   -.3020214
   -.1197073
    .0269167
    .1474873
    .1563936
    .1098524
   -.0173116
   -.1792180
   -.3255303
   -.2356286
   -.0429026
    .1386209
    .2247918
    .2988571
    .2626735
    .2507721
    .0213947
   -.0285913
   -.1186219
   -.1430890
   -.0568774
    .0448731
    .2317956
    .2065439
    .0929795
   -.1339999
   -.2499958
   -.4178832
   -.5078854
   -.5702910
   -.5074512
   -.3413034
   -.1411132
    .1132627
    .3560969
    .2812155
    .0111998
   -.0689872
   -.0970447
   -.1406153
   -.0156843
    .0869875
    .1535975
    .2641546
    .2148166
    .2265454
    .1425355
    .0282575
   -.0254947
    .0477180
    .2809297
    .3337406
    .4058547
    .1857741
    .0154427
   -.3786786
   -.5232991
   -.5950958
   -.5591089
   -.3394940
    .0833822
    .2775817
    .2663699
    .1943248
   -.0087587
   -.0783895
   -.1547168
   -.1986223
   -.1071052
    .1348642
    .1691390
    .3319796
    .2310447
    .1384841
   -.2612902
   -.3406184
   -.3314739
   -.2667090
   -.0651311
    .2816829
    .3243459
    .4893696
    .4753338
    .2574134
    .0321182
   -.1751236
   -.3437873
   -.4244162
   -.4731576
   -.3971171
   -.2458449
   -.0213061
    .1420462
    .1105023
   -.1512359
   -.3206029
   -.2472912
   -.1258508
    .1224511
    .2811230
    .4355713
    .4739965
    .0418402
   -.1844977
   -.2925002
   -.2340658
   -.0752669
   -.0148303
    .1467448
    .1320068
    .0320339
   -.1654733
   -.2351662
   -.2833898
   -.2348404
   -.1652472
   -.0783189
   -.1148861
   -.1686346
   -.3273614
   -.3949465
   -.5027728
   -.5006967
   -.4425839
   -.3489001
   -.2088147
   -.1820677
   -.1600959
   -.1494966
   -.0863385
   -.1017038
   -.1195230
   -.1215169
   -.1221725
   -.1038601
   -.1027830
   -.1259252
   -.1687576
   -.2214186
   -.2721217
   -.2671203
   -.1640592
   -.0809986
    .0877851
    .1073531
    .0007244
   -.0929854
   -.1752924
   -.2157739
   -.2007637
   -.1164234
   -.0667142
    .0439888
    .0442264
   -.0200692
   -.0636554
   -.2000903
   -.2165838
   -.2064744
   -.1344705
   -.0507495
    .0438241
    .0948987
    .1022426
    .0674669
    .0503484
    .0306846
    .0332844
    .0383543
    .0386625
    .0895176
    .1038878
    .0921548
    .0570075
   -.0078301
   -.0486902
   -.0572451
   -.0004494
    .0351934
    .0745139
    .0850191
    .0430371
   -.0999359
   -.2205215
   -.2672433
   -.3082569
   -.2910784
   -.2470068
   -.1519537
   -.0931732
   -.0765843
   -.0442533
   -.0529719
   -.0166983
    .0708938
    .2032951
    .3039190
    .3905291
    .4559863
    .4766548
    .4726484
    .4205754
    .3504762
    .2702690
    .1755043
    .1301176
    .1339306
    .1108264
    .0921315
    .0365893
   -.0025999
   -.0508359
   -.0627544
   -.0724390
   -.0702879
   -.0437749
   -.0263288
   -.0250748
   -.0816771
   -.1806863
   -.2859739
   -.3526515
   -.4025243
   -.4496543
   -.4052583
   -.3375385
   -.2288266
   -.1305050
   -.0551496
   -.0218602
    .0239177
    .0510443
    .0645208
    .0480579
   -.0236671
   -.0956828
   -.1234828
   -.1508720
   -.1653764
   -.1995449
   -.1776421
   -.0559795
    .0565832
    .1210518
    .1324985
    .1303297
    .1027449
    .0328373
   -.1582603
   -.2271175
   -.2978348
   -.3023805
   -.3004935
   -.1308743
   -.0394754
    .0777267
    .1359308
    .1268413
    .1750774
    .1816058
    .1791186
    .2002684
    .2124699
    .2484059
    .2888713
    .2797220
    .2067696
    .1170739
    .0453001
   -.0002647
   -.0697314
   -.0394347
   -.0120619
    .0187651
    .0329064
    .0097436
   -.0205916
   -.0873755
   -.1446103
   -.1625425
   -.1671265
   -.1334210
   -.0589836
    .0083932
    .0074621
    .0044334
   -.0138993
    .0411939
    .0867845
    .1559994
    .2325070
    .3007103
    .3641124
    .3980710
    .3677283
    .3304344
    .2512323
    .1690655
    .0971986
    .0587000
    .0433315
    .0940148
    .1221464
    .1238456
    .0657691
    .0860971
    .1025075
    .1477051
    .2219600
    .1972431
    .0955078
   -.0630321
   -.1737979
   -.3210628
   -.4091320
   -.3842256
   -.2650160
   -.1695226
   -.0873893
    .0368995
    .0222855
    .0804901
    .0910913
    .0507283
    .1516578
    .2601091
    .3822716
    .4696144
    .4477663
    .3346269
    .1701111
    .0178478
   -.0757377
    .0187251
    .0817358
    .1687466
    .2756146
    .2908382
    .2563565
    .1631509
    .0793761
    .0462027
    .0265378
    .0868384
    .0668720
    .0638593
   -.0363634
   -.1238036
   -.3036645
   -.3532667
   -.3561076
   -.2936834
   -.1810197
    .0168359
    .1168656
    .1569386
    .1326448
    .0823532
   -.0159568
   -.1110142
   -.1044817
   -.0159631
    .0168777
    .1277118
    .1852131
    .2295928
    .1915862
    .1674414
    .0828876
    .0494384
    .0583118
    .0811022
    .1524449
    .1641777
    .1326677
    .0446482
   -.0909572
   -.1911084
   -.2349117
   -.2364171
   -.2218652
   -.1302618
   -.0701092
   -.0211302
   -.0172185
   -.0482397
   -.1073804
   -.1919835
   -.2287595
   -.2261182
   -.2265979
   -.1927231
   -.0615848
   -.0584411
   -.0762036
   -.1034874
   -.1116769
   -.1232944
   -.1445820
   -.1438071
   -.1369962
   -.1102162
   -.0879760
   -.0696949
   -.0473821
   -.0093171
   -.0294007
   -.0767851
   -.1614641
   -.2427990
   -.2909559
   -.2986594
   -.2569513
   -.2314630
   -.1581967
   -.0857774
   -.0764470
   -.1164979
   -.1415523
   -.1801016
   -.1526210
   -.1172739
   -.0817003
   -.0448824
    .0243162
    .0455110
    .0446048
    .0002661
   -.0473411
   -.0654213
   -.0640193
   -.0372242
   -.0100704
    .0272011
    .0256662
    .0086934
   -.0434977
   -.1308803
   -.2088800
   -.2796906
   -.3252245
   -.3460429
   -.3503460
   -.3531109
   -.3294942
   -.3025285
   -.3045412
   -.2915906
   -.2873713
   -.2947415
   -.2672358
   -.2801289
   -.2711041
   -.2577057
   -.2848162
   -.2865515
   -.3281538
   -.3568845
   -.2852731
   -.1691363
   -.0633849
   -.0394291
   -.0451572
   -.0719994
   -.0914166
   -.1507363
   -.2372488
   -.2418152
   -.2135150
   -.1322115
   -.1141111
   -.1205661
   -.1417684
   -.1621139
   -.1569205
   -.1233656
   -.0741230
    .0191787
    .0758218
    .1125687
    .1590585
    .1779512
    .2079973
    .1765473
    .1586064
    .1353995
    .1229743
    .1205506
    .1279044
    .1548449
    .1690071
    .1637465
    .1412030
    .1295851
    .1343706
    .1629495
    .1867810
    .2612487
    .3026708
    .3017447
    .2354245
    .0443170
   -.0956143
   -.1625203
   -.1649293
   -.1570699
   -.0852639
   -.0140364
    .0251899
    .0706126
    .0793562
    .0728363
    .1351840
    .1515904
    .2089088
    .2469201
    .2487712
    .2237487
    .1912998
    .1698071
    .1641339
    .1618371
    .1870612
    .2344445
    .2424453
    .2367535
    .2240661
    .1794731
    .1930632
    .1900181
    .1508210
    .1343883
    .1217995
    .0879048
    .0249663
   -.0450127
   -.0773289
   -.0659325
   -.0381244
    .0322494
    .0862474
    .0957152
    .1109044
    .0761891
    .0962730
    .1510673
    .2151586
    .2986209
    .3478248
    .3980665
    .3814136
    .3383074
    .3101555
    .2871005
    .3229247
    .3324104
    .3214916
    .2886793
    .2632680
    .2149156
    .2007472
    .1872324
    .1694264
    .1691513
    .1735643
    .1908007
    .1779016
    .1593391
    .1139205
    .0771453
    .0841066
    .0756497
    .1261716
    .2048272
    .3170415
    .3924435
    .4108265
    .3917734
    .3420535
    .2710406
    .1918508
    .1959715
    .1908795
    .1718706
    .1202190
    .0570047
   -.0060291
   -.0332775
   -.0263810
    .0154579
    .1127862
    .1774064
    .1899980
    .1787580
    .0884611
    .0202319
    .0230251
    .0202023
    .0267862
    .0342477
    .0410393
    .0258479
    .0272689
    .0272087
    .0423393
    .0477807
    .0951245
    .1563033
    .3198338
    .3441560
    .3157486
    .2325764
    .1079001
   -.0837846
   -.1558957
   -.1458592
   -.0119965
    .0249337
    .0682080
    .0323088
   -.1017112
   -.1982261
   -.2086727
   -.1770468
   -.0979683
   -.0253934
    .0197262
    .0247879
   -.0166591
   -.1630240
   -.3459106
   -.3501583
   -.2611785
   -.0962312
    .0241368
    .0709510
    .0943189
    .0119991
   -.0707211
   -.0917152
   -.0888825
   -.0481080
   -.0542284
   -.0439203
   -.0695969
   -.1387229
   -.1780520
   -.1962855
   -.1970074
   -.1708843
   -.1558366
   -.0912035
   -.0848548
   -.0439932
   -.0724309
   -.1156702
   -.1584699
   -.1983633
   -.2127318
   -.2305492
   -.2008263
   -.1406034
   -.0886665
   -.0407503
   -.0096915
    .0150781
    .0161586
    .0247696
    .0014180
   -.0176502
   -.0400987
   -.0317362
    .0039964
    .0322943
    .0927817
    .1312678
    .1619570
    .1765674
    .1386312
    .1308033
    .0771934
    .0635232
    .0616013
    .0859738
    .0919210
    .1238254
    .1176792
    .0908007
    .0140892
   -.0539148
   -.0879310
   -.0703598
   -.0579963
   -.0041284
    .0530324
    .0822355
    .1182803
    .1266019
    .0650629
   -.1043010
   -.1614253
   -.1676996
   -.1221230
   -.0050855
    .0529883
    .0905325
    .0908210
    .0873315
    .0823786
    .0838114
    .0825439
    .0702627
    .0403434
    .0013658
   -.0332463
   -.0573018
   -.0681328
   -.0615943
   -.0443018
   -.0242618
   -.0108506
   -.0190544
   -.0574734
   -.1229504
   -.2049492
   -.2802738
   -.3231324
   -.3299592
   -.3021590
   -.2453555
   -.1729891
   -.1042139
   -.0546241
   -.0380383
   -.0397324
   -.0434994
   -.0497970
   -.0620244
   -.0812584
   -.0946751
   -.0944215
   -.0763213
   -.0366855
    .0053110
    .0351910
    .0382166
    .0044954
   -.0179867
   -.0019379
    .0583218
    .1451819
    .2232651
    .2724234
    .2817598
    .2408373
    .1650329
    .0796626
    .0018974
   -.0523959
   -.0824680
   -.0880769
   -.0691675
   -.0325712
   -.0052012
    .0082382
    .0168275
    .0313050
    .0623646
    .0956854
    .1001148
    .0642950
    .0108452
   -.0325446
   -.0518945
   -.0636221
   -.0952661
   -.1418586
   -.1805168
   -.1963975
   -.1741498
   -.1199262
   -.0611191
   -.0205503
   -.0217597
   -.0601705
   -.1109069
   -.1562960
   -.1795309
   -.1614468
   -.1064609
   -.0358340
    .0207305
    .0196164
   -.0162472
   -.0506824
   -.0588216
   -.0333529
   -.0063221
    .0143090
    .0318883
    .0519228
    .0599240
    .0411221
   -.0055711
   -.0707050
   -.1325926
   -.1863257
   -.2298091
   -.2584271
   -.2560398
   -.2252113
   -.1772972
   -.1260174
   -.0886928
   -.0617092
   -.0426408
   -.0321981
   -.0341593
   -.0495942
   -.0574605
   -.0338578
    .0485797
    .1460127
    .2007105
    .1827325
    .0981865
    .0016117
   -.0844399
   -.1524268
   -.1989156
   -.1953233
   -.1271277
   -.0176667
    .0893573
    .1264290
    .1229724
    .1061345
    .0845223
    .0544566
    .0080299
   -.0360267
   -.0534880
   -.0118941
    .0352765
    .0318001
   -.0230832
   -.0851131
   -.1106692
   -.0810648
   -.0038403
    .0791555
    .1208211
    .1325773
    .1309556
    .1268211
    .1234665
    .1203972
    .1151726
    .1072794
    .0974539
    .0871317
    .0764328
    .0643320
    .0490403
    .0298307
    .0089343
   -.0099793
   -.0225212
   -.0310294
   -.0405883
   -.0521251
   -.0648206
   -.0669776
   -.0553269
   -.0333640
   -.0041221
    .0230092
    .0460973
    .0690766
    .0963254
    .1282050
    .1549188
    .1708480
    .1685741
    .1437773
    .1067177
    .0614094
    .0086361
   -.0497288
   -.0973095
   -.1167242
   -.0992366
   -.0410911
    .0257136
    .0662216
    .0671786
    .0305745
   -.0114622
   -.0374280
   -.0508924
   -.0597123
   -.0711253
   -.0801341
   -.0852290
   -.0809908
   -.0688340
   -.0519445
   -.0262742
    .0086342
    .0482232
    .0730152
    .0783569
    .0684897
    .0557351
    .0488112
    .0436511
    .0374860
    .0268743
    .0119612
    .0003997
   -.0038349
    .0021753
    .0175805
    .0274856
    .0249478
    .0041074
   -.0306187
   -.0691327
   -.1037592
   -.1252446
   -.1183210
   -.0805546
   -.0260496
    .0299005
    .0688615
    .0901714
    .0929295
    .0756220
    .0399130
    .0042136
   -.0165413
   -.0186384
   -.0044840
    .0065626
    .0116080
    .0115647
    .0098516
    .0058133
    .0108603
    .0250233
    .0380544
    .0450739
    .0447739
    .0350710
    .0176437
    .0015799
   -.0060772
   -.0119203
   -.0296253
   -.0617258
   -.0820737
   -.0745330
   -.0443451
   -.0019299
    .0281640
    .0341846
    .0227608
    .0063436
   -.0004164
   -.0003483
    .0051958
    .0140392
    .0271663
    .0427911
    .0551794
    .0566037
    .0381225
    .0120982
   -.0092310
   -.0211309
   -.0266418
   -.0327646
   -.0358142
   -.0347511
   -.0273846
   -.0195117
   -.0167008
   -.0190342
   -.0231263
   -.0291728
   -.0411516
   -.0577864
   -.0755971
   -.0836807
   -.0767671
   -.0582626
   -.0355414
   -.0297120
   -.0481988
   -.0745603
   -.0951431
   -.0966484
   -.0819453
   -.0630436
   -.0476531
   -.0395718
   -.0371924
   -.0371892
   -.0373484
   -.0361003
   -.0332779
   -.0263529
   -.0115817
    .0147981
    .0506789
    .0766777
    .0822070
    .0646210
    .0378601
    .0218768
    .0210738
    .0346255
    .0487656
    .0474360
    .0335189
    .0139591
   -.0025490
   -.0102459
   -.0104537
   -.0058407
    .0005018
    .0078789
    .0154192
    .0219852
    .0264400
    .0282996
    .0283145
    .0265229
    .0231132
    .0175352
    .0108777
    .0051674
    .0021266
    .0018203
    .0031733
    .0049119
    .0042864
   -.0004554
   -.0066830
   -.0121068
   -.0159092
   -.0196837
   -.0223846
   -.0232874
   -.0236563
   -.0242135
   -.0250153
   -.0254887
   -.0255295
   -.0247342
   -.0246785
   -.0253011
   -.0260440
   -.0271349
   -.0281615
   -.0293521
   -.0303909
   -.0310649
   -.0315332
   -.0319653
   -.0319413
   -.0316868
   -.0316324
   -.0314862
   -.0311617
   -.0308560
   -.0308098
   -.0308545
   -.0306188
   -.0303132
   -.0301005
   -.0300234
   -.0296987
   -.0294326
   -.0292597
   -.0290702
   -.0286592
   -.0282038
   -.0278075
   -.0276200
   -.0273159
   -.0268923
   -.0263707
   -.0259701
   -.0256234
   -.0253790
   -.0250055
   -.0243190
   -.0238305
   -.0236273
   -.0233699
   -.0227026
   -.0222240
   -.0219543
   -.0217347
   -.0213595
   -.0208519
   -.0205228
   -.0202951
   -.0201096
   -.0197463
   -.0193542
   -.0190392
   -.0188195
   -.0186958
   -.0185565
   -.0183756
   -.0180889
   -.0178050
   -.0177545
   -.0176678
   -.0174088
   -.0170721
   -.0171883
   -.0172386
   -.0170984
   -.0167469
   -.0178577
   -.0167958
   -.0168275
   -.0167465
   -.0166789
   -.0167207
   -.0166990
   -.0166106
   -.0165605
   -.0166182
   -.0165902
   -.0164757
   -.0164151
   -.0164105
   -.0163724
   -.0162877
   -.0161445
   -.0160123
   -.0160271
   -.0160129
   -.0158519
   -.0158934
   -.0158735
   -.0157168
   -.0154468
   -.0154808
   -.0155041
   -.0155393
   -.0154077
   -.0151535
   -.0151918
   -.0152010
   -.0150808
   -.0148668
   -.0149551
   -.0149625
   -.0148202
   -.0145154
   -.0144093
   -.0144942
   -.0146610
   -.0145167
   -.0141590
   -.0141106
   -.0141545
   -.0141703
   -.0138520
   -.0139184
   -.0139766
   -.0139120
   -.0135990
   -.0133983
   -.0133855
   -.0135817
   -.0135743
   -.0132072
   -.0130322
   -.0131102
   -.0132018
   -.0128712
   -.0127764
   -.0128299
   -.0129567
   -.0126657
   -.0124723
   -.0123626
   -.0124283
   -.0123435
   -.0123482
   -.0122745
   -.0120871
   -.0118313
   -.0118682
   -.0118684
   -.0118003
   -.0116385
   -.0116862
   -.0116067
   -.0114691
   -.0112711
   -.0112106
   -.0111740
   -.0112081
   -.0111560
   -.0109549
   -.0108172
   -.0107744
   -.0107469
   -.0105219
   -.0105505
   -.0106452
   -.0105717
   -.0103281
   -.0102856
   -.0102433
   -.0101098
   -.0100207
   -.0098583
   -.0097790
   -.0097657
   -.0097776
   -.0094868
   -.0094488
   -.0095724
   -.0094284
   -.0090913
   -.0091332
   -.0092876
   -.0091280
   -.0088942
   -.0088641
   -.0088213
   -.0086787
   -.0085814
   -.0085942
   -.0085559
   -.0084208
   -.0082607
   -.0081903
   -.0081636
   -.0081647
   -.0079874
   -.0078561
   -.0078150
   -.0078655
   -.0077438
   -.0075762
   -.0074407
   -.0073729
   -.0073152
   -.0073487
   -.0072797
   -.0071463
   -.0069433
   -.0069905
   -.0069719
   -.0068471
   -.0065424
   -.0064390
   -.0066212
   -.0068041
   -.0065818
   -.0060489
   -.0061020
   -.0062728
   -.0062426
   -.0058397
   -.0058731
   -.0058546
   -.0057131
   -.0055739
   -.0056612
   -.0056788
   -.0055503
   -.0052968
   -.0051904
   -.0052103
   -.0052581
   -.0051867
   -.0048785
   -.0047852
   -.0048236
   -.0049863
   -.0047666
   -.0046394
   -.0045452
   -.0044993
   -.0044521
   -.0044134
   -.0042205
   -.0040344
   -.0041387
   -.0041572
   -.0039623
   -.0037464
   -.0038888
   -.0037482
   -.0035708
   -.0034286
   -.0034398
   -.0029343
   -.0028567
   -.0035051
   -.0039081
   -.0023824
   -.0010284
   -.0038539
   -.0038797
   -.0043674
   -.0049221
   -.0055748
   -.0060614
   -.0064899
   -.0067989
   -.0065395
   -.0059830
   -.0057439
   -.0057175
   -.0055854
   -.0053503
   -.0052417
   -.0049872
   -.0048126
   -.0046635
   -.0045726
   -.0042487
   -.0040466
   -.0038397
   -.0036648
   -.0034441
   -.0031621
   -.0029062
   -.0027971
   -.0024689
   -.0020635
   -.0018514
   -.0019023
   -.0013975
   -.0010778
   -.0008604
   -.0007268
   -.0002021
   -.0000993
    .0000233
    .0002004
    .0006983
    .0009275
    .0011984
    .0015246
    .0020143
    .0021031
    .0022291
    .0025164
    .0031155
    .0032747
    .0036433
    .0039983
    .0042991
    .0042869
    .0046544
    .0049987
    .0053503
    .0055357
    .0059572
    .0062226
    .0065142
    .0068132
    .0070572
    .0072363
    .0075591
    .0079743
    .0082734
    .0084983
    .0087609
    .0089433
    .0093866
    .0097824
    .0100397
    .0099932
    .0103123
    .0108056
    .0111370
    .0111691
    .0114014
    .0117159
    .0120583
    .0122862
    .0126184
    .0128392
    .0130832
    .0132266
    .0134397
    .0137442
    .0140113
    .0141764
    .0144752
    .0147087
    .0148832
    .0150130
    .0153773
    .0155762
    .0157338
    .0158750
    .0162073
    .0164124
    .0166282
    .0167190
    .0168849
    .0170547
    .0173542
    .0174672
    .0176072
    .0177280
    .0179828
    .0181468
    .0183793
    .0185051
    .0185859
    .0186094
    .0188225
    .0190707
    .0191392
    .0191892
    .0193675
    .0195124
    .0196658
    .0198511
    .0200561
    .0200882
    .0202414
    .0203946
    .0205814
    .0205969
    .0206654
    .0207854
    .0210905
    .0212679
    .0213553
    .0213206
    .0215327
    .0216727
    .0218728
    .0218708
    .0220766
    .0222019
    .0223595
    .0223464
    .0225725
    .0227200
    .0228747
    .0228622
    .0230907
    .0231797
    .0232866
    .0233001
    .0234922
    .0235898
    .0237529
    .0238126
    .0239104
    .0239630
    .0241343
    .0242169
    .0242988
    .0243462
    .0245275
    .0246181
    .0247016
    .0246908
    .0248406
    .0249719
    .0251213
    .0250721
    .0251580
    .0252203
    .0253681
    .0253848
    .0254879
    .0255097
    .0255802
    .0255987
    .0257023
    .0256980
    .0257805
    .0257926
    .0258404
    .0258167
    .0259983
    .0259954
    .0260012
    .0259629
    .0261142
    .0260960
    .0260954
    .0260551
    .0261580
    .0261665
    .0261544
    .0260875
    .0261662
    .0261541
    .0261689
    .0261181
    .0261574
    .0260765
    .0261142
    .0260522
    .0260412
    .0259702
    .0260099
    .0259371
    .0259152
    .0258605
    .0258358
    .0257143
    .0256736
    .0256356
    .0256065
    .0255231
    .0254794
    .0253731
    .0253008
    .0252227
    .0251686
    .0250595
    .0249999
    .0248958
    .0248064
    .0246859
    .0245926
    .0244846
    .0243978
    .0242953
    .0241834
    .0240810
    .0239631
    .0238196
    .0236770
    .0235631
    .0234499
    .0233286
    .0231909
    .0230339
    .0228863
    .0227607
    .0226144
    .0224724
    .0223031
    .0221575
    .0219838
    .0218619
    .0216822
    .0215320
    .0213463
    .0212172
    .0210238
    .0208734
    .0206767
    .0205408
    .0203424
    .0201886
    .0199711
    .0198299
    .0196180
    .0194773
    .0192560
    .0191120
    .0188748
    .0187349
    .0185042
    .0183610
    .0181099
    .0179717
    .0177326
    .0175909
    .0173197
    .0171854
    .0169346
    .0167920
    .0165140
    .0163799
    .0161185
    .0159754
    .0156890
    .0155480
    .0152767
    .0151475
    .0148659
    .0147378
    .0144655
    .0143544
    .0140826
    .0139756
    .0137079
    .0136120
    .0133403
    .0132429
    .0129723
    .0128883
    .0126161
    .0125313
    .0122517
    .0121706
    .0118895
    .0118111
    .0115222
    .0114424
    .0111441
    .0110601
    .0107506
    .0106649
    .0103399
    .0102425
    .0098975
    .0097878
    .0094151
    .0092843
    .0088778
    .0087167
    .0082611
    .0080516
    .0075275
    .0072400
    .0066114
    .0061835
    .0053758
    .0046408
    .0033469
    .0015168
   -.0010720
   -.0064078