    .0007374
    .0008682
    .0012051
    .0012543
    .0012684
    .0012342
    .0012155
    .0011898
    .0011686
    .0011489
    .0011238
    .0011074
    .0010797
    .0010651
    .0010370
    .0010234
    .0009914
    .0009766
    .0009464
    .0009341
    .0009026
    .0008902
    .0008586
    .0008448
    .0008115
    .0007969
    .0007627
    .0007470
    .0007101
    .0006915
    .0006559
    .0006409
    .0006055
    .0005887
    .0005518
    .0005343
    .0004975
    .0004806
    .0004431
    .0004238
    .0003862
    .0003661
    .0003216
    .0002759
    .0001702
    .0000210
   -.0001933
   -.0004201
   -.0006571
   -.0008507
   -.0009784
   -.0010069
   -.0009417
   -.0008024
   -.0006082
   -.0004096
   -.0002242
   -.0001133
   -.0000371
   -.0000169
   -.0000036
   -.0000369
   -.0000683
   -.0001021
   -.0001461
   -.0001802
   -.0002130
   -.0001599
   -.0000638
    .0000986
    .0002951
    .0005464
    .0009117
    .0013632
    .0019999
    .0027929
    .0039546
    .0055172
    .0076004
    .0099221
    .0122825
    .0142768
    .0157176
    .0163425
    .0162622
    .0155185
    .0142968
    .0125340
    .0104121
    .0079089
    .0052219
    .0022250
   -.0010955
   -.0051962
   -.0099997
   -.0151046
   -.0194827
   -.0224940
   -.0237524
   -.0237539
   -.0230727
   -.0220851
   -.0206825
   -.0188891
   -.0167011
   -.0142314
   -.0115478
   -.0088774
   -.0063377
   -.0041131
   -.0021683
   -.0006475
    .0003916
    .0006903
    .0003775
   -.0004806
   -.0015569
   -.0028078
   -.0040331
   -.0053113
   -.0065507
   -.0077922
   -.0089263
   -.0100439
   -.0111219
   -.0121359
   -.0129354
   -.0134498
   -.0135777
   -.0132845
   -.0125495
   -.0114069
   -.0098701
   -.0079160
   -.0054399
   -.0024886
    .0006216
    .0034059
    .0053834
    .0061505
    .0055468
    .0038321
    .0015269
   -.0007983
   -.0028344
   -.0044904
   -.0058747
   -.0069495
   -.0076517
   -.0079508
   -.0079589
   -.0077899
   -.0074691
   -.0069963
   -.0063709
   -.0056422
   -.0048137
   -.0038923
   -.0028332
   -.0015717
   -.0000396
    .0017237
    .0035640
    .0053473
    .0069722
    .0084267
    .0097640
    .0111749
    .0128683
    .0149848
    .0174134
    .0197640
    .0214631
    .0218516
    .0203287
    .0168377
    .0122082
    .0076265
    .0040100
    .0015635
   -.0000010
   -.0011409
   -.0021138
   -.0030623
   -.0039966
   -.0048891
   -.0056621
   -.0062648
   -.0066294
   -.0063475
   -.0045938
   -.0006956
    .0049386
    .0113342
    .0177306
    .0241666
    .0304337
    .0353493
    .0374191
    .0365827
    .0340827
    .0310548
    .0277295
    .0241070
    .0201189
    .0157522
    .0110843
    .0066569
    .0029646
    .0004058
   -.0009509
   -.0013479
   -.0013369
   -.0012443
   -.0012322
   -.0013019
   -.0016305
   -.0021325
   -.0025641
   -.0025721
   -.0023140
   -.0019617
   -.0009890
    .0016026
    .0059671
    .0105348
    .0132423
    .0135027
    .0123291
    .0107531
    .0089633
    .0069965
    .0049263
    .0027550
    .0003326
   -.0021434
   -.0041462
   -.0051380
   -.0049514
   -.0038345
   -.0023160
   -.0009776
   -.0003644
   -.0007413
   -.0019151
   -.0031507
   -.0041497
   -.0047679
   -.0043808
   -.0024521
    .0004514
    .0031729
    .0045947
    .0043439
    .0027626
    .0007558
   -.0012561
   -.0031608
   -.0044483
   -.0048116
   -.0045561
   -.0040782
   -.0034883
   -.0027951
   -.0020153
   -.0012522
   -.0005218
    .0001956
    .0009355
    .0017637
    .0027191
    .0038122
    .0051103
    .0067500
    .0088214
    .0112325
    .0137891
    .0162154
    .0183262
    .0198693
    .0206696
    .0205058
    .0193854
    .0174484
    .0150260
    .0123850
    .0098191
    .0075265
    .0055176
    .0036217
    .0017662
    .0000286
   -.0014316
   -.0025250
   -.0031595
   -.0033959
   -.0033736
   -.0032564
   -.0031069
   -.0030612
   -.0033835
   -.0044355
   -.0062150
   -.0083423
   -.0102413
   -.0116082
   -.0118460
   -.0088239
   -.0008953
    .0083691
    .0138824
    .0160662
    .0163801
    .0165334
    .0169517
    .0169352
    .0165255
    .0158889
    .0148942
    .0134298
    .0113197
    .0084396
    .0049280
    .0012036
   -.0022263
   -.0049602
   -.0063695
   -.0052138
   -.0005748
    .0060837
    .0111160
    .0126179
    .0119071
    .0107159
    .0096134
    .0086713
    .0080898
    .0080336
    .0082602
    .0085109
    .0085106
    .0078313
    .0059946
    .0032281
    .0003129
   -.0020814
   -.0039868
   -.0057583
   -.0074728
   -.0089564
   -.0100824
   -.0107889
   -.0110055
   -.0106003
   -.0096700
   -.0083639
   -.0068319
   -.0051773
   -.0035342
   -.0019821
   -.0005295
    .0008663
    .0021906
    .0032826
    .0039750
    .0042166
    .0041624
    .0039799
    .0037302
    .0033767
    .0029440
    .0024608
    .0019393
    .0013992
    .0008303
    .0002131
   -.0005298
   -.0014980
   -.0026703
   -.0038047
   -.0046156
   -.0048935
   -.0046303
   -.0039718
   -.0030939
   -.0021049
   -.0011384
   -.0003330
    .0001451
    .0001056
   -.0005585
   -.0016682
   -.0028617
   -.0037608
   -.0041601
   -.0040453
   -.0035904
   -.0028993
   -.0020239
   -.0010344
   -.0000265
    .0009692
    .0019988
    .0030919
    .0041762
    .0050994
    .0057138
    .0059083
    .0056157
    .0049238
    .0038714
    .0025637
    .0010892
   -.0004948
   -.0021254
   -.0037493
   -.0054613
   -.0073516
   -.0094062
   -.0115295
   -.0136951
   -.0159856
   -.0183661
   -.0206178
   -.0222074
   -.0224167
   -.0204687
   -.0165383
   -.0120658
   -.0086667
   -.0065481
   -.0049484
   -.0034035
   -.0020979
   -.0010940
   -.0002413
    .0006081
    .0014375
    .0022230
    .0028646
    .0033372
    .0036587
    .0039690
    .0044054
    .0051115
    .0061856
    .0078010
    .0100474
    .0129213
    .0162730
    .0198649
    .0234860
    .0269248
    .0299820
    .0325071
    .0344595
    .0358859
    .0369283
    .0376032
    .0379585
    .0379582
    .0374133
    .0360826
    .0340188
    .0313823
    .0282949
    .0247400
    .0207210
    .0163876
    .0120559
    .0080094
    .0044292
    .0013244
   -.0013371
   -.0035315
   -.0050804
   -.0058108
   -.0057132
   -.0050346
   -.0039736
   -.0025778
   -.0008857
    .0010806
    .0033219
    .0057633
    .0082414
    .0105599
    .0125477
    .0140309
    .0149844
    .0154825
    .0156258
    .0155558
    .0153396
    .0149992
    .0140677
    .0109806
    .0046884
   -.0035481
   -.0112805
   -.0171922
   -.0217007
   -.0256875
   -.0297934
   -.0345918
   -.0406312
   -.0476227
   -.0539615
   -.0577251
   -.0584499
   -.0573428
   -.0556294
   -.0535040
   -.0508965
   -.0430189
   -.0387521
   -.0374408
   -.0318517
   -.0141273
   -.0123087
   -.0172206
   -.0216531
   -.0320728
   -.0516134
   -.0662983
   -.0635873
   -.0484595
   -.0351025
   -.0266533
   -.0198376
   -.0211694
   -.0264130
   -.0297400
   -.0521796
   -.0538322
   -.0510152
   -.0368202
   -.0232865
    .0045285
    .0120228
    .0195987
    .0211548
    .0182081
   -.0026947
   -.0063315
   -.0051027
   -.0034464
   -.0001812
    .0025139
    .0054836
    .0084401
    .0202450
    .0231376
    .0244075
    .0242127
    .0236153
    .0230533
    .0209985
    .0218947
    .0211031
    .0196083
    .0162609
    .0134342
    .0107720
    .0074986
    .0055258
    .0032050
   -.0010823
   -.0042855
   -.0074518
   -.0109236
   -.0139979
   -.0192344
   -.0195788
   -.0151340
   -.0082479
   -.0029704
    .0030135
    .0071305
    .0101946
    .0121413
    .0182806
    .0225805
    .0288631
    .0354903
    .0421645
    .0462835
    .0499786
    .0460765
    .0439502
    .0382894
    .0314532
    .0294888
    .0287268
    .0245596
    .0257010
    .0293519
    .0379141
    .0401045
    .0401877
    .0386404
    .0318354
    .0198241
    .0128016
    .0024490
    .0014482
   -.0001684
    .0019755
    .0013588
    .0034154
    .0078501
    .0174147
    .0296918
    .0338005
    .0323099
    .0185402
    .0128995
    .0080943
    .0003822
   -.0011625
   -.0029365
    .0014755
   -.0006908
   -.0131905
   -.0171164
   -.0246970
   -.0340905
   -.0388132
   -.0420287
   -.0444941
   -.0427009
   -.0389141
   -.0355785
   -.0222221
   -.0115291
   -.0000202
    .0007160
   -.0003645
   -.0136530
   -.0182546
   -.0225971
   -.0248832
   -.0271242
   -.0273522
   -.0260716
   -.0243122
   -.0230987
   -.0238496
   -.0129862
   -.0095125
   -.0089491
   -.0129438
   -.0096506
   -.0095290
   -.0098431
   -.0123588
   -.0076844
   -.0000997
    .0117099
    .0203251
    .0239139
    .0238235
    .0201084
    .0184645
    .0107171
    .0036543
    .0017871
    .0041539
    .0057515
    .0084449
    .0096103
    .0098301
    .0077872
    .0028435
   -.0036643
   -.0048211
   -.0035188
   -.0020364
   -.0016234
    .0005145
    .0004976
    .0022760
    .0036429
    .0053749
    .0050656
   -.0013540
   -.0038256
   -.0066724
   -.0067473
   -.0018338
    .0023836
    .0064313
    .0079774
    .0085467
    .0098521
    .0100412
    .0097795
    .0089760
    .0029711
    .0008603
   -.0062072
   -.0111322
   -.0112423
   -.0093143
   -.0042027
   -.0019761
    .0039218
    .0126992
    .0144815
    .0156705
    .0163582
    .0158507
    .0152554
    .0100582
    .0000917
   -.0064600
   -.0135526
   -.0155418
   -.0137323
   -.0057184
   -.0007148
    .0027643
    .0085026
    .0121218
    .0163465
    .0171485
    .0150776
    .0091210
    .0047237
   -.0021465
   -.0045930
   -.0018187
   -.0011670
   -.0030633
   -.0059808
   -.0071144
   -.0038552
   -.0038055
   -.0078904
   -.0175096
   -.0217195
   -.0253679
   -.0266108
   -.0275351
   -.0259988
   -.0243992
   -.0183277
   -.0144185
   -.0117470
   -.0071613
   -.0021026
    .0012875
    .0014634
    .0035206
    .0064486
    .0058636
    .0041698
    .0040158
    .0020290
    .0008681
   -.0015123
    .0026595
    .0035919
    .0038212
    .0039405
    .0038245
    .0017154
   -.0007260
   -.0032719
   -.0085444
   -.0064509
   -.0054370
   -.0057143
   -.0052154
   -.0031248
   -.0017119
    .0016552
    .0038181
    .0037157
    .0018631
   -.0018996
   -.0079793
   -.0111100
   -.0183827
   -.0215230
   -.0262024
   -.0256503
   -.0242030
   -.0189542
   -.0159655
   -.0188122
   -.0195195
   -.0200998
   -.0191014
   -.0161847
   -.0144784
   -.0132154
   -.0109483
   -.0097180
   -.0048881
   -.0022924
   -.0012930
   -.0012332
   -.0002334
   -.0004426
   -.0003140
    .0002845
   -.0011736
    .0019558
    .0038031
    .0088366
    .0105318
    .0116434
    .0130221
    .0141433
    .0126162
    .0151549
    .0163031
    .0157975
    .0162315
    .0167545
    .0184112
    .0241946
    .0266318
    .0270987
    .0271385
    .0252076
    .0205425
    .0112233
    .0056642
   -.0039385
   -.0076861
   -.0073293
   -.0062759
   -.0122071
   -.0142436
   -.0175959
   -.0209211
   -.0260545
   -.0316044
   -.0312800
   -.0289567
   -.0241276
   -.0201058
   -.0141975
   -.0066745
   -.0069489
   -.0066781
   -.0084627
   -.0085896
   -.0153820
   -.0140069
   -.0132388
   -.0129869
   -.0082963
   -.0028745
   -.0002488
   -.0019015
   -.0050751
   -.0043289
   -.0072287
   -.0150352
   -.0163151
   -.0190304
   -.0257255
   -.0235539
   -.0228143
   -.0206786
   -.0152657
   -.0111314
   -.0062467
   -.0025709
   -.0021752
   -.0028870
   -.0086087
   -.0129357
   -.0166059
   -.0150370
   -.0111867
   -.0075538
   -.0010283
    .0052362
    .0095866
    .0126808
    .0146546
    .0127234
    .0150053
    .0155796
    .0182565
    .0188047
    .0237003
    .0312592
    .0383240
    .0519055
    .0622072
    .0665952
    .0672298
    .0706106
    .0686006
    .0693609
    .0681403
    .0675250
    .0665420
    .0643640
    .0590109
    .0513004
    .0478934
    .0388162
    .0256245
    .0128936
    .0004952
   -.0096106
   -.0137798
   -.0166600
   -.0191743
   -.0211879
   -.0242139
   -.0267964
   -.0273381
   -.0255195
   -.0208084
   -.0162290
   -.0099381
   -.0037067
    .0064825
    .0175758
    .0252224
    .0323028
    .0364250
    .0377982
    .0390809
    .0401646
    .0452481
    .0474747
    .0430967
    .0334135
    .0288832
    .0186015
   -.0010808
   -.0126114
   -.0189261
   -.0255245
   -.0283403
   -.0278547
   -.0225697
   -.0137805
   -.0074957
   -.0041967
    .0135912
    .0157007
    .0198105
    .0280326
    .0371311
    .0407041
    .0488482
    .0561915
    .0665090
    .0715066
    .0784578
    .0793567
    .0745126
    .0702202
    .0728264
    .0633331
    .0631951
    .0475579
    .0374313
    .0322325
    .0111155
    .0022982
   -.0028215
   -.0075571
   -.0092635
   -.0062707
   -.0005691
    .0181071
    .0613886
    .0735785
    .0831125
    .0973098
    .1055411
    .1155304
    .1288001
    .1278842
    .1297510
    .1298333
    .1295280
    .1096538
    .0798403
    .0727833
    .0629520
    .0492848
    .0378191
    .0102782
    .0033324
   -.0012834
   -.0034833
   -.0033843
   -.0002884
    .0196706
    .0283777
    .0383606
    .0353056
    .0499685
    .0539478
    .0646179
    .0612737
    .0574607
    .0494414
    .0434329
    .0232991
    .0103469
   -.0132619
   -.0221040
   -.0296407
   -.0377812
   -.0540865
   -.0629092
   -.1012830
   -.1257220
   -.1428384
   -.1724641
   -.1788335
   -.1558523
   -.1468248
   -.1471047
   -.1464133
   -.1368317
   -.1175501
   -.1011219
   -.1061148
   -.1043836
   -.0768573
   -.0564222
   -.0498996
   -.0529893
   -.0638788
   -.0713368
   -.0798427
   -.0918228
   -.0910984
   -.0788814
   -.0732677
   -.0624126
   -.0580692
   -.0529571
   -.0436812
   -.0308479
   -.0193682
   -.0288306
   -.0350897
   -.0405505
   -.0269741
   -.0151034
    .0047900
    .0300696
    .0479187
    .0773257
    .0854644
    .0938684
    .1011158
    .1005113
    .0997597
    .0932117
    .0949386
    .0966988
    .1087372
    .1108405
    .1217042
    .1290416
    .1287877
    .1373005
    .1389240
    .1373219
    .1321329
    .1173282
    .1130715
    .0995900
    .0991708
    .0924960
    .0869744
    .0763273
    .0741514
    .0628679
    .0506962
    .0349854
    .0145538
   -.0011824
   -.0225376
   -.0315649
   -.0323100
   -.0365352
   -.0369254
   -.0351689
   -.0353625
   -.0340776
   -.0368679
   -.0370131
   -.0439754
   -.0520610
   -.0504032
   -.0432209
   -.0346685
   -.0236449
   -.0131472
   -.0025429
    .0062886
    .0041127
   -.0005360
   -.0125430
   -.0148218
   -.0258610
   -.0298319
   -.0259565
   -.0195735
   -.0160933
   -.0097608
   -.0019728
   -.0003776
   -.0036781
   -.0127807
   -.0220866
   -.0313592
   -.0361512
   -.0388635
   -.0433809
   -.0465161
   -.0495377
   -.0505947
   -.0543263
   -.0590383
   -.0560664
   -.0518288
   -.0547990
   -.0534851
   -.0512031
   -.0550230
   -.0588507
   -.0672174
   -.0802360
   -.0839830
   -.0828315
   -.0840957
   -.0788147
   -.0658323
   -.0492755
   -.0310636
    .0058464
    .0049692
   -.0245751
   -.0735747
   -.0813783
   -.0767314
   -.0719341
   -.0715345
   -.0451365
   -.0405174
   -.0396945
   -.0286449
   -.0461320
   -.0570760
   -.0774138
   -.0832651
   -.0807497
   -.0752272
   -.0650867
   -.0537486
   -.0352715
   -.0229480
   -.0110709
   -.0056692
   -.0054634
   -.0112007
   -.0166313
   -.0251702
   -.0244436
   -.0089036
    .0010192
    .0232597
    .0433092
    .0693271
    .0703095
    .0551961
    .0143649
   -.0019732
   -.0126893
    .0152882
    .0144539
    .0299543
    .0309530
    .0246300
    .0228256
    .0185247
    .0081815
   -.0282647
   -.0235128
   -.0124513
   -.0002879
    .0139635
    .0252301
    .0325787
    .0365600
    .0472484
    .0481291
    .0469964
    .0450889
    .0392493
    .0363543
    .0313895
    .0272777
    .0221566
    .0220535
    .0173269
    .0066611
    .0011744
   -.0009319
   -.0068838
   -.0094141
   -.0188601
   -.0308951
   -.0364288
   -.0342622
   -.0277671
   -.0165443
   -.0099842
   -.0027486
   -.0018933
   -.0108959
   -.0193481
   -.0203949
   -.0205089
   -.0185601
   -.0174699
   -.0112121
    .0012126
    .0070436
    .0166689
    .0187485
    .0169663
    .0146452
    .0103488
    .0076909
    .0058418
    .0054013
    .0043495
    .0039342
    .0022757
    .0006539
   -.0000868
   -.0026201
   -.0077741
   -.0099963
   -.0118752
   -.0147105
   -.0170648
   -.0190034
   -.0219857
   -.0251961
   -.0267160
   -.0285121
   -.0265422
   -.0239312
   -.0199250
   -.0069499
    .0005449
    .0087276
    .0161738
    .0183072
    .0203077
    .0252216
    .0291907
    .0363400
    .0371332
    .0360322
    .0375108
    .0391713
    .0390052
    .0353122
    .0306068
    .0234354
    .0217397
    .0180837
    .0247802
    .0234622
    .0237864
    .0282018
    .0313940
    .0316323
    .0263064
    .0149297
    .0068096
   -.0039835
   -.0138512
   -.0235113
   -.0332415
   -.0375105
   -.0434670
   -.0481041
   -.0474494
   -.0487302
   -.0588126
   -.0645817
   -.0648333
   -.0632299
   -.0605710
   -.0531760
   -.0488689
   -.0317958
   -.0265831
   -.0199857
   -.0094984
   -.0007716
    .0087456
    .0152708
    .0187308
    .0180168
    .0184745
    .0184533
    .0191272
    .0190310
    .0177871
    .0051022
    .0066715
    .0056511
    .0033149
   -.0018918
   -.0032987
   -.0022399
    .0004018
    .0051082
    .0089974
    .0160438
    .0230920
    .0338012
    .0415833
    .0495274
    .0524258
    .0536010
    .0494148
    .0408457
    .0385462
    .0369228
    .0402186
    .0399981
    .0415222
    .0429094
    .0441145
    .0436613
    .0423547
    .0362610
    .0300394
    .0265668
    .0236185
    .0193793
    .0163186
    .0140998
    .0162357
    .0185954
    .0212676
    .0257350
    .0309342
    .0300990
    .0292568
    .0298040
    .0260913
    .0156744
   -.0030731
   -.0083577
   -.0141298
   -.0169228
   -.0186214
   -.0177024
   -.0125095
   -.0109538
   -.0128310
   -.0154365
   -.0263125
   -.0309482
   -.0354770
   -.0370267
   -.0393780
   -.0376458
   -.0330732
   -.0307532
   -.0269172
   -.0248927
   -.0230019
   -.0209785
   -.0192806
   -.0179389
   -.0181382
   -.0175306
   -.0171379
   -.0168062
   -.0171701
   -.0147985
   -.0126707
   -.0099221
   -.0072295
   -.0024501
    .0001847
    .0021654
    .0041666
    .0054984
    .0064377
    .0082424
    .0088508
    .0091930
    .0096026
    .0091443
    .0107385
    .0146986
    .0172735
    .0212290
    .0246088
    .0267801
    .0291977
    .0312865
    .0314597
    .0282429
    .0237660
    .0183087
    .0112526
    .0069836
    .0015829
   -.0034642
   -.0079874
   -.0099385
   -.0106865
   -.0115947
   -.0101209
   -.0074154
   -.0044819
    .0139689
    .0172816
    .0090299
    .0016537
   -.0056655
   -.0017005
    .0081248
    .0218162
    .0299750
    .0380194
    .0410653
    .0419975
    .0389005
    .0351650
    .0307518
    .0267756
    .0182398
    .0090883
   -.0058461
   -.0126160
   -.0203876
   -.0174153
   -.0135557
   -.0105244
   -.0134722
   -.0082618
   -.0088041
   -.0100207
   -.0135281
   -.0125297
   -.0090651
   -.0121497
   -.0168712
   -.0158273
   -.0093672
   -.0022374
    .0062684
    .0175737
    .0284073
    .0331418
    .0312676
    .0154555
    .0086006
   -.0069551
   -.0162406
   -.0246452
   -.0311111
   -.0296017
   -.0251563
   -.0244559
   -.0186245
   -.0061104
    .0070762
    .0148443
    .0377825
    .0478152
    .0431275
    .0303497
    .0221482
    .0064374
   -.0010760
   -.0095268
   -.0118901
   -.0209279
   -.0204837
   -.0246643
   -.0210785
   -.0146360
   -.0075692
    .0054800
    .0112360
    .0101646
    .0120847
    .0154695
    .0271004
    .0330306
    .0481457
    .0568212
    .0597295
    .0600555
    .0513083
    .0373048
    .0251015
    .0198199
   -.0013042
   -.0114667
   -.0160568
   -.0206679
   -.0241031
   -.0294567
   -.0271122
   -.0191266
   -.0111800
    .0086875
    .0193633
    .0261221
    .0266666
    .0260324
    .0279703
    .0332386
    .0359186
    .0438206
    .0470484
    .0446690
    .0383650
    .0413630
    .0332449
    .0153887
   -.0013216
   -.0118996
   -.0220406
   -.0329493
   -.0408336
   -.0468260
   -.0404214
   -.0290126
   -.0275493
   -.0199631
   -.0201841
   -.0249048
   -.0257809
   -.0227575
   -.0282886
   -.0205266
   -.0164378
   -.0071460
    .0022632
    .0050074
    .0007866
    .0046738
    .0001196
   -.0092197
   -.0162029
   -.0268595
   -.0331918
   -.0373618
   -.0398850
   -.0412353
   -.0414165
   -.0429681
   -.0443193
   -.0400529
   -.0291419
   -.0167873
   -.0042475
    .0060591
    .0141733
    .0208745
    .0260750
    .0307084
    .0353083
    .0353787
    .0324178
    .0240445
    .0138405
    .0060746
    .0016129
   -.0009262
   -.0000048
    .0026286
    .0064067
    .0106674
    .0143980
    .0170658
    .0190139
    .0183681
    .0137839
    .0073254
    .0023516
    .0007241
    .0019154
    .0040025
    .0055231
    .0061373
    .0055178
    .0031528
   -.0011569
   -.0067040
   -.0121031
   -.0164620
   -.0198435
   -.0222309
   -.0232282
   -.0224940
   -.0201714
   -.0169711
   -.0134389
   -.0096231
   -.0054204
   -.0010333
    .0028312
    .0056636
    .0073103
    .0078898
    .0076732
    .0057985
    .0002860
   -.0099579
   -.0209729
   -.0265896
   -.0267485
   -.0279996
   -.0315526
   -.0335993
   -.0325779
   -.0280934
   -.0201380
   -.0094036
    .0018985
    .0117265
    .0193497
    .0245641
    .0270054
    .0269742
    .0256061
    .0238098
    .0216606
    .0189512
    .0157306
    .0122499
    .0087532
    .0054400
    .0023118
   -.0006814
   -.0033184
   -.0051931
   -.0061954
   -.0064526
   -.0060721
   -.0046054
   -.0019108
    .0015486
    .0050471
    .0080027
    .0100591
    .0113385
    .0120349
    .0124128
    .0127057
    .0131054
    .0136662
    .0145042
    .0156170
    .0169467
    .0181242
    .0188671
    .0190711
    .0188766
    .0179331
    .0150771
    .0084960
   -.0016758
   -.0070467
   -.0000272
    .0118727
    .0162575
    .0111476
    .0064151
    .0059994
    .0068567
    .0084332
    .0119865
    .0170844
    .0223191
    .0269008
    .0310949
    .0352202
    .0394322
    .0433767
    .0455462
    .0445152
    .0408444
    .0363943
    .0322930
    .0281414
    .0235460
    .0187919
    .0141844
    .0098209
    .0059013
    .0029981
    .0017853
    .0023495
    .0037885
    .0047172
    .0042905
    .0026685
    .0005545
   -.0013392
   -.0023850
   -.0024422
   -.0019872
   -.0014691
   -.0010354
   -.0006072
   -.0002098
    .0000701
    .0002260
    .0006011
    .0021518
    .0054824
    .0096041
    .0126114
    .0134530
    .0110839
    .0075827
    .0052230
    .0038270
    .0038228
    .0052140
    .0069663
    .0078534
    .0079194
    .0078611
    .0075897
    .0066634
    .0051767
    .0034247
    .0015831
   -.0002440
   -.0018575
   -.0029969
   -.0034788
   -.0034282
   -.0034343
   -.0041300
   -.0056048
   -.0075224
   -.0095268
   -.0115668
   -.0139369
   -.0169194
   -.0204986
   -.0242746
   -.0275416
   -.0296559
   -.0306430
   -.0307762
   -.0298118
   -.0272347
   -.0231247
   -.0183301
   -.0139022
   -.0099727
   -.0068413
   -.0047453
   -.0036590
   -.0032657
   -.0033751
   -.0041309
   -.0058118
   -.0086515
   -.0125651
   -.0167382
   -.0200442
   -.0219239
   -.0227304
   -.0230807
   -.0231705
   -.0229415
   -.0222816
   -.0212927
   -.0201383
   -.0188657
   -.0174193
   -.0158762
   -.0141593
   -.0122162
   -.0098750
   -.0069118
   -.0032763
    .0006082
    .0041951
    .0071584
    .0096188
    .0117044
    .0131603
    .0135086
    .0127904
    .0113372
    .0094532
    .0070385
    .0040294
    .0003866
   -.0034933
   -.0071596
   -.0102093
   -.0124402
   -.0136584
   -.0138279
   -.0130023
   -.0116753
   -.0101843
   -.0088396
   -.0076419
   -.0065876
   -.0053307
   -.0037652
   -.0022854
   -.0017226
   -.0023435
   -.0037869
   -.0053256
   -.0066404
   -.0076318
   -.0084044
   -.0088347
   -.0089719
   -.0087800
   -.0083973
   -.0078137
   -.0071739
   -.0064467
   -.0056301
   -.0047078
   -.0037675
   -.0026357
   -.0012401
    .0005795
    .0025434
    .0043798
    .0057874
    .0069001
    .0077453
    .0082505
    .0081092
    .0072767
    .0059118
    .0044034
    .0029134
    .0014564
   -.0001477
   -.0018223
   -.0035965
   -.0053556
   -.0070132
   -.0083422
   -.0092530
   -.0096245
   -.0095913
   -.0091969
   -.0086281
   -.0079815
   -.0073431
   -.0066446
   -.0059234
   -.0051209
   -.0042184
   -.0031731
   -.0018890
   -.0001429
    .0019203
    .0037953
    .0049778
    .0053812
    .0051322
    .0045659
    .0038029
    .0029800
    .0022357
    .0015712
    .0008725
    .0000762
   -.0007995
   -.0017966
   -.0029007
   -.0040920
   -.0052849
   -.0063373
   -.0071831
   -.0079348
   -.0085404
   -.0089032
   -.0089998
   -.0088617
   -.0085051
   -.0079577
   -.0072513
   -.0064683
   -.0056025
   -.0047380
   -.0038623
   -.0030897
   -.0023792
   -.0016774
   -.0007770
   -.0001052
    .0006005
    .0013261
    .0020776
    .0027653
    .0034360
    .0039857
    .0044661
    .0048006
    .0050964
    .0052671
    .0053873
    .0053462
    .0052958
    .0051545
    .0050617
    .0048656
    .0047077
    .0044844
    .0043593
    .0041649
    .0040508
    .0038766
    .0037973
    .0036585
    .0036108
    .0035048
    .0034781
    .0033806
    .0033639
    .0032636
    .0032316
    .0031203
    .0030749
    .0029495
    .0029087
    .0027942
    .0027616
    .0026610
    .0026407
    .0025444
    .0025338
    .0024480
    .0024415
    .0023637
    .0023681
    .0022978
    .0023048
    .0022392
    .0022459
    .0021794
    .0021786
    .0021131
    .0021090
    .0020490
    .0020431
    .0019915
    .0019806
    .0019375
    .0019174
    .0018839
    .0018501
    .0018289
    .0017753
    .0017708
    .0016873
    .0017038
    .0015629
    .0015876
    .0013492
    .0014161