    .345281E-02
    .343874E-02
    .342494E-02
    .341100E-02
    .339728E-02
    .338282E-02
    .336771E-02
    .335180E-02
    .333763E-02
    .332492E-02
    .331225E-02
    .330002E-02
    .329072E-02
    .328111E-02
    .326936E-02
    .325565E-02
    .323879E-02
    .321624E-02
    .319484E-02
    .317888E-02
    .316595E-02
    .315152E-02
    .313863E-02
    .313659E-02
    .314971E-02
    .316872E-02
    .317368E-02
    .314447E-02
    .309114E-02
    .303931E-02
    .301058E-02
    .299883E-02
    .299109E-02
    .299776E-02
    .302054E-02
    .300646E-02
    .295948E-02
    .296288E-02
    .303315E-02
    .310778E-02
    .313750E-02
    .311650E-02
    .304614E-02
    .294252E-02
    .284080E-02
    .277837E-02
    .275993E-02
    .275390E-02
    .274027E-02
    .272228E-02
    .270639E-02
    .270801E-02
    .277557E-02
    .290785E-02
    .302939E-02
    .299150E-02
    .276367E-02
    .257205E-02
    .254436E-02
    .258362E-02
    .264028E-02
    .276540E-02
    .295820E-02
    .313257E-02
    .319355E-02
    .317187E-02
    .317353E-02
    .329030E-02
    .345675E-02
    .342500E-02
    .322892E-02
    .310743E-02
    .303000E-02
    .283264E-02
    .253791E-02
    .229899E-02
    .222551E-02
    .224440E-02
    .228022E-02
    .242272E-02
    .271302E-02
    .303758E-02
    .324889E-02
    .329280E-02
    .326491E-02
    .325717E-02
    .325907E-02
    .315641E-02
    .286299E-02
    .244845E-02
    .213745E-02
    .224353E-02
    .269246E-02
    .319455E-02
    .377285E-02
    .445710E-02
    .486865E-02
    .488701E-02
    .481166E-02
    .483264E-02
    .489094E-02
    .491169E-02
    .474772E-02
    .413330E-02
    .341851E-02
    .313165E-02
    .299393E-02
    .272489E-02
    .279683E-02
    .322734E-02
    .351795E-02
    .372103E-02
    .417032E-02
    .480551E-02
    .529555E-02
    .543262E-02
    .538310E-02
    .537082E-02
    .541838E-02
    .545544E-02
    .543490E-02
    .520547E-02
    .473707E-02
    .439398E-02
    .437887E-02
    .450685E-02
    .477132E-02
    .520221E-02
    .528341E-02
    .460058E-02
    .329734E-02
    .195910E-02
    .111813E-02
    .807747E-03
    .985373E-03
    .199775E-02
    .401127E-02
    .683697E-02
    .981302E-02
    .121127E-01
    .130465E-01
    .128133E-01
    .120192E-01
    .108754E-01
    .945383E-02
    .819069E-02
    .774691E-02
    .872533E-02
    .101860E-01
    .108074E-01
    .110356E-01
    .116343E-01
    .120502E-01
    .112972E-01
    .906758E-02
    .644084E-02
    .426767E-02
    .203213E-02
   -.341718E-03
   -.180700E-02
   -.182966E-02
   -.767462E-03
    .945151E-03
    .315674E-02
    .582926E-02
    .822900E-02
    .963191E-02
    .104496E-01
    .113805E-01
    .124676E-01
    .132430E-01
    .134334E-01
    .133149E-01
    .135541E-01
    .149767E-01
    .170711E-01
    .185435E-01
    .190090E-01
    .189627E-01
    .188873E-01
    .186580E-01
    .179132E-01
    .171192E-01
    .168896E-01
    .170165E-01
    .166442E-01
    .149907E-01
    .128021E-01
    .112543E-01
    .102598E-01
    .937573E-02
    .893217E-02
    .898909E-02
    .922703E-02
    .979313E-02
    .110556E-01
    .131554E-01
    .154279E-01
    .169271E-01
    .174559E-01
    .172839E-01
    .164323E-01
    .150948E-01
    .137780E-01
    .129903E-01
    .128498E-01
    .129669E-01
    .132248E-01
    .141469E-01
    .159988E-01
    .183891E-01
    .204061E-01
    .217313E-01
    .228366E-01
    .240977E-01
    .251039E-01
    .244816E-01
    .222786E-01
    .207814E-01
    .204780E-01
    .198808E-01
    .188886E-01
    .186033E-01
    .194921E-01
    .206787E-01
    .210563E-01
    .207743E-01
    .208227E-01
    .222840E-01
    .240353E-01
    .230704E-01
    .196166E-01
    .162661E-01
    .142453E-01
    .131516E-01
    .127789E-01
    .131932E-01
    .145846E-01
    .173586E-01
    .215571E-01
    .266740E-01
    .308944E-01
    .319215E-01
    .299610E-01
    .264810E-01
    .217279E-01
    .161661E-01
    .112256E-01
    .750258E-02
    .502004E-02
    .456034E-02
    .642157E-02
    .102610E-01
    .152773E-01
    .206705E-01
    .256120E-01
    .298331E-01
    .336317E-01
    .364246E-01
    .371071E-01
    .364471E-01
    .355525E-01
    .337064E-01
    .312475E-01
    .298019E-01
    .286677E-01
    .262040E-01
    .227418E-01
    .191506E-01
    .153413E-01
    .119033E-01
    .979088E-02
    .854634E-02
    .767360E-02
    .797957E-02
    .905840E-02
    .950884E-02
    .921702E-02
    .892680E-02
    .887984E-02
    .885459E-02
    .874081E-02
    .861205E-02
    .851581E-02
    .846436E-02
    .871630E-02
    .979246E-02
    .118578E-01
    .144120E-01
    .164176E-01
    .173981E-01
    .176174E-01
    .183857E-01
    .203398E-01
    .218523E-01
    .213988E-01
    .188510E-01
    .154321E-01
    .123991E-01
    .101900E-01
    .898977E-02
    .940935E-02
    .109806E-01
    .128683E-01
    .160489E-01
    .205273E-01
    .230378E-01
    .223653E-01
    .201814E-01
    .172572E-01
    .135755E-01
    .105255E-01
    .912093E-02
    .910377E-02
    .102183E-01
    .125396E-01
    .154973E-01
    .183599E-01
    .209998E-01
    .236514E-01
    .260954E-01
    .274204E-01
    .267957E-01
    .234583E-01
    .181373E-01
    .122906E-01
    .697979E-02
    .278140E-02
    .256333E-03
   -.110338E-02
   -.226380E-02
   -.325666E-02
   -.296774E-02
    .337726E-03
    .618292E-02
    .124399E-01
    .185471E-01
    .246063E-01
    .287809E-01
    .300571E-01
    .294260E-01
    .271444E-01
    .223341E-01
    .158839E-01
    .976837E-02
    .496472E-02
    .116899E-02
   -.191159E-02
   -.418188E-02
   -.559380E-02
   -.614043E-02
   -.674576E-02
   -.878870E-02
   -.120204E-01
   -.144326E-01
   -.132718E-01
   -.906647E-02
   -.493851E-02
   -.126269E-02
    .317273E-02
    .698791E-02
    .814041E-02
    .604996E-02
    .247174E-02
   -.751049E-03
   -.352710E-02
   -.600512E-02
   -.721914E-02
   -.748003E-02
   -.799967E-02
   -.781549E-02
   -.561376E-02
   -.232318E-02
    .412731E-03
    .192414E-02
    .250415E-02
    .239609E-02
    .146443E-02
   -.906214E-04
   -.159523E-02
   -.212630E-02
   -.119073E-02
    .464612E-03
    .196379E-02
    .316759E-02
    .404437E-02
    .403594E-02
    .251412E-02
   -.701675E-03
   -.561657E-02
   -.109136E-01
   -.144983E-01
   -.158455E-01
   -.155248E-01
   -.136408E-01
   -.103807E-01
   -.649356E-02
   -.367252E-02
   -.350395E-02
   -.632962E-02
   -.106276E-01
   -.143068E-01
   -.174651E-01
   -.208755E-01
   -.232421E-01
   -.229692E-01
   -.195363E-01
   -.142227E-01
   -.870313E-02
   -.427437E-02
   -.140941E-02
    .177835E-03
    .695959E-03
   -.447572E-03
   -.397088E-02
   -.902909E-02
   -.126940E-01
   -.138316E-01
   -.135854E-01
   -.128987E-01
   -.114739E-01
   -.845032E-02
   -.478305E-02
   -.319957E-02
   -.367459E-02
   -.448513E-02
   -.580229E-02
   -.857254E-02
   -.127644E-01
   -.177405E-01
   -.229741E-01
   -.274623E-01
   -.302195E-01
   -.308471E-01
   -.294559E-01
   -.256423E-01
   -.191530E-01
   -.108699E-01
   -.274010E-02
    .389473E-02
    .846090E-02
    .108157E-01
    .110452E-01
    .982548E-02
    .792279E-02
    .522181E-02
    .123677E-02
   -.418666E-02
   -.102617E-01
   -.159744E-01
   -.206072E-01
   -.239349E-01
   -.256021E-01
   -.254845E-01
   -.237296E-01
   -.203060E-01
   -.160991E-01
   -.125286E-01
   -.921896E-02
   -.618897E-02
   -.654452E-02
   -.116634E-01
   -.201858E-01
   -.307870E-01
   -.424489E-01
   -.525398E-01
   -.589866E-01
   -.610046E-01
   -.588064E-01
   -.517011E-01
   -.381524E-01
   -.202824E-01
   -.435158E-02
    .671902E-02
    .139044E-01
    .186075E-01
    .215037E-01
    .230807E-01
    .241608E-01
    .253196E-01
    .266003E-01
    .278343E-01
    .289885E-01
    .293931E-01
    .274871E-01
    .234597E-01
    .187751E-01
    .142387E-01
    .100353E-01
    .667320E-02
    .464893E-02
    .446144E-02
    .662594E-02
    .106785E-01
    .152171E-01
    .194200E-01
    .234318E-01
    .275164E-01
    .316419E-01
    .356854E-01
    .393911E-01
    .422535E-01
    .441197E-01
    .454328E-01
    .471696E-01
    .489147E-01
    .485873E-01
    .463627E-01
    .440965E-01
    .424108E-01
    .408061E-01
    .389502E-01
    .366999E-01
    .335806E-01
    .289781E-01
    .230656E-01
    .166669E-01
    .923281E-02
   -.975277E-03
   -.131216E-01
   -.252740E-01
   -.374508E-01
   -.507474E-01
   -.658466E-01
   -.822828E-01
   -.985545E-01
   -.112261E+00
   -.122506E+00
   -.129523E+00
   -.133682E+00
   -.135071E+00
   -.134639E+00
   -.133342E+00
   -.130749E+00
   -.127358E+00
   -.124730E+00
   -.123418E+00
   -.122986E+00
   -.123343E+00
   -.124828E+00
   -.127948E+00
   -.132392E+00
   -.137727E+00
   -.144438E+00
   -.152873E+00
   -.163048E+00
   -.174432E+00
   -.186026E+00
   -.196419E+00
   -.204930E+00
   -.211311E+00
   -.215572E+00
   -.217513E+00
   -.217388E+00
   -.215115E+00
   -.208667E+00
   -.197193E+00
   -.180916E+00
   -.160714E+00
   -.138443E+00
   -.116426E+00
   -.948988E-01
   -.719766E-01
   -.464426E-01
   -.194210E-01
    .593857E-02
    .278246E-01
    .460383E-01
    .625131E-01
    .785870E-01
    .925901E-01
    .103570E+00
    .112919E+00
    .122549E+00
    .132673E+00
    .140862E+00
    .145979E+00
    .150146E+00
    .161226E+00
    .185037E+00
    .208062E+00
    .216238E+00
    .213485E+00
    .209045E+00
    .202489E+00
    .185351E+00
    .157463E+00
    .134837E+00
    .123952E+00
    .114390E+00
    .985784E-01
    .789779E-01
    .612724E-01
    .464098E-01
    .313435E-01
    .146293E-01
   -.327508E-02
   -.227562E-01
   -.434151E-01
   -.622857E-01
   -.775196E-01
   -.889549E-01
   -.969826E-01
   -.102709E+00
   -.108207E+00
   -.113143E+00
   -.114663E+00
   -.113328E+00
   -.112000E+00
   -.111534E+00
   -.111146E+00
   -.110588E+00
   -.110837E+00
   -.112344E+00
   -.113427E+00
   -.113190E+00
   -.113258E+00
   -.115370E+00
   -.119761E+00
   -.124549E+00
   -.128912E+00
   -.134956E+00
   -.143730E+00
   -.154139E+00
   -.164389E+00
   -.173141E+00
   -.179384E+00
   -.183543E+00
   -.186514E+00
   -.187958E+00
   -.187536E+00
   -.186753E+00
   -.186832E+00
   -.187793E+00
   -.191037E+00
   -.198741E+00
   -.210560E+00
   -.223419E+00
   -.233175E+00
   -.237075E+00
   -.231394E+00
   -.211252E+00
   -.176213E+00
   -.130079E+00
   -.831731E-01
   -.466942E-01
   -.209230E-01
   -.386912E-03
    .167061E-01
    .299666E-01
    .395678E-01
    .479662E-01
    .570678E-01
    .656762E-01
    .725110E-01
    .779491E-01
    .830780E-01
    .884174E-01
    .937779E-01
    .994144E-01
    .106489E+00
    .114815E+00
    .122903E+00
    .129504E+00
    .134469E+00
    .138101E+00
    .139424E+00
    .136172E+00
    .129110E+00
    .120237E+00
    .108971E+00
    .948190E-01
    .786841E-01
    .620752E-01
    .461114E-01
    .316361E-01
    .178508E-01
    .258926E-02
   -.126397E-01
   -.244344E-01
   -.330189E-01
   -.413238E-01
   -.518905E-01
   -.659029E-01
   -.843827E-01
   -.106596E+00
   -.131168E+00
   -.158455E+00
   -.187256E+00
   -.214195E+00
   -.237024E+00
   -.255221E+00
   -.268217E+00
   -.276975E+00
   -.282359E+00
   -.283336E+00
   -.277838E+00
   -.265447E+00
   -.246831E+00
   -.220164E+00
   -.187258E+00
   -.152659E+00
   -.119092E+00
   -.866662E-01
   -.546434E-01
   -.236123E-01
    .430798E-02
    .269436E-01
    .444228E-01
    .589119E-01
    .724532E-01
    .852727E-01
    .966695E-01
    .106358E+00
    .114863E+00
    .123613E+00
    .134503E+00
    .146125E+00
    .156772E+00
    .167726E+00
    .188144E+00
    .233622E+00
    .283963E+00
    .303786E+00
    .297850E+00
    .291097E+00
    .290894E+00
    .290423E+00
    .286132E+00
    .281080E+00
    .277719E+00
    .275050E+00
    .270703E+00
    .262890E+00
    .253032E+00
    .243464E+00
    .234580E+00
    .225709E+00
    .216660E+00
    .207650E+00
    .198786E+00
    .189970E+00
    .181194E+00
    .172273E+00
    .162457E+00
    .149735E+00
    .131627E+00
    .105969E+00
    .694329E-01
    .253909E-01
   -.190183E-01
   -.607073E-01
   -.997203E-01
   -.134976E+00
   -.166267E+00
   -.194086E+00
   -.218104E+00
   -.236984E+00
   -.249485E+00
   -.256263E+00
   -.257917E+00
   -.256562E+00
   -.254735E+00
   -.253245E+00
   -.251810E+00
   -.250130E+00
   -.247689E+00
   -.243976E+00
   -.239979E+00
   -.236584E+00
   -.233033E+00
   -.229058E+00
   -.225806E+00
   -.224243E+00
   -.224296E+00
   -.225376E+00
   -.226587E+00
   -.226944E+00
   -.226230E+00
   -.224833E+00
   -.223289E+00
   -.221824E+00
   -.220685E+00
   -.221132E+00
   -.224687E+00
   -.230935E+00
   -.238824E+00
   -.248579E+00
   -.258174E+00
   -.263694E+00
   -.264384E+00
   -.261613E+00
   -.255020E+00
   -.244752E+00
   -.231954E+00
   -.217907E+00
   -.203826E+00
   -.191106E+00
   -.180325E+00
   -.171343E+00
   -.163191E+00
   -.154956E+00
   -.146547E+00
   -.138444E+00
   -.131221E+00
   -.124639E+00
   -.117803E+00
   -.109688E+00
   -.100082E+00
   -.893702E-01
   -.779892E-01
   -.659351E-01
   -.530733E-01
   -.396169E-01
   -.259853E-01
   -.116151E-01
    .492204E-02
    .233833E-01
    .425026E-01
    .619539E-01
    .807760E-01
    .966796E-01
    .110178E+00
    .123570E+00
    .137572E+00
    .150895E+00
    .161607E+00
    .170406E+00
    .179353E+00
    .189383E+00
    .199844E+00
    .209339E+00
    .216609E+00
    .220886E+00
    .223518E+00
    .226170E+00
    .228478E+00
    .229222E+00
    .227075E+00
    .221737E+00
    .212558E+00
    .197254E+00
    .174795E+00
    .145385E+00
    .114757E+00
    .891451E-01
    .676323E-01
    .472694E-01
    .293284E-01
    .150263E-01
    .382695E-02
   -.449680E-02
   -.100624E-01
   -.133196E-01
   -.152899E-01
   -.166813E-01
   -.178480E-01
   -.188421E-01
   -.192983E-01
   -.202793E-01
   -.243868E-01
   -.320850E-01
   -.422344E-01
   -.545630E-01
   -.684945E-01
   -.828228E-01
   -.976021E-01
   -.113156E+00
   -.127707E+00
   -.139282E+00
   -.146818E+00
   -.151879E+00
   -.155965E+00
   -.158045E+00
   -.156657E+00
   -.150709E+00
   -.137667E+00
   -.112436E+00
   -.740180E-01
   -.287171E-01
    .128870E-01
    .479748E-01
    .807100E-01
    .112214E+00
    .140106E+00
    .163776E+00
    .184766E+00
    .203340E+00
    .218805E+00
    .230949E+00
    .239869E+00
    .250574E+00
    .273471E+00
    .298887E+00
    .307031E+00
    .301213E+00
    .296638E+00
    .297946E+00
    .300586E+00
    .301688E+00
    .302287E+00
    .303248E+00
    .303740E+00
    .303112E+00
    .301524E+00
    .299619E+00
    .297830E+00
    .296130E+00
    .294169E+00
    .291422E+00
    .288116E+00
    .284840E+00
    .281751E+00
    .278684E+00
    .274909E+00
    .266441E+00
    .247966E+00
    .220559E+00
    .190725E+00
    .164687E+00
    .140986E+00
    .113838E+00
    .828534E-01
    .510846E-01
    .190455E-01
   -.131054E-01
   -.436685E-01
   -.740285E-01
   -.106003E+00
   -.136003E+00
   -.161205E+00
   -.183096E+00
   -.204531E+00
   -.226026E+00
   -.245813E+00
   -.262284E+00
   -.274073E+00
   -.282005E+00
   -.287730E+00
   -.292266E+00
   -.296420E+00
   -.301148E+00
   -.306866E+00
   -.313287E+00
   -.319514E+00
   -.324753E+00
   -.328869E+00
   -.331881E+00
   -.333459E+00
   -.334484E+00
   -.335823E+00
   -.335945E+00
   -.334675E+00
   -.335003E+00
   -.337933E+00
   -.341806E+00
   -.345443E+00
   -.348086E+00
   -.347605E+00
   -.342968E+00
   -.333997E+00
   -.320859E+00
   -.304016E+00
   -.283615E+00
   -.261497E+00
   -.240275E+00
   -.220700E+00
   -.201491E+00
   -.180439E+00
   -.157687E+00
   -.135521E+00
   -.114962E+00
   -.952422E-01
   -.750630E-01
   -.548187E-01
   -.369252E-01
   -.219051E-01
   -.874965E-02
    .299908E-02
    .129589E-01
    .201131E-01
    .244682E-01
    .265208E-01
    .271056E-01
    .273214E-01
    .282587E-01
    .304763E-01
    .345306E-01
    .407923E-01
    .496330E-01
    .617378E-01
    .764065E-01
    .919196E-01
    .106573E+00
    .119162E+00
    .129134E+00
    .137028E+00
    .143667E+00
    .149225E+00
    .153410E+00
    .156792E+00
    .160048E+00
    .162828E+00
    .165280E+00
    .168407E+00
    .172676E+00
    .177458E+00
    .181595E+00
    .184641E+00
    .186896E+00
    .189250E+00
    .192669E+00
    .197764E+00
    .204285E+00
    .211663E+00
    .219331E+00
    .226607E+00
    .232591E+00
    .236822E+00
    .239126E+00
    .240415E+00
    .241571E+00
    .241916E+00
    .240879E+00
    .239208E+00
    .237436E+00
    .235142E+00
    .232309E+00
    .229443E+00
    .226732E+00
    .223791E+00
    .219895E+00
    .214560E+00
    .207887E+00
    .200725E+00
    .193526E+00
    .185703E+00
    .176885E+00
    .167475E+00
    .158501E+00
    .150156E+00
    .141316E+00
    .131382E+00
    .120671E+00
    .109808E+00
    .991190E-01
    .885868E-01
    .783891E-01
    .692560E-01
    .621587E-01
    .571598E-01
    .529703E-01
    .487915E-01
    .453073E-01
    .433585E-01
    .429109E-01
    .429897E-01
    .433217E-01
    .449449E-01
    .473985E-01
    .491846E-01
    .501762E-01
    .513606E-01
    .534427E-01
    .554547E-01
    .559240E-01
    .553083E-01
    .544468E-01
    .525335E-01
    .493345E-01
    .460675E-01
    .441065E-01
    .436670E-01
    .437304E-01
    .433019E-01
    .419513E-01
    .401470E-01
    .381414E-01
    .350711E-01
    .302320E-01
    .235115E-01
    .158836E-01
    .870355E-02
    .296057E-02
   -.123925E-02
   -.423876E-02
   -.612270E-02
   -.672342E-02
   -.703663E-02
   -.775767E-02
   -.762133E-02
   -.640315E-02
   -.540924E-02
   -.431432E-02
   -.225300E-02
   -.575451E-03
    .196092E-03
    .174840E-02
    .385675E-02
    .472155E-02
    .442079E-02
    .394275E-02
    .309086E-02
    .164606E-02
    .199188E-03
   -.536733E-03
   -.156958E-03
    .187235E-02
    .500123E-02
    .834873E-02
    .123893E-01
    .180864E-01
    .257945E-01
    .345600E-01
    .433215E-01
    .522224E-01
    .619178E-01
    .726046E-01
    .833099E-01
    .923658E-01
    .996894E-01
    .106132E+00
    .111955E+00
    .116762E+00
    .119798E+00
    .121679E+00
    .123372E+00
    .124283E+00
    .123841E+00
    .122833E+00
    .122386E+00
    .122664E+00
    .122359E+00
    .120225E+00
    .116058E+00
    .111136E+00
    .106943E+00
    .103079E+00
    .986612E-01
    .943226E-01
    .909821E-01
    .887577E-01
    .869777E-01
    .849351E-01
    .821856E-01
    .788231E-01
    .754375E-01
    .729293E-01
    .717057E-01
    .702145E-01
    .676101E-01
    .657461E-01
    .657344E-01
    .668304E-01
    .680001E-01
    .689580E-01
    .698975E-01
    .709029E-01
    .719114E-01
    .728835E-01
    .738420E-01
    .747948E-01
    .755177E-01
    .753973E-01
    .743013E-01
    .723459E-01
    .696575E-01
    .652296E-01
    .561872E-01
    .438990E-01
    .322484E-01
    .216320E-01
    .104570E-01
   -.134830E-02
   -.124093E-01
   -.215577E-01
   -.291770E-01
   -.359023E-01
   -.412368E-01
   -.450338E-01
   -.474847E-01
   -.478804E-01
   -.455608E-01
   -.419069E-01
   -.376332E-01
   -.309083E-01
   -.225777E-01
   -.158415E-01
   -.117977E-01
   -.949695E-02
   -.869113E-02
   -.920974E-02
   -.108678E-01
   -.143048E-01
   -.196740E-01
   -.257122E-01
   -.311271E-01
   -.354311E-01
   -.388112E-01
   -.415896E-01
   -.441439E-01
   -.461955E-01
   -.468813E-01
   -.468532E-01
   -.481114E-01
   -.525024E-01
   -.594782E-01
   -.667932E-01
   -.731595E-01
   -.782161E-01
   -.813321E-01
   -.821563E-01
   -.808498E-01
   -.782386E-01
   -.750642E-01
   -.716817E-01
   -.686835E-01
   -.671907E-01
   -.676029E-01
   -.696297E-01
   -.723521E-01
   -.749111E-01
   -.772008E-01
   -.782246E-01
   -.751889E-01
   -.672132E-01
   -.553913E-01
   -.407781E-01
   -.257335E-01
   -.144968E-01
   -.779861E-02
   -.339313E-02
    .704171E-03
    .524489E-02
    .105792E-01
    .167343E-01
    .239351E-01
    .329408E-01
    .444040E-01
    .586033E-01
    .743671E-01
    .903102E-01
    .107210E+00
    .125304E+00
    .141203E+00
    .153487E+00
    .164282E+00
    .173637E+00
    .179838E+00
    .183787E+00
    .189723E+00
    .202477E+00
    .216181E+00
    .220829E+00
    .218107E+00
    .215276E+00
    .213894E+00
    .208257E+00
    .193423E+00
    .177484E+00
    .168611E+00
    .161749E+00
    .149537E+00
    .130466E+00
    .106903E+00
    .810943E-01
    .551045E-01
    .310116E-01
    .104172E-01
   -.832537E-02
   -.275752E-01
   -.465576E-01
   -.638243E-01
   -.791915E-01
   -.922582E-01
   -.101530E+00
   -.107078E+00
   -.110171E+00
   -.110900E+00
   -.109366E+00
   -.106539E+00
   -.104618E+00
   -.105422E+00
   -.109288E+00
   -.114748E+00
   -.120387E+00
   -.126994E+00
   -.135508E+00
   -.144504E+00
   -.152090E+00
   -.157447E+00
   -.160972E+00
   -.163252E+00
   -.165036E+00
   -.166499E+00
   -.166559E+00
   -.165364E+00
   -.163849E+00
   -.161667E+00
   -.157485E+00
   -.149766E+00
   -.139095E+00
   -.126657E+00
   -.112362E+00
   -.961146E-01
   -.792634E-01
   -.621353E-01
   -.432279E-01
   -.234679E-01
   -.517551E-02
    .117427E-01
    .279600E-01
    .422152E-01
    .546358E-01
    .660777E-01
    .744868E-01
    .792931E-01
    .839609E-01
    .894657E-01
    .933046E-01
    .952187E-01
    .966606E-01
    .973480E-01
    .974577E-01
    .987762E-01
    .101841E+00
    .105821E+00
    .110327E+00
    .114773E+00
    .117925E+00
    .120312E+00
    .123342E+00
    .127079E+00
    .130096E+00
    .130581E+00
    .129238E+00
    .128120E+00
    .128105E+00
    .128968E+00
    .130812E+00
    .134875E+00
    .142578E+00
    .152412E+00
    .161948E+00
    .170759E+00
    .179557E+00
    .188082E+00
    .194176E+00
    .196654E+00
    .197485E+00
    .198518E+00
    .199313E+00
    .199411E+00
    .199317E+00
    .199417E+00
    .199601E+00
    .199715E+00
    .199788E+00
    .199872E+00
    .199981E+00
    .199718E+00
    .197873E+00
    .194132E+00
    .188391E+00
    .180171E+00
    .166055E+00
    .137766E+00
    .102734E+00
    .800339E-01
    .680600E-01
    .527316E-01
    .312037E-01
    .938574E-02
   -.941853E-02
   -.255433E-01
   -.393874E-01
   -.520204E-01
   -.636038E-01
   -.715093E-01
   -.755366E-01
   -.779514E-01
   -.804084E-01
   -.827220E-01
   -.835962E-01
   -.837555E-01
   -.857020E-01
   -.909992E-01
   -.989975E-01
   -.107651E+00
   -.115546E+00
   -.122506E+00
   -.129506E+00
   -.136973E+00
   -.143564E+00
   -.148444E+00
   -.152017E+00
   -.154895E+00
   -.156958E+00
   -.157500E+00
   -.156901E+00
   -.156713E+00
   -.157030E+00
   -.156855E+00
   -.156509E+00
   -.157009E+00
   -.158696E+00
   -.160923E+00
   -.163027E+00
   -.164962E+00
   -.166913E+00
   -.168859E+00
   -.170240E+00
   -.169750E+00
   -.166406E+00
   -.159726E+00
   -.149502E+00
   -.136557E+00
   -.121942E+00
   -.107111E+00
   -.933249E-01
   -.808065E-01
   -.685604E-01
   -.549334E-01
   -.403973E-01
   -.265240E-01
   -.130491E-01
    .103669E-02
    .156334E-01
    .307011E-01
    .467588E-01
    .627500E-01
    .770949E-01
    .897227E-01
    .100970E+00
    .109770E+00
    .115227E+00
    .117668E+00
    .118485E+00
    .118314E+00
    .115920E+00
    .111411E+00
    .105895E+00
    .994087E-01
    .909752E-01
    .789629E-01
    .636312E-01
    .462775E-01
    .283431E-01
    .105024E-01
   -.781715E-02
   -.273364E-01
   -.482468E-01
   -.693954E-01
   -.891242E-01
   -.106178E+00
   -.121034E+00
   -.134623E+00
   -.146709E+00
   -.156114E+00
   -.161947E+00
   -.164622E+00
   -.164649E+00
   -.163350E+00
   -.162317E+00
   -.162199E+00
   -.163119E+00
   -.165555E+00
   -.168775E+00
   -.171065E+00
   -.171525E+00
   -.170610E+00
   -.169316E+00
   -.167349E+00
   -.163166E+00
   -.156936E+00
   -.149781E+00
   -.141528E+00
   -.132130E+00
   -.122451E+00
   -.113072E+00
   -.104003E+00
   -.955294E-01
   -.870846E-01
   -.765524E-01
   -.637594E-01
   -.503587E-01
   -.377657E-01
   -.258677E-01
   -.134313E-01
    .971366E-04
    .138315E-01
    .251631E-01
    .325572E-01
    .370428E-01
    .404446E-01
    .433832E-01
    .459560E-01
    .482777E-01
    .500158E-01
    .508859E-01
    .506774E-01
    .491959E-01
    .460987E-01
    .412047E-01
    .349218E-01
    .275614E-01
    .187078E-01
    .816030E-02
   -.183698E-02
   -.977292E-02
   -.172734E-01
   -.253999E-01
   -.328617E-01
   -.380050E-01
   -.409138E-01
   -.431670E-01
   -.457737E-01
   -.485598E-01
   -.512268E-01
   -.534933E-01
   -.545123E-01
   -.542422E-01
   -.536692E-01
   -.533592E-01
   -.532996E-01
   -.537411E-01
   -.547997E-01
   -.561267E-01
   -.577187E-01
   -.597124E-01
   -.610677E-01
   -.610394E-01
   -.604422E-01
   -.607228E-01
   -.623838E-01
   -.634495E-01
   -.622749E-01
   -.598974E-01
   -.572966E-01
   -.535258E-01
   -.481805E-01
   -.417636E-01
   -.341264E-01
   -.255993E-01
   -.175627E-01
   -.103693E-01
   -.359147E-02
    .222217E-02
    .672162E-02
    .107982E-01
    .157923E-01
    .222679E-01
    .289831E-01
    .349870E-01
    .411560E-01
    .480715E-01
    .553765E-01
    .634317E-01
    .723915E-01
    .806020E-01
    .867844E-01
    .908213E-01
    .931944E-01
    .942068E-01
    .940955E-01
    .929675E-01
    .901698E-01
    .855307E-01
    .791199E-01
    .705248E-01
    .601082E-01
    .493977E-01
    .401267E-01
    .334842E-01
    .291899E-01
    .262551E-01
    .241859E-01
    .226060E-01
    .209854E-01
    .187766E-01
    .160186E-01
    .136450E-01
    .117715E-01
    .952366E-02
    .744777E-02
    .644656E-02
    .516901E-02
    .247539E-02
   -.923842E-03
   -.439994E-02
   -.871187E-02
   -.151813E-01
   -.238615E-01
   -.337897E-01
   -.442618E-01
   -.551411E-01
   -.658485E-01
   -.756390E-01
   -.842179E-01
   -.915979E-01
   -.973037E-01
   -.101174E+00
   -.103040E+00
   -.101851E+00
   -.972103E-01
   -.890306E-01
   -.783335E-01
   -.663543E-01
   -.535936E-01
   -.401410E-01
   -.258841E-01
   -.111929E-01
    .312590E-02
    .160789E-01
    .277868E-01
    .396232E-01
    .512405E-01
    .606625E-01
    .678698E-01
    .740477E-01
    .790397E-01
    .828425E-01
    .863454E-01
    .900844E-01
    .940591E-01
    .985616E-01
    .103386E+00
    .107742E+00
    .112226E+00
    .117796E+00
    .123065E+00
    .127686E+00
    .134467E+00
    .142817E+00
    .149208E+00
    .153492E+00
    .157365E+00
    .160278E+00
    .160632E+00
    .157708E+00
    .153201E+00
    .148534E+00
    .142342E+00
    .134483E+00
    .126819E+00
    .119803E+00
    .111384E+00
    .985255E-01
    .805702E-01
    .581605E-01
    .330068E-01
    .742501E-02
   -.158783E-01
   -.358980E-01
   -.532243E-01
   -.682458E-01
   -.800995E-01
   -.881533E-01
   -.935635E-01
   -.983629E-01
   -.103257E+00
   -.107249E+00
   -.109091E+00
   -.108805E+00
   -.107790E+00
   -.106528E+00
   -.104170E+00
   -.101567E+00
   -.100061E+00
   -.983643E-01
   -.964206E-01
   -.975418E-01
   -.101456E+00
   -.104972E+00
   -.107723E+00
   -.110640E+00
   -.112581E+00
   -.112485E+00
   -.110768E+00
   -.109103E+00
   -.107644E+00
   -.103575E+00
   -.952279E-01
   -.824433E-01
   -.660461E-01
   -.466974E-01
   -.241022E-01
    .413521E-03
    .241165E-01
    .457351E-01
    .654216E-01
    .833740E-01
    .992098E-01
    .111550E+00
    .120860E+00
    .128377E+00
    .133979E+00
    .137103E+00
    .137331E+00
    .135980E+00
    .134767E+00
    .134022E+00
    .132912E+00
    .130239E+00
    .126284E+00
    .122456E+00
    .119948E+00
    .118900E+00
    .118388E+00
    .118206E+00
    .119200E+00
    .120482E+00
    .120361E+00
    .119174E+00
    .117439E+00
    .113787E+00
    .108338E+00
    .102914E+00
    .986125E-01
    .951044E-01
    .917475E-01
    .889284E-01
    .877858E-01
    .886747E-01
    .908512E-01
    .932804E-01
    .957939E-01
    .989596E-01
    .102684E+00
    .106382E+00
    .109866E+00
    .113054E+00
    .115531E+00
    .117449E+00
    .119203E+00
    .120497E+00
    .120933E+00
    .120057E+00
    .116797E+00
    .109443E+00
    .975074E-01
    .820253E-01
    .637868E-01
    .451080E-01
    .291017E-01
    .161127E-01
    .480962E-02
   -.502996E-02
   -.131553E-01
   -.192578E-01
   -.231338E-01
   -.247222E-01
   -.242423E-01
   -.221772E-01
   -.184271E-01
   -.129380E-01
   -.611459E-02
    .118223E-02
    .788044E-02
    .128119E-01
    .161387E-01
    .187696E-01
    .213084E-01
    .238987E-01
    .265546E-01
    .298364E-01
    .344592E-01
    .395065E-01
    .437627E-01
    .473780E-01
    .508010E-01
    .533824E-01
    .540526E-01
    .519509E-01
    .464508E-01
    .379007E-01
    .267552E-01
    .139974E-01
    .902917E-03
   -.115980E-01
   -.227118E-01
   -.311794E-01
   -.370949E-01
   -.420435E-01
   -.487689E-01
   -.583088E-01
   -.688902E-01
   -.792653E-01
   -.898303E-01
   -.100491E+00
   -.110007E+00
   -.116921E+00
   -.121320E+00
   -.123965E+00
   -.125512E+00
   -.126762E+00
   -.129074E+00
   -.132974E+00
   -.138032E+00
   -.143762E+00
   -.150148E+00
   -.157412E+00
   -.164894E+00
   -.170822E+00
   -.174618E+00
   -.176632E+00
   -.177091E+00
   -.175984E+00
   -.173073E+00
   -.169070E+00
   -.165075E+00
   -.161391E+00
   -.157588E+00
   -.153038E+00
   -.147849E+00
   -.142608E+00
   -.137562E+00
   -.132438E+00
   -.126667E+00
   -.120478E+00
   -.114874E+00
   -.109635E+00
   -.103886E+00
   -.981290E-01
   -.929090E-01
   -.874842E-01
   -.820590E-01
   -.779483E-01
   -.749647E-01
   -.721624E-01
   -.697679E-01
   -.683075E-01
   -.678851E-01
   -.683067E-01
   -.693078E-01
   -.705065E-01
   -.716427E-01
   -.726319E-01
   -.731928E-01
   -.730610E-01
   -.725655E-01
   -.719165E-01
   -.706881E-01
   -.692425E-01
   -.684802E-01
   -.683099E-01
   -.681162E-01
   -.677728E-01
   -.677811E-01
   -.683671E-01
   -.683763E-01
   -.669410E-01
   -.647992E-01
   -.625788E-01
   -.599618E-01
   -.572570E-01
   -.553585E-01
   -.546241E-01
   -.547520E-01
   -.556788E-01
   -.574366E-01
   -.601616E-01
   -.643365E-01
   -.697347E-01
   -.752672E-01
   -.797574E-01
   -.826766E-01
   -.848234E-01
   -.869261E-01
   -.885125E-01
   -.894169E-01
   -.901854E-01
   -.911285E-01
   -.921268E-01
   -.930837E-01
   -.942965E-01
   -.963510E-01
   -.993914E-01
   -.103077E+00
   -.106894E+00
   -.110357E+00
   -.112846E+00
   -.113946E+00
   -.113498E+00
   -.111883E+00
   -.109135E+00
   -.104000E+00
   -.963588E-01
   -.876687E-01
   -.803339E-01
   -.754176E-01
   -.720913E-01
   -.693634E-01
   -.671606E-01
   -.653898E-01
   -.638339E-01
   -.628250E-01
   -.621507E-01
   -.609621E-01
   -.595722E-01
   -.588537E-01
   -.586829E-01
   -.584572E-01
   -.581252E-01
   -.582059E-01
   -.591980E-01
   -.611621E-01
   -.636945E-01
   -.662233E-01
   -.682761E-01
   -.693309E-01
   -.688995E-01
   -.669866E-01
   -.638834E-01
   -.593951E-01
   -.526044E-01
   -.434839E-01
   -.334547E-01
   -.246659E-01
   -.176888E-01
   -.120929E-01
   -.850397E-02
   -.775904E-02
   -.899752E-02
   -.106171E-01
   -.119568E-01
   -.132195E-01
   -.143199E-01
   -.142722E-01
   -.130420E-01
   -.121464E-01
   -.121441E-01
   -.123028E-01
   -.122125E-01
   -.116889E-01
   -.990170E-02
   -.752233E-02
   -.646492E-02
   -.671764E-02
   -.698045E-02
   -.685769E-02
   -.695903E-02
   -.819763E-02
   -.113353E-01
   -.163659E-01
   -.216266E-01
   -.266598E-01
   -.335550E-01
   -.427989E-01
   -.525887E-01
   -.610111E-01
   -.674795E-01
   -.719718E-01
   -.747637E-01
   -.763836E-01
   -.783955E-01
   -.818497E-01
   -.859880E-01
   -.898814E-01
   -.935874E-01
   -.978454E-01
   -.102235E+00
   -.104275E+00
   -.103830E+00
   -.103391E+00
   -.103251E+00
   -.102066E+00
   -.100396E+00
   -.994331E-01
   -.991242E-01
   -.994934E-01
   -.101089E+00
   -.103539E+00
   -.105556E+00
   -.105860E+00
   -.105245E+00
   -.105168E+00
   -.104878E+00
   -.103019E+00
   -.996260E-01
   -.955054E-01
   -.906794E-01
   -.845395E-01
   -.768477E-01
   -.680284E-01
   -.590576E-01
   -.510853E-01
   -.446576E-01
   -.398050E-01
   -.361159E-01
   -.333917E-01
   -.322182E-01
   -.321983E-01
   -.318075E-01
   -.294212E-01
   -.248031E-01
   -.189510E-01
   -.131984E-01
   -.847406E-02
   -.480570E-02
   -.192771E-02
    .108059E-03
    .126127E-02
    .170284E-02
    .220909E-02
    .363219E-02
    .616322E-02
    .102402E-01
    .172912E-01
    .264549E-01
    .356421E-01
    .447685E-01
    .536508E-01
    .598936E-01
    .639205E-01
    .682320E-01
    .725906E-01
    .756383E-01
    .777559E-01
    .796901E-01
    .810864E-01
    .814446E-01
    .812039E-01
    .815226E-01
    .829179E-01
    .850141E-01
    .864994E-01
    .864843E-01
    .856991E-01
    .848630E-01
    .835900E-01
    .821277E-01
    .809040E-01
    .784714E-01
    .742289E-01
    .698903E-01
    .658339E-01
    .606299E-01
    .543103E-01
    .476389E-01
    .398962E-01
    .306491E-01
    .201871E-01
    .810173E-02
   -.566515E-02
   -.194581E-01
   -.314516E-01
   -.404321E-01
   -.461455E-01
   -.493691E-01
   -.522250E-01
   -.557626E-01
   -.588960E-01
   -.607995E-01
   -.619445E-01
   -.635087E-01
   -.658756E-01
   -.684773E-01
   -.708822E-01
   -.732978E-01
   -.762828E-01
   -.801441E-01
   -.848939E-01
   -.898117E-01
   -.939469E-01
   -.974365E-01
   -.100929E+00
   -.104557E+00
   -.107624E+00
   -.109103E+00
   -.109482E+00
   -.109774E+00
   -.109772E+00
   -.109111E+00
   -.108107E+00
   -.106822E+00
   -.105064E+00
   -.103442E+00
   -.102708E+00
   -.103029E+00
   -.103501E+00
   -.103255E+00
   -.102937E+00
   -.103373E+00
   -.104261E+00
   -.105027E+00
   -.105626E+00
   -.106248E+00
   -.106925E+00
   -.107590E+00
   -.108227E+00
   -.108779E+00
   -.108896E+00
   -.108306E+00
   -.107351E+00
   -.106473E+00
   -.105652E+00
   -.104422E+00
   -.102558E+00
   -.100869E+00
   -.997521E-01
   -.981055E-01
   -.946720E-01
   -.887899E-01
   -.812894E-01
   -.726604E-01
   -.612906E-01
   -.465631E-01
   -.293430E-01
   -.113049E-01
    .620875E-02
    .226937E-01
    .379826E-01
    .515639E-01
    .636353E-01
    .749675E-01
    .861471E-01
    .973431E-01
    .108417E+00
    .119019E+00
    .128584E+00
    .136568E+00
    .143023E+00
    .148366E+00
    .153264E+00
    .157996E+00
    .161754E+00
    .164432E+00
    .167872E+00
    .172779E+00
    .178033E+00
    .182876E+00
    .187527E+00
    .192246E+00
    .196516E+00
    .199051E+00
    .199588E+00
    .198045E+00
    .193126E+00
    .184651E+00
    .173743E+00
    .161513E+00
    .147839E+00
    .131913E+00
    .113887E+00
    .947189E-01
    .753856E-01
    .562862E-01
    .373693E-01
    .183565E-01
   -.121551E-02
   -.210232E-01
   -.399563E-01
   -.576605E-01
   -.740795E-01
   -.883413E-01
   -.999273E-01
   -.108490E+00
   -.113993E+00
   -.116789E+00
   -.118413E+00
   -.120064E+00
   -.121223E+00
   -.121321E+00
   -.120668E+00
   -.120333E+00
   -.120613E+00
   -.120332E+00
   -.117983E+00
   -.112039E+00
   -.101919E+00
   -.882961E-01
   -.724416E-01
   -.558159E-01
   -.396170E-01
   -.250497E-01
   -.126559E-01
   -.132278E-02
    .971156E-02
    .192662E-01
    .263162E-01
    .310668E-01
    .349855E-01
    .387522E-01
    .410779E-01
    .409585E-01
    .387702E-01
    .367183E-01
    .362693E-01
    .366748E-01
    .374358E-01
    .393953E-01
    .423935E-01
    .457377E-01
    .500914E-01
    .559491E-01
    .626969E-01
    .687823E-01
    .731288E-01
    .760410E-01
    .784851E-01
    .807975E-01
    .819969E-01
    .806107E-01
    .762930E-01
    .696091E-01
    .603626E-01
    .489037E-01
    .358391E-01
    .213253E-01
    .548330E-02
   -.113651E-01
   -.285823E-01
   -.455376E-01
   -.618061E-01
   -.771262E-01
   -.913435E-01
   -.103597E+00
   -.111674E+00
   -.115327E+00
   -.115933E+00
   -.114643E+00
   -.111924E+00
   -.107409E+00
   -.101089E+00
   -.933156E-01
   -.844784E-01
   -.755217E-01
   -.681119E-01
   -.627894E-01
   -.591453E-01
   -.565894E-01
   -.545782E-01
   -.525889E-01
   -.493474E-01
   -.429459E-01
   -.336166E-01
   -.227691E-01
   -.106645E-01
    .223979E-02
    .145934E-01
    .260941E-01
    .372854E-01
    .480477E-01
    .579208E-01
    .667123E-01
    .749325E-01
    .833221E-01
    .923586E-01
    .102185E+00
    .112891E+00
    .124411E+00
    .136143E+00
    .146093E+00
    .152846E+00
    .156913E+00
    .159483E+00
    .160771E+00
    .161218E+00
    .161486E+00
    .161350E+00
    .160834E+00
    .160855E+00
    .161556E+00
    .162466E+00
    .163748E+00
    .165849E+00
    .168952E+00
    .172559E+00
    .175811E+00
    .177792E+00
    .178239E+00
    .177450E+00
    .175597E+00
    .172066E+00
    .166190E+00
    .158159E+00
    .148835E+00
    .138637E+00
    .127276E+00
    .115923E+00
    .105760E+00
    .953726E-01
    .843105E-01
    .751039E-01
    .688120E-01
    .643267E-01
    .606172E-01
    .575285E-01
    .555017E-01
    .548099E-01
    .558676E-01
    .592524E-01
    .643781E-01
    .693985E-01
    .744214E-01
    .811806E-01
    .886234E-01
    .946325E-01
    .994599E-01
    .104119E+00
    .108469E+00
    .112692E+00
    .117462E+00
    .122697E+00
    .127646E+00
    .131711E+00
    .135572E+00
    .140048E+00
    .144499E+00
    .147984E+00
    .150293E+00
    .152089E+00
    .154002E+00
    .156037E+00
    .158199E+00
    .161034E+00
    .164818E+00
    .169299E+00
    .173592E+00
    .176925E+00
    .179111E+00
    .179943E+00
    .178207E+00
    .173213E+00
    .165031E+00
    .154060E+00
    .140588E+00
    .123836E+00
    .104316E+00
    .836965E-01
    .635527E-01
    .445383E-01
    .266416E-01
    .930290E-02
   -.766143E-02
   -.230638E-01
   -.361355E-01
   -.475814E-01
   -.586391E-01
   -.697378E-01
   -.803598E-01
   -.901428E-01
   -.995260E-01
   -.108958E+00
   -.118533E+00
   -.128435E+00
   -.139222E+00
   -.151535E+00
   -.165048E+00
   -.178695E+00
   -.192013E+00
   -.205029E+00
   -.217496E+00
   -.229050E+00
   -.239404E+00
   -.248120E+00
   -.254437E+00
   -.258432E+00
   -.260824E+00
   -.261540E+00
   -.260596E+00
   -.257634E+00
   -.252115E+00
   -.242621E+00
   -.226608E+00
   -.200865E+00
   -.160805E+00
   -.113240E+00
   -.692595E-01
   -.296823E-01
    .840260E-02
    .420165E-01
    .688992E-01
    .902577E-01
    .107943E+00
    .122919E+00
    .135034E+00
    .145436E+00
    .155703E+00
    .165847E+00
    .175250E+00
    .184103E+00
    .192390E+00
    .199036E+00
    .203165E+00
    .205178E+00
    .206482E+00
    .208075E+00
    .210601E+00
    .217788E+00
    .230831E+00
    .240300E+00
    .237866E+00
    .223081E+00
    .206564E+00
    .198648E+00
    .196700E+00
    .193705E+00
    .187980E+00
    .181153E+00
    .173579E+00
    .165267E+00
    .156827E+00
    .148620E+00
    .140250E+00
    .131215E+00
    .122112E+00
    .114111E+00
    .107943E+00
    .103287E+00
    .996647E-01
    .972308E-01
    .956401E-01
    .924015E-01
    .861916E-01
    .779278E-01
    .673962E-01
    .529342E-01
    .359828E-01
    .189498E-01
    .141267E-02
   -.169790E-01
   -.346160E-01
   -.498738E-01
   -.623412E-01
   -.720874E-01
   -.804661E-01
   -.891744E-01
   -.973437E-01
   -.103395E+00
   -.108082E+00
   -.112954E+00
   -.118139E+00
   -.122881E+00
   -.126050E+00
   -.125921E+00
   -.121983E+00
   -.114792E+00
   -.105618E+00
   -.950850E-01
   -.830092E-01
   -.696771E-01
   -.560493E-01
   -.427221E-01
   -.295960E-01
   -.164841E-01
   -.339952E-02
    .958327E-02
    .224682E-01
    .353535E-01
    .486280E-01
    .623663E-01
    .757426E-01
    .873991E-01
    .955394E-01
    .100635E+00
    .103863E+00
    .104628E+00
    .102641E+00
    .990764E-01
    .953255E-01
    .918791E-01
    .884628E-01
    .856710E-01
    .856499E-01
    .879247E-01
    .896474E-01
    .897304E-01
    .885170E-01
    .853716E-01
    .799319E-01
    .723856E-01
    .628507E-01
    .513019E-01
    .383297E-01
    .249382E-01
    .118502E-01
   -.296449E-03
   -.105881E-01
   -.183472E-01
   -.237680E-01
   -.270591E-01
   -.280205E-01
   -.260186E-01
   -.219324E-01
   -.168334E-01
   -.985017E-02
   -.760929E-03
    .925094E-02
    .187859E-01
    .275408E-01
    .365447E-01
    .457846E-01
    .536301E-01
    .596878E-01
    .647902E-01
    .692810E-01
    .730064E-01
    .757295E-01
    .779265E-01
    .797996E-01
    .801604E-01
    .781025E-01
    .738014E-01
    .682526E-01
    .622984E-01
    .566470E-01
    .520529E-01
    .492129E-01
    .478937E-01
    .472064E-01
    .458292E-01
    .426851E-01
    .375459E-01
    .308124E-01
    .224266E-01
    .123322E-01
    .106861E-02
   -.100527E-01
   -.196868E-01
   -.265173E-01
   -.308837E-01
   -.335230E-01
   -.341466E-01
   -.324751E-01
   -.287716E-01
   -.244461E-01
   -.212053E-01
   -.197082E-01
   -.198689E-01
   -.217276E-01
   -.246816E-01
   -.276267E-01
   -.298429E-01
   -.312967E-01
   -.324935E-01
   -.337843E-01
   -.350798E-01
   -.359070E-01
   -.361307E-01
   -.365444E-01
   -.380958E-01
   -.413748E-01
   -.450000E-01
   -.471679E-01
   -.486859E-01
   -.506260E-01
   -.517452E-01
   -.514721E-01
   -.507506E-01
   -.499126E-01
   -.482092E-01
   -.447340E-01
   -.397287E-01
   -.339366E-01
   -.279386E-01
   -.223334E-01
   -.180750E-01
   -.153726E-01
   -.138760E-01
   -.135084E-01
   -.145943E-01
   -.169414E-01
   -.202404E-01
   -.249719E-01
   -.304666E-01
   -.351231E-01
   -.384558E-01
   -.409122E-01
   -.425318E-01
   -.426822E-01
   -.404498E-01
   -.363917E-01
   -.314749E-01
   -.253402E-01
   -.177490E-01
   -.917666E-02
   -.381906E-03
    .822540E-02
    .167033E-01
    .249489E-01
    .322839E-01
    .381720E-01
    .425704E-01
    .463430E-01
    .496619E-01
    .508950E-01
    .501983E-01
    .492514E-01
    .483239E-01
    .468164E-01
    .448936E-01
    .433450E-01
    .426068E-01
    .418755E-01
    .405268E-01
    .393892E-01
    .392884E-01
    .400578E-01
    .403290E-01
    .389159E-01
    .360647E-01
    .325344E-01
    .283612E-01
    .237040E-01
    .189096E-01
    .137183E-01
    .791378E-02
    .196236E-02
   -.315084E-02
   -.689251E-02
   -.107796E-01
   -.157941E-01
   -.202001E-01
   -.230704E-01
   -.253853E-01
   -.275957E-01
   -.291311E-01
   -.295713E-01
   -.296189E-01
   -.304262E-01
   -.319456E-01
   -.334431E-01
   -.347074E-01
   -.359489E-01
   -.372635E-01
   -.385829E-01
   -.398611E-01
   -.411310E-01
   -.422207E-01
   -.425678E-01
   -.422851E-01
   -.417457E-01
   -.403637E-01
   -.374746E-01
   -.332928E-01
   -.286753E-01
   -.241999E-01
   -.198635E-01
   -.153694E-01
   -.102342E-01
   -.498540E-02
   -.114908E-02
    .138637E-02
    .387929E-02
    .674120E-02
    .962903E-02
    .123614E-01
    .150495E-01
    .177703E-01
    .204886E-01
    .231733E-01
    .258315E-01
    .284850E-01
    .309205E-01
    .323239E-01
    .323404E-01
    .317779E-01
    .314173E-01
    .311555E-01
    .303867E-01
    .286963E-01
    .260503E-01
    .226313E-01
    .185023E-01
    .143518E-01
    .108271E-01
    .725371E-02
    .296937E-02
   -.159839E-02
   -.564018E-02
   -.868292E-02
   -.107724E-01
   -.120939E-01
   -.125630E-01
   -.124796E-01
   -.121772E-01
   -.110137E-01
   -.865425E-02
   -.632028E-02
   -.454739E-02
   -.235838E-02
    .553994E-03
    .355206E-02
    .630308E-02
    .874706E-02
    .104272E-01
    .111377E-01
    .110994E-01
    .108470E-01
    .102928E-01
    .824526E-02
    .456097E-02
    .231254E-03
   -.360935E-02
   -.664274E-02
   -.936388E-02
   -.118957E-01
   -.137637E-01
   -.150830E-01
   -.163852E-01
   -.177870E-01
   -.183875E-01
   -.165199E-01
   -.121410E-01
   -.630174E-02
    .337482E-03
    .788653E-02
    .170160E-01
    .272146E-01
    .369170E-01
    .445152E-01
    .498492E-01
    .538246E-01
    .571765E-01
    .596018E-01
    .600265E-01
    .583911E-01
    .560894E-01
    .541281E-01
    .523100E-01
    .499079E-01
    .468953E-01
    .442730E-01
    .424487E-01
    .408419E-01
    .390736E-01
    .369378E-01
    .336535E-01
    .286640E-01
    .218162E-01
    .140635E-01
    .636029E-02
   -.157806E-02
   -.103555E-01
   -.200530E-01
   -.295126E-01
   -.374665E-01
   -.448700E-01
   -.521646E-01
   -.565641E-01
   -.579142E-01
   -.592793E-01
   -.614987E-01
   -.632544E-01
   -.642436E-01
   -.651842E-01
   -.664446E-01
   -.681719E-01
   -.703664E-01
   -.722874E-01
   -.734940E-01
   -.744032E-01
   -.754461E-01
   -.764621E-01
   -.768714E-01
   -.765581E-01
   -.760284E-01
   -.756298E-01
   -.753129E-01
   -.749452E-01
   -.747169E-01
   -.751897E-01
   -.763173E-01
   -.775222E-01
   -.785557E-01
   -.795401E-01
   -.805756E-01
   -.816223E-01
   -.825010E-01
   -.825075E-01
   -.812415E-01
   -.798190E-01
   -.794094E-01
   -.802444E-01
   -.819092E-01
   -.841390E-01
   -.866282E-01
   -.894529E-01
   -.935573E-01
   -.982350E-01
   -.101547E+00
   -.103540E+00
   -.105530E+00
   -.107958E+00
   -.110978E+00
   -.115230E+00
   -.120019E+00
   -.124091E+00
   -.127501E+00
   -.131185E+00
   -.135806E+00
   -.140987E+00
   -.145772E+00
   -.149186E+00
   -.150867E+00
   -.150674E+00
   -.149486E+00
   -.148166E+00
   -.146050E+00
   -.142572E+00
   -.138443E+00
   -.133897E+00
   -.128216E+00
   -.122033E+00
   -.116568E+00
   -.111761E+00
   -.107195E+00
   -.103357E+00
   -.100994E+00
   -.999612E-01
   -.988437E-01
   -.971132E-01
   -.958241E-01
   -.953230E-01
   -.949362E-01
   -.943258E-01
   -.934594E-01
   -.919196E-01
   -.897907E-01
   -.876293E-01
   -.856475E-01
   -.837046E-01
   -.816799E-01
   -.793311E-01
   -.763749E-01
   -.734470E-01
   -.710957E-01
   -.685592E-01
   -.655693E-01
   -.630773E-01
   -.613110E-01
   -.596459E-01
   -.577748E-01
   -.560888E-01
   -.552444E-01
   -.550224E-01
   -.547729E-01
   -.543354E-01
   -.538945E-01
   -.535223E-01
   -.531616E-01
   -.527719E-01
   -.523880E-01
   -.518383E-01
   -.505596E-01
   -.483312E-01
   -.453960E-01
   -.426264E-01
   -.406322E-01
   -.390416E-01
   -.370881E-01
   -.343390E-01
   -.315226E-01
   -.294918E-01
   -.279943E-01
   -.262016E-01
   -.234863E-01
   -.202036E-01
   -.170037E-01
   -.140022E-01
   -.110062E-01
   -.787669E-02
   -.405782E-02
    .847542E-03
    .506763E-02
    .730069E-02
    .912272E-02
    .118908E-01
    .149142E-01
    .167155E-01
    .170841E-01
    .175201E-01
    .186023E-01
    .191648E-01
    .185176E-01
    .169139E-01
    .145838E-01
    .117354E-01
    .870313E-02
    .537623E-02
    .164520E-02
   -.138882E-02
   -.301503E-02
   -.403497E-02
   -.527587E-02
   -.682134E-02
   -.880517E-02
   -.113806E-01
   -.142120E-01
   -.166640E-01
   -.183486E-01
   -.199978E-01
   -.222404E-01
   -.242985E-01
   -.253432E-01
   -.253994E-01
   -.254776E-01
   -.262585E-01
   -.269253E-01
   -.270202E-01
   -.274662E-01
   -.283049E-01
   -.284366E-01
   -.273518E-01
   -.257583E-01
   -.247934E-01
   -.239376E-01
   -.217804E-01
   -.189673E-01
   -.168983E-01
   -.154750E-01
   -.136911E-01
   -.110328E-01
   -.833462E-02
   -.646004E-02
   -.509750E-02
   -.363135E-02
   -.207872E-02
   -.967521E-03
   -.900795E-03
   -.240731E-02
   -.495419E-02
   -.704823E-02
   -.864254E-02
   -.110720E-01
   -.152906E-01
   -.204885E-01
   -.244490E-01
   -.265414E-01
   -.277846E-01
   -.294603E-01
   -.317886E-01
   -.337028E-01
   -.345353E-01
   -.344060E-01
   -.339516E-01
   -.334510E-01
   -.324109E-01
   -.302178E-01
   -.263334E-01
   -.214509E-01
   -.166770E-01
   -.122383E-01
   -.763128E-02
   -.228419E-02
    .293453E-02
    .687094E-02
    .107956E-01
    .157992E-01
    .202659E-01
    .238454E-01
    .284443E-01
    .343927E-01
    .404165E-01
    .459436E-01
    .508144E-01
    .542298E-01
    .561354E-01
    .573040E-01
    .584129E-01
    .593972E-01
    .595586E-01
    .586812E-01
    .572166E-01
    .561300E-01
    .556118E-01
    .546601E-01
    .533042E-01
    .523386E-01
    .509972E-01
    .483113E-01
    .448674E-01
    .413199E-01
    .372165E-01
    .320994E-01
    .264064E-01
    .212403E-01
    .166193E-01
    .116018E-01
    .675107E-02
    .315237E-02
   -.861070E-04
   -.363919E-02
   -.619149E-02
   -.778046E-02
   -.976894E-02
   -.119915E-01
   -.133817E-01
   -.134880E-01
   -.127001E-01
   -.112110E-01
   -.892648E-02
   -.563364E-02
   -.802268E-03
    .487625E-02
    .988039E-02
    .140617E-01
    .180389E-01
    .215946E-01
    .245041E-01
    .273174E-01
    .311140E-01
    .361103E-01
    .405667E-01
    .434897E-01
    .458097E-01
    .484280E-01
    .511211E-01
    .531428E-01
    .543860E-01
    .553785E-01
    .561711E-01
    .564050E-01
    .566319E-01
    .575546E-01
    .589087E-01
    .601652E-01
    .612620E-01
    .623764E-01
    .633911E-01
    .637608E-01
    .637015E-01
    .641090E-01
    .643821E-01
    .634100E-01
    .620716E-01
    .613049E-01
    .602837E-01
    .585102E-01
    .565604E-01
    .548307E-01
    .533804E-01
    .525555E-01
    .519934E-01
    .508788E-01
    .496437E-01
    .491083E-01
    .490819E-01
    .492660E-01
    .498541E-01
    .500537E-01
    .490332E-01
    .478088E-01
    .468988E-01
    .449728E-01
    .421544E-01
    .399204E-01
    .384771E-01
    .370616E-01
    .354005E-01
    .337137E-01
    .322462E-01
    .313504E-01
    .311077E-01
    .311386E-01
    .313957E-01
    .323061E-01
    .337257E-01
    .351312E-01
    .363721E-01
    .375933E-01
    .388605E-01
    .401333E-01
    .412345E-01
    .416983E-01
    .417407E-01
    .423192E-01
    .432002E-01
    .435444E-01
    .438559E-01
    .448612E-01
    .462645E-01
    .475451E-01
    .485628E-01
    .490562E-01
    .490988E-01
    .495888E-01
    .508031E-01
    .520619E-01
    .526320E-01
    .524355E-01
    .519801E-01
    .513802E-01
    .500303E-01
    .476654E-01
    .444533E-01
    .404597E-01
    .359248E-01
    .313655E-01
    .273400E-01
    .239746E-01
    .204054E-01
    .164862E-01
    .137177E-01
    .120032E-01
    .985312E-02
    .738490E-02
    .574083E-02
    .535276E-02
    .554051E-02
    .571145E-02
    .620207E-02
    .757234E-02
    .995111E-02
    .126057E-01
    .145685E-01
    .162930E-01
    .184472E-01
    .199310E-01
    .202370E-01
    .207640E-01
    .221634E-01
    .236312E-01
    .242515E-01
    .242870E-01
    .249284E-01
    .263601E-01
    .278584E-01
    .291232E-01
    .301614E-01
    .305779E-01
    .303736E-01
    .300584E-01
    .298951E-01
    .297780E-01
    .295991E-01
    .291410E-01
    .280264E-01
    .268012E-01
    .262933E-01
    .263252E-01
    .260853E-01
    .249116E-01
    .231398E-01
    .215577E-01
    .207377E-01
    .204048E-01
    .195022E-01
    .178531E-01
    .161208E-01
    .146100E-01
    .131603E-01
    .116701E-01
    .104601E-01
    .993759E-02
    .947320E-02
    .843049E-02
    .754855E-02
    .740746E-02
    .764580E-02
    .814033E-02
    .936069E-02
    .115982E-01
    .144677E-01
    .173757E-01
    .201367E-01
    .227451E-01
    .248228E-01
    .264014E-01
    .284017E-01
    .308003E-01
    .324887E-01
    .329711E-01
    .329000E-01
    .334114E-01
    .344059E-01
    .347629E-01
    .343981E-01
    .338526E-01
    .328949E-01
    .310738E-01
    .283474E-01
    .256041E-01
    .235484E-01
    .214352E-01
    .185772E-01
    .153679E-01
    .123218E-01
    .942801E-02
    .651032E-02
    .355639E-02
    .632124E-03
   -.225552E-02
   -.503008E-02
   -.729073E-02
   -.900607E-02
   -.110432E-01
   -.132542E-01
   -.141608E-01
   -.138248E-01
   -.131546E-01
   -.116106E-01
   -.880659E-02
   -.550650E-02
   -.206129E-02
    .178485E-02
    .548542E-02
    .868993E-02
    .122805E-01
    .165872E-01
    .208974E-01
    .244242E-01
    .273548E-01
    .307599E-01
    .346067E-01
    .378167E-01
    .403076E-01
    .425950E-01
    .444239E-01
    .456209E-01
    .465366E-01
    .471275E-01
    .472272E-01
    .475488E-01
    .483478E-01
    .487339E-01
    .487898E-01
    .493263E-01
    .499058E-01
    .498038E-01
    .492411E-01
    .484274E-01
    .470416E-01
    .451775E-01
    .434860E-01
    .426191E-01
    .421046E-01
    .408786E-01
    .389829E-01
    .371096E-01
    .354609E-01
    .338349E-01
    .321414E-01
    .304435E-01
    .287875E-01
    .271461E-01
    .257239E-01
    .250029E-01
    .244999E-01
    .231648E-01
    .206700E-01
    .177455E-01
    .155029E-01
    .136785E-01
    .110709E-01
    .726833E-02
    .298669E-02
   -.623315E-03
   -.345600E-02
   -.608809E-02
   -.842874E-02
   -.102490E-01
   -.122816E-01
   -.142488E-01
   -.142147E-01
   -.123386E-01
   -.105456E-01
   -.992323E-02
   -.982792E-02
   -.895971E-02
   -.730897E-02
   -.579243E-02
   -.509016E-02
   -.508740E-02
   -.522648E-02
   -.523149E-02
   -.539367E-02
   -.664489E-02
   -.894486E-02
   -.103984E-01
   -.103424E-01
   -.101011E-01
   -.111882E-01
   -.135195E-01
   -.151000E-01
   -.156219E-01
   -.171965E-01
   -.202573E-01
   -.234552E-01
   -.261775E-01
   -.287857E-01
   -.315365E-01
   -.343212E-01
   -.370321E-01
   -.397026E-01
   -.423736E-01
   -.449999E-01
   -.472702E-01
   -.487900E-01
   -.498234E-01
   -.508904E-01
   -.520932E-01
   -.532881E-01
   -.543358E-01
   -.549111E-01
   -.548021E-01
   -.543573E-01
   -.539911E-01
   -.536591E-01
   -.529005E-01
   -.512608E-01
   -.486574E-01
   -.454807E-01
   -.421425E-01
   -.381803E-01
   -.330529E-01
   -.281386E-01
   -.247010E-01
   -.220228E-01
   -.188043E-01
   -.146075E-01
   -.100016E-01
   -.572966E-02
   -.231022E-02
    .202705E-03
    .189890E-02
    .319715E-02
    .438672E-02
    .504950E-02
    .504496E-02
    .477474E-02
    .423814E-02
    .306015E-02
    .146119E-02
   -.289977E-03
   -.264868E-02
   -.562500E-02
   -.853479E-02
   -.107122E-01
   -.121548E-01
   -.133946E-01
   -.147554E-01
   -.160764E-01
   -.168528E-01
   -.169106E-01
   -.167105E-01
   -.171619E-01
   -.190369E-01
   -.210620E-01
   -.215995E-01
   -.211090E-01
   -.210023E-01
   -.219882E-01
   -.235408E-01
   -.248224E-01
   -.253537E-01
   -.250534E-01
   -.238086E-01
   -.217030E-01
   -.188989E-01
   -.158184E-01
   -.124558E-01
   -.779434E-02
   -.186640E-02
    .419894E-02
    .991277E-02
    .151908E-01
    .192324E-01
    .219876E-01
    .244380E-01
    .271526E-01
    .299584E-01
    .326575E-01
    .350720E-01
    .366813E-01
    .373062E-01
    .372010E-01
    .368518E-01
    .365819E-01
    .363784E-01
    .361555E-01
    .359037E-01
    .356678E-01
    .352713E-01
    .341791E-01
    .324447E-01
    .307269E-01
    .296649E-01
    .291895E-01
    .283296E-01
    .267163E-01
    .248950E-01
    .232679E-01
    .215965E-01
    .192711E-01
    .162577E-01
    .131587E-01
    .106112E-01
    .874275E-02
    .667910E-02
    .423829E-02
    .289827E-02
    .262198E-02
    .202901E-02
    .161776E-02
    .235554E-02
    .328615E-02
    .400446E-02
    .574242E-02
    .822048E-02
    .102342E-01
    .121808E-01
    .147878E-01
    .177501E-01
    .205712E-01
    .230993E-01
    .250473E-01
    .263732E-01
    .274348E-01
    .282227E-01
    .282332E-01
    .272309E-01
    .255809E-01
    .238040E-01
    .218201E-01
    .191462E-01
    .159703E-01
    .128384E-01
    .988318E-02
    .695129E-02
    .397879E-02
    .101827E-02
   -.190370E-02
   -.480300E-02
   -.769280E-02
   -.105670E-01
   -.134215E-01
   -.162569E-01
   -.190758E-01
   -.218782E-01
   -.246086E-01
   -.269549E-01
   -.284489E-01
   -.289515E-01
   -.288228E-01
   -.285795E-01
   -.284422E-01
   -.283350E-01
   -.282018E-01
   -.278910E-01
   -.269201E-01
   -.253119E-01
   -.236834E-01
   -.226750E-01
   -.222737E-01
   -.215402E-01
   -.200492E-01
   -.185172E-01
   -.183937E-01
   -.202517E-01
   -.220451E-01
   -.226421E-01
   -.238873E-01
   -.259522E-01
   -.269739E-01
   -.271958E-01
   -.278635E-01
   -.284611E-01
   -.280471E-01
   -.266934E-01
   -.255106E-01
   -.251790E-01
   -.252376E-01
   -.248804E-01
   -.236434E-01
   -.219039E-01
   -.203913E-01
   -.196592E-01
   -.195788E-01
   -.196059E-01
   -.194984E-01
   -.193515E-01
   -.192515E-01
   -.191697E-01
   -.190711E-01
   -.189688E-01
   -.186577E-01
   -.172761E-01
   -.148808E-01
   -.133493E-01
   -.130072E-01
   -.122559E-01
   -.106102E-01
   -.902006E-02
   -.838011E-02
   -.846321E-02
   -.849240E-02
   -.790063E-02
   -.659145E-02
   -.499389E-02
   -.349056E-02
   -.208718E-02
   -.664606E-03
    .660407E-03
    .140190E-02
    .145298E-02
    .132553E-02
    .167196E-02
    .281620E-02
    .438519E-02
    .569822E-02
    .617783E-02
    .603015E-02
    .575870E-02
    .516987E-02
    .390946E-02
    .227826E-02
    .732893E-03
   -.681390E-03
   -.210223E-02
   -.356275E-02
   -.500986E-02
   -.643301E-02
   -.789996E-02
   -.976131E-02
   -.120850E-01
   -.136939E-01
   -.138819E-01
   -.133966E-01
   -.124704E-01
   -.103977E-01
   -.784969E-02
   -.583844E-02
   -.375940E-02
   -.127250E-02
    .835960E-03
    .272006E-02
    .504885E-02
    .725482E-02
    .876105E-02
    .993873E-02
    .112529E-01
    .126695E-01
    .140509E-01
    .149693E-01
    .143655E-01
    .125520E-01
    .107289E-01
    .928965E-02
    .753314E-02
    .428346E-02
    .427706E-03
   -.209729E-02
   -.380203E-02
   -.621785E-02
   -.932290E-02
   -.123362E-01
   -.150833E-01
   -.178242E-01
   -.204948E-01
   -.225249E-01
   -.240933E-01
   -.261820E-01
   -.285716E-01
   -.302870E-01
   -.313826E-01
   -.324987E-01
   -.338066E-01
   -.351151E-01
   -.362302E-01
   -.367738E-01
   -.368414E-01
   -.373845E-01
   -.386654E-01
   -.399736E-01
   -.405765E-01
   -.404180E-01
   -.400113E-01
   -.394511E-01
   -.382208E-01
   -.364267E-01
   -.344909E-01
   -.321137E-01
   -.293451E-01
   -.270632E-01
   -.250972E-01
   -.225056E-01
   -.193223E-01
   -.161751E-01
   -.132443E-01
   -.103395E-01
   -.749112E-02
   -.519400E-02
   -.344379E-02
   -.132251E-02
    .907603E-03
    .180585E-02
    .151196E-02
    .121081E-02
    .124387E-02
    .763827E-03
   -.118024E-02
   -.332137E-02
   -.423945E-02
   -.534476E-02
   -.746909E-02
   -.873950E-02
   -.852162E-02
   -.804878E-02
   -.803634E-02
   -.777402E-02
   -.590926E-02
   -.309608E-02
   -.810055E-03
    .169054E-02
    .538452E-02
    .915459E-02
    .120725E-01
    .145274E-01
    .166941E-01
    .182926E-01
    .194887E-01
    .204422E-01
    .208377E-01
    .211193E-01
    .220720E-01
    .235430E-01
    .247376E-01
    .249935E-01
    .246516E-01
    .243697E-01
    .242806E-01
    .239954E-01
    .229021E-01
    .211812E-01
    .194630E-01
    .179345E-01
    .164312E-01
    .148723E-01
    .133112E-01
    .117828E-01
    .102699E-01
    .875810E-02
    .725108E-02
    .575714E-02
    .427148E-02
    .279780E-02
    .132449E-02
   -.131187E-03
   -.199952E-02
   -.532128E-02
   -.945400E-02
   -.128535E-01
   -.154424E-01
   -.182241E-01
   -.219359E-01
   -.259375E-01
   -.290210E-01
   -.309227E-01
   -.320044E-01
   -.323213E-01
   -.320947E-01
   -.316168E-01
   -.303204E-01
   -.278186E-01
   -.252657E-01
   -.232869E-01
   -.210028E-01
   -.184090E-01
   -.164093E-01
   -.150256E-01
   -.136458E-01
   -.120845E-01
   -.105063E-01
   -.913532E-02
   -.831947E-02
   -.852444E-02
   -.103745E-01
   -.130451E-01
   -.150907E-01
   -.168427E-01
   -.192788E-01
   -.222208E-01
   -.247779E-01
   -.264726E-01
   -.281101E-01
   -.303809E-01
   -.324986E-01
   -.338436E-01
   -.347949E-01
   -.354878E-01
   -.355867E-01
   -.352481E-01
   -.349298E-01
   -.348528E-01
   -.355256E-01
   -.374765E-01
   -.397280E-01
   -.413798E-01
   -.431931E-01
   -.454248E-01
   -.471451E-01
   -.481724E-01
   -.491245E-01
   -.502602E-01
   -.511511E-01
   -.512967E-01
   -.513470E-01
   -.518554E-01
   -.516223E-01
   -.502258E-01
   -.490387E-01
   -.483286E-01
   -.470813E-01
   -.451920E-01
   -.430940E-01
   -.404658E-01
   -.372485E-01
   -.340718E-01
   -.316146E-01
   -.299024E-01
   -.283980E-01
   -.267768E-01
   -.249987E-01
   -.227876E-01
   -.197669E-01
   -.157968E-01
   -.115526E-01
   -.806737E-02
   -.527767E-02
   -.249533E-02
    .478176E-03
    .344989E-02
    .619782E-02
    .812076E-02
    .850308E-02
    .750672E-02
    .595807E-02
    .444790E-02
    .305315E-02
    .153520E-02
   -.532566E-03
   -.343966E-02
   -.725056E-02
   -.112638E-01
   -.145985E-01
   -.177703E-01
   -.214840E-01
   -.250113E-01
   -.275192E-01
   -.290377E-01
   -.306121E-01
   -.327258E-01
   -.340779E-01
   -.337648E-01
   -.321869E-01
   -.303190E-01
   -.284040E-01
   -.254404E-01
   -.212728E-01
   -.173916E-01
   -.144231E-01
   -.115690E-01
   -.794434E-02
   -.373561E-02
   -.925441E-04
    .243771E-02
    .407292E-02
    .539362E-02
    .694772E-02
    .920076E-02
    .115519E-01
    .126353E-01
    .133263E-01
    .151409E-01
    .168499E-01
    .173249E-01
    .178265E-01
    .192044E-01
    .207263E-01
    .214140E-01
    .214847E-01
    .221403E-01
    .235971E-01
    .250323E-01
    .257117E-01
    .256477E-01
    .253858E-01
    .252488E-01
    .252637E-01
    .257072E-01
    .268166E-01
    .282525E-01
    .293567E-01
    .297323E-01
    .304124E-01
    .322869E-01
    .338768E-01
    .339804E-01
    .334063E-01
    .331185E-01
    .330779E-01
    .329547E-01
    .327324E-01
    .325340E-01
    .323764E-01
    .321166E-01
    .313255E-01
    .300188E-01
    .291393E-01
    .292977E-01
    .302997E-01
    .311766E-01
    .312457E-01
    .308797E-01
    .306270E-01
    .304501E-01
    .298287E-01
    .284439E-01
    .266860E-01
    .250267E-01
    .234961E-01
    .219550E-01
    .202646E-01
    .180348E-01
    .153360E-01
    .131255E-01
    .116693E-01
    .102666E-01
    .816063E-02
    .563316E-02
    .420021E-02
    .363760E-02
    .187597E-02
   -.129230E-02
   -.452160E-02
   -.729350E-02
   -.998181E-02
   -.128080E-01
   -.156572E-01
   -.184295E-01
   -.211735E-01
   -.237282E-01
   -.255664E-01
   -.271295E-01
   -.291598E-01
   -.307298E-01
   -.309033E-01
   -.303598E-01
   -.300344E-01
   -.297560E-01
   -.284483E-01
   -.255077E-01
   -.213213E-01
   -.167326E-01
   -.121711E-01
   -.727728E-02
   -.168060E-02
    .426921E-02
    .100995E-01
    .156393E-01
    .203689E-01
    .235604E-01
    .253452E-01
    .265518E-01
    .277836E-01
    .291155E-01
    .303097E-01
    .309275E-01
    .308622E-01
    .305485E-01
    .303410E-01
    .302150E-01
    .300590E-01
    .298691E-01
    .296731E-01
    .292284E-01
    .280317E-01
    .262931E-01
    .244348E-01
    .221424E-01
    .189908E-01
    .148066E-01
    .977201E-02
    .437605E-02
   -.104196E-03
   -.354625E-02
   -.788470E-02
   -.133602E-01
   -.182073E-01
   -.216228E-01
   -.240803E-01
   -.258414E-01
   -.271063E-01
   -.282680E-01
   -.295250E-01
   -.308107E-01
   -.320427E-01
   -.329942E-01
   -.331976E-01
   -.328523E-01
   -.323797E-01
   -.314664E-01
   -.299063E-01
   -.279952E-01
   -.254512E-01
   -.214494E-01
   -.160366E-01
   -.100547E-01
   -.410763E-02
    .203720E-02
    .878812E-02
    .154961E-01
    .214282E-01
    .268579E-01
    .320662E-01
    .364742E-01
    .393733E-01
    .408261E-01
    .417692E-01
    .429040E-01
    .439703E-01
    .436936E-01
    .414920E-01
    .393940E-01
    .384654E-01
    .367993E-01
    .339779E-01
    .315005E-01
    .293616E-01
    .268286E-01
    .244721E-01
    .224879E-01
    .199154E-01
    .161912E-01
    .119062E-01
    .824113E-02
    .538021E-02
    .266086E-02
   -.249918E-03
   -.319158E-02
   -.603067E-02
   -.834425E-02
   -.915855E-02
   -.883286E-02
   -.838232E-02
   -.768099E-02
   -.634165E-02
   -.464038E-02
   -.268107E-02
   -.238450E-03
    .210202E-02
    .391867E-02
    .598414E-02
    .812049E-02
    .906669E-02
    .934205E-02
    .102916E-01
    .118693E-01
    .130990E-01
    .133523E-01
    .130700E-01
    .128937E-01
    .128839E-01
    .128511E-01
    .127509E-01
    .126650E-01
    .123451E-01
    .108602E-01
    .803639E-02
    .491387E-02
    .279362E-02
    .205144E-02
    .105003E-02
   -.146400E-02
   -.468566E-02
   -.731861E-02
   -.902938E-02
   -.108069E-01
   -.132389E-01
   -.154088E-01
   -.165112E-01
   -.165954E-01
   -.163223E-01
   -.161743E-01
   -.161298E-01
   -.160474E-01
   -.159265E-01
   -.158147E-01
   -.157242E-01
   -.156210E-01
   -.157036E-01
   -.165325E-01
   -.179965E-01
   -.191508E-01
   -.185110E-01
   -.161493E-01
   -.144844E-01
   -.144393E-01
   -.147808E-01
   -.146920E-01
   -.144356E-01
   -.143235E-01
   -.142878E-01
   -.142030E-01
   -.140879E-01
   -.139840E-01
   -.138965E-01
   -.135860E-01
   -.124515E-01
   -.103300E-01
   -.750671E-02
   -.446587E-02
   -.151678E-02
    .135045E-02
    .422348E-02
    .699786E-02
    .922010E-02
    .109026E-01
    .129427E-01
    .151176E-01
    .158798E-01
    .149488E-01
    .133056E-01
    .117111E-01
    .999353E-02
    .758089E-02
    .500497E-02
    .317341E-02
    .190980E-02
    .590140E-03
   -.845683E-03
   -.188251E-02
   -.200812E-02
   -.114112E-02
    .130698E-03
    .800152E-03
    .107657E-02
    .200960E-02
    .361832E-02
    .505271E-02
    .562414E-02
    .612070E-02
    .799423E-02
    .105975E-01
    .124490E-01
    .135862E-01
    .147833E-01
    .162144E-01
    .176312E-01
    .190766E-01
    .211182E-01
    .234407E-01
    .244712E-01
    .245015E-01
    .251628E-01
    .266743E-01
    .278244E-01
    .272749E-01
    .257661E-01
    .248965E-01
    .243649E-01
    .231320E-01
    .213435E-01
    .196423E-01
    .182324E-01
    .172800E-01
    .169597E-01
    .169765E-01
    .169385E-01
    .167982E-01
    .166629E-01
    .168228E-01
    .181819E-01
    .204622E-01
    .215931E-01
    .212193E-01
    .206932E-01
    .206160E-01
    .206335E-01
    .204952E-01
    .203058E-01
    .202711E-01
    .207596E-01
    .219164E-01
    .233521E-01
    .246892E-01
    .259275E-01
    .271802E-01
    .284639E-01
    .297358E-01
    .312203E-01
    .333846E-01
    .357199E-01
    .371973E-01
    .375009E-01
    .373762E-01
    .379864E-01
    .393446E-01
    .405992E-01
    .410835E-01
    .408568E-01
    .404211E-01
    .397962E-01
    .384890E-01
    .366679E-01
    .345482E-01
    .312880E-01
    .270299E-01
    .232549E-01
    .203389E-01
    .175388E-01
    .144966E-01
    .114127E-01
    .850421E-02
    .603921E-02
    .439915E-02
    .373389E-02
    .369262E-02
    .374996E-02
    .368791E-02
    .381489E-02
    .504548E-02
    .747676E-02
    .973249E-02
    .114292E-01
    .136051E-01
    .165054E-01
    .193037E-01
    .211988E-01
    .223831E-01
    .235150E-01
    .248143E-01
    .261237E-01
    .273640E-01
    .283648E-01
    .286813E-01
    .287995E-01
    .295001E-01
    .302140E-01
    .302080E-01
    .297914E-01
    .294898E-01
    .294424E-01
    .298881E-01
    .309568E-01
    .322684E-01
    .331885E-01
    .332739E-01
    .328683E-01
    .325275E-01
    .323357E-01
    .321344E-01
    .318776E-01
    .316232E-01
    .313865E-01
    .311568E-01
    .307098E-01
    .295009E-01
    .276940E-01
    .258910E-01
    .242870E-01
    .225231E-01
    .199717E-01
    .167879E-01
    .137077E-01
    .113475E-01
    .954070E-02
    .729615E-02
    .460385E-02
    .251003E-02
    .114127E-02
   -.175964E-03
   -.170667E-02
   -.326357E-02
   -.466259E-02
   -.560393E-02
   -.599373E-02
   -.661062E-02
   -.794992E-02
   -.952801E-02
   -.105772E-01
   -.109020E-01
   -.114076E-01
   -.123239E-01
   -.122154E-01
   -.113677E-01
   -.116604E-01
   -.127832E-01
   -.132433E-01
   -.129922E-01
   -.127911E-01
   -.127532E-01
   -.122506E-01
   -.111097E-01
   -.102640E-01
   -.101971E-01
   -.103240E-01
   -.985718E-02
   -.870951E-02
   -.783722E-02
   -.755182E-02
   -.685554E-02
   -.575533E-02
   -.515023E-02
   -.467249E-02
   -.353217E-02
   -.197453E-02
   -.838853E-03
   -.507116E-03
   -.138044E-03
    .850786E-03
    .158062E-02
    .126133E-02
    .182903E-04
   -.110114E-02
   -.168137E-02
   -.306682E-02
   -.587978E-02
   -.913555E-02
   -.120696E-01
   -.146815E-01
   -.167909E-01
   -.182917E-01
   -.195937E-01
   -.213513E-01
   -.236757E-01
   -.253292E-01
   -.255291E-01
   -.250881E-01
   -.248840E-01
   -.248970E-01
   -.248491E-01
   -.245559E-01
   -.236140E-01
   -.220638E-01
   -.204777E-01
   -.195002E-01
   -.189875E-01
   -.175437E-01
   -.144611E-01
   -.102798E-01
   -.622997E-02
   -.308086E-02
   -.433115E-03
    .231141E-02
    .514833E-02
    .758344E-02
    .921636E-02
    .103935E-01
    .116310E-01
    .129672E-01
    .139717E-01
    .141794E-01
    .138893E-01
    .134969E-01
    .126134E-01
    .113452E-01
    .105733E-01
    .100673E-01
    .890949E-02
    .718729E-02
    .529083E-02
    .283633E-02
   -.204908E-03
   -.317580E-02
   -.538195E-02
   -.704626E-02
   -.923562E-02
   -.118296E-01
   -.138761E-01
   -.157494E-01
   -.182882E-01
   -.212719E-01
   -.238562E-01
   -.254281E-01
   -.260122E-01
   -.261391E-01
   -.267366E-01
   -.277922E-01
   -.282689E-01
   -.280126E-01
   -.278353E-01
   -.284902E-01
   -.296352E-01
   -.301136E-01
   -.298287E-01
   -.295011E-01
   -.294163E-01
   -.291824E-01
   -.281725E-01
   -.268590E-01
   -.261661E-01
   -.256162E-01
   -.243585E-01
   -.226202E-01
   -.209822E-01
   -.195226E-01
   -.180516E-01
   -.165280E-01
   -.150248E-01
   -.138029E-01
   -.133444E-01
   -.134417E-01
   -.136626E-01
   -.143145E-01
   -.156187E-01
   -.171082E-01
   -.180890E-01
   -.183688E-01
   -.188162E-01
   -.198447E-01
   -.205002E-01
   -.203801E-01
   -.200857E-01
   -.200016E-01
   -.200007E-01
   -.199509E-01
   -.201540E-01
   -.210373E-01
   -.219915E-01
   -.223552E-01
   -.228438E-01
   -.238231E-01
   -.244253E-01
   -.247127E-01
   -.254648E-01
   -.262258E-01
   -.263082E-01
   -.259957E-01
   -.257967E-01
   -.257350E-01
   -.256542E-01
   -.253395E-01
   -.243129E-01
   -.226757E-01
   -.210842E-01
   -.201765E-01
   -.196724E-01
   -.180839E-01
   -.153773E-01
   -.131426E-01
   -.117936E-01
   -.106958E-01
   -.995556E-02
   -.958143E-02
   -.877660E-02
   -.768738E-02
   -.736137E-02
   -.821823E-02
   -.972676E-02
   -.112885E-01
   -.130696E-01
   -.155617E-01
   -.185327E-01
   -.214403E-01
   -.241754E-01
   -.268974E-01
   -.295658E-01
   -.317223E-01
   -.333103E-01
   -.352276E-01
   -.376116E-01
   -.395242E-01
   -.411616E-01
   -.431351E-01
   -.444290E-01
   -.443602E-01
   -.437730E-01
   -.434552E-01
   -.433289E-01
   -.431226E-01
   -.428381E-01
   -.424848E-01
   -.414490E-01
   -.391757E-01
   -.370725E-01
   -.360944E-01
   -.345518E-01
   -.318279E-01
   -.294295E-01
   -.279366E-01
   -.264504E-01
   -.240663E-01
   -.214935E-01
   -.203284E-01
   -.200196E-01
   -.189979E-01
   -.172208E-01
   -.157187E-01
   -.152413E-01
   -.153741E-01
   -.154099E-01
   -.152582E-01
   -.151255E-01
   -.150659E-01
   -.150022E-01
   -.149160E-01
   -.148192E-01
   -.149047E-01
   -.156873E-01
   -.171031E-01
   -.186794E-01
   -.205699E-01
   -.229516E-01
   -.250441E-01
   -.264010E-01
   -.275681E-01
   -.293245E-01
   -.317369E-01
   -.338480E-01
   -.351694E-01
   -.361998E-01
   -.373884E-01
   -.386702E-01
   -.399003E-01
   -.408952E-01
   -.412058E-01
   -.412404E-01
   -.419549E-01
   -.433082E-01
   -.444724E-01
   -.447379E-01
   -.443453E-01
   -.439337E-01
   -.437007E-01
   -.433303E-01
   -.422568E-01
   -.405226E-01
   -.387510E-01
   -.375694E-01
   -.368873E-01
   -.353257E-01
   -.327572E-01
   -.311947E-01
   -.307779E-01
   -.298296E-01
   -.279990E-01
   -.263048E-01
   -.255593E-01
   -.248288E-01
   -.226889E-01
   -.199142E-01
   -.179300E-01
   -.166308E-01
   -.155315E-01
   -.147874E-01
   -.136545E-01
   -.114900E-01
   -.977865E-02
   -.951757E-02
   -.982226E-02
   -.982068E-02
   -.960610E-02
   -.948567E-02
   -.945278E-02
   -.939306E-02
   -.929388E-02
   -.942623E-02
   -.106798E-01
   -.129237E-01
   -.142047E-01
   -.139825E-01
   -.134839E-01
   -.133903E-01
   -.134296E-01
   -.133500E-01
   -.134921E-01
   -.143412E-01
   -.152919E-01
   -.155024E-01
   -.151979E-01
   -.152061E-01
   -.160764E-01
   -.171010E-01
   -.173411E-01
   -.170003E-01
   -.169301E-01
   -.178040E-01
   -.192886E-01
   -.207089E-01
   -.219380E-01
   -.231626E-01
   -.244142E-01
   -.253411E-01
   -.255974E-01
   -.258474E-01
   -.268274E-01
   -.282397E-01
   -.292749E-01
   -.294833E-01
   -.296151E-01
   -.305228E-01
   -.319355E-01
   -.330221E-01
   -.332962E-01
   -.338069E-01
   -.355552E-01
   -.371229E-01
   -.372024E-01
   -.365393E-01
   -.361412E-01
   -.360112E-01
   -.358064E-01
   -.354986E-01
   -.352085E-01
   -.349659E-01
   -.346226E-01
   -.337879E-01
   -.321053E-01
   -.294669E-01
   -.262822E-01
   -.230903E-01
   -.200429E-01
   -.170228E-01
   -.139773E-01
   -.107239E-01
   -.692646E-02
   -.374427E-02
   -.247700E-02
   -.149140E-02
    .993104E-03
    .426249E-02
    .655703E-02
    .727538E-02
    .819269E-02
    .103459E-01
    .119576E-01
    .126223E-01
    .141363E-01
    .160917E-01
    .170782E-01
    .182593E-01
    .203128E-01
    .214774E-01
    .212159E-01
    .210121E-01
    .224503E-01
    .248993E-01
    .260309E-01
    .256163E-01
    .251251E-01
    .250885E-01
    .254914E-01
    .271105E-01
    .292617E-01
    .300870E-01
    .296273E-01
    .295088E-01
    .311148E-01
    .334419E-01
    .343099E-01
    .337932E-01
    .332999E-01
    .332432E-01
    .332152E-01
    .330291E-01
    .328192E-01
    .326680E-01
    .325311E-01
    .323751E-01
    .322104E-01
    .320564E-01
    .318994E-01
    .317569E-01
    .312516E-01
    .293732E-01
    .269033E-01
    .258080E-01
    .260258E-01
    .260588E-01
    .250010E-01
    .232742E-01
    .215252E-01
    .194970E-01
    .169198E-01
    .145882E-01
    .130096E-01
    .116534E-01
    .972463E-02
    .724585E-02
    .564531E-02
    .510910E-02
    .365420E-02
    .141411E-02
    .436013E-03
    .793168E-03
    .115865E-02
    .109645E-02
    .990782E-03
    .123193E-02
    .251535E-02
    .479033E-02
    .628134E-02
    .629390E-02
    .607304E-02
    .712078E-02
    .958111E-02
    .119724E-01
    .134623E-01
    .146705E-01
    .164924E-01
    .190153E-01
    .212695E-01
    .227209E-01
    .238559E-01
    .251400E-01
    .265308E-01
    .278570E-01
    .293031E-01
    .313990E-01
    .335013E-01
    .343694E-01
    .350684E-01
    .368595E-01
    .382748E-01
    .382163E-01
    .376006E-01
    .373194E-01
    .373942E-01
    .379837E-01
    .386858E-01
    .381912E-01
    .372190E-01
    .374942E-01
    .383697E-01
    .386913E-01
    .391137E-01
    .399186E-01
    .402317E-01
    .398880E-01
    .394859E-01
    .392881E-01
    .391311E-01
    .389032E-01
    .386547E-01
    .384320E-01
    .382203E-01
    .380017E-01
    .377023E-01
    .369664E-01
    .355345E-01
    .337459E-01
    .322591E-01
    .315939E-01
    .311215E-01
    .298956E-01
    .280816E-01
    .265245E-01
    .258210E-01
    .250466E-01
    .229928E-01
    .209045E-01
    .201104E-01
    .194597E-01
    .173521E-01
    .135744E-01
    .996299E-02
    .797825E-02
    .688970E-02
    .557571E-02
    .397138E-02
    .243698E-02
    .102796E-02
   -.385952E-03
   -.183641E-02
   -.316146E-02
   -.368639E-02
    .405348E-02
    .516240E-02
    .565870E-02
    .636039E-02
    .748003E-02
    .818566E-02
    .871612E-02
    .100411E-01
    .125108E-01
    .152510E-01
    .171575E-01
    .183786E-01
    .196400E-01
    .211114E-01
    .228208E-01
    .251152E-01
    .275287E-01
    .292338E-01
    .303829E-01
    .315677E-01
    .329147E-01
    .342481E-01
    .353884E-01
    .359531E-01
    .360413E-01
    .366124E-01
    .379121E-01
    .391264E-01
    .391052E-01
    .379802E-01
    .376847E-01
    .386035E-01
    .391328E-01
    .387563E-01
    .382505E-01
    .380260E-01
    .378701E-01
    .376132E-01
    .373180E-01
    .370550E-01
    .368056E-01
    .365438E-01
    .362701E-01
    .360026E-01
    .356214E-01
    .347049E-01
    .331250E-01
    .313158E-01
    .296258E-01
    .280328E-01
    .264114E-01
    .249294E-01
    .241240E-01
    .239671E-01
    .239096E-01
    .236956E-01
    .234366E-01
    .232302E-01
    .230421E-01
    .228366E-01
    .226158E-01
    .225250E-01
    .229979E-01
    .241040E-01
    .253429E-01
    .260977E-01
    .260820E-01
    .256662E-01
    .254928E-01
    .260824E-01
    .269494E-01
    .271225E-01
    .266593E-01
    .263623E-01
    .268761E-01
    .277473E-01
    .279367E-01
    .274520E-01
    .269696E-01
    .266958E-01
    .266516E-01
    .271798E-01
    .278618E-01
    .278906E-01
    .273721E-01
    .270665E-01
    .275829E-01
    .283455E-01
    .283774E-01
    .278170E-01
    .271426E-01
    .260665E-01
    .249805E-01
    .250339E-01
    .257025E-01
    .257269E-01
    .251489E-01
    .248681E-01
    .253349E-01
    .254865E-01
    .243880E-01
    .230431E-01
    .224647E-01
    .223080E-01
    .219945E-01
    .215237E-01
    .210975E-01
    .207336E-01
    .203590E-01
    .199599E-01
    .195632E-01
    .191759E-01
    .187894E-01
    .183998E-01
    .180095E-01
    .176985E-01
    .178116E-01
    .183908E-01
    .186678E-01
    .182893E-01
    .177705E-01
    .177805E-01
    .182436E-01
    .179135E-01
    .167077E-01
    .163758E-01
    .170079E-01
    .171599E-01
    .165594E-01
    .159226E-01
    .155332E-01
    .151811E-01
    .147407E-01
    .142825E-01
    .138529E-01
    .133944E-01
    .124297E-01
    .105282E-01
    .936435E-02
    .103182E-01
    .115316E-01
    .113684E-01
    .105361E-01
    .100079E-01
    .973713E-02
    .937815E-02
    .891897E-02
    .848496E-02
    .809511E-02
    .769871E-02
    .729516E-02
    .674885E-02
    .566531E-02
    .435715E-02
    .352895E-02
    .281268E-02
    .181423E-02
    .147751E-02
    .176662E-02
    .124060E-02
    .512708E-05
   -.749685E-03
   -.907785E-03
   -.107153E-02
   -.143296E-02
   -.180638E-02
   -.210544E-02
   -.239013E-02
   -.269907E-02
   -.301222E-02
   -.331423E-02
   -.361002E-02
   -.390728E-02
   -.420289E-02
   -.449588E-02
   -.478479E-02
   -.507318E-02
   -.535698E-02
   -.564225E-02
   -.595286E-02
   -.666850E-02
   -.826927E-02
   -.962219E-02
   -.961931E-02
   -.954466E-02
   -.104035E-01
   -.112477E-01
   -.114352E-01
   -.114882E-01
   -.120223E-01
   -.129109E-01
   -.135880E-01
   -.138934E-01
   -.141051E-01
   -.146890E-01
   -.156292E-01
   -.162335E-01
   -.163101E-01
   -.162847E-01
   -.163972E-01
   -.165522E-01
   -.166580E-01
   -.167406E-01
   -.167861E-01
   -.165415E-01
   -.159336E-01
   -.155103E-01
   -.157250E-01
   -.164843E-01
   -.167329E-01
   -.156981E-01
   -.145760E-01
   -.143467E-01
   -.141882E-01
   -.134602E-01
   -.126125E-01
   -.122779E-01
   -.124630E-01
   -.127196E-01
   -.124858E-01
   -.114924E-01
   -.108405E-01
   -.113307E-01
   -.117617E-01
   -.113970E-01
   -.111010E-01
   -.113574E-01
   -.117505E-01
   -.119740E-01
   -.121271E-01
   -.123331E-01
   -.125625E-01
   -.128418E-01
   -.134275E-01
   -.143871E-01
   -.154278E-01
   -.161781E-01
   -.164568E-01
   -.164922E-01
   -.165691E-01
   -.167146E-01
   -.168474E-01
   -.169493E-01
   -.170509E-01
   -.171576E-01
   -.172558E-01
   -.172095E-01
   -.168070E-01
   -.163502E-01
   -.162155E-01
   -.160438E-01
   -.157207E-01
   -.160051E-01
   -.169773E-01
   -.178704E-01
   -.179609E-01
   -.175122E-01
   -.176272E-01
   -.183323E-01
   -.187503E-01
   -.187089E-01
   -.186402E-01
   -.187407E-01
   -.191454E-01
   -.201095E-01
   -.210726E-01
   -.214116E-01
   -.215905E-01
   -.221336E-01
   -.228659E-01
   -.234910E-01
   -.240707E-01
   -.249207E-01
   -.259730E-01
   -.266995E-01
   -.268846E-01
   -.267133E-01
   -.264479E-01
   -.263823E-01
   -.269165E-01
   -.276646E-01
   -.277967E-01
   -.273762E-01
   -.270379E-01
   -.271367E-01
   -.273766E-01
   -.272459E-01
   -.266424E-01
   -.258482E-01
   -.252770E-01
   -.250053E-01
   -.247986E-01
   -.245252E-01
   -.242247E-01
   -.239504E-01
   -.236153E-01
   -.230177E-01
   -.223376E-01
   -.218911E-01
   -.214797E-01
   -.208890E-01
   -.203934E-01
   -.200499E-01
   -.196045E-01
   -.192741E-01
   -.193823E-01
   -.197310E-01
   -.199153E-01
   -.197602E-01
   -.194395E-01
   -.192480E-01
   -.194831E-01
   -.199424E-01
   -.200122E-01
   -.197598E-01
   -.196880E-01
   -.198456E-01
   -.199818E-01
   -.200167E-01
   -.200264E-01
   -.200470E-01
   -.200543E-01
   -.200334E-01
   -.199921E-01
   -.199378E-01
   -.198443E-01
   -.196103E-01
   -.192352E-01
   -.189421E-01
   -.187569E-01
   -.184360E-01
   -.179435E-01
   -.174411E-01
   -.169954E-01
   -.165635E-01
   -.161307E-01
   -.157834E-01
   -.155390E-01
   -.151339E-01
   -.144807E-01
   -.138816E-01
   -.134731E-01
   -.131114E-01
   -.127026E-01
   -.122462E-01
   -.116903E-01
   -.110964E-01
   -.106479E-01
   -.104066E-01
   -.102562E-01
   -.100040E-01
   -.962143E-02
   -.923134E-02
   -.894699E-02
   -.878082E-02
   -.865151E-02
   -.846237E-02
   -.814064E-02
   -.773708E-02
   -.736238E-02
   -.709635E-02
   -.689469E-02
   -.660983E-02
   -.622497E-02
   -.584961E-02
   -.557246E-02
   -.540475E-02
   -.532808E-02
   -.522610E-02
   -.494456E-02
   -.453329E-02
   -.415291E-02
   -.388736E-02
   -.369082E-02
   -.349538E-02
   -.332053E-02
   -.318024E-02
   -.295519E-02
   -.263473E-02
   -.239825E-02
   -.222399E-02
   -.193498E-02
   -.153792E-02
   -.115166E-02
   -.810054E-03
   -.478834E-03
   -.142801E-03
    .187114E-03
    .504471E-03
    .812769E-03
    .111472E-02
    .140953E-02
    .169572E-02
    .198302E-02
    .230026E-02
    .262986E-02
    .290675E-02
    .310964E-02
    .328235E-02
    .350820E-02
    .379059E-02
    .404598E-02
    .426403E-02
    .449399E-02
    .472138E-02
    .490970E-02
    .507022E-02
    .522844E-02
    .539541E-02
    .559294E-02
    .582137E-02
    .603077E-02
    .619706E-02
    .633989E-02
    .646521E-02
    .657339E-02
    .669956E-02
    .684128E-02
    .694311E-02
    .700857E-02
    .708318E-02
    .717225E-02
    .724846E-02
    .729255E-02
    .731704E-02
    .734072E-02
    .736559E-02
    .738632E-02
    .740179E-02
    .741392E-02
    .742319E-02
    .742930E-02
    .742698E-02
    .740268E-02
    .736776E-02
    .735153E-02
    .735232E-02
    .734964E-02
    .733751E-02
    .731897E-02
    .729163E-02
    .725693E-02
    .722321E-02
    .720048E-02
    .718327E-02
    .715274E-02
    .711251E-02
    .707901E-02
    .704801E-02
    .700918E-02
    .696633E-02
    .692241E-02
    .687250E-02
    .681573E-02
    .675592E-02
    .669477E-02
    .663138E-02
    .656513E-02
    .649636E-02
    .642536E-02
    .635211E-02
    .627654E-02
    .619856E-02
    .611740E-02
    .603263E-02
    .594543E-02
    .585754E-02
    .576999E-02
    .568174E-02
    .559117E-02
    .549748E-02
    .540138E-02
    .530454E-02
    .520735E-02
    .510895E-02
    .500778E-02
    .490356E-02
    .479786E-02
    .469163E-02
    .458447E-02
    .447545E-02
    .436424E-02
    .425133E-02
    .413723E-02
    .402213E-02
    .390577E-02
    .378791E-02
    .366850E-02
    .354774E-02
    .342585E-02
    .330299E-02
    .317918E-02
    .305436E-02
    .292848E-02
    .280154E-02
    .267366E-02
    .254494E-02
    .241543E-02
    .228514E-02
    .215409E-02
    .202231E-02
    .188983E-02
    .175667E-02
    .162289E-02
    .148850E-02
    .135352E-02
    .121796E-02
    .108185E-02
    .945214E-03
    .808074E-03
    .670455E-03
    .532381E-03
    .393875E-03
    .254958E-03
    .115652E-03
   -.240219E-04
   -.164044E-03
