    .0087111
    .0084078
    .0087360
    .0087044
    .0087814
    .0087007
    .0087800
    .0088782
    .0087793
    .0086963
    .0087782
    .0086888
    .0087649
    .0086698
    .0087404
    .0086484
    .0087229
    .0086406
    .0087348
    .0086750
    .0087960
    .0087364
    .0088152
    .0087147
    .0087236
    .0086266
    .0086840
    .0085937
    .0086711
    .0085804
    .0086435
    .0085683
    .0086286
    .0085571
    .0086195
    .0085536
    .0086153
    .0085507
    .0086098
    .0085455
    .0086036
    .0085397
    .0085945
    .0085276
    .0085788
    .0085159
    .0085650
    .0084994
    .0085587
    .0085049
    .0085558
    .0084994
    .0085569
    .0085282
    .0085856
    .0084774
    .0083855
    .0080964
    .0078248
    .0075167
    .0073401
    .0074676
    .0079287
    .0083260
    .0096273
    .0104882
    .0110784
    .0112962
    .0106293
    .0106362
    .0105219
    .0100520
    .0103481
    .0104008
    .0102840
    .0103090
    .0104641
    .0101165
    .0094857
    .0090953
    .0085786
    .0082386
    .0085216
    .0084622
    .0089068
    .0094058
    .0098005
    .0101512
    .0104322
    .0103961
    .0102115
    .0099199
    .0095624
    .0091654
    .0088472
    .0083849
    .0080895
    .0078527
    .0078800
    .0078710
    .0078109
    .0078297
    .0079141
    .0079636
    .0078109
    .0073727
    .0097985
    .0106159
    .0107334
    .0113073
    .0108538
    .0111309
    .0114708
    .0126159
    .0166839
    .0193613
    .0245688
    .0267695
    .0222358
    .0216444
    .0187881
    .0149975
    .0146810
    .0119566
    .0077368
    .0056271
    .0041333
    .0027302
    .0021802
    .0019308
    .0017515
    .0016836
    .0016562
    .0016280
    .0016648
    .0016364
    .0018632
    .0018625
    .0008634
    .0035117
    .0110270
    .0150866
    .0222126
    .0270510
    .0250636
    .0254877
    .0264873
    .0242779
    .0215914
    .0199126
    .0196791
    .0163643
    .0083184
    .0065041
    .0068275
    .0049065
    .0054420
    .0055378
    .0042634
    .0052198
    .0078282
    .0105396
    .0148709
    .0198184
    .0255247
    .0305396
    .0326706
    .0334276
    .0333103
    .0353405
    .0371590
    .0372380
    .0395310
    .0391497
    .0353493
    .0323828
    .0244408
    .0203447
    .0179068
    .0144042
    .0249508
    .0254030
    .0231212
    .0255816
    .0238815
    .0230290
    .0256580
    .0226301
    .0147088
    .0103363
    .0029054
   -.0011512
    .0017946
    .0006652
    .0040825
    .0084653
    .0111158
    .0136463
    .0154682
    .0162056
    .0156575
    .0142179
    .0123629
    .0101839
    .0076993
    .0142916
    .0271484
    .0342634
    .0467725
    .0549442
    .0503440
    .0533154
    .0565842
    .0553241
    .0546110
    .0529504
    .0513549
    .0486789
    .0440602
    .0409591
    .0391330
    .0374418
    .0367629
    .0366978
    .0376042
    .0383923
    .0383258
    .0380834
    .0376504
    .0376171
    .0371433
    .0364363
    .0361557
    .0352267
    .0352074
    .0330612
    .0268821
    .0230493
    .0176138
    .0119110
    .0091997
    .0038752
   -.0019796
   -.0062634
   -.0124725
   -.0158623
   -.0147381
   -.0170436
   -.0157922
   -.0190040
   -.0321104
   -.0372077
   -.0483073
   -.0546810
   -.0480104
   -.0473433
   -.0374991
   -.0300145
   -.0273809
   -.0215530
   -.0218845
   -.0207123
   -.0185156
   -.0180926
   -.0172602
   -.0162172
   -.0132486
   -.0122055
   -.0182741
   -.0163245
   -.0095558
   -.0027977
    .0071530
    .0182207
    .0304518
    .0410682
    .0492247
    .0442916
    .0249085
    .0151402
   -.0036875
   -.0169556
   -.0092115
   -.0134655
   -.0069351
   -.0029420
   -.0027433
   -.0001776
   -.0033126
   -.0085245
   -.0140043
   -.0246555
   -.0416812
   -.0506488
   -.0573901
   -.0631095
   -.0532425
   -.0477869
   -.0465185
   -.0352344
   -.0210851
   -.0075233
    .0053885
    .0153424
    .0225716
    .0212853
   -.0000347
   -.0090529
   -.0252244
   -.0380703
   -.0319124
   -.0375977
   -.0395970
   -.0355291
   -.0349005
   -.0282733
   -.0159181
   -.0050567
    .0049127
    .0143030
    .0220242
    .0192144
    .0029269
   -.0069532
   -.0162473
   -.0305194
   -.0349772
   -.0350250
   -.0286355
   -.0196059
   -.0075434
    .0014350
    .0073436
    .0105734
    .0097123
    .0064657
    .0020606
   -.0031870
   -.0090831
   -.0138345
   -.0166418
   -.0183087
   -.0156999
   -.0126170
   -.0071019
   -.0006879
    .0057381
    .0107854
    .0146364
    .0100320
   -.0007459
   -.0053419
   -.0148045
   -.0279157
   -.0392891
   -.0492586
   -.0648183
   -.0669602
   -.0563923
   -.0533741
   -.0505595
   -.0435396
   -.0417644
   -.0391606
   -.0391859
   -.0387384
   -.0366303
   -.0358961
   -.0376852
   -.0333741
   -.0223080
   -.0165062
   -.0058155
   -.0003195
   -.0062952
   -.0071851
   -.0146838
   -.0239161
   -.0261233
   -.0267654
   -.0258220
   -.0306475
   -.0358572
   -.0372291
   -.0443589
   -.0445473
   -.0351609
   -.0288329
   -.0112157
    .0003173
    .0073677
    .0154892
    .0110464
    .0091758
    .0059886
   -.0008000
   -.0047915
   -.0055038
    .0033703
    .0151014
    .0272212
    .0196088
   -.0002860
   -.0059909
   -.0260874
   -.0365412
   -.0185578
   -.0188102
   -.0061820
    .0012832
   -.0080564
   -.0075626
   -.0171372
   -.0226726
   -.0254797
   -.0258115
   -.0137969
   -.0046341
    .0170126
    .0306529
    .0396953
    .0437308
    .0232231
    .0160377
    .0019334
   -.0110182
   -.0021106
   -.0105201
   -.0179059
   -.0223510
   -.0388279
   -.0462744
   -.0520124
   -.0556922
   -.0482697
   -.0436041
   -.0321094
   -.0234478
   -.0179531
   -.0138467
   -.0240475
   -.0273894
   -.0357153
   -.0411315
   -.0349836
   -.0344126
   -.0282081
   -.0207110
   -.0154185
   -.0099625
   -.0054897
   -.0040396
   -.0069318
   -.0108663
   -.0201318
   -.0292610
   -.0409128
   -.0518215
   -.0607229
   -.0691581
   -.0709804
   -.0756254
   -.0784055
   -.0795204
   -.0866543
   -.0908164
   -.0892638
   -.0987105
   -.1125154
   -.1204203
   -.1333216
   -.1411485
   -.1343585
   -.1371056
   -.1407484
   -.1397840
   -.1380497
   -.1348565
   -.1317658
   -.1286274
   -.1252125
   -.1217139
   -.1180527
   -.1142184
   -.1102775
   -.1098678
   -.1115891
   -.1108650
   -.1124237
   -.1123266
   -.1071291
   -.1041361
   -.0979232
   -.0924522
   -.0892739
   -.0859648
   -.0835138
   -.0815347
   -.0804213
   -.0794682
   -.0782368
   -.0766664
   -.0746982
   -.0739427
   -.0737267
   -.0730552
   -.0732081
   -.0719262
   -.0688145
   -.0659393
   -.0620644
   -.0573247
   -.0527702
   -.0488596
   -.0462591
   -.0416335
   -.0349162
   -.0324341
   -.0308962
   -.0276540
   -.0264978
   -.0248231
   -.0219041
   -.0209262
   -.0216514
   -.0226723
   -.0249740
   -.0275689
   -.0312260
   -.0340684
   -.0335256
   -.0346716
   -.0382205
   -.0371701
   -.0347743
   -.0328592
   -.0286521
   -.0240173
   -.0204849
   -.0171097
   -.0206935
   -.0215008
   -.0200338
   -.0189932
   -.0183808
   -.0175981
   -.0133659
   -.0065463
    .0049514
    .0116742
    .0331671
    .0511549
    .0675503
    .0832329
    .1257623
    .1531444
    .1768432
    .2044736
    .2354190
    .2677432
    .2941203
    .3284053
    .3505500
    .3780929
    .4018313
    .4235562
    .4454631
    .4611418
    .4734572
    .4760529
    .4848973
    .4882078
    .4928186
    .4999520
    .5047509
    .5067211
    .5121297
    .5133260
    .5066189
    .4910716
    .4818360
    .4749259
    .4517519
    .4392053
    .4309740
    .4161223
    .4022532
    .3907299
    .3822471
    .3763720
    .3702813
    .3571544
    .3494632
    .3383719
    .3247833
    .3070817
    .2953917
    .2809726
    .2677434
    .2592628
    .2506345
    .2499677
    .2500191
    .2534215
    .2519459
    .2518723
    .2477296
    .2456655
    .2434814
    .2483643
    .2580077
    .2673535
    .2754356
    .2863584
    .2891037
    .2932990
    .2983840
    .3012601
    .3014230
    .3041664
    .3087791
    .3087957
    .3131630
    .3139403
    .3116939
    .3089192
    .3031756
    .2957763
    .2853143
    .2701537
    .2505488
    .2362824
    .2224670
    .2083166
    .1932915
    .1775409
    .1603396
    .1409571
    .1235191
    .1046954
    .0869677
    .0664243
    .0490231
    .0361204
    .0316600
    .0114706
    .0102604
    .0136379
    .0136368
    .0100188
    .0091102
    .0073300
    .0095990
    .0148075
    .0198500
    .0249744
    .0249814
    .0259351
    .0226220
    .0101268
   -.0019731
   -.0117169
   -.0263311
   -.0374794
   -.0618174
   -.0683667
   -.0762294
   -.0797178
   -.0842457
   -.0856827
   -.0876105
   -.0847433
   -.0650188
   -.0682801
   -.0686203
   -.0641343
   -.0430686
   -.0293949
   -.0139948
   -.0086878
    .0081106
    .0060438
    .0033295
   -.0044440
   -.0226408
   -.0449202
   -.0749647
   -.1118294
   -.1460699
   -.1667797
   -.1974182
   -.1796247
   -.1948842
   -.2037638
   -.2095835
   -.2050851
   -.2005647
   -.1916020
   -.1886902
   -.1772802
   -.1558402
   -.1179879
   -.0767407
   -.0753702
   -.0589425
   -.0521746
   -.0456699
   -.0475876
   -.0440084
   -.0529410
   -.0642277
   -.0642437
   -.0756811
   -.0758329
   -.0865063
   -.1038480
   -.1109022
   -.1648277
   -.1714175
   -.1859073
   -.1986738
   -.2172741
   -.2259152
   -.2160672
   -.2027227
   -.1955916
   -.1680522
   -.1647715
   -.1404915
   -.1210956
   -.1216051
   -.0810127
   -.0774217
   -.0764859
   -.0773755
   -.0847128
   -.0903319
   -.0915113
   -.1155855
   -.1266661
   -.1390565
   -.1492502
   -.1650344
   -.1762827
   -.1853844
   -.2067629
   -.2059825
   -.1984896
   -.1955102
   -.1944019
   -.1812020
   -.1569487
   -.1444110
   -.1371124
   -.1286754
   -.1200970
   -.1172132
   -.1085938
   -.1025495
   -.0960061
   -.0942990
   -.0918259
   -.0868968
   -.0789524
   -.0830143
   -.0793293
   -.0794629
   -.0843127
   -.0863765
   -.0890308
   -.0949091
   -.0986889
   -.1071602
   -.1088741
   -.1093198
   -.1078589
   -.1083954
   -.1087454
   -.1106096
   -.1149902
   -.1150004
   -.1141291
   -.1131314
   -.1111878
   -.1105956
   -.1095770
   -.1075623
   -.1110880
   -.1127240
   -.1117171
   -.1129957
   -.1136274
   -.1126447
   -.1099101
   -.1060259
   -.1051141
   -.1028748
   -.1012073
   -.1025417
   -.1044733
   -.1066814
   -.1143186
   -.1248065
   -.1347867
   -.1379379
   -.1439369
   -.1517012
   -.1569123
   -.1660308
   -.1781532
   -.1870512
   -.1941539
   -.2072833
   -.2172173
   -.2196439
   -.2209078
   -.2262366
   -.2277714
   -.2232068
   -.2281056
   -.2213423
   -.2107033
   -.2136127
   -.2060961
   -.1988083
   -.1993998
   -.1922931
   -.1820704
   -.1770993
   -.1727827
   -.1663550
   -.1629016
   -.1634372
   -.1666914
   -.1728106
   -.1707019
   -.1673563
   -.1631912
   -.1653935
   -.1645631
   -.1625352
   -.1577827
   -.1578111
   -.1585683
   -.1615700
   -.1599749
   -.1544674
   -.1499292
   -.1388408
   -.1304992
   -.1210092
   -.1067953
   -.1056682
   -.1079737
   -.1068329
   -.1052733
   -.1059867
   -.1034329
   -.0957135
   -.0882856
   -.0682022
   -.0552093
   -.0467270
   -.0394404
   -.0372112
   -.0306154
   -.0279719
   -.0384217
   -.0370183
   -.0359404
   -.0320299
   -.0275004
   -.0203051
   -.0069060
   -.0011422
    .0040817
    .0101357
    .0136459
    .0122957
    .0179948
    .0241222
    .0290469
    .0362051
    .0427005
    .0549258
    .0628668
    .0741185
    .0773858
    .0779652
    .0851475
    .0840141
    .0816302
    .0861889
    .0839098
    .0831181
    .0828997
    .0824969
    .0792096
    .0742045
    .0711227
    .0643039
    .0516639
    .0458814
    .0458686
    .0301815
    .0297946
    .0256814
    .0257005
    .0307868
    .0326935
    .0380120
    .0431110
    .0403885
    .0446052
    .0429966
    .0637398
    .0784063
    .0871970
    .1175932
    .1377303
    .1594643
    .1749369
    .1850872
    .1985372
    .1981756
    .1940678
    .1844774
    .1781978
    .1648785
    .1611668
    .1403514
    .1329000
    .1174771
    .0955699
    .0819728
    .0716104
    .0580360
    .0442213
    .0386094
    .0290634
    .0231650
    .0126011
    .0171009
    .0257262
    .0210121
    .0262414
    .0249157
    .0246154
    .0219516
    .0315296
    .0298984
    .0479783
    .0420375
    .0343081
    .0303013
    .0210600
    .0132981
   -.0005676
   -.0238521
   -.0268471
   -.0412775
   -.0491961
   -.0707623
   -.0739868
   -.0884269
   -.0904739
   -.0824330
   -.0706828
   -.0623407
   -.0512291
   -.0383385
   -.0275195
   -.0171280
   -.0039215
    .0034590
    .0139909
    .0231629
    .0310006
    .0377410
    .0413510
    .0457727
    .0471289
    .0450344
    .0417322
    .0339523
    .0251786
    .0188411
    .0159198
    .0146068
    .0107831
    .0139521
    .0143673
    .0132262
    .0115332
    .0119244
    .0128859
    .0119541
    .0147709
    .0206087
    .0265513
    .0363854
    .0441562
    .0542727
    .0662907
    .0761270
    .0888199
    .0978746
    .1019187
    .1073983
    .1162537
    .1147448
    .1168803
    .1248327
    .1212785
    .1215398
    .1267678
    .1340905
    .1416557
    .1440243
    .1484929
    .1489287
    .1478683
    .1422926
    .1403395
    .1396371
    .1404470
    .1483661
    .1527835
    .1533691
    .1512369
    .1507848
    .1492415
    .1452449
    .1427722
    .1421352
    .1421322
    .1411489
    .1426379
    .1473348
    .1485599
    .1479769
    .1451655
    .1431686
    .1387832
    .1337618
    .1200517
    .1133274
    .1102479
    .1038624
    .1001424
    .0985533
    .0900578
    .0815932
    .0763792
    .0700734
    .0581683
    .0503420
    .0455692
    .0420573
    .0350749
    .0355106
    .0403264
    .0354127
    .0359861
    .0353503
    .0315620
    .0278850
    .0237958
    .0202366
    .0178294
    .0166690
    .0152288
    .0156186
    .0138771
    .0097488
    .0072444
   -.0002772
   -.0047682
   -.0097321
   -.0138297
   -.0213558
   -.0207278
   -.0155051
   -.0167903
   -.0168782
   -.0159804
   -.0160389
   -.0178098
   -.0201563
   -.0205828
   -.0223256
   -.0133640
   -.0040597
   -.0009489
    .0078232
    .0221976
    .0281422
    .0336740
    .0387933
    .0444597
    .0493714
    .0523958
    .0591014
    .0633000
    .0667688
    .0703147
    .0696945
    .0586411
    .0582412
    .0506315
    .0358162
    .0279025
    .0280732
    .0291441
    .0306066
    .0358152
    .0385066
    .0394283
    .0367579
    .0323279
    .0213657
    .0200386
    .0264945
    .0331936
    .0494417
    .0595006
    .0681024
    .0688139
    .0763123
    .0778057
    .0800343
    .0823600
    .0745587
    .0721675
    .0709426
    .0695154
    .0754127
    .0921473
    .0940909
    .0909239
    .0874310
    .0760693
    .0663743
    .0447523
    .0340092
    .0216407
    .0133032
    .0053927
   -.0047123
   -.0045997
    .0063559
    .0098650
    .0096740
    .0154239
    .0144055
    .0161036
    .0087266
    .0085272
    .0158092
    .0192772
    .0284945
    .0369645
    .0460333
    .0506467
    .0526036
    .0531573
    .0436287
    .0408897
    .0352440
    .0274666
    .0282514
    .0331172
    .0313724
    .0330298
    .0260408
    .0216398
    .0177296
    .0089970
   -.0203405
   -.0264701
   -.0277402
   -.0389759
   -.0461382
   -.0461366
   -.0495148
   -.0503835
   -.0503365
   -.0521256
   -.0563220
   -.0526868
   -.0526815
   -.0460514
   -.0447461
   -.0381490
   -.0253995
   -.0143528
   -.0146364
   -.0069699
   -.0009840
   -.0037714
   -.0051131
   -.0095328
   -.0183027
   -.0228028
   -.0311369
   -.0376840
   -.0431601
   -.0475592
   -.0574044
   -.0658611
   -.0669687
   -.0681475
   -.0731440
   -.0710138
   -.0736348
   -.0828997
   -.0841689
   -.0865689
   -.0845803
   -.0700396
   -.0641894
   -.0529696
   -.0354489
   -.0230402
   -.0119236
   -.0103821
   -.0073578
   -.0053093
   -.0041067
   -.0104715
   -.0151997
   -.0183868
   -.0216960
   -.0280004
   -.0320177
   -.0377283
   -.0542091
   -.0592009
   -.0582976
   -.0584574
   -.0557613
   -.0585951
   -.0643296
   -.0652975
   -.0705016
   -.0654676
   -.0701080
   -.0604097
   -.0508487
   -.0274434
   -.0303846
   -.0186776
   -.0104153
    .0013087
   -.0194978
   -.0158432
   -.0024343
    .0163476
    .0111633
    .0122394
    .0237658
    .0246391
    .0154264
    .0170121
    .0139480
    .0103681
   -.0023887
    .0057531
    .0143743
    .0220656
    .0337232
    .0316451
    .0345950
    .0407513
    .0367508
    .0382917
    .0429570
    .0505072
    .0558512
    .0618879
    .0708786
    .0767692
    .0792523
    .0854001
    .0869637
    .0896825
    .0927445
    .0975220
    .1037391
    .1122032
    .1132846
    .1166230
    .1206507
    .1198639
    .1217565
    .1241985
    .1241447
    .1247846
    .1256181
    .1232027
    .1209421
    .1183256
    .1153928
    .1101296
    .1058307
    .1011005
    .0947793
    .0869360
    .0796558
    .0708091
    .0588384
    .0508762
    .0447314
    .0359829
    .0226967
    .0146703
    .0040280
   -.0090722
   -.0186887
   -.0263935
   -.0352001
   -.0460289
   -.0543894
   -.0630826
   -.0728503
   -.0830245
   -.0907183
   -.0928078
   -.1019560
   -.1059036
   -.1117896
   -.1184321
   -.1282102
   -.1297019
   -.1302279
   -.1259095
   -.1150366
   -.1096644
   -.1072590
   -.1032144
   -.1045197
   -.1049724
   -.0960293
   -.0827933
   -.0731683
   -.0617503
   -.0428685
   -.0289518
   -.0219191
   -.0138209
   -.0043050
   -.0029737
    .0021347
    .0118391
    .0161005
    .0247768
    .0343349
    .0394157
    .0438888
    .0384857
    .0297509
    .0315330
    .0173595
    .0048807
    .0028499
    .0087600
    .0057047
    .0034068
    .0066303
    .0083266
    .0135364
    .0168338
    .0198476
    .0254668
    .0277514
    .0322663
    .0378809
    .0441847
    .0455732
    .0526756
    .0563514
    .0541903
    .0514182
    .0539336
    .0547875
    .0551662
    .0566724
    .0596911
    .0619914
    .0655604
    .0712990
    .0775403
    .0845073
    .0867878
    .0853882
    .0858505
    .0819123
    .0706725
    .0593185
    .0512766
    .0398968
    .0311491
    .0259669
    .0191315
    .0160957
    .0114286
    .0103227
    .0085308
    .0019928
   -.0015971
   -.0056918
   -.0130905
   -.0148100
   -.0127685
   -.0236922
   -.0374576
   -.0194494
   -.0240253
   -.0289005
   -.0188044
    .0034976
    .0112961
    .0179505
    .0282789
    .0429644
    .0347370
    .0299712
    .0320512
    .0268358
    .0268066
    .0231587
    .0363572
    .0408910
    .0357743
    .0386926
    .0381734
    .0239813
    .0052613
   -.0110921
   -.0216998
   -.0297224
   -.0342566
   -.0368829
   -.0432488
   -.0304391
   -.0045524
    .0082022
    .0071729
    .0259036
    .0302972
    .0090217
   -.0069864
    .0064911
   -.0286045
   -.0247155
   -.0379442
   -.0576716
   -.0635655
   -.0637572
   -.0517141
   -.0548492
   -.0572723
   -.0687573
   -.0817948
   -.0900619
   -.0933165
   -.1252601
   -.1301137
   -.1314446
   -.1249821
   -.1135094
   -.0977597
   -.0900364
   -.0809278
   -.0616432
   -.0445275
   -.0302368
   -.0212734
   -.0176505
   -.0134153
   -.0189805
   -.0186736
   -.0243086
   -.0276649
   -.0218213
   -.0155883
    .0002407
    .0043660
    .0096101
   -.0050603
   -.0030056
   -.0011892
   -.0003286
   -.0062895
   -.0183229
   -.0174763
   -.0223157
   -.0287077
   -.0334265
   -.0320365
   -.0328628
   -.0322085
   -.0262955
   -.0244322
   -.0209549
   -.0203275
   -.0225593
   -.0231245
   -.0288175
   -.0317373
   -.0377014
   -.0370410
   -.0344908
   -.0289055
   -.0253335
   -.0179235
   -.0103017
   -.0051868
   -.0009264
    .0004751
    .0000957
   -.0030378
   -.0063922
   -.0178715
   -.0217990
   -.0282194
   -.0313919
   -.0262853
   -.0153802
   -.0093537
   -.0053975
   -.0035422
   -.0054603
   -.0097608
   -.0102152
   -.0224556
   -.0224796
   -.0254359
   -.0208765
   -.0100109
   -.0064702
   -.0013811
    .0019630
    .0057225
    .0066055
    .0084321
    .0052138
    .0031869
    .0025012
    .0022125
    .0035337
    .0050830
    .0115249
    .0149598
    .0181212
    .0195062
    .0203110
    .0164805
    .0111509
    .0084809
    .0124763
    .0174967
    .0193332
    .0225159
    .0246659
    .0239310
    .0261620
    .0266973
    .0259572
    .0257835
    .0256201
    .0277767
    .0265810
    .0279380
    .0307684
    .0309325
    .0321667
    .0351353
    .0370197
    .0392836
    .0423898
    .0438202
    .0458725
    .0485256
    .0500432
    .0525433
    .0572373
    .0569703
    .0604408
    .0630948
    .0683697
    .0643156
    .0609843
    .0612113
    .0634515
    .0636537
    .0624333
    .0669843
    .0745409
    .0803962
    .0863847
    .0920322
    .0972300
    .1006712
    .1006090
    .0998539
    .1017079
    .1017808
    .1017058
    .1018727
    .1008390
    .1001982
    .1005694
    .0977995
    .0943343
    .0884246
    .0822581
    .0750739
    .0514799
    .0404759
    .0317477
    .0165263
    .0021181
   -.0044635
   -.0088509
   -.0183770
   -.0272809
   -.0305989
   -.0283593
   -.0343355
   -.0291701
   -.0027801
   -.0023832
    .0012574
    .0173860
    .0156972
    .0140550
    .0162464
    .0199024
    .0238682
    .0269787
    .0224367
    .0142647
    .0063610
    .0007681
   -.0141466
   -.0166423
   -.0273820
   -.0311026
   -.0386643
   -.0408120
   -.0457836
   -.0500864
   -.0586136
   -.0538070
   -.0462628
   -.0371850
   -.0273399
   -.0247582
    .0166581
    .0266420
    .0469587
    .0535004
    .0633246
    .0809249
    .0929304
    .0996176
    .0976833
    .0926987
    .0940233
    .0914690
    .0768200
    .0747365
    .0677019
    .0616385
    .0499316
    .0336509
    .0293194
    .0189758
    .0124279
    .0098480
   -.0000081
   -.0030660
    .0016373
    .0084792
    .0132147
    .0177862
    .0230140
    .0173335
    .0252304
    .0391774
    .0453710
    .0570763
    .0629812
    .0750577
    .0853282
    .0873316
    .0881787
    .0871321
    .0877559
    .0902110
    .0784409
    .0652882
    .0585067
    .0179603
    .0044657
   -.0072975
   -.0165340
   -.0209133
   -.0105340
   -.0043487
   -.0050911
   -.0058893
   -.0051136
   -.0068285
   -.0132681
   -.0196586
   -.0166790
   -.0134931
    .0160883
    .0244095
    .0363602
    .0423874
    .0517700
    .0537654
    .0564187
    .0492096
    .0457174
    .0477607
    .0472131
    .0415304
    .0388784
    .0334083
    .0333774
    .0302203
    .0265372
    .0250869
    .0201502
    .0117881
    .0052576
   -.0010658
   -.0041786
   -.0035065
   -.0040596
   -.0053656
   -.0027905
    .0005434
    .0023943
    .0046214
    .0081764
    .0104223
    .0133879
    .0150697
    .0180170
    .0188514
    .0199693
    .0219730
    .0241592
    .0249369
    .0255342
    .0256060
    .0252147
    .0259497
    .0258522
    .0234227
    .0211684
    .0190195
    .0178941
    .0177777
    .0164707
    .0156045
    .0116893
    .0097689
    .0082632
    .0066223
    .0068583
    .0079581
    .0101467
    .0148203
    .0174485
    .0203779
    .0205909
    .0224301
    .0250318
    .0273697
    .0272063
    .0264469
    .0246733
    .0240536
    .0183393
    .0151789
    .0127195
    .0115122
    .0104668
    .0086726
    .0139761
    .0171855
    .0186353
    .0156658
    .0164150
    .0140967
    .0078848
    .0029124
    .0017163
   -.0007227
    .0042677
    .0101011
    .0175369
    .0221809
    .0235773
    .0238446
    .0226924
    .0205165
    .0192407
    .0188590
    .0183024
    .0175078
    .0171270
    .0152657
    .0138532
    .0104246
    .0070999
    .0040751
    .0025733
    .0016372
    .0047941
    .0062520
    .0081473
    .0126477
    .0115883
    .0083979
    .0055178
    .0011423
   -.0021526
   -.0034861
   -.0040557
   -.0049708
   -.0051661
   -.0038511
   -.0019344
   -.0061862
   -.0067241
   -.0192132
   -.0247309
   -.0282323
   -.0297016
   -.0273101
   -.0236279
   -.0159829
   -.0116500
   -.0078278
   -.0068933
   -.0002873
    .0064162
    .0098369
    .0104208
    .0246399
    .0264715
    .0315426
    .0358483
    .0410806
    .0428336
    .0456659
    .0450642
    .0433641
    .0354052
    .0307519
    .0240200
    .0099777
   -.0026675
   -.0123535
   -.0133263
   -.0125171
   -.0133619
   -.0169640
   -.0220997
   -.0271878
   -.0295538
   -.0278695
   -.0286569
   -.0265584
   -.0214824
   -.0160655
   -.0113269
   -.0013878
    .0185173
    .0234396
    .0236426
    .0441728
    .0458721
    .0478862
    .0498570
    .0471498
    .0446251
    .0456199
    .0440505
    .0402356
    .0360912
    .0354928
    .0310451
    .0244555
    .0224057
    .0156539
    .0024027
   -.0019458
   -.0190677
   -.0210897
   -.0191971
   -.0194670
   -.0204178
   -.0211927
   -.0210898
   -.0233144
   -.0227018
   -.0154645
   -.0058800
    .0022576
    .0165385
    .0462551
    .0524095
    .0602665
    .0619550
    .0645554
    .0614793
    .0567299
    .0512112
    .0445553
    .0370825
    .0233689
    .0253134
    .0162406
    .0048649
   -.0096159
   -.0145931
   -.0226886
   -.0219650
   -.0211127
   -.0180984
   -.0140121
   -.0090642
   -.0055052
    .0004636
    .0176020
    .0250364
    .0283418
    .0397327
    .0431839
    .0436435
    .0430336
    .0419013
    .0406296
    .0383368
    .0336542
    .0276209
    .0250495
    .0207502
    .0204299
    .0166153
    .0171998
    .0134498
    .0108644
    .0112066
    .0086609
    .0072543
    .0060105
    .0072591
    .0069461
    .0098639
    .0099760
    .0097129
    .0111394
    .0121866
    .0140325
    .0163213
    .0205441
    .0221022
    .0242080
    .0244184
    .0290286
    .0290817
    .0317028
    .0334951
    .0326114
    .0325557
    .0307144
    .0270985
    .0211433
    .0150460
    .0089553
    .0035632
   -.0004117
   -.0051897
   -.0084690
   -.0112588
   -.0145273
   -.0174971
   -.0189219
   -.0209601
   -.0222816
   -.0222260
   -.0219836
   -.0225783
   -.0244932
   -.0244591
   -.0245829
   -.0255781
   -.0253116
   -.0248866
   -.0253796
   -.0230116
   -.0210845
   -.0202185
   -.0202707
   -.0186867
   -.0185353
   -.0190458
   -.0202278
   -.0210176
   -.0218538
   -.0225672
   -.0243756
   -.0254715
   -.0280496
   -.0297137
   -.0317389
   -.0332142
   -.0367265
   -.0399581
   -.0431908
   -.0447165
   -.0457454
   -.0431917
   -.0417659
   -.0405755
   -.0372806
   -.0364518
   -.0370474
   -.0357785
   -.0381413
   -.0378433
   -.0365288
   -.0373203
   -.0356599
   -.0356912
   -.0362629
   -.0364582
   -.0377951
   -.0395306
   -.0413768
   -.0426605
   -.0440532
   -.0443996
   -.0437970
   -.0419101
   -.0382955
   -.0352423
   -.0291560
   -.0255181
   -.0245263
   -.0195134
   -.0188470
   -.0129193
   -.0022418
    .0022675
    .0099205
    .0158893
    .0171690
    .0227240
    .0264379
    .0288794
    .0313526
    .0316972
    .0314125
    .0302753
    .0283450
    .0260439
    .0234115
    .0205833
    .0176847
    .0148850
    .0123493
    .0103706
    .0087323
    .0076199
    .0075872
    .0063601
    .0053658
    .0030662
   -.0002440
   -.0036555
   -.0087270
   -.0129042
   -.0180021
   -.0215824
   -.0218846
   -.0248340
   -.0248546
   -.0274177
   -.0330996
   -.0343441
   -.0380609
   -.0404822
   -.0402979
   -.0407528
   -.0409950
   -.0402720
   -.0390343
   -.0370749
   -.0355395
   -.0333747
   -.0307733
   -.0282621
   -.0261578
   -.0243935
   -.0229751
   -.0219791
   -.0217859
   -.0223689
   -.0235068
   -.0245070
   -.0257782
   -.0267975
   -.0270405
   -.0267004
   -.0257538
   -.0242671
   -.0220761
   -.0196684
   -.0168003
   -.0137699
   -.0103072
   -.0072319
   -.0052670
    .0013988
    .0051080
    .0088150
    .0175060
    .0215636
    .0247124
    .0268810
    .0250034
    .0240940
    .0201414
    .0162907
    .0137702
    .0113019
    .0090257
    .0071071
    .0062379
    .0053417
    .0044680
    .0036104
    .0023844
    .0008721
   -.0012250
   -.0036898
   -.0065345
   -.0095306
   -.0127152
   -.0160206
   -.0194632
   -.0229796
   -.0257259
   -.0278702
   -.0310323
   -.0342310
   -.0359364
   -.0372477
   -.0388399
   -.0385936
   -.0368224
   -.0366826
   -.0352311
   -.0336985
   -.0340754
   -.0319009
   -.0298666
   -.0285259
   -.0267197
   -.0247819
   -.0228888
   -.0210045
   -.0192705
   -.0174701
   -.0156728
   -.0137769
   -.0118110
   -.0098349
   -.0078970
   -.0059649
   -.0040518
   -.0019698
    .0003792
    .0034824
    .0070074
    .0099495
    .0133106
    .0164839
    .0189357
    .0227577
    .0279878
    .0309101
    .0325588
    .0345616
    .0332904
    .0345221
    .0370720
    .0372711
    .0376349
    .0370419
    .0356029
    .0321467
    .0258033
    .0216769
    .0178938
    .0149173
    .0155967
    .0122299
    .0111625
    .0102599
    .0070306
    .0053960
    .0037707
    .0019218
    .0003317
   -.0012987
   -.0026721
   -.0037551
   -.0044478
   -.0047533
   -.0046205
   -.0040596
   -.0030414
   -.0015849
    .0003258
    .0026601
    .0054233
    .0085141
    .0119738
    .0159242
    .0202205
    .0243894
    .0289215
    .0328451
    .0361439
    .0389606
    .0401072
    .0431491
    .0456905
    .0486765
    .0538455
    .0552726
    .0561090
    .0581482
    .0563544
    .0569424
    .0590104
    .0575646
    .0572100
    .0555174
    .0509830
    .0488717
    .0467502
    .0437755
    .0423229
    .0398794
    .0377447
    .0351951
    .0320201
    .0288168
    .0244441
    .0209361
    .0172835
    .0145196
    .0129436
    .0117341
    .0118719
    .0129351
    .0145000
    .0158570
    .0173721
    .0182889
    .0180340
    .0187703
    .0183066
    .0183429
    .0185050
    .0182472
    .0187706
    .0185123
    .0181015
    .0179223
    .0165614
    .0170483
    .0178828
    .0196988
    .0232169
    .0251133
    .0286809
    .0310258
    .0325076
    .0348418
    .0353694
    .0345344
    .0338521
    .0346759
    .0345930
    .0360427
    .0400127
    .0413748
    .0448794
    .0474947
    .0483617
    .0507986
    .0536629
    .0569613
    .0603676
    .0625692
    .0654470
    .0714287
    .0762634
    .0764071
    .0770311
    .0810642
    .0787218
    .0781334
    .0806304
    .0808595
    .0792750
    .0771207
    .0738762
    .0704947
    .0667188
    .0628092
    .0591532
    .0557301
    .0530231
    .0503914
    .0481607
    .0459817
    .0439434
    .0418995
    .0398027
    .0374641
    .0350702
    .0324612
    .0298305
    .0276313
    .0255327
    .0237421
    .0224155
    .0216102
    .0210090
    .0207790
    .0196409
    .0177314
    .0159310
    .0129240
    .0098398
    .0068191
    .0039466
    .0013547
   -.0011640
   -.0029686
   -.0044195
   -.0052721
   -.0054451
   -.0050084
   -.0039634
   -.0023008
   -.0000559
    .0027731
    .0061187
    .0097215
    .0132995
    .0166879
    .0198725
    .0226778
    .0249815
    .0269262
    .0281530
    .0284519
    .0286173
    .0284999
    .0285442
    .0284974
    .0285077
    .0283996
    .0279548
    .0276027
    .0267927
    .0259675
    .0247000
    .0230753
    .0209855
    .0184010
    .0154354
    .0127176
    .0089880
    .0045843
    .0015182
   -.0009774
   -.0020964
   -.0026782
   -.0038850
   -.0045620
   -.0043206
   -.0047438
   -.0052540
   -.0068746
   -.0085246
   -.0101142
   -.0115204
   -.0125870
   -.0127938
   -.0124957
   -.0108031
   -.0087082
   -.0053253
   -.0013941
    .0032355
    .0081114
    .0129407
    .0174624
    .0218576
    .0256627
    .0286192
    .0312440
    .0329073
    .0339386
    .0339388
    .0345864
    .0353012
    .0351143
    .0353651
    .0340205
    .0305960
    .0280572
    .0253153
    .0223223
    .0193750
    .0169670
    .0154723
    .0135876
    .0117514
    .0103772
    .0090166
    .0076182
    .0061186
    .0045384
    .0029513
    .0012633
   -.0003546
   -.0022468
   -.0042052
   -.0053147
   -.0077947
   -.0082903
   -.0071983
   -.0062565
   -.0025196
   -.0010245
    .0008420
    .0016235
    .0001596
    .0009241
   -.0010064
   -.0013230
   -.0003741
   -.0024085
   -.0030125
   -.0048640
   -.0088159
   -.0092757
   -.0102714
   -.0108568
   -.0082173
   -.0076611
   -.0069513
   -.0044150
   -.0029784
   -.0018640
    .0000758
    .0023051
    .0040848
    .0057873
    .0074657
    .0090738
    .0107289
    .0125146
    .0142449
    .0149602
    .0150134
    .0161419
    .0178729
    .0204651
    .0237830
    .0275682
    .0315607
    .0357796
    .0391027
    .0393993
    .0376681
    .0385004
    .0373773
    .0384610
    .0442402
    .0459850
    .0497712
    .0522887
    .0528441
    .0535948
    .0524860
    .0502175
    .0474851
    .0453777
    .0438866
    .0427340
    .0424044
    .0402367
    .0364595
    .0359407
    .0352775
    .0341521
    .0352939
    .0346865
    .0336846
    .0322942
    .0293676
    .0270055
    .0234212
    .0203318
    .0173463
    .0148527
    .0132126
    .0107036
    .0090355
    .0075151
    .0059587
    .0049946
    .0044990
    .0035466
    .0028421
    .0017454
    .0000776
   -.0005302
   -.0015197
   -.0021155
   -.0017092
   -.0013934
   -.0010608
   -.0019452
   -.0029219
   -.0041477
   -.0078421
   -.0087398
   -.0083894
   -.0095959
   -.0074786
   -.0072506
   -.0076483
   -.0055263
   -.0039726
   -.0023487
    .0003348
    .0029124
    .0043063
    .0055025
    .0068280
    .0086784
    .0106224
    .0131949
    .0152833
    .0167442
    .0183569
    .0200635
    .0228193
    .0229681
    .0209942
    .0207291
    .0192032
    .0180550
    .0178303
    .0225748
    .0305426
    .0275853
    .0276774
    .0314228
    .0200443
    .0159638
    .0176704
    .0141279
    .0095228
    .0048055
    .0003951
   -.0034932
   -.0071597
   -.0112070
   -.0155217
   -.0201871
   -.0248105
   -.0285645
   -.0321387
   -.0344862
   -.0347909
   -.0367193
   -.0367991
   -.0376929
   -.0393330
   -.0385431
   -.0384864
   -.0379643
   -.0360790
   -.0355865
   -.0350098
   -.0340484
   -.0338408
   -.0338058
   -.0338148
   -.0336746
   -.0338004
   -.0338387
   -.0334681
   -.0325251
   -.0306697
   -.0294976
   -.0284257
   -.0268349
   -.0260053
   -.0240773
   -.0214023
   -.0194909
   -.0173349
   -.0157696
   -.0151589
   -.0135054
   -.0122231
   -.0125278
   -.0129598
   -.0127527
   -.0136612
   -.0136056
   -.0122738
   -.0115183
   -.0110818
   -.0109279
   -.0109909
   -.0112144
   -.0119378
   -.0127768
   -.0134489
   -.0125046
   -.0106172
   -.0095038
   -.0053011
   -.0047501
   -.0067447
   -.0068868
   -.0125258
   -.0153067
   -.0177976
   -.0220979
   -.0241073
   -.0282604
   -.0317643
   -.0359223
   -.0412688
   -.0451285
   -.0508583
   -.0537819
   -.0545614
   -.0561008
   -.0534245
   -.0529916
   -.0526591
   -.0510628
   -.0512726
   -.0496666
   -.0479888
   -.0460174
   -.0433019
   -.0406520
   -.0378968
   -.0353787
   -.0329921
   -.0308438
   -.0289530
   -.0271449
   -.0253798
   -.0226089
   -.0189796
   -.0156025
   -.0094631
   -.0065095
   -.0055436
   -.0037417
   -.0063747
   -.0064686
   -.0063937
   -.0076817
   -.0072879
   -.0076347
   -.0087825
   -.0111376
   -.0143259
   -.0178253
   -.0235912
   -.0270148
   -.0299460
   -.0316039
   -.0292922
   -.0304780
   -.0297017
   -.0285750
   -.0299500
   -.0269104
   -.0223659
   -.0201385
   -.0157530
   -.0108118
   -.0081720
   -.0075657
   -.0052523
   -.0030010
   -.0037788
   -.0016785
    .0016827
    .0033589
    .0077782
    .0108343
    .0134359
    .0149271
    .0148212
    .0147992
    .0120074
    .0103919
    .0085812
    .0069734
    .0067523
    .0041992
    .0024952
   -.0004019
   -.0047508
   -.0077275
   -.0117093
   -.0151184
   -.0179889
   -.0203717
   -.0216472
   -.0224992
   -.0220343
   -.0211887
   -.0191957
   -.0172039
   -.0151763
   -.0130683
   -.0119133
   -.0088064
   -.0061956
   -.0027505
    .0024282
    .0057054
    .0096480
    .0120391
    .0126211
    .0154550
    .0164012
    .0184405
    .0238013
    .0240344
    .0234793
    .0235523
    .0190526
    .0183056
    .0181907
    .0169788
    .0189441
    .0198778
    .0214872
    .0228045
    .0233526
    .0241604
    .0244640
    .0245203
    .0243028
    .0239103
    .0234914
    .0226142
    .0214407
    .0198794
    .0180681
    .0167343
    .0161424
    .0159641
    .0161312
    .0168975
    .0186886
    .0206096
    .0222387
    .0235490
    .0249660
    .0265478
    .0276067
    .0281898
    .0286237
    .0284867
    .0277510
    .0271102
    .0264840
    .0258482
    .0251729
    .0245434
    .0244831
    .0249676
    .0254980
    .0252852
    .0258216
    .0253884
    .0236499
    .0230822
    .0215614
    .0200741
    .0192891
    .0179832
    .0167099
    .0155537
    .0143490
    .0132712
    .0122474
    .0112983
    .0104045
    .0095742
    .0088027
    .0080650
    .0073786
    .0067603
    .0062553
    .0058562
    .0055949
    .0055017
    .0056132
    .0060726
    .0069384
    .0081955
    .0095960
    .0108549
    .0122917
    .0131171
    .0134123
    .0137953
    .0136380
    .0134226
    .0132866
    .0133337
    .0133481
    .0133909
    .0138011
    .0140168
    .0139586
    .0134800
    .0125070
    .0109957
    .0092835
    .0073052
    .0047607
    .0031352
    .0017984
    .0011202
    .0019332
    .0017676
    .0027740
    .0032263
    .0030456
    .0032044
    .0028202
    .0022443
    .0015347
    .0006564
   -.0001420
   -.0010545
   -.0019483
   -.0028440
   -.0037061
   -.0044999
   -.0052666
   -.0059968
   -.0066169
   -.0066047
   -.0060185
   -.0056754
   -.0039356
   -.0039253
   -.0054558
   -.0051671
   -.0072365
   -.0071650
   -.0051984
   -.0051188
   -.0026691
   -.0019363
   -.0021228
   -.0027650
   -.0058269
   -.0084586
   -.0126468
   -.0164045
   -.0200363
   -.0234575
   -.0251155
   -.0286496
   -.0310390
   -.0339364
   -.0376482
   -.0393965
   -.0414244
   -.0427857
   -.0431222
   -.0427763
   -.0418887
   -.0405461
   -.0380232
   -.0356212
   -.0337489
   -.0309922
   -.0288501
   -.0259235
   -.0220093
   -.0192708
   -.0164709
   -.0136801
   -.0115502
   -.0090508
   -.0060084
   -.0039906
   -.0017474
   -.0002834
    .0000294
    .0016398
    .0031931
    .0033197
    .0044240
    .0050928
    .0056165
    .0069670
    .0091317
    .0112473
    .0139005
    .0157148
    .0163984
    .0173767
    .0184060
    .0191955
    .0197213
    .0199903
    .0200636
    .0200050
    .0198730
    .0195477
    .0189694
    .0179885
    .0166990
    .0153561
    .0140274
    .0130522
    .0120737
    .0116131
    .0117763
    .0115695
    .0120380
    .0122724
    .0122546
    .0129221
    .0132345
    .0137466
    .0146792
    .0152728
    .0156488
    .0158453
    .0157017
    .0154506
    .0148195
    .0140971
    .0132455
    .0123603
    .0115600
    .0110604
    .0106595
    .0104338
    .0103711
    .0099447
    .0098126
    .0097026
    .0096079
    .0096166
    .0097242
    .0099253
    .0101766
    .0104217
    .0107284
    .0110571
    .0114039
    .0115324
    .0112564
    .0103356
    .0090032
    .0088413
    .0081635
    .0085801
    .0103632
    .0105552
    .0113053
    .0131615
    .0138898
    .0153252
    .0178917
    .0193124
    .0205534
    .0219691
    .0230159
    .0239138
    .0246686
    .0253309
    .0259594
    .0264017
    .0267649
    .0268985
    .0269172
    .0267267
    .0265047
    .0266000
    .0267230
    .0271073
    .0281513
    .0286317
    .0295924
    .0302304
    .0305571
    .0310642
    .0313209
    .0314677
    .0315330
    .0315989
    .0316616
    .0316479
    .0316451
    .0315678
    .0314818
    .0313515
    .0312085
    .0310466
    .0308728
    .0306929
    .0305033
    .0303068
    .0301090
    .0299048
    .0297069
    .0294913
    .0292791
    .0290313
    .0287388
    .0283920
    .0280206
    .0276099
    .0271845
    .0267332
    .0262921
    .0258671
    .0254810
    .0251403
    .0248180
    .0245553
    .0242229
    .0238017
    .0236164
    .0236821
    .0238881
    .0240136
    .0239499
    .0237283
    .0232189
    .0226382
    .0217843
    .0209287
    .0199441
    .0190948
    .0184048
    .0181109
    .0183468
    .0181641
    .0183142
    .0181011
    .0173601
    .0166248
    .0156086
    .0142883
    .0125948
    .0108479
    .0089503
    .0075856
    .0068504
    .0072775
    .0090883
    .0101200
    .0122550
    .0139523
    .0150345
    .0166944
    .0179471
    .0191964
    .0204754
    .0219513
    .0236496
    .0253212
    .0269488
    .0283972
    .0297081
    .0308191
    .0317131
    .0323326
    .0327282
    .0328657
    .0328084
    .0323968
    .0316407
    .0302237
    .0287442
    .0279859
    .0264667
    .0255315
    .0262487
    .0256026
    .0256817
    .0253516
    .0238751
    .0233117
    .0226948
    .0218127
    .0208881
    .0198097
    .0187415
    .0176237
    .0165750
    .0156144
    .0148609
    .0142733
    .0137831
    .0136298
    .0138535
    .0145554
    .0157386
    .0168031
    .0173609
    .0171867
    .0170446
    .0171476
    .0154335
    .0151381
    .0160678
    .0153216
    .0165901
    .0152133
    .0118966
    .0115330
    .0096454
    .0079581
    .0083051
    .0064764
    .0045821
    .0034524
    .0020878
    .0009175
   -.0004237
   -.0015142
   -.0018654
   -.0030648
   -.0051997
   -.0059159
   -.0076536
   -.0087037
   -.0078682
   -.0089352
   -.0104064
   -.0096269
   -.0094222
   -.0084276
   -.0053576
   -.0038815
   -.0030249
   -.0009213
    .0011508
    .0031262
    .0052146
    .0075408
    .0101117
    .0125291
    .0145990
    .0165372
    .0181458
    .0201916
    .0222572
    .0243148
    .0267556
    .0286641
    .0300381
    .0306022
    .0308027
    .0307399
    .0304023
    .0297392
    .0288887
    .0282551
    .0276977
    .0272350
    .0267865
    .0263945
    .0260637
    .0257710
    .0255596
    .0253335
    .0251659
    .0248403
    .0245529
    .0238854
    .0227233
    .0210292
    .0192523
    .0184816
    .0179586
    .0180730
    .0197041
    .0204468
    .0224295
    .0239568
    .0249270
    .0263407
    .0273168
    .0281140
    .0287856
    .0292598
    .0298619
    .0302979
    .0307830
    .0312300
    .0316869
    .0321175
    .0325568
    .0329663
    .0333770
    .0337773
    .0342025
    .0345736
    .0349304
    .0352286
    .0355052
    .0357090
    .0358695
    .0359707
    .0360229
    .0360110
    .0359405
    .0357478
    .0354674
    .0350944
    .0346034
    .0336527
    .0323023
    .0308597
    .0292499
    .0282344
    .0273175
    .0270851
    .0278646
    .0278371
    .0274926
    .0275350
    .0271711
    .0268899
    .0266246
    .0263558
    .0264609
    .0269313
    .0275178
    .0286040
    .0301126
    .0312972
    .0316365
    .0307930
    .0295328
    .0283123
    .0269758
    .0254714
    .0239405
    .0226921
    .0219355
    .0211547
    .0202817
    .0192652
    .0180932
    .0169346
    .0157144
    .0145707
    .0133021
    .0111647
    .0088463
    .0072640
    .0063159
    .0054977
    .0052242
    .0050063
    .0053614
    .0054565
    .0048319
    .0053797
    .0059796
    .0065590
    .0073366
    .0083241
    .0097409
    .0102672
    .0100897
    .0101069
    .0096163
    .0090641
    .0084914
    .0083632
    .0084038
    .0085322
    .0087719
    .0090552
    .0093221
    .0096333
    .0100027
    .0103745
    .0108051
    .0112378
    .0117313
    .0122322
    .0127823
    .0133336
    .0139198
    .0145139
    .0151564
    .0158002
    .0164803
    .0171777
    .0179043
    .0186519
    .0194357
    .0202365
    .0211066
    .0220994
    .0230539
    .0237332
    .0246090
    .0251087
    .0254623
    .0249320
    .0244231
    .0238480
    .0228626
    .0215364
    .0210986
    .0218125
    .0238248
    .0266774
    .0297190
    .0317145
    .0319262
    .0298558
    .0258601
    .0195026
    .0119361
    .0033443
    .0022014
    .0080243
    .0047879
    .0005194
    .0150655
    .0198327
    .0203436
    .0267138
    .0332560
    .0407316
    .0470454
    .0509175
    .0532664
    .0573697
    .0581604
    .0589962
    .0614952
    .0605268
    .0583632
    .0563565
    .0524356
    .0487665
    .0451985
    .0411802
    .0376088
    .0342171
    .0310438
    .0282237
    .0256691
    .0233582
    .0212863
    .0194234
    .0178421
    .0165367
    .0155889
    .0149115
    .0143486
    .0141324
    .0141220
    .0143775
    .0148947
    .0155644
    .0164006
    .0175945
    .0188003
    .0200113
    .0214704
    .0225027
    .0232927
    .0236802
    .0233874
    .0235772
    .0231206
    .0227269
    .0225867
    .0221870
    .0217982
    .0213916
    .0209085
    .0203190
    .0194735
    .0184075
    .0170819
    .0162214
    .0151603
    .0146754
    .0147665
    .0143412
    .0144186
    .0142834
    .0139193
    .0138494
    .0135588
    .0132753
    .0129850
    .0127247
    .0125277
    .0123236
    .0121487
    .0117841
    .0113748
    .0108405
    .0102173
    .0096838
    .0091260
    .0086484
    .0082379
    .0078918
    .0072497
    .0062343
    .0051749
    .0037028
    .0022933
    .0009475
    .0000136
   -.0005956
   -.0012298
   -.0013789
   -.0017082
   -.0023766
   -.0026633
   -.0030341
   -.0029092
   -.0040615
   -.0064625
   -.0081523
   -.0097953
   -.0114348
   -.0129317
   -.0140434
   -.0145266
   -.0150376
   -.0156636
   -.0163292
   -.0170710
   -.0176169
   -.0180613
   -.0183456
   -.0184271
   -.0184174
   -.0181019
   -.0178000
   -.0173006
   -.0168802
   -.0164396
   -.0160933
   -.0159034
   -.0156441
   -.0155404
   -.0154287
   -.0152774
   -.0153470
   -.0155817
   -.0158299
   -.0161770
   -.0160961
   -.0157117
   -.0150347
   -.0140069
   -.0129972
   -.0117648
   -.0106810
   -.0096936
   -.0086935
   -.0079185
   -.0070643
   -.0062361
   -.0054961
   -.0046701
   -.0039184
   -.0031464
   -.0024218
   -.0016677
   -.0009605
   -.0002413
    .0004293
    .0011220
    .0017831
    .0023838
    .0028156
    .0032200
    .0035346
    .0037090
    .0037032
    .0033744
    .0021985
   -.0001100
   -.0033762
   -.0068200
   -.0085636
   -.0090839
   -.0104187
   -.0087809
   -.0107479
   -.0147391
   -.0167629
   -.0234553
   -.0266380
   -.0290736
   -.0319852
   -.0322452
   -.0319015
   -.0312886
   -.0302074
   -.0291723
   -.0278959
   -.0266617
   -.0253736
   -.0241662
   -.0230597
   -.0221207
   -.0214318
   -.0210862
   -.0211083
   -.0212985
   -.0217562
   -.0209080
   -.0187557
   -.0193276
   -.0200090
   -.0167017
   -.0162480
   -.0173270
   -.0173239
   -.0172948
   -.0171695
   -.0167174
   -.0162585
   -.0155909
   -.0147219
   -.0136222
   -.0123411
   -.0108161
   -.0090797
   -.0073636
   -.0059249
   -.0046620
   -.0036438
   -.0024201
   -.0010411
    .0001679
    .0016992
    .0030119
    .0042714
    .0044466
    .0035533
    .0029337
    .0015840
    .0013547
    .0003838
   -.0035006
   -.0055496
   -.0072107
   -.0093013
   -.0102506
   -.0109926
   -.0116608
   -.0121968
   -.0128156
   -.0132721
   -.0137402
   -.0141597
   -.0145553
   -.0149328
   -.0152892
   -.0156371
   -.0159757
   -.0163205
   -.0166612
   -.0170188
   -.0173842
   -.0177635
   -.0181324
   -.0185007
   -.0188371
   -.0191689
   -.0194264
   -.0196736
   -.0198332
   -.0198716
   -.0198921
   -.0198827
   -.0199564
   -.0199702
   -.0199328
   -.0198818
   -.0196720
   -.0194246
   -.0190541
   -.0185708
   -.0179557
   -.0173012
   -.0165256
   -.0157931
   -.0152211
   -.0147534
   -.0144525
   -.0141256
   -.0137720
   -.0134746
   -.0131324
   -.0128324
   -.0125056
   -.0122025
   -.0118784
   -.0115688
   -.0112434
   -.0109248
   -.0105980
   -.0102706
   -.0099409
   -.0096015
   -.0092628
   -.0089083
   -.0085626
   -.0081933
   -.0078148
   -.0073993
   -.0068835
   -.0062726
   -.0056269
   -.0047979
   -.0039074
   -.0028967
   -.0016949
   -.0003978
    .0010037
    .0024488
    .0039882
    .0055821
    .0072236
    .0088696
    .0105498
    .0122216
    .0139822
    .0157238
    .0173415
    .0188636
    .0201756
    .0212338
    .0220109
    .0224456
    .0225803
    .0223363
    .0218574
    .0210503
    .0201830
    .0189637
    .0174047
    .0158912
    .0145817
    .0134644
    .0127620
    .0122781
    .0123249
    .0125890
    .0132993
    .0142454
    .0155347
    .0169204
    .0184544
    .0199342
    .0213274
    .0223881
    .0231763
    .0243671
    .0251444
    .0260915
    .0274476
    .0281442
    .0290990
    .0295665
    .0296939
    .0295552
    .0288610
    .0279047
    .0266326
    .0250284
    .0231991
    .0215963
    .0204959
    .0187660
    .0181965
    .0168887
    .0157731
    .0142050
    .0121260
    .0104880
    .0088625
    .0072089
    .0056764
    .0044036
    .0035780
    .0028229
    .0021548
    .0014222
    .0009109
    .0006303
    .0006621
    .0010921
    .0019243
    .0027229
    .0037333
    .0046866
    .0059073
    .0072758
    .0087382
    .0106304
    .0125673
    .0142976
    .0157355
    .0165175
    .0170617
    .0170460
    .0168644
    .0164499
    .0178325
    .0202121
    .0200599
    .0198165
    .0230387
    .0238656
    .0231808
    .0234418
    .0238427
    .0239252
    .0241413
    .0241203
    .0241679
    .0241647
    .0242962
    .0244207
    .0246745
    .0249223
    .0252908
    .0256278
    .0260488
    .0263625
    .0267288
    .0269293
    .0270314
    .0269925
    .0267351
    .0265110
    .0263187
    .0260743
    .0260156
    .0259142
    .0261542
    .0262167
    .0264207
    .0264431
    .0263586
    .0260259
    .0254747
    .0250334
    .0246370
    .0242763
    .0240667
    .0236833
    .0238927
    .0239930
    .0242294
    .0243954
    .0245459
    .0245628
    .0244594
    .0242896
    .0240436
    .0237389
    .0234527
    .0230479
    .0227220
    .0222528
    .0217844
    .0213096
    .0209965
    .0207154
    .0207874
    .0214643
    .0224642
    .0229686
    .0231187
    .0230655
    .0236586
    .0239303
    .0239453
    .0236685
    .0230308
    .0223067
    .0210494
    .0195885
    .0180755
    .0166740
    .0150431
    .0131976
    .0112695
    .0091577
    .0066686
    .0039152
    .0008883
   -.0017313
   -.0040829
   -.0060112
   -.0072472
   -.0080102
   -.0078213
   -.0072491
   -.0059770
   -.0044130
   -.0024104
   -.0003998
    .0015950
    .0033546
    .0046703
    .0058806
    .0067789
    .0074448
    .0080358
    .0084254
    .0088346
    .0090997
    .0093457
    .0094868
    .0096254
    .0096920
    .0097590
    .0097403
    .0097187
    .0096101
    .0095034
    .0093154
    .0091290
    .0088699
    .0086233
    .0083143
    .0080234
    .0076835
    .0073689
    .0070226
    .0067108
    .0063786
    .0060871
    .0057948
    .0055438
    .0053080
    .0051287
    .0049689
    .0048633
    .0047977
    .0047883
    .0048111
    .0048754
    .0049535
    .0050888
    .0052419
    .0054439
    .0056365
    .0058805
    .0061122
    .0063937
    .0066467
    .0069551
    .0072364
    .0075748
    .0078740
    .0082341
    .0085576
    .0089356
    .0092694
    .0096588
    .0099980
    .0103918
    .0107343
    .0111300
    .0114720
    .0118632
    .0122020
    .0125776
    .0129033
    .0132584
    .0135631
    .0138990
    .0141767
    .0144797
    .0147281
    .0149916
    .0152053
    .0154233
    .0155965
    .0157593
    .0158919
    .0160011
    .0160696
    .0161213
    .0161155
    .0160883
    .0160100
    .0158925
    .0157270
    .0155074
    .0152221
    .0148688
    .0144173
    .0138875
    .0131854
    .0124298
    .0116042
    .0108641
    .0100782
    .0094319
    .0088578
    .0083776
    .0080277
    .0077642
    .0076145
    .0075423
    .0075165
    .0075250
    .0074815
    .0073764
    .0070976
    .0066158
    .0059909
    .0051174
    .0041326
    .0031122
    .0018574
    .0006934
   -.0005500
   -.0018421
   -.0030351
   -.0041450
   -.0052085
   -.0062108
   -.0072137
   -.0080993
   -.0089200
   -.0095795
   -.0103077
   -.0109896
   -.0115752
   -.0123445
   -.0131844
   -.0140684
   -.0149283
   -.0155738
   -.0163003
   -.0167627
   -.0171291
   -.0173767
   -.0176231
   -.0176816
   -.0179013
   -.0182032
   -.0186645
   -.0193290
   -.0199551
   -.0208333
   -.0216611
   -.0224957
   -.0232271
   -.0237918
   -.0244565
   -.0248927
   -.0253410
   -.0257233
   -.0260700
   -.0263864
   -.0266659
   -.0269079
   -.0271380
   -.0273333
   -.0275191
   -.0276607
   -.0277914
   -.0278810
   -.0279498
   -.0279732
   -.0279801
   -.0279669
   -.0278310
   -.0275378
   -.0274251
   -.0270058
   -.0270410
   -.0274124
   -.0277078
   -.0284816
   -.0289316
   -.0292355
   -.0296492
   -.0296130
   -.0297558
   -.0297823
   -.0297284
   -.0297130
   -.0296663
   -.0296083
   -.0295408
   -.0294359
   -.0293208
   -.0291622
   -.0289968
   -.0287838
   -.0285498
   -.0282786
   -.0279891
   -.0276586
   -.0273087
   -.0269147
   -.0265031
   -.0260680
   -.0256390
   -.0252214
   -.0248216
   -.0244590
   -.0242190
   -.0238886
   -.0235966
   -.0234303
   -.0230821
   -.0228657
   -.0226028
   -.0225685
   -.0224086
   -.0220530
   -.0219595
   -.0216619
   -.0215431
   -.0216281
   -.0214745
   -.0214802
   -.0213660
   -.0211487
   -.0209822
   -.0206166
   -.0202885
   -.0199461
   -.0195853
   -.0192209
   -.0188365
   -.0183792
   -.0179209
   -.0173987
   -.0168569
   -.0162576
   -.0156063
   -.0149720
   -.0143084
   -.0136166
   -.0129794
   -.0122704
   -.0116451
   -.0109853
   -.0103794
   -.0097166
   -.0090696
   -.0084268
   -.0077948
   -.0071317
   -.0064891
   -.0058123
   -.0051727
   -.0044980
   -.0038676
   -.0031989
   -.0025837
   -.0019240
   -.0013252
   -.0006790
   -.0000998
    .0005315
    .0010905
    .0017033
    .0022359
    .0028315
    .0033459
    .0039343
    .0044429
    .0050263
    .0055214
    .0060940
    .0065728
    .0071332
    .0075948
    .0081429
    .0085885
    .0091226
    .0095507
    .0100713
    .0104821
    .0109894
    .0113831
    .0118775
    .0122547
    .0127366
    .0130977
    .0135687
    .0139154
    .0143771
    .0147150
    .0151652
    .0154907
    .0159264
    .0162279
    .0166466
    .0169247
    .0173237
    .0175813
    .0179628
    .0182006
    .0185662
    .0187889
    .0191434
    .0193523
    .0196965
    .0198930
    .0202290
    .0204157
    .0207450
    .0209235
    .0212488
    .0214203
    .0217429
    .0219099
    .0222292
    .0223892
    .0227025
    .0228490
    .0231519
    .0232832
    .0235726
    .0236873
    .0239621
    .0240585
    .0243178
    .0243952
    .0246382
    .0246963
    .0249232
    .0249623
    .0251727
    .0251907
    .0253847
    .0253840
    .0255632
    .0255472
    .0257125
    .0256794
    .0258299
    .0257776
    .0259111
    .0258373
    .0259519
    .0258545
    .0259490
    .0258285
    .0259032
    .0257609
    .0258165
    .0256518
    .0256876
    .0254996
    .0255148
    .0253024
    .0252966
    .0250590
    .0250312
    .0247676
    .0247171
    .0244261
    .0243521
    .0237128
    .0239338
    .0235835
    .0234598
    .0230774
    .0229273
    .0225100
    .0223318
    .0218761
    .0216681
    .0211703
    .0209310
    .0203865
    .0201142
    .0195169
    .0192081
    .0185476
    .0181962
    .0174583
    .0170572
    .0162233
    .0157634
    .0148055
    .0142742
    .0131489
    .0125267
    .0111608
    .0104137
    .0086667
    .0077244
    .0052578
    .0038069
   -.0006862
   -.0035989
   -.0153181