    .394326E-04
    .132031E-02
    .259635E-02
    .312006E-04
   -.137738E-02
    .916254E-05
   -.434000E-02
   -.683115E-02
    .227459E-02
    .567093E-02
    .593948E-03
   -.442847E-03
   -.146459E-02
   -.527762E-02
   -.518117E-02
    .251730E-02
    .351412E-02
   -.326314E-02
   -.282088E-02
   -.154459E-02
    .186472E-02
    .244759E-02
   -.317897E-02
   -.176787E-02
   -.107824E-02
   -.585011E-02
   -.812256E-02
   -.582880E-02
    .835344E-03
    .484621E-02
    .150843E-02
   -.256995E-03
    .174819E-02
    .398189E-02
   -.105001E-02
   -.124689E-01
   -.123934E-01
    .575293E-03
    .586439E-02
   -.371160E-02
   -.893306E-02
   -.639549E-02
   -.343985E-02
   -.134723E-02
   -.413139E-02
   -.494386E-02
   -.882486E-02
   -.180255E-01
   -.125019E-01
    .103914E-01
    .201674E-01
    .194622E-02
   -.868792E-02
    .300329E-02
    .888291E-02
   -.183941E-02
   -.802184E-02
   -.612078E-02
   -.735380E-02
   -.401802E-02
    .518924E-03
    .223302E-02
    .630543E-02
    .342594E-02
   -.596582E-02
   -.630668E-02
   -.320817E-03
    .490715E-03
   -.472445E-02
   -.810288E-02
   -.722406E-02
   -.797930E-02
   -.932064E-02
   -.245402E-02
    .315359E-02
   -.815952E-02
   -.165364E-01
   -.777588E-02
    .900392E-03
    .283496E-03
   -.468621E-02
   -.369957E-02
   -.529134E-02
   -.137548E-01
   -.695567E-02
    .100144E-01
    .100851E-01
   -.832683E-02
   -.166654E-01
   -.287013E-03
    .742291E-02
   -.520475E-04
    .704703E-02
    .144322E-01
    .823306E-02
   -.224764E-02
   -.297887E-02
    .306244E-02
   -.470426E-02
   -.178143E-01
   -.125674E-01
    .143312E-02
   -.350371E-02
   -.325319E-02
    .102333E-01
   -.431754E-03
   -.138154E-01
   -.804368E-03
    .860835E-02
    .207629E-02
   -.771214E-02
   -.615349E-02
    .538997E-02
   -.749171E-02
   -.216616E-01
    .249075E-02
    .214184E-01
    .252233E-02
   -.127566E-01
   -.220633E-01
   -.190394E-01
   -.957233E-02
   -.257146E-01
   -.164548E-01
   -.902111E-02
   -.216421E-01
   -.127572E-01
    .158073E-02
    .202350E-01
    .301426E-01
    .120239E-01
   -.168499E-01
   -.389343E-01
   -.257998E-01
    .260766E-01
    .625005E-01
    .580976E-01
    .232246E-01
   -.289855E-01
   -.609452E-01
   -.295094E-01
    .230898E-01
    .287378E-01
    .542720E-02
   -.130021E-01
   -.927038E-02
    .286281E-01
    .570040E-01
    .438054E-01
    .136353E-01
   -.156767E-01
   -.238384E-01
   -.431223E-02
    .227802E-01
    .271199E-01
   -.217419E-02
   -.347056E-01
   -.442364E-01
   -.281714E-01
    .149490E-02
    .266983E-01
    .270720E-01
   -.116667E-01
   -.438202E-01
   -.281852E-01
    .146218E-02
    .179803E-01
    .703973E-02
   -.920306E-02
   -.224369E-02
   -.902851E-03
   -.162047E-01
   -.190832E-01
    .841349E-03
    .145453E-01
    .946054E-02
    .992132E-02
    .144436E-01
   -.954954E-02
   -.254712E-01
    .102735E-01
    .387580E-01
    .293413E-01
    .956912E-02
   -.115111E-01
   -.330459E-01
   -.347069E-01
   -.526665E-02
    .926921E-02
    .968320E-03
   -.120647E-01
   -.285055E-01
   -.285577E-01
   -.241926E-01
   -.304414E-01
   -.270256E-01
   -.710282E-03
   -.950316E-03
   -.401917E-01
   -.564498E-01
   -.579647E-01
   -.570056E-01
   -.274808E-01
   -.144931E-02
   -.413665E-02
   -.161377E-01
   -.249789E-01
   -.163533E-01
   -.582224E-02
   -.174756E-01
   -.346732E-01
   -.472282E-01
   -.698171E-01
   -.845378E-01
   -.641253E-01
   -.164507E-01
    .331895E-01
    .478637E-01
    .487545E-01
    .828125E-01
    .133920E+00
    .169858E+00
    .184200E+00
    .184915E+00
    .175327E+00
    .136178E+00
    .945728E-01
    .117165E+00
    .187343E+00
    .228980E+00
    .216125E+00
    .185341E+00
    .155550E+00
    .137752E+00
    .141972E+00
    .154035E+00
    .139025E+00
    .807635E-01
   -.584286E-02
   -.853215E-01
   -.109930E+00
   -.126044E+00
   -.169178E+00
   -.176240E+00
   -.154763E+00
   -.179313E+00
   -.235589E+00
   -.236057E+00
   -.168913E+00
   -.115219E+00
   -.113441E+00
   -.141171E+00
   -.151250E+00
   -.129496E+00
   -.761729E-01
    .342845E-02
    .437418E-01
    .446758E-01
    .849937E-01
    .179538E+00
    .249621E+00
    .271357E+00
    .263537E+00
    .206617E+00
    .112112E+00
    .180200E-01
   -.284217E-01
   -.226763E-01
   -.121851E-01
   -.174227E-01
   -.488939E-01
   -.712529E-01
   -.682662E-01
   -.999181E-01
   -.176246E+00
   -.246602E+00
   -.258436E+00
   -.203005E+00
   -.137340E+00
   -.112894E+00
   -.949541E-01
   -.854598E-01
   -.110723E+00
   -.148255E+00
   -.174967E+00
   -.114844E+00
   -.548428E-02
    .217429E-01
    .484981E-01
    .125771E+00
    .137777E+00
    .102100E+00
    .783939E-01
    .106509E+00
    .194198E+00
    .213129E+00
    .171148E+00
    .145447E+00
    .927062E-01
    .268977E-01
   -.186728E-01
   -.179423E-02
    .441614E-01
    .863983E-02
   -.695444E-01
   -.123197E+00
   -.122363E+00
   -.662323E-01
   -.239304E-01
   -.631727E-02
    .318612E-01
    .349766E-01
   -.275140E-01
   -.442696E-01
   -.586884E-02
    .767644E-02
   -.124395E-01
   -.443906E-01
   -.537758E-01
   -.683573E-01
   -.938871E-01
   -.508589E-01
    .303618E-01
    .741172E-01
    .842825E-01
    .779325E-01
    .377865E-01
   -.180337E-01
   -.325654E-01
   -.970872E-02
    .738300E-02
    .321491E-01
    .621813E-01
    .455038E-01
    .272802E-01
    .358269E-01
    .415290E-01
    .266796E-01
   -.498934E-01
   -.130729E+00
   -.160771E+00
   -.157595E+00
   -.109101E+00
   -.462517E-01
    .494568E-03
    .389505E-01
    .366254E-01
   -.158107E-01
   -.683864E-01
   -.110058E+00
   -.117285E+00
   -.573156E-01
    .344534E-01
    .875626E-01
    .968862E-01
    .807882E-01
    .254277E-02
   -.978535E-01
   -.131567E+00
   -.756728E-01
   -.253117E-01
   -.577721E-01
   -.103923E+00
   -.110751E+00
   -.100009E+00
   -.598485E-01
   -.278435E-01
   -.101652E-01
    .244971E-01
   -.292690E-01
   -.103831E+00
   -.680567E-01
   -.326058E-01
   -.810838E-02
    .588910E-01
    .912113E-01
    .101185E+00
    .778960E-01
    .201665E-01
    .277554E-01
    .228997E-01
   -.512547E-02
    .567572E-01
    .155526E+00
    .215238E+00
    .235945E+00
    .203694E+00
    .161458E+00
    .200492E+00
    .202579E+00
    .113217E+00
    .977717E-01
    .132136E+00
    .901543E-01
    .757721E-01
    .187054E+00
    .263701E+00
    .194831E+00
    .440894E-01
   -.324792E-01
    .303664E-01
    .569413E-01
    .698260E-01
    .779203E-01
   -.874540E-01
   -.266731E+00
   -.365564E+00
   -.327703E+00
   -.761246E-01
    .618579E-01
   -.248122E-01
   -.591646E-01
   -.612264E-01
   -.837312E-01
    .674140E-02
    .130229E+00
    .224343E+00
    .266779E+00
    .948369E-01
   -.885355E-01
    .515263E-02
    .132665E+00
    .704385E-01
   -.239394E-01
   -.592050E-01
   -.547376E-01
   -.130308E-01
    .227800E-02
    .673322E-01
    .110698E+00
    .661153E-01
    .590756E-01
    .786335E-01
    .847561E-01
    .113304E+00
    .172155E+00
    .390288E-01
   -.148987E+00
   -.119341E+00
   -.968675E-01
   -.984605E-01
    .786946E-01
    .200825E+00
    .264055E-01
   -.113169E+00
   -.785624E-01
   -.927487E-02
    .773468E-01
    .561787E-01
    .516370E-01
    .227842E-01
   -.213433E+00
   -.323499E+00
   -.310192E+00
   -.258685E+00
    .312552E-01
    .217164E+00
    .174090E+00
    .149339E+00
    .123298E+00
    .116297E+00
    .157696E+00
    .174979E+00
    .186386E+00
    .198568E+00
    .875057E-01
   -.356989E-01
   -.582681E-01
   -.421351E-01
    .443088E-01
    .172293E+00
    .236153E+00
    .181177E+00
    .131783E+00
    .865143E-01
   -.237987E-01
    .417387E-01
    .217431E+00
    .217054E+00
    .195354E+00
    .234521E+00
    .117201E+00
   -.694570E-01
   -.116228E+00
   -.897270E-01
   -.116892E+00
   -.145212E+00
   -.135766E+00
   -.172262E+00
   -.282341E+00
   -.381487E+00
   -.300913E+00
   -.148223E+00
   -.907080E-01
    .546347E-01
    .192001E+00
    .734337E-01
   -.208243E+00
   -.380263E+00
   -.109021E+00
    .346507E+00
    .525826E+00
    .580718E+00
    .637987E+00
    .569080E+00
    .835631E-01
   -.399805E+00
   -.828160E-01
    .375984E+00
    .363725E+00
    .183765E+00
    .273152E+00
    .448114E+00
    .438145E-01
   -.355208E+00
   -.415591E+00
   -.537624E+00
   -.588656E+00
   -.561445E+00
   -.590623E+00
   -.618343E+00
   -.516510E+00
   -.386134E+00
   -.284112E+00
   -.595964E-01
    .140753E+00
    .177072E+00
    .309467E+00
    .525950E+00
    .619324E+00
    .757262E+00
    .611599E+00
    .541386E-01
   -.229754E+00
   -.382525E+00
   -.621723E+00
   -.578925E+00
   -.324017E+00
    .156303E+00
    .716585E+00
    .576425E+00
    .540186E-01
   -.249228E+00
   -.588660E+00
   -.760926E+00
   -.670610E+00
   -.520064E+00
   -.435719E+00
   -.437313E+00
   -.326455E+00
    .172650E+00
    .798876E+00
    .851760E+00
    .443107E+00
   -.181675E+00
   -.701448E+00
   -.732083E+00
   -.572736E+00
   -.455953E+00
   -.322994E+00
   -.170062E+00
   -.183659E+00
   -.376051E+00
   -.523231E+00
   -.483835E+00
   -.193414E+00
    .921028E-01
    .145882E+00
    .118263E-02
   -.111029E+00
    .282577E-01
    .141825E+00
    .213955E-01
   -.126577E+00
   -.145702E+00
   -.116711E+00
   -.908918E-01
   -.183088E-01
   -.150353E-01
   -.125183E+00
   -.166677E+00
   -.117321E+00
   -.128003E+00
   -.964984E-01
    .135167E+00
    .244549E+00
    .757556E-01
   -.109669E-01
    .926509E-02
   -.115775E+00
   -.270745E+00
   -.324050E+00
   -.323525E+00
   -.329556E+00
   -.314538E+00
   -.109455E+00
    .139095E+00
    .226594E+00
    .249967E+00
    .134027E+00
   -.138300E+00
   -.273900E+00
   -.259513E+00
   -.266167E+00
   -.207778E+00
   -.966968E-01
   -.218473E-01
    .104784E+00
    .229364E+00
    .320648E+00
    .421063E+00
    .469774E+00
    .445355E+00
    .342558E+00
    .210839E+00
    .977381E-01
   -.285797E-02
    .150267E-01
    .176815E+00
    .252159E+00
    .281963E+00
    .329552E+00
    .212347E+00
    .121113E-01
   -.223212E+00
   -.416315E+00
   -.379061E+00
   -.201288E+00
   -.933907E-01
   -.135931E+00
   -.220451E+00
   -.295737E+00
   -.351255E+00
   -.301364E+00
   -.221327E-02
    .398110E+00
    .441296E+00
    .141402E+00
   -.170287E+00
   -.342519E+00
   -.404308E+00
   -.349849E+00
   -.143758E+00
    .191513E+00
    .424715E+00
    .376673E+00
    .302032E+00
    .246513E+00
    .736526E-01
    .359029E-01
    .247708E+00
    .346000E+00
    .287876E+00
    .233961E+00
    .149686E+00
    .859886E-01
    .818737E-01
    .998539E-01
    .111218E+00
    .559940E-01
    .140316E+00
    .370796E+00
    .313686E+00
    .931339E-01
   -.713324E-01
   -.175974E+00
   -.188247E+00
   -.213684E+00
   -.188523E+00
   -.848445E-01
   -.747717E-01
   -.946287E-01
   -.172129E+00
   -.393415E+00
   -.584162E+00
   -.573612E+00
   -.257552E+00
    .137768E+00
    .360350E+00
    .320734E+00
    .175962E+00
    .153610E+00
    .130893E+00
    .290491E+00
    .627463E+00
    .612738E+00
    .359947E+00
    .272355E+00
    .316406E+00
    .294361E+00
    .166255E+00
    .138297E+00
    .264642E+00
    .391387E+00
    .407763E+00
    .274136E+00
    .115306E+00
    .371112E-01
   -.112642E-01
   -.865123E-01
   -.219025E-01
    .217499E+00
    .336692E+00
    .369908E+00
    .405217E+00
    .267849E+00
    .107134E+00
    .176718E+00
    .265290E+00
    .216257E+00
    .148816E+00
    .926304E-01
    .412097E-01
   -.845829E-01
   -.227902E+00
   -.967458E-01
    .157400E+00
    .229022E+00
    .198283E+00
    .104466E+00
    .470669E-01
    .789906E-01
    .275185E-01
   -.836055E-01
   -.158159E+00
   -.248246E+00
   -.361715E+00
   -.294288E+00
    .318147E-01
    .245604E+00
    .145739E+00
   -.877433E-02
   -.733787E-01
   -.528988E-01
    .568358E-01
    .121474E+00
    .875189E-01
   -.911961E-03
   -.179088E+00
   -.310651E+00
   -.221865E+00
   -.883080E-01
   -.305394E-01
    .684843E-01
    .148544E+00
    .456325E-01
   -.193284E+00
   -.344229E+00
   -.353036E+00
   -.236701E+00
   -.836525E-02
    .205860E+00
    .312396E+00
    .246771E+00
    .887309E-01
   -.724925E-01
   -.193279E+00
   -.145123E+00
    .532430E-02
    .125914E+00
    .151508E+00
    .337530E-01
   -.123347E+00
   -.200307E+00
   -.181051E+00
   -.126606E+00
   -.719555E-01
   -.355379E-01
   -.596067E-01
   -.720371E-01
   -.156215E-01
   -.396283E-02
   -.525421E-01
   -.499846E-01
   -.509088E-01
   -.125374E+00
   -.231172E+00
   -.271964E+00
   -.232242E+00
   -.241232E+00
   -.293601E+00
   -.338892E+00
   -.368741E+00
   -.352105E+00
   -.274801E+00
   -.149892E+00
   -.476431E-01
    .621260E-01
    .163833E+00
    .873082E-01
   -.946611E-01
   -.878409E-01
    .107927E+00
    .188974E+00
    .993365E-01
    .147716E-01
    .322952E-01
    .984534E-01
    .563034E-01
    .158778E-01
    .117495E+00
    .145101E+00
    .791093E-02
   -.134119E+00
   -.132504E+00
   -.103326E-01
    .499855E-01
    .706608E-01
    .101265E+00
    .630907E-01
   -.373909E-01
   -.716121E-01
    .271716E-01
    .889352E-01
    .818095E-01
    .659693E-01
    .141246E-01
    .694035E-02
    .184377E-01
   -.559362E-01
   -.129687E+00
   -.839263E-01
   -.226991E-01
   -.721777E-01
   -.139160E+00
   -.117120E+00
   -.925654E-01
   -.159360E+00
   -.224497E+00
   -.190467E+00
   -.815468E-01
    .159122E-02
    .241824E-01
    .404018E-01
    .726105E-01
    .730477E-01
   -.134238E-01
   -.911584E-01
   -.101117E-01
    .112564E+00
    .153006E+00
    .127785E+00
    .351084E-01
   -.304377E-01
   -.886454E-01
   -.162919E+00
   -.133308E+00
   -.305119E-01
   -.135116E-02
    .154275E-01
    .384230E-01
   -.320270E-01
   -.875168E-01
   -.837955E-01
   -.105701E+00
   -.943457E-01
    .347350E-01
    .149973E+00
    .143152E+00
    .864381E-01
    .194454E-01
   -.784457E-02
    .266063E-01
    .457937E-01
    .740665E-01
    .124724E+00
    .147036E+00
    .167579E+00
    .156748E+00
    .801361E-01
    .843364E-02
   -.396684E-01
   -.713510E-01
   -.619520E-01
   -.418007E-01
   -.833533E-01
   -.125880E+00
   -.808560E-01
    .440364E-02
    .592455E-01
    .337887E-01
   -.370651E-01
   -.960759E-01
   -.147446E+00
   -.221022E+00
   -.231844E+00
   -.953696E-01
    .380428E-01
    .340445E-01
   -.102240E-01
    .142461E-01
    .282278E-01
    .190851E-01
   -.162847E-01
   -.852005E-01
   -.896537E-01
   -.712484E-01
   -.493103E-01
   -.621242E-02
    .294967E-01
    .537337E-01
    .425990E-01
   -.331387E-02
   -.345061E-01
   -.704087E-01
   -.145948E+00
   -.138439E+00
    .107127E-01
    .401243E-01
   -.939283E-01
   -.123920E+00
   -.923608E-01
   -.128133E+00
   -.214784E+00
   -.177008E+00
    .148741E-01
    .105051E+00
    .863837E-01
    .637490E-01
    .631460E-01
    .433553E-01
    .426207E-01
    .138915E+00
    .198299E+00
    .252119E+00
    .296790E+00
    .236011E+00
    .188050E+00
    .168571E+00
    .169517E+00
    .186201E+00
    .192215E+00
    .246689E+00
    .291536E+00
    .219211E+00
    .593948E-01
    .153674E-01
    .113482E+00
    .149794E+00
    .104846E+00
   -.385153E-02
   -.132714E+00
   -.137239E+00
   -.580347E-01
   -.535543E-02
    .643918E-01
    .155026E+00
    .171336E+00
    .102471E+00
    .123773E-01
   -.780813E-01
   -.162622E+00
   -.117428E+00
    .199766E-01
    .197474E-01
   -.233851E-01
    .110505E-01
   -.459616E-01
   -.151695E+00
   -.117758E+00
   -.575143E-01
   -.816087E-01
   -.107975E+00
   -.412374E-01
    .134023E+00
    .249620E+00
    .207972E+00
    .124938E+00
    .156350E+00
    .124386E+00
   -.694144E-01
   -.572625E-01
    .341554E-01
   -.779404E-01
   -.118807E+00
    .404392E-01
    .201678E+00
    .296188E+00
    .260905E+00
    .136358E+00
    .820216E-01
   -.100561E-01
   -.152685E+00
   -.200459E+00
   -.128299E+00
   -.454693E-01
   -.151223E-01
    .274416E-01
    .848991E-01
    .629034E-01
   -.711077E-02
   -.200508E-01
   -.360347E-02
    .159799E-01
   -.455389E-01
   -.142383E+00
   -.131181E+00
   -.116543E+00
   -.135044E+00
   -.118239E+00
   -.116551E+00
   -.800825E-01
    .656782E-01
    .225128E+00
    .282345E+00
    .231787E+00
    .107816E+00
   -.205257E-01
   -.691158E-01
   -.754112E-01
   -.562682E-01
   -.196850E-01
    .149384E-01
    .491296E-01
    .263597E-01
   -.110615E+00
   -.231497E+00
   -.180212E+00
   -.524388E-01
    .933902E-03
   -.495742E-02
    .684834E-01
    .457297E-01
   -.222145E+00
   -.389118E+00
   -.289044E+00
   -.130731E+00
   -.629214E-01
   -.465748E-01
   -.201485E-02
   -.109212E-02
   -.797383E-01
   -.179433E+00
   -.215169E+00
   -.161737E+00
   -.141716E+00
   -.826949E-01
    .189275E-01
    .100089E-01
   -.382164E-01
   -.183662E-01
   -.148168E-02
   -.921835E-01
   -.154473E+00
   -.801196E-01
   -.354375E-01
   -.398762E-01
    .279546E-01
    .126175E+00
    .155197E+00
    .810772E-01
   -.462635E-01
   -.140127E+00
   -.100858E+00
   -.272752E-02
    .258354E-01
    .133693E-01
   -.291604E-01
   -.325110E-01
    .412009E-01
    .973813E-01
    .103071E+00
    .761988E-01
    .423728E-01
    .318066E-01
    .437351E-01
    .461934E-01
    .104293E-01
   -.130021E-01
   -.958331E-02
   -.483712E-02
    .181155E-01
    .593241E-01
    .117637E+00
    .128292E+00
    .873117E-01
    .735814E-01
    .718266E-01
    .416237E-01
   -.533894E-02
   -.754881E-01
   -.148743E+00
   -.148202E+00
   -.104131E+00
   -.339670E-01
    .648169E-01
    .108048E+00
    .124355E+00
    .105301E+00
    .517198E-02
   -.115455E+00
   -.160352E+00
   -.530369E-01
    .397290E-02
   -.610989E-01
   -.538948E-01
   -.248563E-01
   -.568713E-01
   -.764647E-01
   -.305406E-01
    .376992E-01
    .620698E-02
   -.876141E-01
   -.773439E-01
   -.541010E-01
   -.826767E-01
   -.691090E-01
   -.530354E-01
   -.722268E-01
   -.108599E+00
   -.141475E+00
   -.153029E+00
   -.972380E-01
    .555605E-01
    .196296E+00
    .221354E+00
    .147261E+00
    .500913E-01
   -.202678E-01
   -.236443E-01
    .583115E-01
    .145694E+00
    .196946E+00
    .226576E+00
    .214435E+00
    .160869E+00
    .106055E+00
    .534142E-01
   -.601143E-03
   -.437639E-01
   -.168323E-01
    .554547E-01
    .812734E-01
    .118953E+00
    .179663E+00
    .175947E+00
    .109907E+00
    .799456E-01
    .715551E-01
    .564054E-02
   -.942491E-01
   -.137706E+00
   -.850645E-01
   -.540660E-01
   -.829859E-01
   -.814367E-01
   -.724784E-01
   -.124981E+00
   -.188412E+00
   -.206299E+00
   -.167112E+00
   -.730260E-01
    .428824E-01
    .117296E+00
    .705809E-01
    .451988E-02
    .301119E-01
    .850926E-01
    .115049E+00
    .109592E+00
    .807264E-01
    .237175E-01
   -.495796E-01
   -.458784E-01
    .539171E-01
    .144431E+00
    .192340E+00
    .219404E+00
    .205002E+00
    .144375E+00
    .978135E-01
    .104087E+00
    .100797E+00
    .613434E-01
    .262995E-01
   -.115226E-01
   -.723472E-01
   -.926140E-01
   -.645854E-01
   -.936145E-01
   -.720094E-01
    .670237E-01
    .110622E+00
    .226714E-01
   -.463487E-01
   -.586910E-01
   -.667486E-01
   -.518024E-01
    .279587E-01
    .918477E-01
    .505540E-01
   -.289940E-01
   -.470475E-01
   -.139418E-01
    .185386E-01
    .402404E-01
    .697687E-01
    .896508E-01
    .498705E-01
   -.349716E-01
   -.584629E-01
   -.547059E-02
    .330078E-01
    .248111E-01
    .168918E-01
    .470202E-01
    .622079E-01
    .676625E-01
    .115923E+00
    .115603E+00
    .329706E-01
   -.394996E-01
   -.884735E-01
   -.103568E+00
   -.814655E-01
   -.352597E-01
    .412039E-01
    .867307E-01
    .703471E-01
    .354885E-01
    .179073E-01
   -.149095E-02
   -.504652E-01
   -.993426E-01
   -.128873E+00
   -.144089E+00
   -.166154E+00
   -.188822E+00
   -.166247E+00
   -.103415E+00
   -.271731E-01
    .368633E-01
    .525849E-01
    .144804E-01
   -.480434E-01
   -.115995E+00
   -.170548E+00
   -.179919E+00
   -.149148E+00
   -.114688E+00
   -.804760E-01
   -.649390E-01
   -.101730E+00
   -.120583E+00
   -.815584E-01
   -.541129E-01
   -.496504E-01
   -.368671E-01
   -.336436E-01
   -.642656E-01
   -.111125E+00
   -.112135E+00
   -.566284E-01
   -.195604E-01
   -.959708E-02
   -.352830E-02
   -.632400E-02
   -.140255E-01
   -.174704E-01
    .726875E-02
    .531059E-01
    .856549E-01
    .849880E-01
    .453657E-01
    .176793E-02
   -.150137E-01
   -.227445E-01
   -.245542E-01
   -.214469E-01
   -.269071E-01
   -.451961E-01
   -.309393E-01
    .316463E-01
    .569212E-01
    .381474E-01
    .375047E-01
    .484156E-01
    .398920E-01
    .223868E-01
    .743929E-02
   -.773317E-03
   -.100848E-02
   -.492911E-02
    .293661E-02
    .119638E-01
   -.295764E-02
   -.379365E-01
   -.608585E-01
   -.447536E-01
   -.309020E-01
   -.462134E-01
   -.492232E-01
   -.987790E-02
    .580595E-02
   -.360864E-01
   -.636605E-01
   -.666118E-01
   -.654624E-01
   -.501479E-01
   -.580737E-02
    .361708E-01
    .308144E-01
    .115295E-01
    .225117E-03
   -.149368E-01
   -.181760E-01
    .331565E-02
    .268055E-01
    .488569E-01
    .624664E-01
    .624062E-01
    .619528E-01
    .432418E-01
    .650630E-02
   -.345931E-01
   -.216751E-01
    .417452E-01
    .502457E-01
    .477836E-01
    .913627E-01
    .823042E-01
    .119747E-01
    .415172E-03
    .452428E-01
    .670124E-01
    .736725E-01
    .906515E-01
    .834037E-01
    .439401E-01
    .373613E-01
    .519698E-01
    .244158E-01
   -.132318E-01
   -.104382E-01
   -.887416E-02
   -.303164E-02
    .672769E-01
    .104032E+00
    .423514E-01
   -.216227E-01
   -.621427E-01
   -.748192E-01
   -.400284E-01
    .949696E-02
    .674765E-01
    .106481E+00
    .951865E-01
    .574688E-01
    .235005E-01
    .158557E-01
    .265737E-01
    .458293E-01
    .750419E-01
    .763239E-01
    .256038E-01
   -.445657E-01
   -.548602E-01
    .108944E-01
    .561081E-01
    .714392E-01
    .991149E-01
    .117128E+00
    .101881E+00
    .814666E-01
    .896102E-01
    .944469E-01
    .649206E-01
    .159821E-01
   -.121022E-01
    .207326E-02
    .185488E-01
    .211347E-02
   -.153818E-01
    .189221E-03
    .142136E-01
    .587362E-02
    .682195E-02
    .637769E-02
   -.239408E-02
   -.161941E-01
   -.608376E-01
   -.108855E+00
   -.725092E-01
    .261445E-01
    .748603E-01
    .703760E-01
    .517801E-01
    .310159E-01
    .474831E-02
   -.318800E-01
   -.612641E-01
   -.649228E-01
   -.601523E-01
   -.648229E-01
   -.501328E-01
   -.182969E-01
    .128368E-01
    .229941E-01
    .102270E-01
    .251848E-01
    .273698E-01
   -.248217E-01
   -.742748E-01
   -.913360E-01
   -.700819E-01
   -.372125E-01
   -.183573E-01
   -.133072E-02
   -.288421E-01
   -.930480E-01
   -.999962E-01
   -.675220E-01
   -.359276E-01
    .503911E-02
    .427287E-01
    .617877E-01
    .511831E-01
    .192079E-01
   -.158059E-01
   -.274692E-01
   -.103552E-02
    .321075E-01
    .367533E-01
    .436016E-01
    .800280E-01
    .844370E-01
    .144382E-01
   -.550468E-01
   -.617610E-01
   -.562631E-01
   -.803695E-01
   -.825067E-01
   -.442336E-01
   -.293187E-01
   -.315332E-01
   -.111868E-01
    .205264E-01
    .207336E-01
   -.244047E-01
   -.770968E-01
   -.112244E+00
   -.120694E+00
   -.106725E+00
   -.719883E-01
   -.300987E-01
   -.300135E-02
    .880624E-02
    .687871E-02
   -.122082E-01
   -.458906E-01
   -.738037E-01
   -.799107E-01
   -.853481E-01
   -.665527E-01
   -.476029E-02
    .450371E-01
    .503567E-01
    .223330E-01
    .116794E-01
    .189919E-01
    .253348E-01
    .409413E-01
    .427399E-01
    .232957E-01
   -.354869E-02
   -.290611E-01
   -.501780E-01
   -.651349E-01
   -.689843E-01
   -.676609E-01
   -.722488E-01
   -.635070E-01
   -.266573E-01
   -.199008E-01
   -.497083E-01
   -.499931E-01
   -.309987E-01
   -.298395E-01
   -.408575E-01
   -.484128E-01
   -.390197E-01
   -.239157E-01
   -.234547E-01
   -.128250E-01
    .148492E-02
   -.525996E-02
   -.179080E-01
   -.112442E-01
    .229430E-01
    .670465E-01
    .646207E-01
    .135554E-01
    .109565E-01
    .484142E-01
    .614114E-01
    .665491E-01
    .902977E-01
    .126311E+00
    .121586E+00
    .784720E-01
    .720197E-01
    .757172E-01
    .407134E-01
   -.401028E-02
   -.383403E-01
   -.358980E-01
    .788211E-02
    .378441E-01
    .402238E-01
    .354620E-01
    .191901E-01
   -.782788E-02
   -.273904E-01
   -.194237E-01
    .428084E-02
    .173581E-01
    .143445E-01
   -.405072E-03
   -.249373E-01
   -.420382E-01
   -.271037E-01
    .108388E-01
    .446786E-01
    .623290E-01
    .675587E-01
    .696833E-01
    .725431E-01
    .696501E-01
    .571420E-01
    .489858E-01
    .459185E-01
    .421604E-01
    .449506E-01
    .488761E-01
    .432081E-01
    .192212E-01
    .166819E-02
    .104544E-01
    .102491E-01
   -.905953E-03
    .119688E-01
    .310250E-01
    .272135E-01
    .207534E-01
    .151319E-01
   -.249039E-02
   -.167556E-01
   -.190878E-01
   -.194304E-01
   -.267512E-01
   -.311980E-01
   -.172212E-01
    .575850E-02
    .169615E-01
    .115495E-01
    .957651E-02
    .105567E-01
    .181960E-02
    .815549E-03
    .743945E-02
    .718201E-02
    .421433E-03
   -.130778E-01
   -.277018E-01
   -.295494E-01
   -.196212E-01
   -.732778E-02
    .430393E-02
    .121198E-01
    .151080E-01
    .128543E-01
    .642883E-02
    .313650E-02
    .301077E-03
   -.126019E-01
   -.225241E-01
   -.150301E-01
   -.905473E-02
   -.165263E-01
   -.203064E-01
   -.129244E-01
   -.990564E-02
   -.188260E-01
   -.225847E-01
   -.165677E-01
   -.162053E-01
   -.156977E-01
   -.788121E-02
   -.338225E-02
   -.428340E-02
   -.311814E-02
   -.121326E-02
   -.561168E-02
   -.107267E-01
   -.102363E-01
   -.884598E-02
   -.720983E-02
   -.315627E-02
   -.158438E-02
   -.444164E-02
   -.833270E-02
   -.109792E-01
   -.107295E-01
   -.772252E-02
   -.278950E-02
    .522423E-03
   -.272096E-02
   -.768732E-02
   -.866951E-02
   -.887451E-02
   -.103276E-01
   -.110870E-01
   -.997255E-02
   -.820314E-02
   -.647682E-02
   -.560839E-02
   -.624681E-02
   -.649956E-02
   -.643091E-02
   -.748586E-02
   -.791598E-02
   -.602278E-02
   -.360348E-02
   -.257162E-02
   -.235886E-02
   -.202980E-02
   -.136507E-02
   -.374227E-03
    .396735E-03
    .714019E-03
    .771812E-03
    .622839E-03
    .553779E-03
    .936960E-03
    .154055E-02
    .193067E-02
    .216987E-02
    .237421E-02
    .251131E-02
    .262776E-02
    .276892E-02
    .287887E-02
