   -.853723E-03
   -.847662E-03
   -.841873E-03
   -.837929E-03
   -.839146E-03
   -.848362E-03
   -.862215E-03
   -.874904E-03
   -.884313E-03
   -.888336E-03
   -.878553E-03
   -.856825E-03
   -.826143E-03
   -.768659E-03
   -.683493E-03
   -.592976E-03
   -.537331E-03
   -.570655E-03
   -.670052E-03
   -.754699E-03
   -.763539E-03
   -.715476E-03
   -.730167E-03
   -.878539E-03
   -.102232E-02
   -.974575E-03
   -.706882E-03
   -.388077E-03
   -.304669E-03
   -.624488E-03
   -.115202E-02
   -.156273E-02
   -.185618E-02
   -.225845E-02
   -.265546E-02
   -.244827E-02
   -.149461E-02
   -.398030E-03
    .258441E-03
    .431678E-03
    .527190E-03
    .720025E-03
    .600067E-03
   -.323730E-03
   -.179214E-02
   -.281868E-02
   -.264166E-02
   -.154849E-02
   -.391231E-03
    .477931E-03
    .128977E-02
    .239965E-02
    .364875E-02
    .470646E-02
    .562878E-02
    .625653E-02
    .577707E-02
    .334085E-02
   -.175543E-03
   -.320554E-02
   -.491308E-02
   -.563169E-02
   -.640873E-02
   -.751684E-02
   -.765425E-02
   -.589954E-02
   -.355539E-02
   -.294163E-02
   -.465406E-02
   -.557246E-02
   -.325100E-02
    .216450E-03
    .136737E-02
   -.690070E-03
   -.485817E-02
   -.787573E-02
   -.706797E-02
   -.290361E-02
    .310457E-02
    .864136E-02
    .105736E-01
    .810176E-02
    .454026E-02
    .353346E-02
    .502770E-02
    .664905E-02
    .769231E-02
    .979192E-02
    .148487E-01
    .240721E-01
    .356529E-01
    .402494E-01
    .290875E-01
    .817495E-02
   -.773603E-02
   -.145340E-01
   -.181694E-01
   -.236613E-01
   -.313846E-01
   -.358425E-01
   -.306492E-01
   -.173596E-01
   -.344174E-02
    .431714E-02
    .204626E-02
   -.695647E-02
   -.153590E-01
   -.199447E-01
   -.203707E-01
   -.181620E-01
   -.173310E-01
   -.193294E-01
   -.211048E-01
   -.195465E-01
   -.158497E-01
   -.107332E-01
   -.242122E-03
    .205397E-01
    .483376E-01
    .715562E-01
    .780077E-01
    .620649E-01
    .285119E-01
   -.965747E-02
   -.382725E-01
   -.485099E-01
   -.364066E-01
   -.774271E-02
    .219557E-01
    .375374E-01
    .331384E-01
    .138934E-01
   -.911753E-02
   -.273217E-01
   -.396530E-01
   -.523670E-01
   -.705560E-01
   -.913307E-01
   -.109635E+00
   -.122445E+00
   -.122069E+00
   -.982137E-01
   -.553850E-01
   -.120607E-01
    .159566E-01
    .274249E-01
    .316934E-01
    .353588E-01
    .364486E-01
    .327464E-01
    .273345E-01
    .213659E-01
    .993570E-02
   -.107248E-01
   -.331668E-01
   -.407635E-01
   -.242108E-01
    .888969E-02
    .401621E-01
    .585112E-01
    .649139E-01
    .619182E-01
    .521509E-01
    .368687E-01
    .138705E-01
   -.162672E-01
   -.448006E-01
   -.572809E-01
   -.415341E-01
   -.320799E-02
    .292229E-01
    .255658E-01
   -.151050E-01
   -.629684E-01
   -.812462E-01
   -.499368E-01
    .175093E-01
    .784170E-01
    .938570E-01
    .629242E-01
    .123703E-01
   -.313127E-01
   -.523212E-01
   -.417891E-01
   -.474353E-03
    .545543E-01
    .962756E-01
    .101052E+00
    .689024E-01
    .258143E-01
   -.239698E-02
   -.582722E-02
    .950902E-02
    .301680E-01
    .419060E-01
    .337129E-01
    .935702E-02
   -.157036E-01
   -.319337E-01
   -.394041E-01
   -.385080E-01
   -.298024E-01
   -.188746E-01
   -.128587E-01
   -.100507E-01
    .252915E-02
    .323566E-01
    .667738E-01
    .851927E-01
    .799727E-01
    .599169E-01
    .380112E-01
    .198357E-01
    .269279E-02
   -.181860E-01
   -.415542E-01
   -.611510E-01
   -.716384E-01
   -.672433E-01
   -.495355E-01
   -.376322E-01
   -.475669E-01
   -.657346E-01
   -.629525E-01
   -.292671E-01
    .190290E-01
    .568814E-01
    .687899E-01
    .634036E-01
    .643301E-01
    .801323E-01
    .915758E-01
    .731128E-01
    .214591E-01
   -.437664E-01
   -.950687E-01
   -.108151E+00
   -.773998E-01
   -.284337E-01
   -.881292E-02
   -.438486E-01
   -.102563E+00
   -.130417E+00
   -.936496E-01
    .241727E-02
    .995610E-01
    .131334E+00
    .103300E+00
    .751924E-01
    .764895E-01
    .898547E-01
    .100248E+00
    .112522E+00
    .129843E+00
    .139790E+00
    .122678E+00
    .654824E-01
   -.288648E-01
   -.134397E+00
   -.209864E+00
   -.216783E+00
   -.144429E+00
   -.343869E-01
    .448305E-01
    .572377E-01
    .262812E-01
    .691716E-02
    .305997E-01
    .783063E-01
    .104126E+00
    .786969E-01
    .824751E-02
   -.783786E-01
   -.142980E+00
   -.151785E+00
   -.104723E+00
   -.423465E-01
   -.386091E-02
    .855666E-02
    .189844E-01
    .432876E-01
    .754817E-01
    .995947E-01
    .100713E+00
    .732169E-01
    .217968E-01
   -.508251E-01
   -.133557E+00
   -.185189E+00
   -.160513E+00
   -.675000E-01
    .307109E-01
    .830071E-01
    .866559E-01
    .672355E-01
    .541058E-01
    .635030E-01
    .903757E-01
    .109488E+00
    .972166E-01
    .617024E-01
    .366539E-01
    .405804E-01
    .596726E-01
    .706571E-01
    .633841E-01
    .459848E-01
    .382592E-01
    .528698E-01
    .773414E-01
    .792879E-01
    .331851E-01
   -.569902E-01
   -.148524E+00
   -.174705E+00
   -.106199E+00
    .616744E-03
    .510719E-01
    .229314E-01
   -.134551E-01
   -.375533E-02
    .257105E-01
    .279978E-01
    .502109E-02
   -.218844E-02
    .233061E-01
    .512144E-01
    .526908E-01
    .381669E-01
    .405461E-01
    .793003E-01
    .140114E+00
    .184268E+00
    .183378E+00
    .148186E+00
    .117516E+00
    .114615E+00
    .123016E+00
    .112766E+00
    .768021E-01
    .313046E-01
    .186852E-02
    .597982E-02
    .340438E-01
    .587735E-01
    .676506E-01
    .718733E-01
    .794729E-01
    .865001E-01
    .962680E-01
    .115051E+00
    .135144E+00
    .135591E+00
    .102150E+00
    .454489E-01
   -.309980E-02
   -.134035E-01
    .202622E-01
    .781322E-01
    .133759E+00
    .176867E+00
    .210964E+00
    .229714E+00
    .220637E+00
    .187059E+00
    .142710E+00
    .904794E-01
    .263815E-01
   -.387036E-01
   -.792923E-01
   -.735805E-01
   -.261280E-01
    .383450E-01
    .108129E+00
    .177191E+00
    .225480E+00
    .232664E+00
    .200459E+00
    .147188E+00
    .881438E-01
    .301667E-01
   -.220995E-01
   -.602870E-01
   -.700567E-01
   -.421296E-01
    .171987E-01
    .883349E-01
    .144282E+00
    .164386E+00
    .150476E+00
    .120346E+00
    .857835E-01
    .459280E-01
    .231432E-02
   -.313014E-01
   -.361674E-01
   -.112536E-01
    .229006E-01
    .418697E-01
    .292492E-01
   -.561967E-02
   -.323125E-01
   -.312869E-01
   -.905647E-02
    .149528E-01
    .214069E-01
   -.243345E-03
   -.474787E-01
   -.103985E+00
   -.150610E+00
   -.178406E+00
   -.186720E+00
   -.176082E+00
   -.157887E+00
   -.158447E+00
   -.196149E+00
   -.268276E+00
   -.347635E+00
   -.401446E+00
   -.406866E+00
   -.352645E+00
   -.259925E+00
   -.186701E+00
   -.181330E+00
   -.238051E+00
   -.316874E+00
   -.390853E+00
   -.448890E+00
   -.478875E+00
   -.464827E+00
   -.406025E+00
   -.328285E+00
   -.270170E+00
   -.246278E+00
   -.235130E+00
   -.209201E+00
   -.168724E+00
   -.132977E+00
   -.107946E+00
   -.789984E-01
   -.379879E-01
    .647434E-02
    .433839E-01
    .700477E-01
    .829470E-01
    .701908E-01
    .277732E-01
   -.289734E-01
   -.719768E-01
   -.833407E-01
   -.645555E-01
   -.297518E-01
   -.484847E-03
    .354360E-02
   -.188680E-01
   -.473587E-01
   -.609146E-01
   -.528235E-01
   -.290570E-01
    .245373E-02
    .356325E-01
    .601019E-01
    .698170E-01
    .703816E-01
    .700149E-01
    .710648E-01
    .714004E-01
    .676119E-01
    .569127E-01
    .373751E-01
    .267202E-02
   -.610511E-01
   -.163228E+00
   -.289495E+00
   -.415436E+00
   -.521623E+00
   -.589179E+00
   -.600588E+00
   -.557609E+00
   -.495170E+00
   -.456777E+00
   -.461458E+00
   -.493761E+00
   -.516073E+00
   -.481160E+00
   -.358394E+00
   -.184566E+00
   -.544297E-01
   -.220047E-01
   -.469179E-01
   -.623501E-01
   -.535268E-01
   -.464835E-01
   -.558333E-01
   -.708249E-01
   -.759899E-01
   -.642582E-01
   -.342814E-01
    .650528E-02
    .425362E-01
    .551532E-01
    .354411E-01
    .276539E-03
   -.194199E-01
   -.861987E-02
    .226326E-01
    .575576E-01
    .899189E-01
    .120250E+00
    .142835E+00
    .146763E+00
    .131005E+00
    .109233E+00
    .101731E+00
    .119345E+00
    .154160E+00
    .191536E+00
    .225923E+00
    .253101E+00
    .253894E+00
    .213393E+00
    .159510E+00
    .138111E+00
    .157188E+00
    .185184E+00
    .189769E+00
    .166141E+00
    .127231E+00
    .862426E-01
    .504160E-01
    .206221E-01
   -.319369E-02
   -.172019E-01
   -.246563E-01
   -.343450E-01
   -.385217E-01
   -.111127E-01
    .415741E-01
    .939481E-01
    .223791E+00
    .572565E+00
    .101236E+01
    .129954E+01
    .138833E+01
    .126595E+01
    .916150E+00
    .471111E+00
    .127930E+00
   -.867620E-01
   -.260634E+00
   -.456386E+00
   -.700143E+00
   -.967556E+00
   -.114344E+01
   -.110190E+01
   -.825354E+00
   -.476493E+00
   -.242466E+00
   -.122507E+00
   -.335010E-01
    .380820E-01
    .761925E-01
    .100121E+00
    .146395E+00
    .219935E+00
    .281085E+00
    .288476E+00
    .234714E+00
    .139151E+00
    .339986E-01
   -.461654E-01
   -.754627E-01
   -.544237E-01
   -.137057E-01
    .141935E-01
    .205381E-01
    .850526E-02
   -.242710E-01
   -.757225E-01
   -.120993E+00
   -.127563E+00
   -.882274E-01
   -.212130E-01
    .459779E-01
    .933263E-01
    .120075E+00
    .137228E+00
    .151795E+00
    .167359E+00
    .191672E+00
    .223878E+00
    .247769E+00
    .251400E+00
    .241919E+00
    .227799E+00
    .206583E+00
    .179938E+00
    .157552E+00
    .138159E+00
    .102428E+00
    .401617E-01
   -.367103E-01
   -.107740E+00
   -.159280E+00
   -.190138E+00
   -.208958E+00
   -.235491E+00
   -.281726E+00
   -.328747E+00
   -.350466E+00
   -.340075E+00
   -.313057E+00
   -.290584E+00
   -.283302E+00
   -.287270E+00
   -.284972E+00
   -.250465E+00
   -.173409E+00
   -.750788E-01
   -.188777E-02
    .203171E-01
    .105039E-01
    .443669E-02
    .141791E-01
    .304221E-01
    .473028E-01
    .637907E-01
    .770132E-01
    .855697E-01
    .924241E-01
    .919157E-01
    .736411E-01
    .432669E-01
    .203110E-01
    .151277E-01
    .206523E-01
    .249090E-01
    .244853E-01
    .271280E-01
    .428730E-01
    .712025E-01
    .900061E-01
    .711775E-01
    .130246E-01
   -.598279E-01
   -.118718E+00
   -.151642E+00
   -.160558E+00
   -.143953E+00
   -.939948E-01
   -.166178E-01
    .625208E-01
    .118961E+00
    .145050E+00
    .153164E+00
    .164051E+00
    .184725E+00
    .203685E+00
    .213411E+00
    .223930E+00
    .244494E+00
    .272056E+00
    .303582E+00
    .342519E+00
    .390576E+00
    .442313E+00
    .486227E+00
    .510125E+00
    .507758E+00
    .478007E+00
    .429034E+00
    .377203E+00
    .330554E+00
    .292982E+00
    .268422E+00
    .251134E+00
    .235263E+00
    .230892E+00
    .249155E+00
    .288063E+00
    .337643E+00
    .395938E+00
    .471871E+00
    .564355E+00
    .648786E+00
    .696865E+00
    .686862E+00
    .608147E+00
    .475002E+00
    .323801E+00
    .186360E+00
    .743000E-01
   -.150190E-01
   -.975162E-01
   -.191397E+00
   -.306405E+00
   -.467670E+00
   -.704083E+00
   -.943250E+00
   -.105078E+01
   -.953334E+00
   -.683122E+00
   -.387294E+00
   -.218427E+00
   -.200644E+00
   -.251155E+00
   -.280838E+00
   -.241895E+00
   -.102730E+00
    .136266E+00
    .384794E+00
    .557628E+00
    .652954E+00
    .692387E+00
    .665164E+00
    .541441E+00
    .356020E+00
    .189085E+00
    .860525E-01
    .335065E-01
   -.123126E-01
   -.844402E-01
   -.173440E+00
   -.249543E+00
   -.298579E+00
   -.328315E+00
   -.353001E+00
   -.376696E+00
   -.397482E+00
   -.420442E+00
   -.448251E+00
   -.472442E+00
   -.475955E+00
   -.444190E+00
   -.381402E+00
   -.302612E+00
   -.222201E+00
   -.158843E+00
   -.123622E+00
   -.104087E+00
   -.815455E-01
   -.554209E-01
   -.336767E-01
   -.112842E-01
    .213684E-01
    .582282E-01
    .799137E-01
    .666956E-01
    .113532E-01
   -.728476E-01
   -.157338E+00
   -.218814E+00
   -.242134E+00
   -.224086E+00
   -.182935E+00
   -.143836E+00
   -.118686E+00
   -.109396E+00
   -.111376E+00
   -.110530E+00
   -.933659E-01
   -.602566E-01
   -.260875E-01
   -.740552E-02
   -.561085E-02
   -.617808E-02
    .363776E-02
    .246469E-01
    .549785E-01
    .925922E-01
    .135454E+00
    .179068E+00
    .216664E+00
    .247888E+00
    .269347E+00
    .241058E+00
    .100555E+00
   -.133119E+00
   -.354081E+00
   -.472698E+00
   -.456811E+00
   -.323602E+00
   -.147361E+00
   -.296101E-01
   -.126855E-01
   -.581283E-01
   -.110932E+00
   -.153260E+00
   -.197027E+00
   -.250647E+00
   -.287486E+00
   -.259111E+00
   -.150702E+00
    .402755E-02
    .155245E+00
    .268521E+00
    .344181E+00
    .401488E+00
    .446318E+00
    .464184E+00
    .442401E+00
    .393092E+00
    .334564E+00
    .267081E+00
    .199976E+00
    .159008E+00
    .147482E+00
    .138289E+00
    .114450E+00
    .951131E-01
    .102196E+00
    .116501E+00
    .101136E+00
    .567647E-01
    .177112E-01
    .794565E-03
   -.602230E-02
   -.984188E-02
   -.536679E-02
    .976697E-02
    .330733E-01
    .600911E-01
    .800471E-01
    .783918E-01
    .530926E-01
    .141260E-01
   -.288133E-01
   -.686668E-01
   -.958316E-01
   -.100587E+00
   -.926561E-01
   -.988277E-01
   -.131556E+00
   -.177641E+00
   -.221223E+00
   -.255616E+00
   -.276822E+00
   -.276976E+00
   -.253572E+00
   -.221891E+00
   -.201924E+00
   -.192001E+00
   -.174911E+00
   -.143226E+00
   -.100447E+00
   -.553162E-01
   -.179120E-01
    .568387E-02
    .144034E-01
    .109146E-01
    .138992E-02
   -.329683E-02
    .315907E-02
    .141416E-01
    .196095E-01
    .168251E-01
    .943760E-02
   -.435201E-02
   -.309389E-01
   -.670486E-01
   -.100833E+00
   -.128989E+00
   -.159363E+00
   -.196364E+00
   -.237017E+00
   -.273890E+00
   -.292629E+00
   -.276101E+00
   -.222143E+00
   -.149136E+00
   -.813347E-01
   -.337824E-01
   -.748278E-02
    .231837E-02
    .208530E-02
    .461969E-02
    .219342E-01
    .533231E-01
    .881004E-01
    .118283E+00
    .144942E+00
    .171859E+00
    .197685E+00
    .216276E+00
    .222164E+00
    .214845E+00
    .198964E+00
    .178279E+00
    .153230E+00
    .126275E+00
    .103197E+00
    .891032E-01
    .838158E-01
    .787125E-01
    .620796E-01
    .344334E-01
    .876815E-02
   -.412114E-02
   -.168407E-02
    .112521E-01
    .332083E-01
    .705327E-01
    .122974E+00
    .176658E+00
    .218161E+00
    .246488E+00
    .267443E+00
    .280603E+00
    .274972E+00
    .240714E+00
    .183673E+00
    .118798E+00
    .579416E-01
    .957075E-02
   -.248584E-01
   -.524456E-01
   -.792168E-01
   -.102690E+00
   -.116774E+00
   -.115796E+00
   -.934189E-01
   -.427068E-01
    .369928E-01
    .131486E+00
    .221167E+00
    .289543E+00
    .326268E+00
    .327569E+00
    .295747E+00
    .240002E+00
    .171355E+00
    .969975E-01
    .192136E-01
   -.603933E-01
   -.128842E+00
   -.170678E+00
   -.187647E+00
   -.192895E+00
   -.195471E+00
   -.193968E+00
   -.182446E+00
   -.157310E+00
   -.119194E+00
   -.746648E-01
   -.261522E-01
    .310512E-01
    .870234E-01
    .115147E+00
    .106178E+00
    .788844E-01
    .501493E-01
    .214573E-01
   -.601287E-02
   -.191798E-01
   -.854602E-02
    .142199E-01
    .279101E-01
    .270016E-01
    .259000E-01
    .316205E-01
    .351253E-01
    .338943E-01
    .409353E-01
    .672655E-01
    .105266E+00
    .136603E+00
    .150928E+00
    .146787E+00
    .125346E+00
    .933645E-01
    .629262E-01
    .441054E-01
    .410336E-01
    .537392E-01
    .770270E-01
    .103111E+00
    .128067E+00
    .150251E+00
    .165117E+00
    .166166E+00
    .153327E+00
    .132528E+00
    .108186E+00
    .826875E-01
    .555766E-01
    .234782E-01
   -.143461E-01
   -.548814E-01
   -.947133E-01
   -.129299E+00
   -.150217E+00
   -.153243E+00
   -.141098E+00
   -.118666E+00
   -.903100E-01
   -.584449E-01
   -.230789E-01
    .176236E-01
    .640345E-01
    .108874E+00
    .139500E+00
    .153156E+00
    .155436E+00
    .148891E+00
    .137309E+00
    .126597E+00
    .117957E+00
    .109965E+00
    .100388E+00
    .851643E-01
    .596701E-01
    .226627E-01
   -.231179E-01
   -.753473E-01
   -.134023E+00
   -.193086E+00
   -.241211E+00
   -.276823E+00
   -.302990E+00
   -.314803E+00
   -.303655E+00
   -.269301E+00
   -.220459E+00
   -.169269E+00
   -.128813E+00
   -.106052E+00
   -.958149E-01
   -.891322E-01
   -.838402E-01
   -.835133E-01
   -.917725E-01
   -.108815E+00
   -.127598E+00
   -.139124E+00
   -.142557E+00
   -.141784E+00
   -.139209E+00
   -.135445E+00
   -.129781E+00
   -.121031E+00
   -.109819E+00
   -.985021E-01
   -.891423E-01
   -.841416E-01
   -.821563E-01
   -.782988E-01
   -.743532E-01
   -.764486E-01
   -.841104E-01
   -.896080E-01
   -.888139E-01
   -.831427E-01
   -.724261E-01
   -.512459E-01
   -.127338E-01
    .413106E-01
    .936009E-01
    .118333E+00
    .965619E-01
    .270107E-01
   -.672523E-01
   -.140922E+00
   -.163527E+00
   -.152064E+00
   -.142096E+00
   -.143736E+00
   -.144861E+00
   -.137352E+00
   -.125723E+00
   -.118688E+00
   -.118505E+00
   -.122701E+00
   -.132667E+00
   -.148472E+00
   -.158881E+00
   -.150657E+00
   -.125996E+00
   -.991995E-01
   -.823962E-01
   -.752702E-01
   -.696573E-01
   -.629262E-01
   -.575021E-01
   -.508954E-01
   -.388339E-01
   -.231889E-01
   -.115310E-01
   -.562021E-02
    .278853E-02
    .182151E-01
    .353263E-01
    .457478E-01
    .539014E-01
    .740486E-01
    .105536E+00
    .131763E+00
    .144438E+00
    .150500E+00
    .155649E+00
    .157326E+00
    .153410E+00
    .148161E+00
    .143210E+00
    .132463E+00
    .111589E+00
    .862086E-01
    .638848E-01
    .468623E-01
    .359609E-01
    .303057E-01
    .282749E-01
    .289654E-01
    .319749E-01
    .372153E-01
    .457454E-01
    .579533E-01
    .709077E-01
    .799018E-01
    .833869E-01
    .839587E-01
    .833809E-01
    .812361E-01
    .783184E-01
    .758376E-01
    .740842E-01
    .720989E-01
    .698703E-01
    .676228E-01
    .634061E-01
    .563456E-01
    .478007E-01
    .380405E-01
    .267481E-01
    .158919E-01
    .756046E-02
    .195477E-02
   -.163946E-02
   -.375195E-02
   -.400088E-02
    .132159E-03
    .112100E-01
    .282351E-01
    .441862E-01
    .539418E-01
    .588528E-01
    .608420E-01
    .617368E-01
    .614790E-01
    .584770E-01
    .525717E-01
    .455837E-01
    .404452E-01
    .387924E-01
    .388849E-01
    .390742E-01
    .403254E-01
    .414384E-01
    .395618E-01
    .342267E-01
    .261051E-01
    .146602E-01
    .358523E-03
   -.140850E-01
   -.271857E-01
   -.404015E-01
   -.555661E-01
   -.696569E-01
   -.775151E-01
   -.795026E-01
   -.810041E-01
   -.843362E-01
   -.873675E-01
   -.887769E-01
   -.897410E-01
   -.906869E-01
   -.871638E-01
   -.755704E-01
   -.579068E-01
   -.400240E-01
   -.278006E-01
   -.238505E-01
   -.258569E-01
   -.284179E-01
   -.295115E-01
   -.302622E-01
   -.316195E-01
   -.334939E-01
   -.354441E-01
   -.371630E-01
   -.383328E-01
   -.387250E-01
   -.382766E-01
   -.365897E-01
   -.335870E-01
   -.301586E-01
   -.270831E-01
   -.245620E-01
   -.218221E-01
   -.187946E-01
   -.161763E-01
   -.140586E-01
   -.117840E-01
   -.841273E-02
   -.402448E-02
    .496436E-03
    .464059E-02
    .797109E-02
    .957859E-02
    .950342E-02
    .883107E-02
    .742864E-02
    .456025E-02
   -.665737E-03
   -.117414E-01
   -.307779E-01
   -.510596E-01
   -.643355E-01
   -.702780E-01
   -.719657E-01
   -.712918E-01
   -.691671E-01
   -.665162E-01
   -.625055E-01
   -.549709E-01
   -.378969E-01
   -.111929E-01
    .140323E-01
    .294585E-01
    .367378E-01
    .408990E-01
    .431004E-01
    .424649E-01
    .376617E-01
    .283018E-01
    .162322E-01
    .420986E-02
   -.676514E-02
   -.178607E-01
   -.305916E-01
   -.454275E-01
   -.593985E-01
   -.683369E-01
   -.724881E-01
   -.756644E-01
   -.789304E-01
   -.798245E-01
   -.774719E-01
   -.705924E-01
   -.567573E-01
   -.354290E-01
   -.962366E-02
    .164796E-01
    .388869E-01
    .541378E-01
    .621636E-01
    .662486E-01
    .685203E-01
    .698197E-01
    .695719E-01
    .668139E-01
    .631950E-01
    .599697E-01
    .557047E-01
    .493719E-01
    .412336E-01
    .307357E-01
    .164888E-01
   -.158998E-02
   -.237718E-01
   -.478273E-01
   -.682737E-01
   -.818926E-01
   -.890582E-01
   -.917875E-01
   -.907547E-01
   -.867818E-01
   -.814885E-01
   -.752330E-01
   -.664331E-01
   -.527773E-01
   -.345613E-01
   -.145759E-01
    .489742E-02
    .210251E-01
    .333223E-01
    .428022E-01
    .495600E-01
    .542563E-01
    .574007E-01
    .586570E-01
    .571334E-01
    .515399E-01
    .423804E-01
    .318365E-01
    .191391E-01
    .381294E-02
   -.140689E-01
   -.340101E-01
   -.530010E-01
   -.680496E-01
   -.772794E-01
   -.804971E-01
   -.780117E-01
   -.677324E-01
   -.499942E-01
   -.316627E-01
   -.189949E-01
   -.135047E-01
   -.133742E-01
   -.150280E-01
   -.153893E-01
   -.127695E-01
   -.601693E-02
    .617279E-02
    .258294E-01
    .480262E-01
    .628081E-01
    .669841E-01
    .647438E-01
    .600148E-01
    .554591E-01
    .546120E-01
    .591867E-01
    .676460E-01
    .756380E-01
    .804446E-01
    .821478E-01
    .818199E-01
    .808062E-01
    .808312E-01
    .843820E-01
    .901619E-01
    .945268E-01
    .958314E-01
    .895941E-01
    .666592E-01
    .250262E-01
   -.265012E-01
   -.748995E-01
   -.108706E+00
   -.122499E+00
   -.121337E+00
   -.114244E+00
   -.107150E+00
   -.103342E+00
   -.104160E+00
   -.107489E+00
   -.109296E+00
   -.106762E+00
   -.979377E-01
   -.831415E-01
   -.650577E-01
   -.478875E-01
   -.353907E-01
   -.266380E-01
   -.180759E-01
   -.895953E-02
    .508735E-03
    .112082E-01
    .233063E-01
    .346438E-01
    .416583E-01
    .432644E-01
    .408515E-01
    .358566E-01
    .296710E-01
    .241072E-01
    .213241E-01
    .216749E-01
    .243948E-01
    .281410E-01
    .306781E-01
    .308671E-01
    .291112E-01
    .260022E-01
    .233081E-01
    .228375E-01
    .242063E-01
    .269959E-01
    .303317E-01
    .340527E-01
    .378431E-01
    .393844E-01
    .372120E-01
    .326260E-01
    .272412E-01
    .207088E-01
    .127812E-01
    .237597E-02
   -.115535E-01
   -.286278E-01
   -.467066E-01
   -.619408E-01
   -.707846E-01
   -.719553E-01
   -.661184E-01
   -.556817E-01
   -.451902E-01
   -.388557E-01
   -.377362E-01
   -.393209E-01
   -.407735E-01
   -.415645E-01
   -.420429E-01
   -.413484E-01
   -.388966E-01
   -.365143E-01
   -.370076E-01
   -.411577E-01
   -.484683E-01
   -.575376E-01
   -.668122E-01
   -.742094E-01
   -.788931E-01
   -.820912E-01
   -.858363E-01
   -.895702E-01
   -.915353E-01
   -.907400E-01
   -.865441E-01
   -.796429E-01
   -.697931E-01
   -.564196E-01
   -.400619E-01
   -.235566E-01
   -.988046E-02
    .395199E-04
    .669550E-02
    .114741E-01
    .155125E-01
    .188126E-01
    .220135E-01
    .251465E-01
    .272554E-01
    .294012E-01
    .325055E-01
    .356781E-01
    .381259E-01
    .395025E-01
    .404833E-01
    .413828E-01
    .415247E-01
    .411194E-01
    .410827E-01
    .410927E-01
    .410884E-01
    .422491E-01
    .441828E-01
    .449130E-01
    .433033E-01
    .402625E-01
    .362286E-01
    .308340E-01
    .250885E-01
    .199100E-01
    .156740E-01
    .125305E-01
    .100423E-01
    .830343E-02
    .688008E-02
    .500258E-02
    .270154E-02
    .570430E-03
   -.577395E-03
    .910898E-03
    .659461E-02
    .168595E-01
    .308550E-01
    .457632E-01
    .580858E-01
    .665817E-01
    .714055E-01
    .729634E-01
    .717225E-01
    .665202E-01
    .546097E-01
    .346534E-01
    .104520E-01
   -.112126E-01
   -.258162E-01
   -.313040E-01
   -.263421E-01
   -.127811E-01
    .529684E-02
    .239661E-01
    .381710E-01
    .457994E-01
    .506115E-01
    .560771E-01
    .614155E-01
    .649474E-01
    .668221E-01
    .667881E-01
    .637442E-01
    .589164E-01
    .537032E-01
    .462316E-01
    .351088E-01
    .226909E-01
    .127704E-01
    .704998E-02
    .475836E-02
    .490938E-02
    .649615E-02
    .939834E-02
    .128785E-01
    .142157E-01
    .122844E-01
    .850337E-02
    .520586E-02
    .433474E-02
    .579121E-02
    .867351E-02
    .132595E-01
    .180403E-01
    .195329E-01
    .167774E-01
    .115114E-01
    .560119E-02
   -.273446E-03
   -.670876E-02
   -.127268E-01
   -.152733E-01
   -.150420E-01
   -.155555E-01
   -.167208E-01
   -.165135E-01
   -.152457E-01
   -.144163E-01
   -.143737E-01
   -.140661E-01
   -.134609E-01
   -.128060E-01
   -.113164E-01
   -.826761E-02
   -.409116E-02
    .185995E-02
    .112082E-01
    .223310E-01
    .321909E-01
    .384088E-01
    .410895E-01
    .409513E-01
    .395030E-01
    .378327E-01
    .363807E-01
    .349413E-01
    .329375E-01
    .308643E-01
    .287014E-01
    .252287E-01
    .200619E-01
    .138116E-01
    .690310E-02
   -.233874E-02
   -.130415E-01
   -.231899E-01
   -.315643E-01
   -.390863E-01
   -.470339E-01
   -.559731E-01
   -.657642E-01
   -.741642E-01
   -.810916E-01
   -.862679E-01
   -.887873E-01
   -.895182E-01
   -.870258E-01
   -.791702E-01
   -.671462E-01
   -.529724E-01
   -.390978E-01
   -.279814E-01
   -.183832E-01
   -.102958E-01
   -.423564E-02
    .187857E-03
    .243415E-02
    .345936E-02
    .363752E-02
    .119710E-02
   -.348546E-02
   -.851418E-02
   -.116374E-01
   -.122422E-01
   -.102061E-01
   -.682593E-02
   -.244760E-02
    .273759E-02
    .769837E-02
    .121467E-01
    .154685E-01
    .177751E-01
    .198131E-01
    .210194E-01
    .205483E-01
    .183984E-01
    .165489E-01
    .150478E-01
    .123963E-01
    .959379E-02
    .744468E-02
    .657660E-02
    .738261E-02
    .962977E-02
    .117805E-01
    .137911E-01
    .166801E-01
    .198164E-01
    .219969E-01
    .232655E-01
    .249958E-01
    .281177E-01
    .317121E-01
    .342987E-01
    .347496E-01
    .331546E-01
    .310079E-01
    .294449E-01
    .288568E-01
    .281670E-01
    .268565E-01
    .259290E-01
    .251971E-01
    .239141E-01
    .226143E-01
    .215860E-01
    .203584E-01
    .192069E-01
    .183408E-01
    .179375E-01
    .192568E-01
    .219563E-01
    .243391E-01
    .261605E-01
    .266734E-01
    .249446E-01
    .220851E-01
    .195148E-01
    .173545E-01
    .151451E-01
    .128429E-01
    .112119E-01
    .119867E-01
    .144732E-01
    .165443E-01
    .184979E-01
    .210857E-01
    .239035E-01
    .262116E-01
    .285129E-01
    .319837E-01
    .367097E-01
    .420563E-01
    .474314E-01
    .527069E-01
    .582410E-01
    .636707E-01
    .684259E-01
    .734181E-01
    .790449E-01
    .842638E-01
    .874998E-01
    .879748E-01
    .866886E-01
    .833898E-01
    .759634E-01
    .637117E-01
    .463588E-01
    .262691E-01
    .786441E-02
   -.690797E-02
   -.177296E-01
   -.255846E-01
   -.307303E-01
   -.327823E-01
   -.332302E-01
   -.317227E-01
   -.268297E-01
   -.199424E-01
   -.132938E-01
   -.791148E-02
   -.213172E-02
    .457052E-02
    .101235E-01
    .125788E-01
    .110760E-01
    .782461E-02
    .741225E-02
    .892960E-02
    .874423E-02
    .599439E-02
    .247606E-02
   -.554273E-03
   -.361195E-02
   -.720049E-02
   -.101894E-01
   -.109355E-01
   -.100873E-01
   -.997837E-02
   -.102603E-01
   -.104063E-01
   -.111493E-01
   -.122549E-01
   -.123954E-01
   -.117219E-01
   -.114497E-01
   -.118974E-01
   -.133077E-01
   -.156658E-01
   -.195894E-01
   -.237162E-01
   -.259503E-01
   -.274114E-01
   -.290849E-01
   -.311965E-01
   -.323979E-01
   -.321226E-01
   -.316622E-01
   -.320464E-01
   -.329110E-01
   -.345210E-01
   -.368363E-01
   -.384428E-01
   -.382681E-01
   -.364237E-01
   -.332697E-01
   -.292621E-01
   -.257081E-01
   -.237844E-01
   -.235755E-01
   -.242923E-01
   -.248868E-01
   -.250727E-01
   -.245429E-01
   -.240063E-01
   -.247944E-01
   -.271582E-01
   -.305014E-01
   -.347696E-01
   -.397219E-01
   -.454053E-01
   -.512117E-01
   -.558431E-01
   -.578405E-01
   -.580691E-01
   -.582236E-01
   -.557971E-01
   -.505334E-01
   -.455248E-01
   -.419018E-01
   -.394338E-01
   -.376485E-01
   -.364124E-01
   -.364379E-01
   -.373648E-01
   -.377317E-01
   -.374118E-01
   -.374614E-01
   -.374257E-01
   -.359442E-01
   -.324687E-01
   -.277514E-01
   -.244526E-01
   -.231049E-01
   -.210339E-01
   -.177363E-01
   -.140158E-01
   -.105538E-01
   -.751342E-02
   -.440292E-02
   -.716345E-03
    .309449E-02
    .674711E-02
    .979375E-02
    .123593E-01
    .161210E-01
    .209483E-01
    .254463E-01
    .295794E-01
    .341599E-01
    .389899E-01
    .435368E-01
    .469543E-01
    .492993E-01
    .510300E-01
    .517801E-01
    .516517E-01
    .503265E-01
    .474904E-01
    .439131E-01
    .407065E-01
    .382599E-01
    .359281E-01
    .341295E-01
    .337003E-01
    .332614E-01
    .321039E-01
    .314349E-01
    .310358E-01
    .304583E-01
    .301846E-01
    .301706E-01
    .293210E-01
    .288384E-01
    .298203E-01
    .309387E-01
    .304886E-01
    .293164E-01
    .283187E-01
    .259333E-01
    .214883E-01
    .173722E-01
    .146127E-01
    .133818E-01
    .132887E-01
    .135979E-01
    .139193E-01
    .135351E-01
    .121197E-01
    .919436E-02
    .534292E-02
    .103192E-02
   -.367199E-02
   -.785237E-02
   -.117723E-01
   -.162024E-01
   -.198744E-01
   -.212181E-01
   -.199660E-01
   -.172827E-01
   -.149704E-01
   -.139149E-01
   -.140247E-01
   -.139009E-01
   -.132268E-01
   -.126603E-01
   -.114234E-01
   -.816949E-02
   -.438192E-02
   -.146470E-02
    .140636E-02
    .424157E-02
    .622417E-02
    .667944E-02
    .611023E-02
    .434078E-02
    .166337E-02
   -.122446E-02
   -.452323E-02
   -.793789E-02
   -.107258E-01
   -.122421E-01
   -.119267E-01
   -.102802E-01
   -.815543E-02
   -.542069E-02
   -.290334E-02
   -.210267E-02
   -.294775E-02
   -.381371E-02
   -.384043E-02
   -.355762E-02
   -.331137E-02
   -.208873E-02
    .136644E-02
    .580997E-02
    .963956E-02
    .125486E-01
    .143497E-01
    .145318E-01
    .128270E-01
    .102611E-01
    .752543E-02
    .387130E-02
   -.112502E-02
   -.625681E-02
   -.104259E-01
   -.134419E-01
   -.152058E-01
   -.155124E-01
   -.144584E-01
   -.125797E-01
   -.101292E-01
   -.733883E-02
   -.473198E-02
   -.183692E-02
    .165202E-02
    .491950E-02
    .626511E-02
    .604858E-02
    .531817E-02
    .425707E-02
    .345158E-02
    .346965E-02
    .436804E-02
    .576053E-02
    .659323E-02
    .515946E-02
    .200729E-02
   -.129971E-02
   -.371939E-02
   -.515160E-02
   -.632998E-02
   -.768983E-02
   -.941008E-02
   -.121270E-01
   -.153364E-01
   -.172717E-01
   -.169945E-01
   -.155611E-01
   -.137136E-01
   -.115732E-01
   -.925072E-02
   -.724821E-02
   -.559865E-02
   -.310518E-02
    .489443E-03
    .443917E-02
    .861712E-02
    .129001E-01
    .149015E-01
    .136822E-01
    .109775E-01
    .700538E-02
    .154686E-02
   -.396561E-02
   -.849621E-02
   -.124882E-01
   -.144626E-01
   -.140442E-01
   -.133233E-01
   -.121800E-01
   -.960446E-02
   -.635440E-02
   -.359633E-02
   -.363790E-03
    .431962E-02
    .959481E-02
    .139983E-01
    .173761E-01
    .203040E-01
    .222487E-01
    .236183E-01
    .239634E-01
    .223379E-01
    .199138E-01
    .177081E-01
    .161510E-01
    .152058E-01
    .146538E-01
    .149498E-01
    .160071E-01
    .163286E-01
    .152557E-01
    .128958E-01
    .986351E-02
    .673841E-02
    .407062E-02
    .279042E-02
    .253087E-02
    .320521E-02
    .501213E-02
    .734928E-02
    .949427E-02
    .113607E-01
    .128031E-01
    .140424E-01
    .151737E-01
    .158288E-01
    .156195E-01
    .150236E-01
    .156300E-01
    .171733E-01
    .187477E-01
    .204221E-01
    .224554E-01
    .249420E-01
    .276025E-01
    .301032E-01
    .319830E-01
    .328703E-01
    .321053E-01
    .301808E-01
    .275876E-01
    .225437E-01
    .154543E-01
    .818283E-02
    .380493E-03
   -.755667E-02
   -.134249E-01
   -.173377E-01
   -.208389E-01
   -.240388E-01
   -.267772E-01
   -.278500E-01
   -.265977E-01
   -.243820E-01
   -.220582E-01
   -.189321E-01
   -.147136E-01
   -.107499E-01
   -.664126E-02
   -.165535E-02
    .302014E-02
    .718270E-02
    .111406E-01
    .134926E-01
    .134303E-01
    .116270E-01
    .932405E-02
    .756790E-02
    .647415E-02
    .458777E-02
    .132032E-02
   -.157882E-02
   -.321747E-02
   -.490407E-02
   -.758626E-02
   -.105812E-01
   -.127987E-01
   -.140413E-01
   -.144803E-01
   -.138569E-01
   -.123956E-01
   -.110924E-01
   -.977408E-02
   -.799126E-02
   -.674260E-02
   -.670037E-02
   -.765386E-02
   -.960791E-02
   -.122980E-01
   -.148025E-01
   -.173513E-01
   -.204593E-01
   -.234393E-01
   -.252701E-01
   -.253351E-01
   -.248120E-01
   -.248242E-01
   -.243262E-01
   -.223406E-01
   -.201080E-01
   -.184450E-01
   -.172269E-01
   -.165291E-01
   -.155241E-01
   -.146598E-01
   -.154097E-01
   -.177966E-01
   -.211630E-01
   -.246748E-01
   -.280869E-01
   -.317482E-01
   -.354579E-01
   -.393501E-01
   -.421717E-01
   -.418601E-01
   -.389411E-01
   -.358022E-01
   -.326907E-01
   -.279302E-01
   -.225636E-01
   -.181610E-01
   -.144293E-01
   -.113904E-01
   -.905111E-02
   -.744356E-02
   -.706658E-02
   -.722767E-02
   -.762448E-02
   -.852826E-02
   -.939317E-02
   -.101294E-01
   -.109003E-01
   -.110605E-01
   -.111193E-01
   -.117524E-01
   -.117366E-01
   -.105898E-01
   -.959035E-02
   -.839077E-02
   -.768821E-02
   -.876090E-02
   -.973878E-02
   -.944188E-02
   -.919106E-02
   -.910695E-02
   -.869328E-02
   -.783776E-02
   -.556108E-02
   -.232314E-02
   -.364833E-04
    .234101E-02
    .647748E-02
    .106093E-01
    .135160E-01
    .158241E-01
    .184681E-01
    .206268E-01
    .210342E-01
    .208681E-01
    .203508E-01
    .192086E-01
    .176487E-01
    .148836E-01
    .102002E-01
    .559086E-02
    .255689E-02
    .371849E-03
   -.169345E-02
   -.363084E-02
   -.453555E-02
   -.415738E-02
   -.314366E-02
   -.231182E-02
   -.118606E-02
    .688355E-03
    .191873E-02
    .186059E-02
    .192217E-02
    .332675E-02
    .462585E-02
    .446245E-02
    .333254E-02
    .243352E-02
    .153268E-02
   -.275772E-03
   -.302940E-02
   -.491795E-02
   -.573930E-02
   -.649733E-02
   -.701588E-02
   -.675162E-02
   -.580908E-02
   -.505137E-02
   -.393797E-02
   -.896770E-03
    .279829E-02
    .528616E-02
    .829466E-02
    .128295E-01
    .171441E-01
    .202019E-01
    .228788E-01
    .265157E-01
    .304595E-01
    .338114E-01
    .362009E-01
    .381192E-01
    .394798E-01
    .391495E-01
    .380262E-01
    .367053E-01
    .347188E-01
    .320814E-01
    .294367E-01
    .266667E-01
    .231995E-01
    .188593E-01
    .142199E-01
    .101276E-01
    .758547E-02
    .696712E-02
    .722576E-02
    .762863E-02
    .850036E-02
    .960358E-02
    .106327E-01
    .118544E-01
    .127867E-01
    .125886E-01
    .111321E-01
    .918371E-02
    .664022E-02
    .315152E-02
   -.109149E-02
   -.554921E-02
   -.101606E-01
   -.142085E-01
   -.171868E-01
   -.199048E-01
   -.218751E-01
   -.220003E-01
   -.196940E-01
   -.162910E-01
   -.138935E-01
   -.121812E-01
   -.100212E-01
   -.674698E-02
   -.300135E-02
   -.257315E-03
    .130083E-02
    .326435E-02
    .569962E-02
    .711782E-02
    .747750E-02
    .740228E-02
    .721501E-02
    .664207E-02
    .534842E-02
    .377968E-02
    .302027E-02
    .242149E-02
    .299461E-03
   -.236132E-02
   -.364614E-02
   -.387430E-02
   -.372512E-02
   -.318904E-02
   -.236928E-02
   -.150122E-02
   -.178401E-03
    .174699E-02
    .342865E-02
    .423608E-02
    .445656E-02
    .381951E-02
    .265072E-02
    .259062E-02
    .348407E-02
    .407686E-02
    .514394E-02
    .807766E-02
    .118408E-01
    .145257E-01
    .167096E-01
    .191846E-01
    .214034E-01
    .225522E-01
    .223670E-01
    .214915E-01
    .214621E-01
    .220796E-01
    .224752E-01
    .236118E-01
    .254816E-01
    .263508E-01
    .250912E-01
    .213787E-01
    .163532E-01
    .125152E-01
    .100553E-01
    .667866E-02
    .265703E-02
   -.285636E-03
   -.253434E-02
   -.484637E-02
   -.789128E-02
   -.122934E-01
   -.168994E-01
   -.206220E-01
   -.238594E-01
   -.275376E-01
   -.310158E-01
   -.333582E-01
   -.352937E-01
   -.369607E-01
   -.372332E-01
   -.365594E-01
   -.357987E-01
   -.345223E-01
   -.324717E-01
   -.294885E-01
   -.262728E-01
   -.236193E-01
   -.212901E-01
   -.179195E-01
   -.121846E-01
   -.869616E-02
   -.108364E-01
   -.145335E-01
   -.156232E-01
   -.150389E-01
   -.155602E-01
   -.174237E-01
   -.200238E-01
   -.227510E-01
   -.254873E-01
   -.284643E-01
   -.312193E-01
   -.330848E-01
   -.338274E-01
   -.328231E-01
   -.299425E-01
   -.257759E-01
   -.216847E-01
   -.177297E-01
   -.137940E-01
   -.104446E-01
   -.777293E-02
   -.557607E-02
   -.358830E-02
   -.202850E-02
   -.424981E-03
    .145987E-02
    .312187E-02
    .447501E-02
    .595849E-02
    .813674E-02
    .105003E-01
    .115311E-01
    .121093E-01
    .135609E-01
    .151434E-01
    .155357E-01
    .147453E-01
    .142237E-01
    .140161E-01
    .134203E-01
    .122744E-01
    .107659E-01
    .932033E-02
    .839176E-02
    .784759E-02
    .815519E-02
    .981286E-02
    .118954E-01
    .135032E-01
    .151408E-01
    .170197E-01
    .187331E-01
    .210335E-01
    .239396E-01
    .252775E-01
    .248331E-01
    .241176E-01
    .239222E-01
    .236353E-01
    .222005E-01
    .197862E-01
    .179302E-01
    .175329E-01
    .177127E-01
    .176590E-01
    .178114E-01
    .182873E-01
    .184945E-01
    .186156E-01
    .183882E-01
    .171543E-01
    .154931E-01
    .147973E-01
    .145981E-01
    .129734E-01
    .989423E-02
    .714372E-02
    .554533E-02
    .417643E-02
    .177360E-02
   -.793530E-03
   -.268981E-02
   -.484145E-02
   -.709748E-02
   -.807394E-02
   -.754507E-02
   -.728832E-02
   -.687782E-02
   -.534519E-02
   -.367607E-02
   -.192730E-02
    .153702E-03
    .230251E-02
    .371697E-02
    .390066E-02
    .355106E-02
    .337241E-02
    .338728E-02
    .336139E-02
    .315977E-02
    .263571E-02
    .240990E-02
    .264484E-02
    .206998E-02
    .156484E-02
    .237268E-02
    .378792E-02
    .565472E-02
    .826287E-02
    .111832E-01
    .137304E-01
    .151576E-01
    .156620E-01
    .158881E-01
    .158569E-01
    .154286E-01
    .141002E-01
    .122707E-01
    .104429E-01
    .867742E-02
    .773683E-02
    .656094E-02
    .436386E-02
    .289293E-02
    .147987E-02
   -.247109E-03
   -.801063E-03
   -.744915E-03
   -.684950E-03
   -.333800E-03
    .499540E-03
    .183232E-02
    .332257E-02
    .468879E-02
    .589864E-02
    .653083E-02
    .602626E-02
    .497458E-02
    .407347E-02
    .347281E-02
    .325822E-02
    .333987E-02
    .364678E-02
    .311585E-02
    .114376E-02
   -.122285E-02
   -.231827E-02
   -.247899E-02
   -.376986E-02
   -.577851E-02
   -.557446E-02
   -.384755E-02
   -.355872E-02
   -.457040E-02
   -.431817E-02
   -.192240E-02
    .711975E-03
    .222404E-02
    .281625E-02
    .298693E-02
    .357168E-02
    .360517E-02
    .202517E-02
    .616698E-03
   -.240483E-03
   -.138526E-02
   -.260692E-02
   -.376885E-02
   -.431567E-02
   -.427234E-02
   -.447698E-02
   -.445596E-02
   -.425301E-02
   -.503903E-02
   -.678835E-02
   -.882779E-02
   -.105267E-01
   -.122473E-01
   -.142106E-01
   -.150622E-01
   -.142976E-01
   -.127173E-01
   -.114756E-01
   -.103041E-01
   -.802834E-02
   -.498270E-02
   -.275517E-02
   -.110082E-02
    .116843E-02
    .329289E-02
    .467675E-02
    .612224E-02
    .764127E-02
    .816530E-02
    .772767E-02
    .645612E-02
    .396947E-02
    .771265E-03
   -.219936E-02
   -.413440E-02
   -.536367E-02
   -.655997E-02
   -.716067E-02
   -.704045E-02
   -.686351E-02
   -.727103E-02
   -.803395E-02
   -.842615E-02
   -.876966E-02
   -.944543E-02
   -.101103E-01
   -.997286E-02
   -.931421E-02
   -.945439E-02
   -.962702E-02
   -.897806E-02
   -.795426E-02
   -.778895E-02
   -.859299E-02
   -.915906E-02
   -.966821E-02
   -.112129E-01
   -.131942E-01
   -.150306E-01
   -.175432E-01
   -.210016E-01
   -.242520E-01
   -.265190E-01
   -.282401E-01
   -.306649E-01
   -.336523E-01
   -.353837E-01
   -.359175E-01
   -.372128E-01
   -.385361E-01
   -.377446E-01
   -.357780E-01
   -.337064E-01
   -.310073E-01
   -.270701E-01
   -.223523E-01
   -.186847E-01
   -.165145E-01
   -.146289E-01
   -.132924E-01
   -.133554E-01
   -.136476E-01
   -.136020E-01
   -.142607E-01
   -.150637E-01
   -.154078E-01
   -.157847E-01
   -.163110E-01
   -.162701E-01
   -.153092E-01
   -.145715E-01
   -.141626E-01
   -.138381E-01
   -.136855E-01
   -.139221E-01
   -.145075E-01
   -.147976E-01
   -.145499E-01
   -.136501E-01
   -.123783E-01
   -.111848E-01
   -.944388E-02
   -.781462E-02
   -.691004E-02
   -.638841E-02
   -.599908E-02
   -.619082E-02
   -.659552E-02
   -.666364E-02
   -.648833E-02
   -.638479E-02
   -.670407E-02
   -.773662E-02
   -.888712E-02
   -.953198E-02
   -.997330E-02
   -.102519E-01
   -.105103E-01
   -.116813E-01
   -.139233E-01
   -.148523E-01
   -.140992E-01
   -.136141E-01
   -.142601E-01
   -.146469E-01
   -.138061E-01
   -.128446E-01
   -.123651E-01
   -.117198E-01
   -.106162E-01
   -.916482E-02
   -.866845E-02
   -.884818E-02
   -.808680E-02
   -.653271E-02
   -.523820E-02
   -.364045E-02
   -.142352E-02
    .143744E-02
    .503640E-02
    .832867E-02
    .104746E-01
    .122722E-01
    .140706E-01
    .157747E-01
    .177302E-01
    .193363E-01
    .194957E-01
    .179339E-01
    .151663E-01
    .120609E-01
    .888382E-02
    .507521E-02
    .894615E-03
   -.235064E-02
   -.431738E-02
   -.567252E-02
   -.607112E-02
   -.591222E-02
   -.540862E-02
   -.470092E-02
   -.382595E-02
   -.300340E-02
   -.174720E-02
    .412409E-03
    .302098E-02
    .571768E-02
    .738509E-02
    .819875E-02
    .924136E-02
    .104839E-01
    .108176E-01
    .990480E-02
    .881232E-02
    .798826E-02
    .733149E-02
    .634371E-02
    .507868E-02
    .441860E-02
    .469959E-02
    .532200E-02
    .511119E-02
    .444385E-02
    .423974E-02
    .419769E-02
    .375083E-02
    .376771E-02
    .403985E-02
    .330355E-02
    .186882E-02
    .925686E-03
   -.745966E-04
   -.205337E-02
   -.396474E-02
   -.469011E-02
   -.499799E-02
   -.551748E-02
   -.604859E-02
   -.574249E-02
   -.502836E-02
   -.454315E-02
   -.369417E-02
   -.193007E-02
    .709953E-03
    .349150E-02
    .547378E-02
    .677619E-02
    .827847E-02
    .106178E-01
    .131019E-01
    .145935E-01
    .156867E-01
    .166486E-01
    .171481E-01
    .167029E-01
    .157709E-01
    .147992E-01
    .133920E-01
    .113545E-01
    .118187E-01
    .141223E-01
    .157309E-01
    .168174E-01
    .184046E-01
    .196847E-01
    .204408E-01
    .211740E-01
    .215460E-01
    .211341E-01
    .203054E-01
    .202219E-01
    .208363E-01
    .215309E-01
    .217451E-01
    .214728E-01
    .210965E-01
    .204141E-01
    .190338E-01
    .181424E-01
    .177304E-01
    .170401E-01
    .152880E-01
    .126167E-01
    .111630E-01
    .104880E-01
    .888272E-02
    .736447E-02
    .662545E-02
    .543611E-02
    .377631E-02
    .206717E-02
    .112173E-02
    .110811E-02
    .162875E-02
    .256456E-02
    .292215E-02
    .182641E-02
    .740008E-03
    .978060E-03
    .196959E-02
    .240411E-02
    .189200E-02
    .934900E-03
    .412959E-03
    .119855E-03
   -.846969E-03
   -.243472E-02
   -.400281E-02
   -.504524E-02
   -.530933E-02
   -.511152E-02
   -.463107E-02
   -.354288E-02
   -.168164E-02
    .592847E-03
    .240587E-02
    .333100E-02
    .349264E-02
    .333277E-02
    .322646E-02
    .319457E-02
    .291754E-02
    .278140E-02
    .307849E-02
    .254354E-02
    .132362E-02
    .398985E-03
    .476110E-03
    .130023E-02
    .180988E-02
    .172255E-02
    .154458E-02
    .153531E-02
    .123209E-02
   -.142741E-03
   -.181074E-02
   -.230530E-02
   -.230949E-02
   -.249870E-02
   -.262872E-02
   -.288175E-02
   -.354821E-02
   -.428967E-02
   -.460644E-02
   -.417517E-02
   -.399806E-02
   -.491137E-02
   -.580851E-02
   -.547560E-02
   -.506380E-02
   -.591364E-02
   -.691609E-02
   -.661738E-02
   -.613148E-02
   -.660970E-02
   -.722580E-02
   -.782299E-02
   -.894544E-02
   -.936606E-02
   -.818290E-02
   -.684701E-02
   -.632592E-02
   -.546801E-02
   -.391817E-02
   -.221494E-02
   -.136527E-02
   -.141654E-02
   -.189291E-02
   -.255522E-02
   -.318697E-02
   -.382303E-02
   -.443314E-02
   -.501776E-02
   -.505395E-02
   -.488044E-02
   -.538346E-02
   -.612955E-02
   -.679499E-02
   -.670681E-02
   -.644389E-02
   -.692494E-02
   -.774664E-02
   -.807889E-02
   -.748566E-02
   -.649777E-02
   -.558926E-02
   -.481705E-02
   -.373097E-02
   -.254113E-02
   -.197468E-02
   -.169925E-02
   -.808023E-03
    .118587E-03
    .161442E-03
   -.659149E-03
   -.181246E-02
   -.186780E-02
   -.919451E-03
    .103496E-02
    .355344E-02
    .548014E-02
    .641964E-02
    .719556E-02
    .880327E-02
    .106741E-01
    .117818E-01
    .118616E-01
    .112078E-01
    .989959E-02
    .795365E-02
    .599828E-02
    .537925E-02
    .526761E-02
    .399934E-02
    .248405E-02
    .128853E-02
    .415222E-03
   -.146716E-04
   -.348455E-04
   -.944909E-03
   -.276690E-02
   -.316385E-02
   -.154818E-02
   -.267486E-03
   -.359462E-03
   -.764188E-03
   -.432139E-03
    .775302E-03
    .194903E-02
    .191114E-02
    .634693E-03
   -.628984E-03
   -.709545E-03
   -.465683E-03
   -.173376E-02
   -.417976E-02
   -.627001E-02
   -.754215E-02
   -.931839E-02
   -.117785E-01
   -.137862E-01
   -.156371E-01
   -.180979E-01
   -.196379E-01
   -.196604E-01
   -.196858E-01
   -.196213E-01
   -.191704E-01
   -.187062E-01
   -.178645E-01
   -.162424E-01
   -.147466E-01
   -.138396E-01
   -.134311E-01
   -.129880E-01
   -.121926E-01
   -.118611E-01
   -.121079E-01
   -.118517E-01
   -.112215E-01
   -.109170E-01
   -.109258E-01
   -.111747E-01
   -.119396E-01
   -.125458E-01
   -.117885E-01
   -.102762E-01
   -.955045E-02
   -.999126E-02
   -.114740E-01
   -.138041E-01
   -.156271E-01
   -.160931E-01
   -.162252E-01
   -.163837E-01
   -.173008E-01
   -.191614E-01
   -.202566E-01
   -.195975E-01
   -.188579E-01
   -.192480E-01
   -.196931E-01
   -.191473E-01
   -.179470E-01
   -.160515E-01
   -.157227E-01
   -.151788E-01
   -.143330E-01
   -.135239E-01
   -.121636E-01
   -.103377E-01
   -.876220E-02
   -.776098E-02
   -.587955E-02
   -.301638E-02
   -.985600E-03
   -.780238E-03
   -.858342E-03
    .128345E-02
    .481304E-02
    .718107E-02
    .843724E-02
    .974918E-02
    .120787E-01
    .151428E-01
    .175520E-01
    .184626E-01
    .192565E-01
    .210020E-01
    .222503E-01
    .221712E-01
    .215017E-01
    .207118E-01
    .199939E-01
    .190239E-01
    .178333E-01
    .169778E-01
    .163057E-01
    .160747E-01
    .167029E-01
    .173401E-01
    .175311E-01
    .181492E-01
    .190757E-01
    .191897E-01
    .190947E-01
    .192922E-01
    .193748E-01
    .189934E-01
    .181376E-01
    .174909E-01
    .173741E-01
    .174025E-01
    .170975E-01
    .164818E-01
    .162683E-01
    .160291E-01
    .155655E-01
    .150867E-01
    .147791E-01
    .152946E-01
    .157767E-01
    .159694E-01
    .160875E-01
    .162180E-01
    .166297E-01
    .171470E-01
    .176851E-01
    .181088E-01
    .185268E-01
    .188950E-01
    .192881E-01
    .194349E-01
    .191948E-01
    .188611E-01
    .187386E-01
    .191343E-01
    .199200E-01
    .205628E-01
    .211857E-01
    .212639E-01
    .205816E-01
    .198974E-01
    .195610E-01
    .192975E-01
    .187860E-01
    .178425E-01
    .169397E-01
    .164806E-01
    .161117E-01
    .154273E-01
    .151622E-01
    .157440E-01
    .163069E-01
    .164773E-01
    .165071E-01
    .166649E-01
    .167166E-01
    .166253E-01
    .171947E-01
    .183245E-01
    .190555E-01
    .190295E-01
    .187291E-01
    .181174E-01
    .173392E-01
    .169525E-01
    .163604E-01
    .150197E-01
    .135248E-01
    .119094E-01
    .998481E-02
    .788702E-02
    .603289E-02
    .439147E-02
    .248724E-02
    .118705E-02
    .764564E-03
    .605395E-03
    .508545E-03
   -.169677E-04
   -.422899E-03
   -.210930E-03
   -.542908E-03
   -.152059E-02
   -.208283E-02
   -.219649E-02
   -.262576E-02
   -.334296E-02
   -.390551E-02
   -.391163E-02
   -.362763E-02
   -.374759E-02
   -.452766E-02
   -.482233E-02
   -.433771E-02
   -.456143E-02
   -.529232E-02
   -.542593E-02
   -.545477E-02
   -.583898E-02
   -.617085E-02
   -.652540E-02
   -.721483E-02
   -.789918E-02
   -.857492E-02
   -.931730E-02
   -.100977E-01
   -.107320E-01
   -.111058E-01
   -.115472E-01
   -.120827E-01
   -.121067E-01
   -.115626E-01
   -.111136E-01
   -.110142E-01
   -.111788E-01
   -.114246E-01
   -.118555E-01
   -.123846E-01
   -.129739E-01
   -.138084E-01
   -.143390E-01
   -.142411E-01
   -.144471E-01
   -.150217E-01
   -.149979E-01
   -.143327E-01
   -.135318E-01
   -.130567E-01
   -.128516E-01
   -.123412E-01
   -.115616E-01
   -.109906E-01
   -.106588E-01
   -.102844E-01
   -.969177E-02
   -.913885E-02
   -.856128E-02
   -.793593E-02
   -.722904E-02
   -.626828E-02
   -.526111E-02
   -.431368E-02
   -.360746E-02
   -.330075E-02
   -.305463E-02
   -.266397E-02
   -.226184E-02
   -.206147E-02
   -.203171E-02
   -.211830E-02
   -.233596E-02
   -.227936E-02
   -.187157E-02
   -.131963E-02
   -.812151E-03
   -.565785E-03
   -.316545E-03
    .103091E-03
    .441584E-03
    .621045E-03
    .843495E-03
    .105654E-02
    .110786E-02
    .129354E-02
    .151671E-02
    .145748E-02
    .151270E-02
    .184639E-02
    .187616E-02
    .142071E-02
    .892123E-03
    .670253E-03
    .654867E-03
    .593353E-03
    .403530E-03
    .262748E-03
    .418993E-03
    .739437E-03
    .915109E-03
    .761178E-03
    .454213E-03
    .255471E-03
    .172715E-03
    .131201E-03
    .295663E-04
   -.263741E-03
   -.617867E-03
   -.839275E-03
   -.958215E-03
   -.108610E-02
   -.126539E-02
   -.136945E-02
   -.130649E-02
   -.121155E-02
   -.118771E-02
   -.119628E-02
   -.119618E-02
   -.119481E-02
   -.118591E-02
   -.112804E-02
   -.109149E-02
   -.114549E-02
   -.121139E-02
   -.123773E-02
   -.131073E-02
   -.144512E-02
   -.158124E-02
   -.167364E-02
   -.174649E-02
   -.181972E-02
   -.187772E-02
   -.192444E-02
   -.194134E-02
   -.194261E-02
   -.196031E-02
   -.199845E-02
   -.203744E-02
   -.205081E-02
   -.206767E-02
   -.210040E-02
   -.213652E-02
   -.217416E-02
   -.220182E-02
   -.222283E-02
   -.222900E-02
   -.221635E-02
   -.222030E-02
   -.224506E-02
   -.227104E-02
   -.230077E-02
   -.233420E-02
   -.235882E-02
   -.237265E-02
   -.238533E-02
   -.239307E-02
   -.238769E-02
   -.237069E-02
   -.234559E-02
   -.231443E-02
   -.228780E-02
   -.226602E-02
   -.223814E-02
   -.220119E-02
   -.216267E-02
   -.212302E-02
   -.208151E-02
   -.203899E-02
   -.199331E-02
   -.194596E-02
   -.189757E-02
   -.184792E-02
   -.179700E-02
   -.174562E-02
   -.169340E-02
   -.163951E-02
   -.158497E-02
   -.153040E-02
   -.147377E-02
   -.141465E-02
   -.135502E-02
   -.129482E-02
   -.123319E-02
   -.117029E-02
   -.110650E-02
   -.104194E-02
   -.976507E-03
   -.910108E-03
   -.842972E-03
   -.775187E-03
   -.706696E-03
   -.637557E-03
   -.567766E-03
   -.497312E-03
   -.426249E-03
   -.354609E-03
   -.282427E-03
   -.209751E-03
   -.136602E-03
   -.629987E-04
    .110304E-04
    .854595E-04
    .160264E-03
