    .0033899
    .0043172
    .0035175
    .0037088
    .0033349
    .0035247
    .0033134
    .0034621
    .0033135
    .0034377
    .0033330
    .0034558
    .0033997
    .0035369
    .0035218
    .0036493
    .0036085
    .0036673
    .0035746
    .0035834
    .0035029
    .0035270
    .0034195
    .0033953
    .0033199
    .0033824
    .0035057
    .0037465
    .0037302
    .0034764
    .0030497
    .0027087
    .0023405
    .0021595
    .0021014
    .0024403
    .0027665
    .0031879
    .0039156
    .0047016
    .0051297
    .0053859
    .0052458
    .0040003
    .0025035
    .0013918
    .0011575
    .0021822
    .0035869
    .0047724
    .0054464
    .0066223
    .0078860
    .0090405
    .0099923
    .0106096
    .0098201
    .0073722
    .0041083
    .0007049
   -.0009934
   -.0013064
   -.0021930
   -.0029515
   -.0038576
   -.0024448
    .0006230
    .0010895
   -.0002501
   -.0014299
    .0003924
    .0042050
    .0056379
    .0037824
   -.0002350
   -.0034610
   -.0030768
    .0011188
    .0072558
    .0127157
    .0148445
    .0131872
    .0102431
    .0090230
    .0097967
    .0110913
    .0122944
    .0149590
    .0209599
    .0314709
    .0427583
    .0439982
    .0325976
    .0134907
   -.0044012
   -.0102532
   -.0128881
   -.0197605
   -.0267553
   -.0307543
   -.0273295
   -.0138381
    .0011955
    .0083157
    .0059908
   -.0013672
   -.0109679
   -.0167639
   -.0168316
   -.0143107
   -.0135734
   -.0151203
   -.0159579
   -.0141921
   -.0111319
   -.0065948
    .0038158
    .0249321
    .0534821
    .0773203
    .0832349
    .0669501
    .0350624
   -.0018101
   -.0320958
   -.0446329
   -.0338571
   -.0055565
    .0244111
    .0407010
    .0374779
    .0199531
   -.0019178
   -.0210477
   -.0362704
   -.0510828
   -.0687228
   -.0880553
   -.1058132
   -.1178099
   -.1163620
   -.0935049
   -.0535778
   -.0123631
    .0160865
    .0297884
    .0356395
    .0394477
    .0403850
    .0369101
    .0303858
    .0214606
    .0073646
   -.0127190
   -.0314781
   -.0364317
   -.0212042
    .0090165
    .0400511
    .0602799
    .0674227
    .0652352
    .0552823
    .0376627
    .0111700
   -.0207128
   -.0462077
   -.0546684
   -.0333617
    .0028187
    .0325846
    .0305319
   -.0104924
   -.0602201
   -.0779157
   -.0459858
    .0187377
    .0796634
    .1004833
    .0725959
    .0194936
   -.0279566
   -.0492824
   -.0358263
    .0074043
    .0611586
    .1001471
    .1045298
    .0739263
    .0315424
    .0038083
    .0014395
    .0173960
    .0372398
    .0470115
    .0381126
    .0141571
   -.0115964
   -.0290548
   -.0357727
   -.0330298
   -.0242697
   -.0135907
   -.0060606
   -.0034737
    .0080087
    .0369978
    .0682475
    .0880964
    .0879007
    .0706330
    .0485533
    .0278953
    .0075431
   -.0151517
   -.0379478
   -.0563518
   -.0647271
   -.0576361
   -.0407045
   -.0331516
   -.0431054
   -.0588330
   -.0562879
   -.0224246
    .0259148
    .0626506
    .0742178
    .0683735
    .0685555
    .0831065
    .0947165
    .0809408
    .0331729
   -.0332174
   -.0867147
   -.0992716
   -.0675761
   -.0215486
   -.0046255
   -.0374789
   -.0951697
   -.1229248
   -.0830464
    .0112212
    .1037183
    .1417465
    .1209116
    .0887394
    .0816532
    .0921546
    .1053186
    .1208508
    .1379971
    .1449233
    .1239959
    .0634702
   -.0315486
   -.1350000
   -.2073873
   -.2104904
   -.1351511
   -.0260000
    .0484366
    .0598353
    .0324639
    .0111925
    .0303930
    .0787220
    .1076855
    .0827690
    .0102981
   -.0767621
   -.1397187
   -.1468326
   -.0963829
   -.0333971
   -.0043133
    .0110374
    .0221463
    .0397784
    .0742175
    .1021714
    .1046875
    .0760421
    .0202314
   -.0563240
   -.1373054
   -.1833309
   -.1553447
   -.0623429
    .0351502
    .0856487
    .0872774
    .0695337
    .0604852
    .0732463
    .1019016
    .1184956
    .1005815
    .0660235
    .0412880
    .0418083
    .0631490
    .0765912
    .0689985
    .0543760
    .0449113
    .0535525
    .0784042
    .0829939
    .0345743
   -.0576265
   -.1455770
   -.1690388
   -.0968189
    .0140917
    .0580564
    .0238166
   -.0118026
   -.0011379
    .0308182
    .0286998
    .0072937
    .0009326
    .0225429
    .0546283
    .0565314
    .0427814
    .0440175
    .0782243
    .1416247
    .1877139
    .1839810
    .1558652
    .1233247
    .1161658
    .1297158
    .1192369
    .0785826
    .0409136
    .0059205
    .0007097
    .0265288
    .0529655
    .0662005
    .0742409
    .0826901
    .0899862
    .1005451
    .1187456
    .1356247
    .1331184
    .0989979
    .0446675
    .0004023
   -.0086273
    .0200209
    .0721371
    .1281594
    .1764331
    .2136694
    .2329140
    .2250827
    .1923424
    .1444663
    .0866710
    .0206535
   -.0412966
   -.0772761
   -.0699823
   -.0238695
    .0416839
    .1136143
    .1824633
    .2300897
    .2392658
    .2093854
    .1555127
    .0930272
    .0314055
   -.0223850
   -.0585094
   -.0646316
   -.0344759
    .0243773
    .0928589
    .1465019
    .1678830
    .1570115
    .1269028
    .0881508
    .0438258
   -.0003839
   -.0291149
   -.0273555
   -.0011494
    .0277849
    .0446038
    .0336680
   -.0023955
   -.0302766
   -.0274183
   -.0053677
    .0161755
    .0244846
    .0065612
   -.0397402
   -.0981443
   -.1473415
   -.1757290
   -.1824468
   -.1720321
   -.1562516
   -.1564341
   -.1916450
   -.2626631
   -.3469574
   -.4251997
   -.4369694
   -.3987186
   -.3583768
   -.2808057
   -.2151682
   -.2204603
   -.2555125
   -.2908844
   -.3381902
   -.3442411
   -.3306322
   -.2898767
   -.2566247
   -.2199850
   -.1864251
   -.1583634
   -.1279694
   -.1096713
   -.0944967
   -.0640092
   -.0398123
   -.0330113
   -.0266952
   -.0160018
   -.0043442
    .0170444
    .0017893
    .0002561
   -.0106469
   -.0240783
   -.0244703
   -.0329098
   -.0487333
   -.0434088
   -.0260390
   -.0066993
    .0261694
    .0715666
    .1026887
    .1025078
    .0843833
    .0705814
    .0565856
    .0599651
    .0755114
    .0992274
    .0965266
    .0727139
   -.0039742
   -.0471944
   -.1244901
   -.2339870
   -.3263003
   -.4279171
   -.4855839
   -.5675414
   -.5788529
   -.5610889
   -.5093688
   -.4607350
   -.3347257
   -.2192836
   -.1741046
   -.1597628
   -.1922658
   -.2197442
   -.2387879
   -.2643230
   -.2149567
   -.1452078
   -.0885760
   -.0609069
   -.0411960
   -.0259790
   -.0059982
    .0285601
    .0718258
    .0957339
    .1067926
    .1280973
    .1036689
    .0723501
    .0077401
   -.0472347
   -.0777645
   -.0731442
   -.0821462
   -.1055312
   -.1463315
   -.1955512
   -.2036267
   -.2049185
   -.1735852
   -.0907140
   -.0128323
    .1149001
    .2154402
    .3163567
    .3816234
    .4162998
    .4674717
    .5516583
    .6120089
    .5394803
    .5571251
    .2991463
    .0021329
   -.1743141
   -.2966609
   -.2459553
   -.1181090
    .0508771
    .3947319
    .5241600
    .4304798
    .3516154
    .2710224
    .1892618
   -.0072589
   -.1661614
   -.1053853
    .0395958
    .1558918
    .3926255
    .2753668
    .1563135
   -.1176217
   -.1369064
   -.1409594
    .1445214
    .4730285
    .6383116
    .6952215
    .7391859
    .5395847
    .3062959
    .0247619
   -.2135838
   -.3350474
   -.4129018
   -.4063317
   -.5144264
   -.6131144
   -.6207042
   -.6389570
   -.5485808
   -.4722699
   -.3432357
   -.2063878
   -.0479416
    .1622303
    .3643685
    .4544639
    .4980606
    .5290274
    .5335125
    .4782275
    .3853905
    .3152662
    .2364765
    .2027949
    .1964738
    .1826152
    .1781377
    .1325155
    .0847218
    .0266165
   -.0175532
   -.0422646
   -.0753889
   -.0922770
   -.0868939
   -.0875226
   -.0780599
   -.0528309
   -.0196662
   -.0499009
   -.0630626
   -.0753943
   -.1199722
   -.1041391
   -.0643332
    .0374142
    .1576596
    .1953090
    .2126731
    .2030291
    .1985641
    .1664581
    .1321747
    .0840072
   -.0187192
   -.0547063
   -.1124728
   -.1732499
   -.2021320
   -.2433638
   -.2704013
   -.2863816
   -.2793543
   -.2444488
   -.2144030
   -.1838756
   -.1122346
   -.0615390
   -.1026905
   -.1198289
   -.1208950
   -.1188650
   -.0746938
   -.0512622
   -.0138776
    .0026333
    .0241292
    .0313052
    .0301514
    .0445456
    .0331684
    .0337026
    .0338789
    .0676119
    .0738495
    .0720074
    .0639315
    .0783491
    .0486691
    .0032619
   -.0301883
   -.0765039
   -.0843984
   -.1049139
   -.0850027
   -.0500604
   -.0059521
    .0338017
    .0719627
    .1031361
    .1332294
    .1645364
    .2005486
    .2366378
    .2753770
    .3346073
    .4105687
    .4843269
    .5297982
    .5456350
    .5545429
    .5147915
    .5112577
    .4590295
    .3786340
    .2737008
    .2809481
    .3058668
    .3381828
    .3517324
    .3357200
    .3196194
    .2700763
    .2916137
    .3412043
    .3790846
    .3830877
    .4264653
    .2268563
    .1866343
    .1331240
    .0540315
   -.0221565
   -.0657241
   -.0191092
    .0208349
    .1219213
    .2396114
    .4418127
    .6628179
    .7601899
    .6140180
    .3618766
    .1840062
   -.2506917
   -.5306000
   -.6103085
   -.6866721
   -.6631889
   -.5821687
   -.4741559
   -.4785132
   -.5584426
   -.5288609
   -.5243144
   -.3812393
   -.1562449
    .1615292
    .2190822
    .2053663
    .1473788
   -.0238172
   -.1364103
   -.2081709
   -.2619440
   -.3064822
   -.2813045
   -.2381022
   -.1387976
   -.0397664
    .0454975
    .1188356
    .2669825
    .3201825
    .3426116
    .3469962
    .2754739
    .1732683
    .0713041
    .0180757
   -.1746642
   -.2763759
   -.3754820
   -.4355718
   -.4911809
   -.5009791
   -.4938198
   -.4519799
   -.3688667
   -.2940246
   -.2309646
   -.1513509
   -.0745370
   -.0414957
   -.0227307
    .0193445
    .0247234
    .0379184
    .0739310
    .0983466
    .1192499
    .1033159
    .0492802
    .0017187
   -.0574593
   -.0543750
   -.0389855
   -.0407094
   -.0470752
   -.0519884
   -.0534899
   -.0628268
   -.0585291
   -.0797748
   -.1256270
   -.0687273
   -.0910100
   -.0325750
   -.0004466
    .1433422
    .2693010
    .2654941
    .2355956
    .0400893
   -.1608241
   -.1681598
   -.0150872
    .2539298
    .2790456
    .2303274
    .1561011
   -.0280266
   -.1619712
   -.2452866
   -.2805568
   -.1901584
   -.1333740
   -.0807721
    .0380701
    .0466557
   -.0123291
   -.0244694
   -.0876926
   -.0493790
    .0545852
    .1608274
    .2644622
    .3121053
    .3206714
    .3244147
    .3395611
    .3118675
    .2908805
    .2798963
    .2374191
    .1999617
    .1872159
    .1480578
    .1053145
    .0559368
    .0220057
   -.0222453
   -.0626211
   -.0767600
   -.0407624
   -.0454416
   -.0243325
   -.0018224
    .0018820
   -.0177419
   -.0456405
   -.0797058
   -.1010874
   -.1191024
   -.1278133
   -.1125461
   -.1123132
   -.1061005
   -.1227063
   -.1471417
   -.1753499
   -.1881667
   -.1913811
   -.1933500
   -.1391836
   -.0861944
   -.0446949
   -.0227277
   -.0031098
    .0096011
    .0093666
   -.0154174
   -.0495257
   -.1105419
   -.1572963
   -.1848801
   -.1943354
   -.2446584
   -.2728677
   -.3024089
   -.2825187
   -.2659086
   -.2485931
   -.2209849
   -.1776959
   -.0865417
   -.0615356
   -.0256582
    .0116349
    .0183575
    .0251780
   -.0486912
   -.0756116
   -.1068459
   -.1447586
   -.1551334
   -.1555937
   -.1007347
   -.0090031
    .0320769
    .0768206
    .1052109
    .1268033
    .1444244
    .1409045
    .0852807
    .0424650
    .0220786
    .0097016
    .0486586
    .1080047
    .1000592
    .0320959
    .0175793
   -.0121985
   -.0393398
   -.0074965
    .0619699
    .1560517
    .2268423
    .2477259
    .2149489
    .1122092
    .0988110
    .0836565
    .0825742
    .1419675
    .2651609
    .3363032
    .3332023
    .3221508
    .2663123
    .1112399
   -.0122560
   -.0966759
   -.1147534
   -.1096848
   -.0888787
    .0573721
    .1637570
    .2201024
    .2816794
    .2874601
    .2795730
    .2197314
    .0984072
   -.0716469
   -.1534569
   -.1640354
   -.0535492
    .0855093
    .2274875
    .2383018
    .1686335
    .1227489
   -.0490815
   -.1124873
   -.0896905
   -.0442251
    .0232165
    .1699558
    .2078710
    .1776472
    .1183469
   -.0375890
   -.1704597
   -.1833143
   -.1014220
    .0163555
    .0592496
    .1232440
    .1080821
    .0652282
    .0476750
    .0270882
    .0217037
    .0023941
   -.0137198
   -.0084947
    .0240088
    .0564563
    .0518496
    .0719577
    .0836864
    .0742638
    .0711561
    .0632912
    .0659290
    .0992838
    .1299340
    .1361721
    .1338695
    .1199132
    .0944617
    .0555180
    .0086041
   -.0174660
   -.0144394
    .0190425
    .0581862
    .0855533
    .0750211
    .0516150
   -.0173022
   -.0019069
    .0177984
    .0453248
    .0847156
    .1544166
    .1971724
    .2126722
    .2201965
    .1808298
    .1336193
    .0433966
   -.0138421
   -.0548032
   -.0380971
   -.0129701
   -.0072851
    .0149622
    .0247251
   -.0088858
   -.0484904
   -.0356094
   -.0265022
   -.0078366
    .0079444
    .0314649
    .0361941
    .0093392
   -.0890552
   -.1304573
   -.1697094
   -.2060061
   -.2251575
   -.2248690
   -.1498998
   -.0747961
   -.0095639
    .0335305
    .0596674
    .0702878
    .0635829
    .0386720
    .0149126
   -.0478545
   -.0740398
   -.1714642
   -.2336797
   -.2406661
   -.2779228
   -.2750209
   -.2547673
   -.2751996
   -.2736288
   -.2264054
   -.2175923
   -.1284655
   -.1121305
   -.1182104
   -.1103542
   -.1018509
   -.0924011
   -.0831931
   -.0761149
   -.0728728
   -.0744643
   -.0787066
   -.0822919
   -.0867638
   -.0946381
   -.1032677
   -.1066567
   -.1020545
   -.0897228
   -.0687119
   -.0344199
    .0163133
    .0732104
    .1164530
    .1249975
    .0854575
    .0072565
   -.0782481
   -.1331255
   -.1462134
   -.1412105
   -.1439273
   -.1476733
   -.1425932
   -.1308996
   -.1182474
   -.1117666
   -.1132766
   -.1213978
   -.1358918
   -.1515421
   -.1564784
   -.1430596
   -.1169957
   -.0926492
   -.0791832
   -.0731600
   -.0674837
   -.0606548
   -.0536301
   -.0437257
   -.0292885
   -.0156014
   -.0086594
   -.0029074
    .0071262
    .0243217
    .0401022
    .0489080
    .0583344
    .0804376
    .1112049
    .1350037
    .1474863
    .1539411
    .1599333
    .1630544
    .1612859
    .1570752
    .1499390
    .1359458
    .1137496
    .0883681
    .0662951
    .0501527
    .0403305
    .0355565
    .0343686
    .0359649
    .0401804
    .0470588
    .0569283
    .0688335
    .0794070
    .0850150
    .0860323
    .0861207
    .0863287
    .0849553
    .0828718
    .0816893
    .0813867
    .0807713
    .0792391
    .0761273
    .0702232
    .0614123
    .0509187
    .0394325
    .0278431
    .0177879
    .0102495
    .0051832
    .0023255
    .0015945
    .0038504
    .0111478
    .0243106
    .0404015
    .0534490
    .0605722
    .0633790
    .0635930
    .0626819
    .0607244
    .0570289
    .0519322
    .0470454
    .0444213
    .0448078
    .0468156
    .0489799
    .0508319
    .0508778
    .0475020
    .0406452
    .0308889
    .0182754
    .0036277
   -.0112766
   -.0255593
   -.0403739
   -.0555059
   -.0669941
   -.0720338
   -.0736003
   -.0771534
   -.0806517
   -.0829306
   -.0841905
   -.0859810
   -.0868173
   -.0832250
   -.0709041
   -.0526354
   -.0354049
   -.0247435
   -.0225244
   -.0250940
   -.0274714
   -.0285220
   -.0290415
   -.0294084
   -.0297851
   -.0300083
   -.0299410
   -.0292354
   -.0277656
   -.0255060
   -.0224531
   -.0187645
   -.0150778
   -.0117776
   -.0088968
   -.0061927
   -.0038850
   -.0020683
   -.0004797
    .0015239
    .0042675
    .0072709
    .0097846
    .0114911
    .0120154
    .0107845
    .0079882
    .0044359
   -.0001195
   -.0066795
   -.0163558
   -.0305406
   -.0479268
   -.0626948
   -.0703455
   -.0716039
   -.0690375
   -.0643331
   -.0582264
   -.0510537
   -.0414431
   -.0274238
   -.0068873
    .0169481
    .0360070
    .0458775
    .0489492
    .0487662
    .0460239
    .0402110
    .0308642
    .0184237
    .0047097
   -.0085031
   -.0207361
   -.0328247
   -.0453845
   -.0576643
   -.0668462
   -.0709191
   -.0710992
   -.0703047
   -.0686850
   -.0640727
   -.0555149
   -.0420813
   -.0228148
    .0013336
    .0270434
    .0502120
    .0673315
    .0767490
    .0799999
    .0800948
    .0785322
    .0759354
    .0717209
    .0656725
    .0589414
    .0518694
    .0436691
    .0336735
    .0221834
    .0081094
   -.0091225
   -.0288968
   -.0501008
   -.0695174
   -.0834380
   -.0905278
   -.0918873
   -.0887801
   -.0820036
   -.0736367
   -.0644189
   -.0538920
   -.0408587
   -.0243714
   -.0054073
    .0136512
    .0303734
    .0430428
    .0519356
    .0577069
    .0607740
    .0620138
    .0617212
    .0547293
    .0545114
    .0461096
    .0345593
    .0213420
    .0063916
   -.0104643
   -.0287051
   -.0467680
   -.0620046
   -.0721077
   -.0758656
   -.0734237
   -.0653743
   -.0518145
   -.0354928
   -.0216248
   -.0137333
   -.0121593
   -.0148478
   -.0181468
   -.0186667
   -.0142510
   -.0034918
    .0140286
    .0354363
    .0543349
    .0660148
    .0683106
    .0643167
    .0590531
    .0565163
    .0593674
    .0665012
    .0747156
    .0815006
    .0855543
    .0858039
    .0831468
    .0810874
    .0831084
    .0901099
    .0989012
    .1050032
    .1055746
    .0952809
    .0668947
    .0211199
   -.0310672
   -.0757012
   -.1032127
   -.1124954
   -.1103568
   -.1051645
   -.1021826
   -.1033157
   -.1073473
   -.1111266
   -.1108437
   -.1041395
   -.0911161
   -.0743592
   -.0571967
   -.0425882
   -.0321467
   -.0242144
   -.0157553
   -.0059767
    .0050635
    .0173068
    .0297637
    .0401149
    .0458540
    .0463743
    .0428878
    .0372240
    .0313592
    .0272197
    .0261371
    .0277554
    .0309050
    .0340184
    .0352814
    .0340144
    .0309701
    .0274969
    .0253854
    .0257884
    .0283818
    .0325893
    .0373013
    .0418041
    .0451621
    .0457884
    .0431327
    .0384810
    .0325982
    .0249789
    .0153065
    .0026960
   -.0132574
   -.0312782
   -.0484004
   -.0607420
   -.0658513
   -.0640174
   -.0572301
   -.0480950
   -.0401540
   -.0365338
   -.0372499
   -.0391726
   -.0397174
   -.0386144
   -.0365158
   -.0336006
   -.0304364
   -.0289030
   -.0309251
   -.0367558
   -.0454902
   -.0552462
   -.0643177
   -.0715451
   -.0769349
   -.0814224
   -.0855283
   -.0884789
   -.0893935
   -.0871718
   -.0814347
   -.0728068
   -.0611933
   -.0466929
   -.0307198
   -.0159584
   -.0044322
    .0037372
    .0095027
    .0140744
    .0181672
    .0219286
    .0256804
    .0291154
    .0318058
    .0348140
    .0383356
    .0411036
    .0426718
    .0439977
    .0449462
    .0455259
    .0455583
    .0453369
    .0450754
    .0446098
    .0449621
    .0468736
    .0479588
    .0491350
    .0473589
    .0431189
    .0378151
    .0319668
    .0263096
    .0214466
    .0176839
    .0149454
    .0128444
    .0114549
    .0102536
    .0088148
    .0074948
    .0071035
    .0085279
    .0132658
    .0222809
    .0351462
    .0499764
    .0637928
    .0740086
    .0799568
    .0817720
    .0798558
    .0740500
    .0631046
    .0459018
    .0238861
    .0018657
   -.0148738
   -.0235929
   -.0230566
   -.0131042
    .0036320
    .0224853
    .0389449
    .0494803
    .0544635
    .0576634
    .0613879
    .0645630
    .0660495
    .0659339
    .0641949
    .0602615
    .0545980
    .0476652
    .0388999
    .0285273
    .0188920
    .0125841
    .0103676
    .0109877
    .0129228
    .0147859
    .0166049
    .0182107
    .0176962
    .0141919
    .0096324
    .0066490
    .0068280
    .0098023
    .0145795
    .0196315
    .0229845
    .0234847
    .0203475
    .0148043
    .0085619
    .0020985
   -.0044617
   -.0089971
   -.0107401
   -.0112514
   -.0117345
   -.0133732
   -.0121640
   -.0108910
   -.0102355
   -.0101612
   -.0102991
   -.0101089
   -.0094291
   -.0078182
   -.0047884
   -.0002951
    .0067087
    .0164634
    .0271570
    .0361661
    .0415561
    .0435919
    .0435501
    .0428515
    .0421969
    .0417198
    .0412172
    .0401998
    .0386459
    .0361373
    .0320143
    .0261181
    .0190262
    .0108485
    .0007008
   -.0103734
   -.0209501
   -.0303749
   -.0390976
   -.0480335
   -.0574062
   -.0665749
   -.0743312
   -.0804758
   -.0841903
   -.0850585
   -.0834750
   -.0782146
   -.0683699
   -.0554285
   -.0416791
   -.0294712
   -.0198456
   -.0118519
   -.0057662
   -.0016156
    .0010726
    .0020564
    .0017565
    .0003534
   -.0026419
   -.0064447
   -.0093427
   -.0098117
   -.0077465
   -.0036074
    .0013171
    .0065184
    .0116698
    .0161521
    .0196191
    .0217943
    .0230040
    .0236815
    .0233534
    .0217471
    .0191234
    .0165000
    .0140611
    .0115245
    .0094590
    .0084383
    .0089099
    .0109604
    .0140710
    .0170008
    .0197167
    .0227425
    .0256715
    .0280309
    .0300440
    .0324378
    .0353640
    .0380281
    .0393578
    .0387125
    .0366058
    .0343222
    .0325609
    .0314568
    .0305462
    .0295259
    .0285504
    .0274959
    .0263283
    .0253348
    .0243958
    .0234089
    .0227604
    .0225827
    .0231724
    .0252062
    .0279517
    .0300971
    .0311855
    .0306756
    .0284755
    .0255965
    .0229192
    .0204681
    .0179927
    .0158106
    .0153810
    .0169055
    .0184716
    .0209500
    .0225872
    .0242213
    .0261409
    .0282206
    .0309649
    .0350169
    .0402792
    .0462230
    .0523224
    .0584009
    .0646251
    .0708060
    .0766778
    .0825074
    .0881051
    .0925034
    .0945415
    .0939162
    .0911794
    .0855040
    .0752874
    .0604552
    .0420387
    .0229712
    .0065770
   -.0058053
   -.0143489
   -.0202056
   -.0238249
   -.0250821
   -.0245722
   -.0221269
   -.0175288
   -.0120273
   -.0069780
   -.0025143
    .0025922
    .0080323
    .0118124
    .0126203
    .0110234
    .0104071
    .0125739
    .0141884
    .0133726
    .0104424
    .0066830
    .0030964
   -.0006156
   -.0042815
   -.0062668
   -.0062683
   -.0058283
   -.0056239
   -.0060108
   -.0066813
   -.0077033
   -.0083232
   -.0078121
   -.0070900
   -.0069246
   -.0074981
   -.0092565
   -.0123592
   -.0166341
   -.0198962
   -.0218244
   -.0233263
   -.0251597
   -.0277199
   -.0285176
   -.0279623
   -.0275179
   -.0278006
   -.0289755
   -.0310986
   -.0334325
   -.0346133
   -.0339179
   -.0316023
   -.0281889
   -.0244006
   -.0214392
   -.0201689
   -.0203263
   -.0208969
   -.0209995
   -.0204992
   -.0195880
   -.0191644
   -.0202243
   -.0228615
   -.0265507
   -.0311563
   -.0365474
   -.0426212
   -.0483498
   -.0518212
   -.0534508
   -.0538046
   -.0542139
   -.0516065
   -.0466437
   -.0416488
   -.0378733
   -.0353188
   -.0336262
   -.0327721
   -.0329420
   -.0332734
   -.0334137
   -.0335376
   -.0336931
   -.0336337
   -.0314772
   -.0278078
   -.0236086
   -.0203578
   -.0190693
   -.0163693
   -.0127262
   -.0089978
   -.0062166
   -.0035429
   -.0001388
    .0039923
    .0076293
    .0111043
    .0137207
    .0162154
    .0205321
    .0251335
    .0298168
    .0339543
    .0384155
    .0430846
    .0472227
    .0506322
    .0533762
    .0552577
    .0559647
    .0559510
    .0543991
    .0513097
    .0477798
    .0448210
    .0425719
    .0406235
    .0392394
    .0385626
    .0377176
    .0366225
    .0359163
    .0352945
    .0345647
    .0340034
    .0333870
    .0324707
    .0330083
    .0343733
    .0353678
    .0345122
    .0334562
    .0323671
    .0299962
    .0256537
    .0213841
    .0187717
    .0176985
    .0177490
    .0183089
    .0187212
    .0182602
    .0165155
    .0132416
    .0090613
    .0045216
   -.0000788
   -.0043539
   -.0085685
   -.0126327
   -.0153271
   -.0158162
   -.0143086
   -.0120793
   -.0105358
   -.0101978
   -.0106402
   -.0107927
   -.0103590
   -.0094080
   -.0072735
   -.0036079
    .0003782
    .0037697
    .0068428
    .0094243
    .0109020
    .0109059
    .0097810
    .0075391
    .0045486
    .0013155
   -.0020073
   -.0049589
   -.0069356
   -.0074889
   -.0064912
   -.0045299
   -.0022352
    .0001223
    .0016427
    .0014852
    .0001661
   -.0009090
   -.0011100
   -.0007052
    .0003292
    .0027687
    .0069422
    .0116078
    .0155168
    .0182218
    .0194743
    .0189241
    .0165847
    .0133202
    .0096562
    .0052926
    .0003473
   -.0042442
   -.0077503
   -.0099726
   -.0108670
   -.0104633
   -.0090116
   -.0069588
   -.0045902
   -.0021130
    .0003904
    .0032305
    .0062606
    .0086184
    .0093113
    .0087967
    .0079554
    .0072827
    .0072851
    .0082588
    .0098143
    .0110074
    .0109515
    .0089871
    .0055994
    .0024081
    .0004780
   -.0005960
   -.0018386
   -.0034306
   -.0054990
   -.0085687
   -.0117635
   -.0133052
   -.0126921
   -.0110171
   -.0090917
   -.0070961
   -.0048875
   -.0029656
   -.0013634
    .0011958
    .0049514
    .0091997
    .0137353
    .0178605
    .0193666
    .0175052
    .0136875
    .0086724
    .0029838
   -.0022367
   -.0064383
   -.0094944
   -.0102938
   -.0091600
   -.0076774
   -.0058529
   -.0031706
    .0000321
    .0033775
    .0072486
    .0117392
    .0161128
    .0195674
    .0222131
    .0243203
    .0254663
    .0259367
    .0254858
    .0238669
    .0219585
    .0205226
    .0198691
    .0198447
    .0202169
    .0210473
    .0217115
    .0212211
    .0194109
    .0165321
    .0131713
    .0100317
    .0078143
    .0070228
    .0072524
    .0083633
    .0102161
    .0123044
    .0141827
    .0157671
    .0168981
    .0177251
    .0182876
    .0183629
    .0179513
    .0178521
    .0189195
    .0207773
    .0229027
    .0253503
    .0281598
    .0312643
    .0342809
    .0368063
    .0383784
    .0385953
    .0369991
    .0341189
    .0301249
    .0240071
    .0162470
    .0081621
    .0002011
   -.0066921
   -.0115862
   -.0151832
   -.0183654
   -.0209187
   -.0226346
   -.0225378
   -.0203906
   -.0172673
   -.0139098
   -.0101532
   -.0059714
   -.0017460
    .0026442
    .0070527
    .0108288
    .0141129
    .0166181
    .0172865
    .0160022
    .0136671
    .0112195
    .0091552
    .0072878
    .0050411
    .0025500
    .0006400
   -.0007672
   -.0026045
   -.0050220
   -.0071998
   -.0084885
   -.0088181
   -.0084020
   -.0072547
   -.0056748
   -.0041397
   -.0026953
   -.0014814
   -.0011545
   -.0018870
   -.0034383
   -.0056943
   -.0084451
   -.0110981
   -.0137401
   -.0165342
   -.0193489
   -.0205439
   -.0199864
   -.0204127
   -.0207485
   -.0203551
   -.0187307
   -.0160479
   -.0138170
   -.0121235
   -.0107560
   -.0095239
   -.0092184
   -.0106378
   -.0135960
   -.0174276
   -.0214340
   -.0253527
   -.0293155
   -.0331818
   -.0366139
   -.0382616
   -.0370987
   -.0339085
   -.0302256
   -.0262535
   -.0215420
   -.0169782
   -.0132360
   -.0100888
   -.0075860
   -.0056686
   -.0043412
   -.0037867
   -.0036845
   -.0039655
   -.0046171
   -.0052264
   -.0057252
   -.0060340
   -.0061256
   -.0069527
   -.0075550
   -.0076282
   -.0065354
   -.0049474
   -.0033355
   -.0034352
   -.0046213
   -.0057141
   -.0057215
   -.0053315
   -.0050965
   -.0044176
   -.0029113
   -.0008582
    .0016042
    .0042877
    .0077681
    .0115711
    .0150360
    .0178525
    .0204288
    .0231610
    .0249247
    .0251378
    .0247695
    .0239460
    .0223957
    .0201121
    .0167420
    .0124764
    .0087584
    .0062056
    .0042830
    .0025218
    .0010767
    .0005227
    .0008463
    .0015829
    .0024269
    .0036904
    .0050349
    .0054279
    .0053021
    .0060440
    .0078036
    .0089116
    .0085266
    .0075048
    .0068288
    .0058882
    .0038992
    .0012883
   -.0002669
   -.0012143
   -.0021735
   -.0028514
   -.0024577
   -.0016392
   -.0009862
    .0002663
    .0034398
    .0069314
    .0092838
    .0127073
    .0171622
    .0215331
    .0245102
    .0270833
    .0307547
    .0347297
    .0382002
    .0408269
    .0427027
    .0434753
    .0432814
    .0423449
    .0407009
    .0385165
    .0361733
    .0335099
    .0303359
    .0265196
    .0222811
    .0181567
    .0149107
    .0132530
    .0132300
    .0140245
    .0150431
    .0161749
    .0172325
    .0181348
    .0188083
    .0187021
    .0173518
    .0148622
    .0118631
    .0083015
    .0040738
   -.0005667
   -.0051662
   -.0093887
   -.0126744
   -.0150798
   -.0169002
   -.0175087
   -.0163620
   -.0135806
   -.0102455
   -.0074888
   -.0050876
   -.0024166
    .0006674
    .0034996
    .0053967
    .0066631
    .0084334
    .0101625
    .0108413
    .0106609
    .0101009
    .0094043
    .0084920
    .0073406
    .0062037
    .0052486
    .0038934
    .0018912
    .0003648
    .0000391
    .0004558
    .0011463
    .0020748
    .0031822
    .0043851
    .0058327
    .0073581
    .0083301
    .0084661
    .0079926
    .0070125
    .0061402
    .0062258
    .0069342
    .0078396
    .0097226
    .0129147
    .0163371
    .0190019
    .0213445
    .0236610
    .0254090
    .0260438
    .0256235
    .0250538
    .0253741
    .0262786
    .0273330
    .0290425
    .0307389
    .0309013
    .0288616
    .0249637
    .0207896
    .0177177
    .0147934
    .0109305
    .0068552
    .0039433
    .0017816
   -.0006926
   -.0041700
   -.0085746
   -.0127529
   -.0161010
   -.0195109
   -.0234306
   -.0267683
   -.0290114
   -.0310705
   -.0326862
   -.0328960
   -.0322627
   -.0315271
   -.0302417
   -.0280839
   -.0249130
   -.0218657
   -.0191887
   -.0167890
   -.0126697
   -.0067078
   -.0047780
   -.0070030
   -.0102244
   -.0112301
   -.0104804
   -.0110551
   -.0131607
   -.0160356
   -.0191212
   -.0222552
   -.0253960
   -.0280566
   -.0297131
   -.0299047
   -.0282347
   -.0249947
   -.0209246
   -.0168979
   -.0130240
   -.0094538
   -.0064944
   -.0040635
   -.0019945
   -.0000565
    .0017616
    .0036165
    .0053985
    .0068709
    .0083136
    .0103313
    .0124995
    .0147999
    .0155198
    .0160857
    .0180086
    .0192798
    .0196723
    .0186778
    .0184454
    .0181305
    .0174475
    .0162751
    .0146488
    .0131802
    .0122430
    .0118910
    .0126498
    .0142302
    .0160363
    .0177295
    .0194074
    .0211914
    .0230544
    .0256180
    .0282293
    .0294703
    .0288959
    .0283937
    .0283267
    .0277603
    .0260018
    .0234397
    .0221507
    .0218474
    .0219375
    .0217479
    .0218065
    .0223328
    .0226682
    .0227892
    .0224059
    .0210205
    .0196442
    .0192733
    .0188807
    .0169966
    .0138201
    .0115158
    .0099969
    .0081473
    .0054405
    .0031642
    .0013003
   -.0008419
   -.0031381
   -.0036830
   -.0032813
   -.0031918
   -.0025208
   -.0010159
    .0007311
    .0023371
    .0045795
    .0067229
    .0079710
    .0079621
    .0074134
    .0073931
    .0077100
    .0073012
    .0068253
    .0065042
    .0068053
    .0068690
    .0059244
    .0055018
    .0066955
    .0079102
    .0094706
    .0121981
    .0152083
    .0177817
    .0191967
    .0197995
    .0202840
    .0203477
    .0197748
    .0183861
    .0165187
    .0147041
    .0133127
    .0122771
    .0105358
    .0083791
    .0071578
    .0057238
    .0040058
    .0035476
    .0035050
    .0035503
    .0037929
    .0046636
    .0060810
    .0076184
    .0090138
    .0100898
    .0104417
    .0098299
    .0088587
    .0081152
    .0077911
    .0078872
    .0082152
    .0082012
    .0069738
    .0047870
    .0028077
    .0021971
    .0018936
    .0001523
   -.0015978
   -.0010239
    .0006489
    .0004982
   -.0004846
    .0002128
    .0026875
    .0050566
    .0062442
    .0066967
    .0073519
    .0081653
    .0077734
    .0061502
    .0048603
    .0039709
    .0027710
    .0014640
    .0004041
    .0000617
   -.0001543
   -.0004876
   -.0004442
   -.0001479
   -.0009148
   -.0026790
   -.0045761
   -.0061987
   -.0080450
   -.0099722
   -.0107808
   -.0098927
   -.0084710
   -.0074150
   -.0062073
   -.0037195
   -.0008120
    .0011824
    .0030522
    .0055198
    .0075985
    .0090522
    .0103886
    .0118511
    .0124047
    .0118862
    .0103081
    .0076091
    .0044631
    .0018128
    .0001011
   -.0010682
   -.0021289
   -.0025899
   -.0025690
   -.0027296
   -.0032270
   -.0037927
   -.0040650
   -.0045183
   -.0053340
   -.0059746
   -.0055934
   -.0050404
   -.0052862
   -.0054780
   -.0047583
   -.0038306
   -.0039056
   -.0045392
   -.0047947
   -.0053940
   -.0069780
   -.0089244
   -.0106575
   -.0132350
   -.0166972
   -.0199157
   -.0220493
   -.0239508
   -.0266978
   -.0295759
   -.0309668
   -.0316019
   -.0332074
   -.0343092
   -.0333346
   -.0314381
   -.0294494
   -.0267239
   -.0224943
   -.0177823
   -.0144841
   -.0122029
   -.0101339
   -.0090344
   -.0091278
   -.0093211
   -.0093071
   -.0101339
   -.0109727
   -.0110998
   -.0115918
   -.0120611
   -.0121545
   -.0112375
   -.0103686
   -.0098854
   -.0096197
   -.0096454
   -.0100781
   -.0106590
   -.0108960
   -.0105518
   -.0094744
   -.0079724
   -.0066259
   -.0050096
   -.0036106
   -.0027819
   -.0023321
   -.0021298
   -.0023015
   -.0024429
   -.0022621
   -.0019501
   -.0019205
   -.0024771
   -.0036402
   -.0047153
   -.0052564
   -.0054740
   -.0055552
   -.0060895
   -.0077580
   -.0097864
   -.0103443
   -.0094784
   -.0094430
   -.0101408
   -.0102046
   -.0092233
   -.0086057
   -.0081571
   -.0074769
   -.0061862
   -.0047804
   -.0045481
   -.0045395
   -.0035957
   -.0021523
   -.0008954
    .0006724
    .0029411
    .0060883
    .0095751
    .0125008
    .0146983
    .0165005
    .0183931
    .0205659
    .0229129
    .0245518
    .0244924
    .0225877
    .0194508
    .0159016
    .0121847
    .0081474
    .0042913
    .0014590
   -.0003548
   -.0014588
   -.0016476
   -.0013539
   -.0009128
   -.0004537
    .0004087
    .0012365
    .0025191
    .0048634
    .0077885
    .0102371
    .0114843
    .0124969
    .0135523
    .0148647
    .0149696
    .0139512
    .0129047
    .0121188
    .0111603
    .0102881
    .0093579
    .0087273
    .0090553
    .0094246
    .0090100
    .0085846
    .0088433
    .0086027
    .0082958
    .0083466
    .0084643
    .0074583
    .0060475
    .0052410
    .0041993
    .0022475
    .0004738
   -.0001843
   -.0007082
   -.0014977
   -.0019647
   -.0014941
   -.0008228
   -.0004403
    .0003825
    .0021547
    .0049795
    .0076471
    .0093338
    .0108282
    .0125814
    .0152724
    .0174608
    .0188792
    .0198780
    .0207415
    .0213168
    .0208708
    .0197681
    .0183977
    .0166612
    .0153285
    .0159858
    .0180300
    .0197547
    .0211413
    .0227526
    .0238799
    .0245479
    .0250680
    .0251028
    .0244370
    .0237263
    .0240934
    .0250966
    .0252761
    .0254682
    .0255639
    .0254386
    .0248035
    .0232320
    .0224839
    .0220977
    .0212687
    .0192744
    .0168243
    .0156692
    .0148566
    .0131072
    .0116482
    .0108803
    .0097433
    .0079737
    .0061638
    .0054803
    .0056393
    .0063002
    .0070487
    .0068855
    .0055056
    .0045942
    .0055413
    .0059882
    .0060826
    .0057054
    .0050891
    .0048583
    .0045168
    .0034142
    .0016977
    .0000374
   -.0009937
   -.0012206
   -.0010806
   -.0005210
    .0008012
    .0028865
    .0051217
    .0067272
    .0074204
    .0075119
    .0074655
    .0074875
    .0074558
    .0071826
    .0070930
    .0071692
    .0064127
    .0051662
    .0045583
    .0048781
    .0054975
    .0058452
    .0058092
    .0058030
    .0059646
    .0055469
    .0041934
    .0027862
    .0021784
    .0019683
    .0019626
    .0017311
    .0011920
    .0004054
   -.0001943
   -.0001442
    .0003664
    .0001700
   -.0008331
   -.0014842
   -.0009218
   -.0008359
   -.0019047
   -.0025070
   -.0021902
   -.0017748
   -.0022591
   -.0030936
   -.0041837
   -.0053974
   -.0053144
   -.0039094
   -.0028440
   -.0024973
   -.0014337
    .0004306
    .0021382
    .0028786
    .0028033
    .0023428
    .0017952
    .0012919
    .0006786
   -.0000756
   -.0005562
   -.0006811
   -.0006302
   -.0012167
   -.0020625
   -.0025432
   -.0022984
   -.0021905
   -.0028173
   -.0036298
   -.0037785
   -.0028496
   -.0020199
   -.0013762
   -.0006249
    .0005787
    .0016876
    .0021749
    .0024764
    .0034264
    .0043266
    .0042110
    .0032205
    .0022140
    .0023707
    .0036150
    .0057324
    .0079146
    .0093325
    .0102427
    .0113312
    .0131019
    .0150456
    .0160983
    .0160640
    .0152164
    .0136814
    .0118176
    .0105491
    .0101565
    .0096291
    .0082705
    .0066054
    .0054532
    .0048648
    .0047120
    .0043213
    .0029382
    .0012514
    .0012676
    .0029432
    .0038550
    .0035784
    .0032494
    .0038711
    .0053843
    .0063817
    .0058619
    .0045104
    .0036181
    .0037929
    .0039052
    .0022869
   -.0000624
   -.0018113
   -.0031873
   -.0053123
   -.0078016
   -.0096384
   -.0116453
   -.0140103
   -.0152928
   -.0153100
   -.0156282
   -.0155169
   -.0148590
   -.0144316
   -.0136178
   -.0120332
   -.0105469
   -.0096911
   -.0091907
   -.0085983
   -.0077604
   -.0077002
   -.0078707
   -.0077702
   -.0070981
   -.0068230
   -.0070515
   -.0075042
   -.0081053
   -.0084376
   -.0075267
   -.0059241
   -.0052487
   -.0060033
   -.0078536
   -.0100088
   -.0112437
   -.0114801
   -.0115959
   -.0120758
   -.0135986
   -.0155888
   -.0159969
   -.0151112
   -.0148282
   -.0152646
   -.0156210
   -.0147635
   -.0131085
   -.0117816
   -.0113305
   -.0108732
   -.0101238
   -.0090845
   -.0074159
   -.0055730
   -.0045851
   -.0035319
   -.0015171
    .0014399
    .0032210
    .0031436
    .0032828
    .0057997
    .0092306
    .0110683
    .0121544
    .0137968
    .0166454
    .0198205
    .0217044
    .0224784
    .0235295
    .0254024
    .0265223
    .0262645
    .0256473
    .0249789
    .0242291
    .0231452
    .0219886
    .0211261
    .0205959
    .0205864
    .0210386
    .0212943
    .0215723
    .0223995
    .0233164
    .0233967
    .0233120
    .0236003
    .0237167
    .0231867
    .0224435
    .0218768
    .0218316
    .0216476
    .0211349
    .0205903
    .0204228
    .0202399
    .0197005
    .0192392
    .0190457
    .0195971
    .0200169
    .0201758
    .0202816
    .0204593
    .0209034
    .0214570
    .0219968
    .0224716
    .0228801
    .0232410
    .0235032
    .0234812
    .0231966
    .0229618
    .0230093
    .0235561
    .0243756
    .0250859
    .0255281
    .0253372
    .0247154
    .0241913
    .0239598
    .0236796
    .0229154
    .0219506
    .0210948
    .0207263
    .0202283
    .0197254
    .0192109
    .0199033
    .0204333
    .0207011
    .0207413
    .0208824
    .0204722
    .0206328
    .0213364
    .0223120
    .0231427
    .0231702
    .0229428
    .0223617
    .0216687
    .0212815
    .0205910
    .0192539
    .0177370
    .0160257
    .0140818
    .0120788
    .0102003
    .0082981
    .0064160
    .0054630
    .0051229
    .0046548
    .0043749
    .0040088
    .0038760
    .0041332
    .0035974
    .0026648
    .0021727
    .0021385
    .0016071
    .0009919
    .0005381
    .0005632
    .0007451
    .0003747
   -.0003323
   -.0004374
    .0000567
   -.0004327
   -.0010513
   -.0012861
   -.0013196
   -.0015796
   -.0019545
   -.0022589
   -.0028914
   -.0036219
   -.0043525
   -.0050981
   -.0057959
   -.0063977
   -.0069272
   -.0075355
   -.0078155
   -.0079783
   -.0074501
   -.0070428
   -.0067941
   -.0069550
   -.0071809
   -.0075293
   -.0080262
   -.0088420
   -.0096068
   -.0101651
   -.0099989
   -.0104508
   -.0107641
   -.0108194
   -.0101452
   -.0093508
   -.0089157
   -.0086115
   -.0081406
   -.0074535
   -.0068271
   -.0063440
   -.0058393
   -.0053915
   -.0048580
   -.0042520
   -.0035487
   -.0028398
   -.0019300
   -.0009229
   -.0000167
    .0004874
    .0008765
    .0010744
    .0015117
    .0019883
    .0022554
    .0022510
    .0021751
    .0020350
    .0020733
    .0024003
    .0028671
    .0032722
    .0037000
    .0040061
    .0043093
    .0045904
    .0048916
    .0051045
    .0053029
    .0054528
    .0056336
    .0056974
    .0057784
    .0059435
    .0062335
    .0060587
    .0057211
    .0051957
    .0051037
    .0052130
    .0049533
    .0046244
    .0044740
    .0045977
    .0049818
    .0050763
    .0049733
    .0048686
    .0047391
    .0045551
    .0044203
    .0042124
    .0039965
    .0037842
    .0035944
    .0033993
    .0032450
    .0031001
    .0030458
    .0030235
    .0030542
    .0030759
    .0031204
    .0031334
    .0031608
    .0031736
    .0032047
    .0031946
    .0031853
    .0031488
    .0031024
    .0029998
    .0029077
    .0027923
    .0027066
    .0026004
    .0025365
    .0024654
    .0024424
    .0024101
    .0024048
    .0023747
    .0023647
    .0023389
    .0023281
    .0022939
    .0022715
    .0022378
    .0022151
    .0021917
    .0021808
    .0021785
    .0021743
    .0021658
    .0020092
    .0021330
    .0021069
    .0020961
    .0020781
    .0020797
    .0020718
    .0020916
    .0021002
    .0021384
    .0021569
    .0022036
    .0022186
    .0022688
    .0022893
    .0023488
    .0023693
    .0024325
    .0024536
    .0025204
    .0025427
    .0026121
    .0026338
    .0027048
    .0027262
    .0027972
    .0028185
    .0028900
    .0029116
    .0029817
    .0030061
    .0030764
    .0031023
    .0031686
    .0031980
    .0032606
    .0032940
    .0033494
    .0033879
    .0034336
    .0034791
    .0035106
    .0035658
    .0035773
    .0036461
    .0036284
    .0037170
    .0036538
    .0037715
    .0036301
    .0037858
    .0034443
    .0035643
    .0026727
    .0031823