    .0007374
    .0008682
    .0012051
    .0012543
    .0012684
    .0012342
    .0012155
    .0011898
    .0011686
    .0011489
    .0011238
    .0011074
    .0010797
    .0010651
    .0010370
    .0010234
    .0009914
    .0009766
    .0009464
    .0009341
    .0009026
    .0008902
    .0008586
    .0008448
    .0008115
    .0007969
    .0007627
    .0007470
    .0007101
    .0006915
    .0006559
    .0006409
    .0006055
    .0005887
    .0005518
    .0005343
    .0004975
    .0004806
    .0004431
    .0004238
    .0003862
    .0003661
    .0003216
    .0002759
    .0001702
    .0000210
   -.0001933
   -.0004201
   -.0006571
   -.0008507
   -.0009784
   -.0010069
   -.0009417
   -.0008024
   -.0006082
   -.0004096
   -.0002242
   -.0001133
   -.0000371
   -.0000169
   -.0000036
   -.0000369
   -.0000683
   -.0001021
   -.0001461
   -.0001802
   -.0002130
   -.0001599
   -.0000638
    .0000986
    .0002951
    .0005464
    .0009117
    .0013632
    .0019999
    .0027929
    .0039546
    .0055172
    .0076004
    .0099221
    .0122825
    .0142768
    .0157176
    .0163425
    .0162622
    .0155185
    .0142968
    .0125340
    .0104121
    .0079089
    .0052219
    .0022250
   -.0010955
   -.0051962
   -.0099997
   -.0151046
   -.0194827
   -.0224940
   -.0237524
   -.0237539
   -.0230727
   -.0220851
   -.0206825
   -.0188891
   -.0167011
   -.0142314
   -.0115478
   -.0088774
   -.0063377
   -.0041131
   -.0021683
   -.0006475
    .0003916
    .0006903
    .0003775
   -.0004806
   -.0015569
   -.0028078
   -.0040331
   -.0053113
   -.0065507
   -.0077922
   -.0089263
   -.0100439
   -.0111219
   -.0121359
   -.0129354
   -.0134498
   -.0135777
   -.0132845
   -.0125495
   -.0114069
   -.0098701
   -.0079160
   -.0054399
   -.0024886
    .0006216
    .0034059
    .0053834
    .0061505
    .0055468
    .0038321
    .0015269
   -.0007983
   -.0028344
   -.0044904
   -.0058747
   -.0069495
   -.0076517
   -.0079508
   -.0079589
   -.0077899
   -.0074691
   -.0069963
   -.0063709
   -.0056422
   -.0048137
   -.0038923
   -.0028332
   -.0015717
   -.0000396
    .0017237
    .0035640
    .0053473
    .0069722
    .0084267
    .0097640
    .0111749
    .0128683
    .0149848
    .0174134
    .0197640
    .0214631
    .0218516
    .0203287
    .0168377
    .0122082
    .0076265
    .0040100
    .0015635
   -.0000010
   -.0011409
   -.0021138
   -.0030623
   -.0039966
   -.0048891
   -.0056621
   -.0062648
   -.0066294
   -.0063475
   -.0045938
   -.0006956
    .0049386
    .0113342
    .0177306
    .0241666
    .0304337
    .0353493
    .0374191
    .0365827
    .0340827
    .0310548
    .0277295
    .0241070
    .0201189
    .0157522
    .0110843
    .0066569
    .0029646
    .0004058
   -.0009509
   -.0013479
   -.0013369
   -.0012443
   -.0012322
   -.0013019
   -.0016305
   -.0021325
   -.0025641
   -.0025721
   -.0023140
   -.0019617
   -.0009890
    .0016026
    .0059671
    .0105348
    .0132423
    .0135027
    .0123291
    .0107531
    .0089633
    .0069965
    .0049263
    .0027550
    .0003326
   -.0021434
   -.0041462
   -.0051380
   -.0049514
   -.0038345
   -.0023160
   -.0009776
   -.0003644
   -.0007413
   -.0019151
   -.0031507
   -.0041497
   -.0047679
   -.0043808
   -.0024521
    .0004514
    .0031729
    .0045947
    .0043439
    .0027626
    .0007558
   -.0012561
   -.0031608
   -.0044483
   -.0048116
   -.0045561
   -.0040782
   -.0034883
   -.0027951
   -.0020153
   -.0012522
   -.0005218
    .0001956
    .0009355
    .0017637
    .0027191
    .0038122
    .0051103
    .0067500
    .0088214
    .0112325
    .0137891
    .0162154
    .0183262
    .0198693
    .0206696
    .0205058
    .0193854
    .0174484
    .0150260
    .0123850
    .0098191
    .0075265
    .0055176
    .0036217
    .0017662
    .0000286
   -.0014316
   -.0025250
   -.0031595
   -.0033959
   -.0033736
   -.0032564
   -.0031069
   -.0030612
   -.0033835
   -.0044355
   -.0062150
   -.0083423
   -.0102413
   -.0116082
   -.0118460
   -.0088239
   -.0008953
    .0083691
    .0138824
    .0160662
    .0163801
    .0165334
    .0169517
    .0169352
    .0165255
    .0158889
    .0148942
    .0134298
    .0113197
    .0084396
    .0049280
    .0012036
   -.0022263
   -.0049602
   -.0063695
   -.0052138
   -.0005748
    .0060837
    .0111160
    .0126179
    .0119071
    .0107159
    .0096134
    .0086713
    .0080898
    .0080336
    .0082602
    .0085109
    .0085106
    .0078313
    .0059946
    .0032281
    .0003129
   -.0020814
   -.0039868
   -.0057583
   -.0074728
   -.0089564
   -.0100824
   -.0107889
   -.0110055
   -.0106003
   -.0096700
   -.0083639
   -.0068319
   -.0051773
   -.0035342
   -.0019821
   -.0005295
    .0008663
    .0021906
    .0032826
    .0039750
    .0042166
    .0041624
    .0039799
    .0037302
    .0033767
    .0029440
    .0024608
    .0019393
    .0013992
    .0008303
    .0002131
   -.0005298
   -.0014980
   -.0026703
   -.0038047
   -.0046156
   -.0048935
   -.0046303
   -.0039718
   -.0030939
   -.0021049
   -.0011384
   -.0003330
    .0001451
    .0001056
   -.0005585
   -.0016682
   -.0028617
   -.0037608
   -.0041601
   -.0040453
   -.0035904
   -.0028993
   -.0020239
   -.0010344
   -.0000265
    .0009692
    .0019988
    .0030919
    .0041762
    .0050994
    .0057138
    .0059083
    .0056157
    .0049238
    .0038714
    .0025637
    .0010892
   -.0004948
   -.0021254
   -.0037493
   -.0054613
   -.0073516
   -.0094062
   -.0115295
   -.0136951
   -.0159856
   -.0183661
   -.0206178
   -.0222074
   -.0224167
   -.0204687
   -.0165383
   -.0120658
   -.0086667
   -.0065481
   -.0049484
   -.0034035
   -.0020979
   -.0010940
   -.0002413
    .0006081
    .0014375
    .0022230
    .0028646
    .0033372
    .0036587
    .0039690
    .0044054
    .0051115
    .0061856
    .0078010
    .0100474
    .0129213
    .0162730
    .0198649
    .0234860
    .0269248
    .0299820
    .0325071
    .0344595
    .0358859
    .0369283
    .0376032
    .0379585
    .0379582
    .0374133
    .0360826
    .0340188
    .0313823
    .0282949
    .0247400
    .0207210
    .0163876
    .0120559
    .0080094
    .0044292
    .0013244
   -.0013371
   -.0035315
   -.0050804
   -.0058108
   -.0057132
   -.0050346
   -.0039736
   -.0025778
   -.0008857
    .0010806
    .0033219
    .0057633
    .0082414
    .0105599
    .0125477
    .0140309
    .0149844
    .0154825
    .0156258
    .0155558
    .0153396
    .0149992
    .0140677
    .0109806
    .0046884
   -.0035481
   -.0112805
   -.0171922
   -.0217007
   -.0256875
   -.0297934
   -.0345918
   -.0406312
   -.0476227
   -.0539615
   -.0577251
   -.0584499
   -.0573428
   -.0556294
   -.0535040
   -.0508965
   -.0212185
   -.0160528
   -.0143313
   -.0323736
   -.0368917
   -.0484162
   -.0557034
   -.0633927
   -.0626901
   -.0387548
   -.0318887
   -.0278251
   -.0201875
   -.0191912
   -.0338117
   -.0434984
   -.0536220
   -.0589934
   -.0541199
   -.0467416
   -.0374193
   -.0194860
   -.0096490
    .0027412
    .0150341
    .0168557
    .0142334
    .0151384
    .0059354
   -.0046144
   -.0069456
   -.0049270
    .0000563
    .0055612
    .0117671
    .0168845
    .0198403
    .0237013
    .0257056
    .0206181
    .0201521
    .0253524
    .0277559
    .0279531
    .0273722
    .0251107
    .0211074
    .0172656
    .0121312
    .0079032
    .0016304
   -.0036984
   -.0085529
   -.0128217
   -.0162578
   -.0199249
   -.0206984
   -.0186089
   -.0120687
   -.0085079
   -.0016031
   -.0000623
    .0036411
    .0088661
    .0113169
    .0166187
    .0245828
    .0285165
    .0321967
    .0316138
    .0300409
    .0304741
    .0313388
    .0321658
    .0295851
    .0316552
    .0351378
    .0335947
    .0345273
    .0345041
    .0328013
    .0309720
    .0248859
    .0175179
    .0107974
    .0066129
    .0100294
    .0111779
    .0152084
    .0202063
    .0317983
    .0417528
    .0410973
    .0397948
    .0349919
    .0290485
    .0153570
    .0004696
   -.0060340
   -.0104746
   -.0129415
   -.0092568
   -.0065147
   -.0037391
   -.0046796
   -.0083641
   -.0132089
   -.0151793
   -.0141044
   -.0191633
   -.0256497
   -.0208686
   -.0178000
   -.0167331
   -.0093592
   -.0049985
   -.0037881
    .0035738
    .0044570
    .0034273
   -.0054170
   -.0134080
   -.0224539
   -.0239940
   -.0269806
   -.0302043
   -.0343442
   -.0346382
   -.0325608
   -.0320686
   -.0293510
   -.0218237
   -.0170062
   -.0129959
   -.0085393
   -.0110708
   -.0189231
   -.0184512
   -.0157309
   -.0138625
   -.0118988
   -.0061729
    .0047877
    .0116771
    .0164591
    .0217936
    .0220664
    .0207755
    .0167618
    .0069066
    .0020679
   -.0028641
   -.0009667
    .0039157
    .0057616
    .0065128
    .0093412
    .0091281
    .0058253
    .0011883
   -.0030141
   -.0055590
   -.0064278
   -.0056916
   -.0043959
   -.0034866
   -.0023191
    .0005146
    .0043623
    .0064889
    .0070254
    .0063182
    .0048793
    .0021193
   -.0055077
   -.0095939
   -.0112169
   -.0112678
   -.0097475
   -.0001663
    .0029664
    .0069434
    .0083743
    .0100718
    .0109288
    .0119000
    .0121739
    .0117816
    .0076424
    .0005396
   -.0053612
   -.0060689
   -.0061048
   -.0059943
   -.0021128
    .0007325
    .0098987
    .0157516
    .0185888
    .0182248
    .0149018
    .0125822
   -.0022819
   -.0074701
   -.0131478
   -.0138472
   -.0098350
   -.0053856
   -.0037802
    .0011204
    .0106780
    .0128016
    .0104366
    .0040726
   -.0010599
   -.0097049
   -.0113021
   -.0107021
   -.0075948
   -.0057596
   -.0048622
    .0063377
    .0062672
    .0020042
   -.0009055
   -.0035336
   -.0058354
   -.0089375
   -.0104889
   -.0139015
   -.0121974
   -.0070485
   -.0039515
   -.0029742
   -.0040408
   -.0069147
   -.0117948
   -.0142294
   -.0179503
   -.0185059
   -.0176470
   -.0147401
   -.0085181
   -.0037957
    .0009915
    .0074511
    .0095672
    .0108924
    .0105804
    .0085788
    .0035969
    .0034864
    .0030346
    .0047713
    .0102546
    .0114318
    .0087117
    .0032187
   -.0012546
   -.0088404
   -.0137790
   -.0179904
   -.0190218
   -.0180174
   -.0178610
   -.0168590
   -.0152284
   -.0140511
   -.0129330
   -.0116671
   -.0107614
   -.0096711
   -.0093045
   -.0086528
   -.0151734
   -.0164082
   -.0153561
   -.0139252
   -.0131589
   -.0118359
   -.0106957
   -.0074068
   -.0058119
   -.0047753
   -.0041539
   -.0040271
   -.0057607
   -.0056394
   -.0064386
   -.0081433
   -.0092774
   -.0097401
   -.0071240
   -.0050895
   -.0027164
    .0014887
    .0057042
    .0098861
    .0144370
    .0174916
    .0193451
    .0208480
    .0199897
    .0212522
    .0222958
    .0226926
    .0216611
    .0234095
    .0251107
    .0232157
    .0177058
    .0125679
    .0077921
    .0015039
   -.0027844
   -.0104284
   -.0148760
   -.0166083
   -.0129326
   -.0097078
   -.0070318
   -.0060154
   -.0043704
    .0015368
    .0019885
    .0008224
    .0002639
   -.0022370
   -.0029438
   -.0135328
   -.0177329
   -.0211371
   -.0242904
   -.0236098
   -.0229750
   -.0213855
   -.0233175
   -.0205414
   -.0160469
   -.0143528
   -.0132613
   -.0170501
   -.0242980
   -.0306629
   -.0295263
   -.0274217
   -.0225000
   -.0181780
   -.0142828
   -.0041273
   -.0000789
    .0018247
    .0028830
    .0014279
    .0003487
   -.0033686
   -.0051064
   -.0076081
   -.0129199
   -.0158959
   -.0167350
   -.0135875
   -.0054404
   -.0031660
    .0023627
    .0030235
    .0020136
    .0016729
    .0020096
    .0024113
    .0013507
    .0029810
    .0033228
    .0079738
    .0245316
    .0343556
    .0426924
    .0503825
    .0581732
    .0634439
    .0649199
    .0667791
    .0684792
    .0689416
    .0657904
    .0616377
    .0584213
    .0612221
    .0565323
    .0511184
    .0452440
    .0387161
    .0329993
    .0214878
    .0135203
    .0059463
   -.0005441
   -.0051887
   -.0086309
   -.0084205
   -.0063848
   -.0055834
   -.0035073
    .0007940
   -.0013576
   -.0044061
   -.0091400
   -.0111682
   -.0128288
   -.0092530
   -.0032696
    .0010279
    .0045656
    .0117251
    .0177030
    .0234411
    .0276275
    .0349334
    .0436144
    .0479498
    .0529448
    .0544008
    .0559858
    .0562028
    .0535793
    .0288223
    .0271717
    .0144292
    .0075683
   -.0008515
   -.0028880
   -.0079487
   -.0081854
   -.0134110
   -.0170420
   -.0257727
   -.0260510
   -.0210481
   -.0124421
    .0241820
    .0448547
    .0547203
    .0711332
    .0776871
    .0848474
    .0892656
    .0900862
    .0859095
    .0760311
    .0666864
    .0615325
    .0520226
    .0154564
    .0055232
    .0074392
    .0065401
    .0023434
    .0117337
    .0124484
    .0132920
    .0166335
    .0140303
    .0185691
    .0263770
    .0509244
    .0706084
    .0801386
    .1046790
    .1106491
    .1313924
    .1381719
    .1416558
    .1412648
    .1380043
    .1338043
    .1219731
    .0978282
    .0800884
    .0572519
    .0358842
    .0271889
    .0159127
    .0079245
    .0140893
    .0072280
    .0032396
    .0007435
   -.0048499
   -.0043039
   -.0055294
    .0023141
    .0031600
    .0059535
    .0406256
    .0451874
    .0448727
    .0401188
    .0308169
    .0216798
    .0060013
   -.0109589
   -.0233060
   -.0339978
   -.0502690
   -.0684426
   -.0755994
   -.1017268
   -.1235130
   -.1473322
   -.1645820
   -.1729524
   -.1766140
   -.1774096
   -.1727872
   -.1650277
   -.1441013
   -.1295882
   -.1069653
   -.0883201
   -.0706781
   -.0596051
   -.0518506
   -.0437784
   -.0365643
   -.0475289
   -.0465344
   -.0452420
   -.0503493
   -.0525647
   -.0509549
   -.0540011
   -.0467516
   -.0495743
   -.0306166
   -.0114060
   -.0124650
   -.0149170
   -.0150281
   -.0144116
   -.0119507
   -.0058657
   -.0086748
   -.0060759
    .0112361
    .0262102
    .0594843
    .0858857
    .1010833
    .1106527
    .1135568
    .1174798
    .1165267
    .1197069
    .1210145
    .1267759
    .1235983
    .1310622
    .1354192
    .1398834
    .1401755
    .1345568
    .1125745
    .0989121
    .0809279
    .0670809
    .0571556
    .0483342
    .0503265
    .0491807
    .0561527
    .0474296
    .0380007
    .0227586
    .0083814
   -.0054845
   -.0208402
   -.0283260
   -.0335547
   -.0367953
   -.0355784
   -.0337330
   -.0319615
   -.0312510
   -.0252324
   -.0274676
   -.0260910
   -.0273553
   -.0341580
   -.0377228
   -.0391954
   -.0412122
   -.0272224
   -.0070390
    .0069483
    .0073661
   -.0011342
   -.0120404
   -.0190599
   -.0263388
   -.0264554
   -.0251162
   -.0196211
    .0029811
    .0060031
   -.0012497
   -.0148877
   -.0277347
   -.0383797
   -.0468027
   -.0562208
   -.0619893
   -.0624932
   -.0598171
   -.0600150
   -.0562116
   -.0527187
   -.0483924
   -.0373654
   -.0283161
   -.0225593
   -.0209111
   -.0241053
   -.0271734
   -.0530537
   -.0603115
   -.0589606
   -.0595753
   -.0422656
   -.0448003
   -.0500312
   -.0535401
   -.0715308
   -.0774292
   -.0868847
   -.0925502
   -.1222488
   -.1157227
   -.0929916
   -.0551966
   -.0088827
    .0124004
    .0143447
    .0042548
   -.0059294
   -.0117115
   -.0243352
   -.0331726
   -.0409849
   -.0569257
   -.0646149
   -.0640513
   -.0543263
   -.0470762
   -.0339193
   -.0266134
   -.0285555
   -.0248867
   -.0330547
   -.0368055
   -.0348622
   -.0348405
   -.0234457
    .0057190
    .0145797
    .0626650
    .0675072
    .0576592
    .0155546
    .0076250
   -.0036227
   -.0255285
   -.0305638
   -.0286609
   -.0221813
   -.0163495
   -.0102291
    .0017577
    .0124470
    .0381585
    .0472169
    .0506633
    .0509979
    .0485986
    .0490498
    .0353652
    .0293732
    .0332891
    .0380467
    .0390859
    .0372138
    .0360537
    .0370884
    .0438617
    .0441971
    .0438290
    .0370560
    .0266856
    .0183931
    .0042033
   -.0186941
   -.0249390
   -.0294012
   -.0345985
   -.0324185
   -.0253049
   -.0260191
   -.0222061
   -.0187346
   -.0188795
   -.0167289
   -.0147121
   -.0145425
   -.0241640
   -.0259027
   -.0249854
   -.0221925
   -.0183824
   -.0149370
   -.0103835
   -.0012760
    .0063965
    .0169696
    .0168883
    .0145478
    .0109580
    .0102600
    .0073789
    .0059486
    .0046821
    .0012350
    .0018287
    .0033400
    .0031938
    .0031767
    .0035147
    .0019181
   -.0000579
   -.0028349
   -.0065421
   -.0110009
   -.0141323
   -.0171914
   -.0215862
   -.0252030
   -.0283234
   -.0318057
   -.0332130
   -.0322695
   -.0289439
   -.0266868
   -.0236626
   -.0101272
    .0079262
    .0215909
    .0330862
    .0438426
    .0540888
    .0584265
    .0581053
    .0535240
    .0527109
    .0453558
    .0352392
    .0287233
    .0247973
    .0250384
    .0244930
    .0239022
    .0261511
    .0222154
    .0145612
    .0106622
    .0027672
   -.0038935
   -.0070455
   -.0077629
    .0028512
    .0023683
   -.0015853
   -.0080324
   -.0222981
   -.0354366
   -.0396905
   -.0446953
   -.0485978
   -.0590395
   -.0590440
   -.0596937
   -.0588829
   -.0594847
   -.0588698
   -.0518316
   -.0456627
   -.0398011
   -.0361649
   -.0285181
   -.0172672
   -.0080893
   -.0012104
    .0065195
    .0150970
    .0203670
    .0253547
    .0308150
    .0337794
    .0338923
    .0319689
    .0276343
    .0205924
    .0216980
    .0233184
    .0234653
    .0242976
    .0267692
    .0220262
    .0158530
    .0063706
    .0018436
    .0054218
    .0079505
    .0132573
    .0205397
    .0255605
    .0293793
    .0341462
    .0417423
    .0400153
    .0424131
    .0435376
    .0452445
    .0467684
    .0512981
    .0574072
    .0632140
    .0632994
    .0551647
    .0453010
    .0383222
    .0357123
    .0405547
    .0405722
    .0438214
    .0454670
    .0386502
    .0323148
    .0183962
    .0111879
    .0042682
   -.0009093
   -.0047365
    .0012686
    .0104397
    .0124154
    .0127870
    .0073733
   -.0084538
   -.0143300
   -.0195756
   -.0199984
   -.0180884
   -.0206481
   -.0189387
   -.0179285
   -.0159204
   -.0183971
   -.0213288
   -.0239557
   -.0263234
   -.0281995
   -.0316405
   -.0339981
   -.0335095
   -.0331315
   -.0324598
   -.0325413
   -.0305077
   -.0265906
   -.0231323
   -.0183121
   -.0141994
   -.0096794
   -.0066808
   -.0032479
   -.0012466
   -.0010427
   -.0022006
   -.0015825
   -.0016949
    .0003578
    .0031694
    .0056033
    .0074726
    .0085589
    .0102377
    .0111230
    .0112341
    .0150741
    .0128777
    .0139419
    .0148004
    .0157877
    .0201287
    .0257140
    .0278336
    .0278081
    .0236221
    .0207511
    .0080453
    .0015047
   -.0019432
   -.0056639
   -.0066896
    .0035157
    .0040617
    .0054803
    .0051382
   -.0005276
   -.0084881
   -.0152384
   -.0139793
    .0014164
    .0133287
    .0200773
    .0333301
    .0390736
    .0419274
    .0414505
    .0387386
    .0267766
    .0144420
    .0032014
   -.0043703
   -.0112761
   -.0098554
   -.0099045
   -.0036593
   -.0010618
   -.0008743
   -.0073520
   -.0082180
   -.0086905
   -.0102427
   -.0131418
   -.0108164
   -.0203612
   -.0186752
   -.0083166
    .0057583
    .0124017
    .0318338
    .0342062
    .0330444
    .0303996
    .0241045
    .0038010
   -.0156140
   -.0188849
   -.0133795
   -.0177358
   -.0089242
   -.0051116
   -.0076764
   -.0133948
   -.0216466
   -.0187581
   -.0193795
   -.0111783
   -.0110327
   -.0102829
   -.0049925
    .0071454
    .0168425
    .0257508
    .0395185
    .0443312
    .0480741
    .0353153
    .0248753
    .0163358
    .0063230
   -.0075835
   -.0239425
   -.0267175
   -.0278071
   -.0221478
   -.0249182
   -.0159240
   -.0129231
   -.0053009
   -.0017947
   -.0027597
   -.0020996
    .0029326
    .0057004
    .0084378
    .0181612
    .0397596
    .0487379
    .0522883
    .0592792
    .0607316
    .0548847
    .0510515
    .0429833
    .0303839
    .0165145
    .0121929
    .0119217
    .0073011
    .0121320
    .0118258
   -.0025868
   -.0100503
   -.0127455
   -.0161340
   -.0243489
   -.0240380
   -.0139118
    .0000320
    .0145716
    .0237924
    .0390691
    .0517705
    .0509752
    .0591359
    .0587386
    .0416740
    .0376411
    .0315428
    .0245679
    .0139408
    .0127475
    .0206703
    .0201239
    .0101806
   -.0001771
   -.0106090
   -.0233104
   -.0314130
   -.0396652
   -.0481145
   -.0493158
   -.0500673
   -.0475908
   -.0391126
   -.0341679
   -.0300677
   -.0173344
   -.0201458
   -.0154422
   -.0180776
   -.0153856
   -.0165043
   -.0200563
   -.0193772
   -.0186171
   -.0180923
   -.0174423
   -.0190884
   -.0221831
   -.0218720
   -.0167974
   -.0111978
   -.0049494
    .0007463
    .0057829
    .0106060
    .0151207
    .0202570
    .0267403
    .0300306
    .0312249
    .0272634
    .0206584
    .0142952
    .0080497
    .0015269
   -.0016355
   -.0018506
    .0006557
    .0050818
    .0100883
    .0149329
    .0198911
    .0226443
    .0209040
    .0162343
    .0119179
    .0098937
    .0098046
    .0099501
    .0091914
    .0074038
    .0044142
   -.0001697
   -.0064985
   -.0138373
   -.0207817
   -.0266335
   -.0315704
   -.0353275
   -.0373289
   -.0371587
   -.0348549
   -.0311731
   -.0267233
   -.0216275
   -.0157866
   -.0094058
   -.0031582
    .0024765
    .0074072
    .0117976
    .0158877
    .0187229
    .0183264
    .0128115
    .0046527
   -.0005834
   -.0024872
   -.0066559
   -.0134801
   -.0193582
   -.0230255
   -.0237409
   -.0208435
   -.0142863
   -.0062028
    .0012110
    .0070644
    .0110280
    .0126534
    .0121690
    .0106381
    .0089148
    .0069432
    .0043896
    .0013440
   -.0018591
   -.0049727
   -.0077716
   -.0102600
   -.0124796
   -.0142293
   -.0151082
   -.0150244
   -.0141197
   -.0125361
   -.0098589
   -.0059813
   -.0014008
    .0031473
    .0071103
    .0101600
    .0124354
    .0141345
    .0155133
    .0168010
    .0181878
    .0197242
    .0215321
    .0236226
    .0259651
    .0281981
    .0300387
    .0313655
    .0323047
    .0324845
    .0307185
    .0251345
    .0155724
    .0099796
    .0159839
    .0262771
    .0285735
    .0210504
    .0137179
    .0106455
    .0089315
    .0081023
    .0095565
    .0130608
    .0173492
    .0215674
    .0258661
    .0304451
    .0354409
    .0405512
    .0442839
    .0450967
    .0433632
    .0407749
    .0384024
    .0357719
    .0323354
    .0282754
    .0238397
    .0190791
    .0141332
    .0095501
    .0059614
    .0035618
    .0021003
    .0008593
   -.0006445
   -.0022627
   -.0035087
   -.0038133
   -.0027793
   -.0007928
    .0014803
    .0035734
    .0052306
    .0064512
    .0071292
    .0071555
    .0065590
    .0057242
    .0057269
    .0075565
    .0107481
    .0135449
    .0139864
    .0119074
    .0100472
    .0088026
    .0075149
    .0067147
    .0070806
    .0080467
    .0090189
    .0097642
    .0102484
    .0102577
    .0094030
    .0078053
    .0058387
    .0036779
    .0014803
   -.0005223
   -.0019982
   -.0027206
   -.0028021
   -.0027994
   -.0032657
   -.0043748
   -.0058886
   -.0074913
   -.0091407
   -.0111382
   -.0138509
   -.0175155
   -.0216783
   -.0254783
   -.0281699
   -.0296783
   -.0301944
   -.0294450
   -.0269497
   -.0229328
   -.0182720
   -.0135738
   -.0092476
   -.0057476
   -.0032346
   -.0016714
   -.0007603
   -.0003525
   -.0006068
   -.0018435
   -.0043423
   -.0080896
   -.0122335
   -.0156165
   -.0176380
   -.0186339
   -.0191998
   -.0195396
   -.0195864
   -.0192343
   -.0185775
   -.0177868
   -.0169089
   -.0158981
   -.0148422
   -.0136841
   -.0123926
   -.0108135
   -.0086952
   -.0059183
   -.0028372
    .0000462
    .0024382
    .0044690
    .0062929
    .0076585
    .0081104
    .0076769
    .0067148
    .0055277
    .0040520
    .0022266
   -.0000698
   -.0025443
   -.0048130
   -.0065245
   -.0075143
   -.0076311
   -.0068662
   -.0053283
   -.0035513
   -.0019191
   -.0007180
    .0000618
    .0004625
    .0008407
    .0013454
    .0016189
    .0008824
   -.0010829
   -.0038492
   -.0066180
   -.0090470
   -.0110370
   -.0126964
   -.0139082
   -.0147140
   -.0150834
   -.0151428
   -.0148940
   -.0144697
   -.0138588
   -.0130483
   -.0120388
   -.0109017
   -.0094801
   -.0076852
   -.0053763
   -.0028138
   -.0002773
    .0019335
    .0039346
    .0057486
    .0072902
    .0082370
    .0085181
    .0082625
    .0078420
    .0074132
    .0069638
    .0062892
    .0054161
    .0042970
    .0030083
    .0016347
    .0003734
   -.0006744
   -.0014119
   -.0019599
   -.0023876
   -.0028769
   -.0035204
   -.0043668
   -.0053068
   -.0062753
   -.0070959
   -.0076699
   -.0079132
   -.0077140
   -.0068215
   -.0052703
   -.0035263
   -.0020637
   -.0010203
   -.0003030
    .0003083
    .0008333
    .0013383
    .0019205
    .0025002
    .0028948
    .0030423
    .0029736
    .0026314
    .0020452
    .0012303
    .0003065
   -.0006241
   -.0014743
   -.0023829
   -.0032691
   -.0040525
   -.0046727
   -.0051616
   -.0054957
   -.0056905
   -.0057465
   -.0057339
   -.0056291
   -.0054964
   -.0053015
   -.0051377
   -.0049324
   -.0046072
   -.0039314
   -.0033747
   -.0026796
   -.0018980
   -.0010105
   -.0001590
    .0007149
    .0014712
    .0021978
    .0027767
    .0033452
    .0037821
    .0041836
    .0044100
    .0046271
    .0047386
    .0048865
    .0049129
    .0049586
    .0049176
    .0049556
    .0048986
    .0049094
    .0048301
    .0048416
    .0047597
    .0047748
    .0046966
    .0047121
    .0046205
    .0046282
    .0045177
    .0044993
    .0043674
    .0043246
    .0041678
    .0041180
    .0039627
    .0039109
    .0037621
    .0037143
    .0035652
    .0035213
    .0033795
    .0033341
    .0031977
    .0031579
    .0030268
    .0029850
    .0028568
    .0028101
    .0026792
    .0026205
    .0024885
    .0024215
    .0022923
    .0022186
    .0020944
    .0020103
    .0018896
    .0017900
    .0016712
    .0015497
    .0014304
    .0012781
    .0011525
    .0009534
    .0008000
    .0005009
    .0002041
   -.0002858
   -.0011692