   -.0109685
   -.0085543
   -.0089530
   -.0048694
   -.0066430
   -.0049640
   -.0062843
   -.0040347
   -.0044669
   -.0054959
   -.0073247
   -.0092895
   -.0113867
   -.0132781
   -.0152985
   -.0170926
   -.0187917
   -.0200707
   -.0211324
   -.0217029
   -.0220920
   -.0220481
   -.0219550
   -.0215705
   -.0212918
   -.0207714
   -.0204315
   -.0197943
   -.0192826
   -.0183758
   -.0175142
   -.0161747
   -.0148061
   -.0128793
   -.0108808
   -.0083720
   -.0058585
   -.0029708
   -.0002253
    .0026903
    .0053079
    .0078646
    .0099901
    .0118410
    .0133426
    .0145647
    .0155322
    .0164158
    .0171415
    .0178607
    .0186731
    .0196470
    .0206344
    .0215883
    .0224352
    .0230386
    .0233267
    .0232502
    .0227733
    .0219337
    .0207183
    .0192653
    .0175736
    .0158295
    .0139953
    .0122881
    .0106373
    .0092961
    .0082017
    .0076021
    .0073683
    .0076726
    .0083464
    .0094774
    .0108390
    .0124466
    .0141035
    .0158411
    .0175613
    .0192612
    .0208839
    .0223450
    .0236388
    .0246525
    .0254122
    .0257327
    .0256885
    .0250562
    .0240006
    .0224200
    .0207230
    .0189753
    .0177233
    .0170479
    .0174916
    .0189991
    .0218880
    .0258425
    .0308895
    .0364072
    .0422068
    .0475615
    .0522204
    .0554464
    .0570863
    .0566491
    .0543093
    .0499981
    .0443277
    .0375590
    .0304841
    .0234570
    .0172764
    .0121388
    .0085013
    .0061873
    .0053135
    .0054232
    .0064675
    .0079828
    .0100065
    .0121594
    .0144498
    .0163675
    .0177567
    .0179666
    .0167880
    .0136851
    .0087084
    .0017332
   -.0067589
   -.0164885
   -.0267153
   -.0371548
   -.0471417
   -.0563376
   -.0640282
   -.0700086
   -.0737934
   -.0754560
   -.0747430
   -.0720308
   -.0675009
   -.0619631
   -.0558809
   -.0502199
   -.0454315
   -.0423837
   -.0412884
   -.0426663
   -.0462530
   -.0520517
   -.0593383
   -.0676469
   -.0759539
   -.0837720
   -.0902806
   -.0953693
   -.0987388
   -.1006141
   -.1008586
   -.0996126
   -.0966846
   -.0922409
   -.0862876
   -.0793068
   -.0719121
   -.0650620
   -.0596858
   -.0567155
   -.0566721
   -.0596539
   -.0653657
   -.0732277
   -.0824741
   -.0921647
   -.1013117
   -.1089780
   -.1144295
   -.1170585
   -.1165295
   -.1128549
   -.1064157
   -.0978508
   -.0879616
   -.0776722
   -.0681406
   -.0603427
   -.0550718
   -.0527492
   -.0534197
   -.0567929
   -.0621785
   -.0686077
   -.0751040
   -.0805166
   -.0838502
   -.0841284
   -.0806869
   -.0732400
   -.0620177
   -.0477054
   -.0316152
   -.0151860
   -.0000523
    .0126471
    .0221604
    .0285041
    .0319077
    .0332215
    .0334236
    .0336163
    .0345804
    .0372101
    .0419147
    .0492091
    .0590913
    .0714189
    .0854490
    .1004899
    .1154464
    .1294214
    .1414220
    .1510315
    .1578407
    .1619581
    .1633294
    .1624735
    .1599306
    .1565089
    .1526915
    .1490009
    .1457084
    .1434870
    .1424935
    .1429969
    .1447380
    .1474903
    .1503745
    .1529149
    .1543345
    .1543152
    .1525066
    .1490027
    .1439451
    .1378102
    .1308800
    .1234632
    .1155315
    .1070106
    .0977655
    .0880160
    .0781175
    .0688730
    .0609207
    .0546788
    .0496884
    .0450119
    .0395230
    .0324785
    .0234053
    .0122754
   -.0004108
   -.0137829
   -.0267025
   -.0380389
   -.0472139
   -.0543927
   -.0602432
   -.0657440
   -.0717553
   -.0787036
   -.0865063
   -.0945921
   -.1021726
   -.1085735
   -.1131403
   -.1157300
   -.1167795
   -.1170072
   -.1170401
   -.1175888
   -.1191583
   -.1217538
   -.1247543
   -.1261525
   -.1296021
   -.1310784
   -.1307933
   -.1284343
   -.1241853
   -.1188496
   -.1134882
   -.1094158
   -.1071929
   -.1070028
   -.1083040
   -.1103771
   -.1122374
   -.1132068
   -.1126016
   -.1099452
   -.1045857
   -.0963599
   -.0855214
   -.0732576
   -.0610816
   -.0511519
   -.0451407
   -.0441194
   -.0478864
   -.0555816
   -.0648728
   -.0725559
   -.0750285
   -.0701088
   -.0571716
   -.0376185
   -.0136000
    .0118069
    .0357651
    .0553997
    .0686317
    .0740411
    .0719215
    .0631780
    .0499734
    .0345413
    .0193964
    .0062409
   -.0031893
   -.0080262
   -.0076774
   -.0024779
    .0070720
    .0188668
    .0303879
    .0383138
    .0398450
    .0327666
    .0164531
   -.0090378
   -.0421019
   -.0796148
   -.1178333
   -.1528836
   -.1809486
   -.1992925
   -.2068815
   -.2046204
   -.1946181
   -.1795687
   -.1621456
   -.1447949
   -.1297757
   -.1192524
   -.1143459
   -.1155740
   -.1223330
   -.1334998
   -.1470730
   -.1604883
   -.1709949
   -.1768944
   -.1770881
   -.1708358
   -.1574205
   -.1365436
   -.1086631
   -.0753799
   -.0383860
   -.0001173
    .0367200
    .0696720
    .0965300
    .1153379
    .1252073
    .1264186
    .1202752
    .1092139
    .0969232
    .0877544
    .0859032
    .0943042
    .1133821
    .1406742
    .1717160
    .2010980
    .2233892
    .2343424
    .2319136
    .2174849
    .1947646
    .1674663
    .1392388
    .1138268
    .0941016
    .0814981
    .0759868
    .0764653
    .0808454
    .0873197
    .0943434
    .1005627
    .1047371
    .1055861
    .1016921
    .0920368
    .0760759
    .0542426
    .0278689
   -.0007579
   -.0287939
   -.0531992
   -.0718470
   -.0835351
   -.0881238
   -.0861226
   -.0784952
   -.0666955
   -.0526110
   -.0382994
   -.0261363
   -.0181766
   -.0159544
   -.0201841
   -.0306710
   -.0458878
   -.0639624
   -.0825166
   -.0984996
   -.1086489
   -.1104674
   -.1027358
   -.0862096
   -.0637540
   -.0394862
   -.0178004
   -.0028569
    .0026194
   -.0023459
   -.0167364
   -.0376587
   -.0609019
   -.0821210
   -.0974136
   -.1043255
   -.1021684
   -.0921358
   -.0764099
   -.0579089
   -.0393567
   -.0230773
   -.0104737
   -.0023694
    .0009069
   -.0007607
   -.0072751
   -.0182808
   -.0326360
   -.0489557
   -.0658844
   -.0822905
   -.0972686
   -.1104061
   -.1213513
   -.1294008
   -.1336827
   -.1334461
   -.1279188
   -.1169334
   -.1013289
   -.0830334
   -.0647111
   -.0495991
   -.0408476
   -.0406988
   -.0495927
   -.0660853
   -.0872479
   -.1093122
   -.1276930
   -.1376564
   -.1360458
   -.1223366
   -.0984675
   -.0680511
   -.0352502
   -.0039242
    .0230085
    .0439312
    .0583970
    .0665590
    .0688773
    .0664974
    .0610273
    .0540734
    .0471857
    .0413704
    .0369112
    .0338208
    .0319078
    .0310661
    .0315917
    .0342862
    .0400362
    .0494945
    .0629227
    .0800352
    .0997262
    .1204834
    .1408080
    .1590286
    .1738207
    .1837816
    .1881303
    .1867919
    .1800009
    .1685114
    .1532828
    .1355708
    .1168627
    .0987876
    .0832437
    .0721978
    .0672740
    .0689906
    .0767142
    .0889152
    .1036661
    .1188834
    .1325023
    .1429962
    .1491108
    .1502701
    .1465575
    .1382300
    .1259851
    .1109376
    .0943419
    .0775431
    .0616539
    .0475650
    .0356431
    .0264814
    .0209351
    .0195625
    .0227347
    .0300682
    .0403375
    .0519137
    .0630525
    .0724447
    .0790967
    .0819155
    .0801052
    .0732050
    .0615069
    .0459119
    .0282160
    .0106559
   -.0045945
   -.0156213
   -.0210289
   -.0205189
   -.0148756
   -.0060136
    .0035359
    .0109685
    .0146006
    .0138090
    .0087211
   -.0000390
   -.0113732
   -.0236689
   -.0351043
   -.0448526
   -.0524212
   -.0580691
   -.0624591
   -.0662827
   -.0699081
   -.0735125
   -.0768361
   -.0798148
   -.0824793
   -.0852339
   -.0884800
   -.0926587
   -.0976808
   -.1033314
   -.1090606
   -.1141701
   -.1175448
   -.1184970
   -.1173764
   -.1153840
   -.1131682
   -.1109738
   -.1083931
   -.1053300
   -.1027213
   -.1001594
   -.0971832
   -.0939171
   -.0905737
   -.0870239
   -.0828206
   -.0776982
   -.0714662
   -.0643060
   -.0564734
   -.0486172
   -.0413443
   -.0353377
   -.0310926
   -.0288595
   -.0281332
   -.0281494
   -.0277440
   -.0261782
   -.0230434
   -.0187048
   -.0141855
   -.0111514
   -.0108208
   -.0141262
   -.0208659
   -.0297670
   -.0385731
   -.0451388
   -.0477230
   -.0458219
   -.0398364
   -.0312625
   -.0219567
   -.0138036
   -.0083808
   -.0051499
   -.0038227
   -.0045495
   -.0048913
   -.0028957
    .0025852
    .0117216
    .0234965
    .0360820
    .0473060
    .0547920
    .0569301
    .0533802
    .0456344
    .0361277
    .0271131
    .0204971
    .0173780
    .0176210
    .0201745
    .0236087
    .0267046
    .0284443
    .0283709
    .0266444
    .0240072
    .0219191
    .0222819
    .0268830
    .0372546
    .0526346
    .0703846
    .0875984
    .1015563
    .1102585
    .1129506
    .1103628
    .1044542
    .0976946
    .0921959
    .0891556
    .0888305
    .0907593
    .0942060
    .0982078
    .1015366
    .1028616
    .1009521
    .0948184
    .0840113
    .0686202
    .0494274
    .0281488
    .0070235
   -.0112826
   -.0237570
   -.0274909
   -.0209428
   -.0048852
    .0176757
    .0426287
    .0658573
    .0842335
    .0958701
    .0999747
    .0962182
    .0860834
    .0726804
    .0597438
    .0506735
    .0479715
    .0531752
    .0666967
    .0874925
    .1134111
    .1415989
    .1690234
    .1928813
    .2109064
    .2214915
    .2237770
    .2177624
    .2046051
    .1863313
    .1656761
    .1453082
    .1272996
    .1131006
    .1039692
    .1006432
    .1032167
    .1112454
    .1235031
    .1380286
    .1524455
    .1640334
    .1701362
    .1687653
    .1590418
    .1413110
    .1171854
    .0890174
    .0594342
    .0310837
    .0069387
   -.0104826
   -.0197335
   -.0202640
   -.0124145
    .0025744
    .0223924
    .0438531
    .0633428
    .0777013
    .0850190
    .0845280
    .0764816
    .0622122
    .0441516
    .0254007
    .0090470
   -.0022101
   -.0065149
   -.0029135
    .0086660
    .0271895
    .0505150
    .0764952
    .1032950
    .1293643
    .1534347
    .1744456
    .1914845
    .2035916
    .2094212
    .2077662
    .1983139
    .1823930
    .1625556
    .1421841
    .1245472
    .1125521
    .1085542
    .1140098
    .1289238
    .1512940
    .1771956
    .2018386
    .2200403
    .2281181
    .2243458
    .2087441
    .1829170
    .1500056
    .1137987
    .0787461
    .0486304
    .0261532
    .0129052
    .0092517
    .0140972
    .0254407
    .0402596
    .0549622
    .0662088
    .0717005
    .0702783
    .0620186
    .0476861
    .0285621
    .0060374
   -.0183766
   -.0432086
   -.0670090
   -.0883324
   -.1053613
   -.1166328
   -.1209824
   -.1179283
   -.1079554
   -.0922254
   -.0725188
   -.0510737
   -.0303859
   -.0129161
   -.0006753
    .0047297
    .0029212
   -.0058702
   -.0203755
   -.0382869
   -.0562509
   -.0707574
   -.0790420
   -.0798571
   -.0733615
   -.0612150
   -.0458349
   -.0301085
   -.0166806
   -.0075328
   -.0036487
   -.0055821
   -.0133224
   -.0260389
   -.0421911
   -.0596487
   -.0758449
   -.0885935
   -.0961297
   -.0975886
   -.0929494
   -.0833964
   -.0708627
   -.0578159
   -.0466887
   -.0393604
   -.0366447
   -.0389863
   -.0461335
   -.0573373
   -.0715228
   -.0873055
   -.1033577
   -.1184268
   -.1314627
   -.1418001
   -.1489829
   -.1528226
   -.1531590
   -.1502214
   -.1447731
   -.1379583
   -.1310716
   -.1253536
   -.1221101
   -.1223097
   -.1263476
   -.1343466
   -.1457643
   -.1595319
   -.1738378
   -.1859948
   -.1934581
   -.1946742
   -.1889574
   -.1767602
   -.1595134
   -.1394554
   -.1191065
   -.1006248
   -.0856773
   -.0749946
   -.0687404
   -.0667899
   -.0684237
   -.0727377
   -.0784471
   -.0839479
   -.0877338
   -.0886116
   -.0854909
   -.0777395
   -.0653101
   -.0482761
   -.0270847
   -.0031719
    .0213269
    .0438983
    .0621956
    .0743466
    .0794828
    .0778091
    .0700756
    .0575297
    .0417395
    .0244050
    .0075545
   -.0066095
   -.0156453
   -.0169925
   -.0093741
    .0067696
    .0296386
    .0563474
    .0832058
    .1065652
    .1233884
    .1315163
    .1300871
    .1196121
    .1019708
    .0798517
    .0563001
    .0339429
    .0149341
    .0011501
   -.0060409
   -.0058191
    .0020668
    .0171502
    .0384292
    .0643871
    .0928219
    .1208989
    .1452863
    .1628174
    .1715613
    .1709701
    .1617512
    .1452593
    .1236291
    .0998794
    .0772570
    .0584714
    .0455257
    .0392833
    .0406665
    .0509357
    .0707819
    .0991793
    .1326517
    .1661055
    .1945606
    .2144886
    .2242607
    .2237885
    .2142281
    .1971920
    .1747868
    .1495437
    .1244640
    .1021244
    .0843116
    .0721025
    .0656591
    .0645478
    .0677172
    .0737029
    .0824300
    .0935082
    .1050044
    .1141680
    .1185773
    .1170478
    .1098459
    .0984011
    .0851139
    .0726974
    .0635871
    .0592012
    .0599284
    .0651477
    .0737233
    .0839224
    .0938154
    .1018958
    .1050204
    .1082651
    .1122311
    .1169781
    .1220504
    .1263952
    .1287776
    .1280079
    .1234662
    .1149633
    .1030238
    .0886104
    .0729921
    .0574989
    .0433122
    .0311058
    .0209991
    .0125322
    .0045966
   -.0047197
   -.0175333
   -.0356507
   -.0596680
   -.0877969
   -.1167250
   -.1433939
   -.1649150
   -.1792777
   -.1862558
   -.1871921
   -.1842249
   -.1796553
   -.1754972
   -.1731305
   -.1731714
   -.1754551
   -.1790338
   -.1826363
   -.1847188
   -.1840292
   -.1798753
   -.1721743
   -.1618356
   -.1502027
   -.1382315
   -.1268300
   -.1169869
   -.1089524
   -.1024826
   -.0972059
   -.0924570
   -.0876035
   -.0815736
   -.0726278
   -.0602686
   -.0448026
   -.0268950
   -.0079373
    .0104120
    .0263311
    .0384005
    .0463440
    .0508083
    .0537006
    .0575258
    .0643849
    .0754349
    .0905617
    .1084630
    .1268214
    .1424951
    .1521322
    .1529317
    .1439618
    .1266462
    .1044780
    .0822871
    .0646691
    .0547686
    .0537287
    .0607532
    .0735031
    .0889334
    .1038252
    .1142795
    .1174891
    .1124381
    .0995644
    .0804575
    .0573304
    .0327066
    .0094124
   -.0100549
   -.0237554
   -.0304837
   -.0300652
   -.0233831
   -.0117996
    .0032163
    .0202403
    .0380580
    .0554077
    .0707549
    .0828817
    .0905653
    .0925901
    .0878951
    .0757049
    .0556405
    .0284358
   -.0041160
   -.0393833
   -.0739425
   -.1039245
   -.1254485
   -.1354379
   -.1324159
   -.1169394
   -.0918374
   -.0615248
   -.0310707
   -.0058200
    .0097775
    .0128537
    .0026921
   -.0191236
   -.0496588
   -.0851958
   -.1214131
   -.1531990
   -.1755076
   -.1846157
   -.1787971
   -.1590627
   -.1289206
   -.0934330
   -.0580784
   -.0280502
   -.0075380
    .0009824
   -.0032433
   -.0191852
   -.0438451
   -.0729105
   -.1015597
   -.1255802
   -.1417030
   -.1480870
   -.1442710
   -.1307794
   -.1089831
   -.0807121
   -.0478806
   -.0125402
    .0230960
    .0564644
    .0847008
    .1050101
    .1155590
    .1154511
    .1048700
    .0857197
    .0612254
    .0352389
    .0116270
   -.0063408
   -.0159471
   -.0156735
   -.0048862
    .0158254
    .0445589
    .0781247
    .1126197
    .1439740
    .1681675
    .1817218
    .1824084
    .1695354
    .1445606
    .1103433
    .0708254
    .0308367
   -.0043385
   -.0294054
   -.0404536
   -.0364811
   -.0189468
    .0083583
    .0408280
    .0739063
    .1038265
    .1276192
    .1431040
    .1487536
    .1436932
    .1282449
    .1035307
    .0717978
    .0367507
    .0019186
   -.0292024
   -.0529627
   -.0663107
   -.0679903
   -.0582266
   -.0387290
   -.0115886
    .0206848
    .0544433
    .0855082
    .1094412
    .1224035
    .1223425
    .1090128
    .0838083
    .0499776
    .0118585
   -.0261652
   -.0592325
   -.0826698
   -.0925298
   -.0869981
   -.0670860
   -.0366988
   -.0017112
    .0312996
    .0564530
    .0695380
    .0683783
    .0531911
    .0264695
   -.0071468
   -.0429075
   -.0774091
   -.1080817
   -.1332234
   -.1515383
   -.1620353
   -.1645076
   -.1593882
   -.1479836
   -.1323640
   -.1143959
   -.0960882
   -.0792681
   -.0654968
   -.0557806
   -.0507949
   -.0509001
   -.0558035
   -.0644745
   -.0744175
   -.0827969
   -.0882838
   -.0895266
   -.0851698
   -.0752662
   -.0609765
   -.0448241
   -.0299770
   -.0192282
   -.0146138
   -.0165695
   -.0240305
   -.0343684
   -.0444115
   -.0514984
   -.0536965
   -.0503252
   -.0421474
   -.0309417
   -.0188125
   -.0082863
   -.0005538
    .0045451
    .0080738
    .0112696
    .0155111
    .0218961
    .0309761
    .0426356
    .0560682
    .0704431
    .0847852
    .0982668
    .1101890
    .1200462
    .1278636
    .1334377
    .1365983
    .1374081
    .1357442
    .1322345
    .1276959
    .1225488
    .1178734
    .1140180
    .1118068
    .1125451
    .1156361
    .1195095
    .1224657
    .1224880
    .1184806
    .1103611
    .0987002
    .0849196
    .0706692
    .0578188
    .0481649
    .0430487
    .0429547
    .0470049
    .0540397
    .0622507
    .0697274
    .0749651
    .0768651
    .0752229
    .0702692
    .0627985
    .0541538
    .0454016
    .0376429
    .0317437
    .0281526
    .0269854
    .0284371
    .0322848
    .0384361
    .0465573
    .0558657
    .0653425
    .0736213
    .0798436
    .0831904
    .0830446
    .0794371
    .0726595
    .0634858
    .0533666
    .0436811
    .0356557
    .0303046
    .0283540
    .0295904
    .0334232
    .0387468
    .0439987
    .0480200
    .0499952
    .0495047
    .0463449
    .0405104
    .0323378
    .0222881
    .0110382
   -.0006933
   -.0123496
   -.0229681
   -.0315147
   -.0372373
   -.0396805
   -.0385322
   -.0343966
   -.0286548
   -.0226692
   -.0182481
   -.0170107
   -.0199716
   -.0273078
   -.0381165
   -.0504808
   -.0623552
   -.0717625
   -.0772694
   -.0789516
   -.0774103
   -.0734860
   -.0683312
   -.0630327
   -.0580825
   -.0534948
   -.0489796
   -.0443271
   -.0399976
   -.0368338
   -.0358190
   -.0376538
   -.0425110
   -.0500109
   -.0593223
   -.0689831
   -.0774973
   -.0837533
   -.0868262
   -.0865332
   -.0830192
   -.0763555
   -.0670644
   -.0558569
   -.0440920
   -.0336582
   -.0267368
   -.0251257
   -.0296428
   -.0401819
   -.0554674
   -.0733228
   -.0911931
   -.1061127
   -.1152654
   -.1168991
   -.1106993
   -.0981865
   -.0819171
   -.0651034
   -.0512671
   -.0430994
   -.0421924
   -.0489909
   -.0624311
   -.0806030
   -.1011537
   -.1212938
   -.1381404
   -.1496567
   -.1550575
   -.1545142
   -.1489354
   -.1393223
   -.1263541
   -.1105553
   -.0924011
   -.0725128
   -.0517792
   -.0313379
   -.0125709
    .0027760
    .0130177
    .0169726
    .0144503
    .0062908
   -.0058198
   -.0191268
   -.0304095
   -.0366202
   -.0351285
   -.0243658
   -.0040041
    .0248008
    .0596392
    .0970045
    .1316223
    .1576550
    .1709189
    .1697868
    .1558523
    .1330519
    .1066343
    .0820766
    .0636600
    .0541410
    .0542183
    .0630217
    .0786016
    .0978086
    .1173939
    .1343984
    .1461271
    .1506411
    .1470736
    .1355289
    .1170829
    .0931960
    .0660733
    .0378011
    .0105846
   -.0131134
   -.0315014
   -.0428228
   -.0457388
   -.0405314
   -.0282651
   -.0113939
    .0064171
    .0215071
    .0308908
    .0327333
    .0265090
    .0133589
   -.0044876
   -.0247145
   -.0443069
   -.0599766
   -.0692386
   -.0714270
   -.0667990
   -.0563136
   -.0421833
   -.0271220
   -.0142405
   -.0061838
   -.0042706
   -.0090697
   -.0201208
   -.0365200
   -.0567827
   -.0782302
   -.0975324
   -.1114734
   -.1179667
   -.1168293
   -.1089751
   -.0964536
   -.0822412
   -.0689170
   -.0588648
   -.0537541
   -.0539877
   -.0588228
   -.0665485
   -.0751210
   -.0826711
   -.0879746
   -.0901906
   -.0890420
   -.0847037
   -.0771455
   -.0666954
   -.0537245
   -.0387195
   -.0219321
   -.0034250
    .0158487
    .0340219
    .0489870
    .0590179
    .0633719
    .0622104
    .0569076
    .0497888
    .0431977
    .0397231
    .0415937
    .0492581
    .0624694
    .0798046
    .0987823
    .1166195
    .1305295
    .1388684
    .1401429
    .1335066
    .1193523
    .0990695
    .0751833
    .0507818
    .0286749
    .0108967
   -.0009626
   -.0061082
   -.0046040
    .0030358
    .0155692
    .0307055
    .0461994
    .0596922
    .0687634
    .0716106
    .0673736
    .0557112
    .0373254
    .0134551
   -.0137523
   -.0404987
   -.0626191
   -.0765727
   -.0803740
   -.0738273
   -.0582891
   -.0367763
   -.0129133
    .0092699
    .0257244
    .0334373
    .0306939
    .0175131
   -.0042742
   -.0321683
   -.0630956
   -.0932456
   -.1187707
   -.1364364
   -.1440242
   -.1404479
   -.1267068
   -.1055885
   -.0809173
   -.0568698
   -.0371346
   -.0242832
   -.0195537
   -.0233724
   -.0353580
   -.0543018
   -.0780498
   -.1034210
   -.1276328
   -.1480811
   -.1620801
   -.1672462
   -.1622086
   -.1472872
   -.1239534
   -.0948121
   -.0635814
   -.0340959
   -.0093558
    .0084053
    .0179207
    .0193441
    .0136665
    .0027669
   -.0109306
   -.0246859
   -.0358549
   -.0419548
   -.0410558
   -.0325520
   -.0171949
    .0034467
    .0270012
    .0510243
    .0733183
    .0916560
    .1044360
    .1106735
    .1103866
    .1043224
    .0935747
    .0799023
    .0654349
    .0526534
    .0434109
    .0388953
    .0398109
    .0461567
    .0569604
    .0705788
    .0846541
    .0970967
    .1062951
    .1111247
    .1113318
    .1068117
    .0977014
    .0852368
    .0710880
    .0575424
    .0469224
    .0408133
    .0398264
    .0435482
    .0501959
    .0573007
    .0624567
    .0638825
    .0606085
    .0535525
    .0442725
    .0342136
    .0248660
    .0168870
    .0103546
    .0047309
   -.0005284
   -.0055508
   -.0103783
   -.0144613
   -.0171048
   -.0176115
   -.0158379
   -.0124182
   -.0085232
   -.0057105
   -.0053678
   -.0085537
   -.0153457
   -.0250362
   -.0370411
   -.0505176
   -.0640241
   -.0757623
   -.0839152
   -.0870042
   -.0846853
   -.0774392
   -.0668161
   -.0551924
   -.0450982
   -.0385454
   -.0366955
   -.0396862
   -.0466822
   -.0562620
   -.0669217
   -.0769858
   -.0849473
   -.0892606
   -.0886373
   -.0827140
   -.0723354
   -.0590554
   -.0447275
   -.0311924
   -.0202944
   -.0134088
   -.0114571
   -.0149374
   -.0233785
   -.0355302
   -.0497203
   -.0640299
   -.0764793
   -.0851758
   -.0885545
   -.0858269
   -.0769761
   -.0625878
   -.0438356
   -.0223831
   -.0001373
    .0208148
    .0382421
    .0503075
    .0554188
    .0523597
    .0410165
    .0225416
   -.0008736
   -.0261689
   -.0494933
   -.0668196
   -.0748402
   -.0719375
   -.0587490
   -.0379333
   -.0133481
    .0109102
    .0312122
    .0447491
    .0497134
    .0452005
    .0314055
    .0098814
   -.0166652
   -.0444651
   -.0694727
   -.0881693
   -.0982029
   -.0986862
   -.0901076
   -.0740483
   -.0526591
   -.0283207
   -.0034212
    .0199617
    .0397232
    .0537839
    .0604474
    .0589282
    .0505062
    .0367993
    .0198381
    .0023563
   -.0133382
   -.0250723
   -.0308834
   -.0292284
   -.0192002
   -.0010060
    .0239118
    .0529458
    .0828355
    .1102648
    .1322342
    .1464385
    .1514901
    .1472708
    .1349818
    .1168243
    .0957927
    .0751726
    .0579884
    .0464739
    .0420236
    .0449118
    .0541036
    .0675654
    .0826139
    .0965821
    .1071473
    .1123432
    .1109353
    .1026593
    .0883118
    .0694945
    .0481339
    .0262605
    .0060291
   -.0106015
   -.0223687
   -.0289449
   -.0307881
   -.0290170
   -.0250999
   -.0202977
   -.0158174
   -.0126495
   -.0116369
   -.0136015
   -.0190390
   -.0280626
   -.0402013
   -.0545541
   -.0699219
   -.0846127
   -.0969709
   -.1056799
   -.1099549
   -.1099523
   -.1067986
   -.1020721
   -.0977211
   -.0952511
   -.0953992
   -.0981331
   -.1029923
   -.1093494
   -.1162581
   -.1226154
   -.1275585
   -.1303419
   -.1304412
   -.1276013
   -.1218734
   -.1137068
   -.1038499
   -.0931931
   -.0825583
   -.0726661
   -.0641485
   -.0575402
   -.0531960
   -.0509307
   -.0500812
   -.0497475
   -.0490679
   -.0474453
   -.0444381
   -.0396476
   -.0327327
   -.0235268
   -.0127900
   -.0019479
    .0068743
    .0115485
    .0109152
    .0049498
   -.0054672
   -.0186682
   -.0324556
   -.0445252
   -.0530849
   -.0569151
   -.0554200
   -.0484307
   -.0362567
   -.0199181
   -.0010309
    .0185025
    .0366662
    .0516582
    .0620290
    .0674058
    .0683127
    .0658734
    .0617281
    .0576885
    .0554915
    .0565977
    .0619528
    .0718916
    .0863584
    .1048594
    .1264035
    .1496575
    .1728682
    .1935704
    .2088473
    .2159775
    .2130592
    .1992332
    .1754436
    .1447542
    .1115044
    .0805378
    .0556832
    .0390966
    .0311567
    .0308015
    .0362095
    .0454223
    .0563676
    .0665652
    .0734717
    .0747824
    .0689801
    .0557213
    .0359253
    .0113823
   -.0156850
   -.0427452
   -.0672779
   -.0869262
   -.0998874
   -.1052557
   -.1028337
   -.0932957
   -.0784300
   -.0604700
   -.0418488
   -.0247538
   -.0108163
   -.0012254
    .0034863
    .0034487
   -.0004859
   -.0067129
   -.0135552
   -.0195780
   -.0236452
   -.0250167
   -.0234219
   -.0189074
   -.0116139
   -.0018077
    .0099560
    .0228724
    .0358917
    .0477599
    .0571064
    .0624931
    .0629662
    .0583656
    .0495436
    .0378921
    .0247979
    .0118215
    .0003198
   -.0087522
   -.0148031
   -.0177920
   -.0181713
   -.0168590
   -.0151891
   -.0144401
   -.0155926
   -.0191806
   -.0253103
   -.0336246
   -.0434003
   -.0537057
   -.0632058
   -.0706788
   -.0754418
   -.0772488
   -.0764621
   -.0736708
   -.0695998
   -.0649677
   -.0603966
   -.0563230
   -.0530766
   -.0509282
   -.0500736
   -.0506380
   -.0527613
   -.0563191
   -.0607410
   -.0650314
   -.0682495
   -.0696451
   -.0684371
   -.0641374
   -.0567511
   -.0467893
   -.0355557
   -.0247601
   -.0161589
   -.0112358
   -.0107977
   -.0147878
   -.0226585
   -.0331564
   -.0447019
   -.0556077
   -.0640515
   -.0687019
   -.0688670
   -.0643804
   -.0555452
   -.0428578
   -.0272106
   -.0099241
    .0076007
    .0237762
    .0369953
    .0461548
    .0506235
    .0502582
    .0456233
    .0378773
    .0285205
    .0191991
    .0114183
    .0068005
    .0068075
    .0123383
    .0233278
    .0388421
    .0570485
    .0756205
    .0919729
    .1037742
    .1091400
    .1070824
    .0977028
    .0822589
    .0626943
    .0412763
    .0202817
    .0018625
   -.0123818
   -.0215415
   -.0254582
   -.0245545
   -.0199115
   -.0130572
   -.0057597
    .0005377
    .0050035
    .0070713
    .0063168
    .0024340
   -.0048925
   -.0157575
   -.0299385
   -.0469440
   -.0658944
   -.0852721
   -.1030252
   -.1169379
   -.1253392
   -.1272475
   -.1225191
   -.1117986
   -.0966430
   -.0793386
   -.0622421
   -.0471300
   -.0352080
   -.0268925
   -.0218144
   -.0193869
   -.0188759
   -.0194564
   -.0202147
   -.0200017
   -.0179125
   -.0134341
   -.0064667
    .0027361
    .0135081
    .0251135
    .0368963
    .0484337
    .0594424
    .0695626
    .0783435
    .0853544
    .0901675
    .0925264
    .0923891
    .0901405
    .0863763
    .0816190
    .0764523
    .0713175
    .0665371
    .0625638
    .0599350
    .0591414
    .0602617
    .0627290
    .0653348
    .0666615
    .0656486
    .0619633
    .0558187
    .0479768
    .0396295
    .0321014
    .0265721
    .0236893
    .0233652
    .0251525
    .0284247
    .0320302
    .0346896
    .0355289
    .0341750
    .0306559
    .0254195
    .0192316
    .0130473
    .0076253
    .0035032
    .0009971
    .0000733
    .0007504
    .0030002
    .0065308
    .0105835
    .0141101
    .0161438
    .0158115
    .0124633
    .0059144
   -.0033026
   -.0141443
   -.0251917
   -.0347977
   -.0413420
   -.0434073
   -.0403891
   -.0330781
   -.0233365
   -.0133476
   -.0052392
   -.0008786
   -.0014271
   -.0070095
   -.0165860
   -.0283831
   -.0404628
   -.0513038
   -.0599505
   -.0660737
   -.0695852
   -.0704433
   -.0688344
   -.0651310
   -.0597280
   -.0530308
   -.0454306
   -.0375033
   -.0300384
   -.0240603
   -.0207750
   -.0211748
   -.0255918
   -.0336809
   -.0443673
   -.0559721
   -.0664884
   -.0740950
   -.0776149
   -.0765580
   -.0712473
   -.0624991
   -.0513034
   -.0391581
   -.0276616
   -.0183936
   -.0125721
   -.0105060
   -.0118253
   -.0155609
   -.0203074
   -.0247404
   -.0277606
   -.0286827
   -.0273196
   -.0239374
   -.0189558
   -.0127354
   -.0054661
    .0028163
    .0119588
    .0219070
    .0324930
    .0434841
    .0545292
    .0649129
    .0737308
    .0801503
    .0835685
    .0838538
    .0815050
    .0774645
    .0728134
    .0688004
    .0664398
    .0660196
    .0671991
    .0693084
    .0715021
    .0729613
    .0728677
    .0705328
    .0658194
    .0594076
    .0523453
    .0458047
    .0407356
    .0374129
    .0355753
    .0348061
    .0344799
    .0338769
    .0324023
    .0299907
    .0270018
    .0240075
    .0215303
    .0198697
    .0184451
    .0180143
    .0175154
    .0168018
    .0156002
    .0137677
    .0116032
    .0095046
    .0077078
    .0064518
    .0051868
    .0038746
    .0024205
    .0003468
   -.0024879
   -.0058811
   -.0096335
   -.0135423
   -.0170704
   -.0193289
   -.0199925
   -.0197853
   -.0199721
   -.0218677
   -.0264069
   -.0336857
   -.0430534
   -.0529930
   -.0613846
   -.0665980
   -.0681192
   -.0664528
   -.0627803
   -.0584690
   -.0548295
   -.0527007
   -.0525085
   -.0542282
   -.0576366
   -.0624295
   -.0675575
   -.0714868
   -.0726540
   -.0696630
   -.0618582
   -.0495886
   -.0339793
   -.0165481
    .0009413
    .0167726
    .0294563
    .0382300
    .0427803
    .0429041
    .0389710
    .0319005
    .0231011
    .0142671
    .0070915
    .0028214
    .0022111
    .0056245
    .0128876
    .0232899
    .0354613
    .0475813
    .0578006
    .0647067
    .0674126
    .0653491
    .0585538
    .0479621
    .0350687
    .0213994
    .0085605
   -.0017998
   -.0086222
   -.0114532
   -.0103142
   -.0055414
    .0019735
    .0108169
    .0196107
    .0270866
    .0321152
    .0340591
    .0325936
    .0280528
    .0213276
    .0135136
    .0058839
   -.0007585
   -.0057918
   -.0087629
   -.0093836
   -.0075426
   -.0035489
    .0017206
    .0072485
    .0121505
    .0156962
    .0176138
    .0179459
    .0166815
    .0138644
    .0094962
    .0035116
   -.0040835
   -.0130129
   -.0224772
   -.0315360
   -.0395992
   -.0462438
   -.0511018
   -.0541090
   -.0554121
   -.0557299
   -.0558681
   -.0566287
   -.0589250
   -.0633350
   -.0699585
   -.0782459
   -.0871260
   -.0953372
   -.1015898
   -.1049303
   -.1049618
   -.1018242
   -.0962995
   -.0894335
   -.0824598
   -.0766295
   -.0727245
   -.0710006
   -.0713487
   -.0733743
   -.0762243
   -.0787253
   -.0797524
   -.0784129
   -.0743950
   -.0679601
   -.0597368
   -.0507924
   -.0420807
   -.0341556
   -.0276910
   -.0232591
   -.0209874
   -.0209334
   -.0229775
   -.0267824
   -.0319812
   -.0383185
   -.0452863
   -.0521922
   -.0584084
   -.0630709
   -.0652949
   -.0646193
   -.0610547
   -.0551082
   -.0476139
   -.0395343
   -.0318702
   -.0255596
   -.0213913
   -.0201915
   -.0225037
   -.0282105
   -.0366717
   -.0469312
   -.0578103
   -.0683479
   -.0777787
   -.0854264
   -.0907252
   -.0930590
   -.0919346
   -.0873419
   -.0797861
   -.0703988
   -.0608499
   -.0526495
   -.0466102
   -.0432317
   -.0426955
   -.0449896
   -.0500784
   -.0575049
   -.0664607
   -.0759876
   -.0847330
   -.0914694
   -.0952755
   -.0955002
   -.0921241
   -.0855497
   -.0762267
   -.0647057
   -.0517203
   -.0383700
   -.0259283
   -.0156079
   -.0084844
   -.0051901
   -.0056627
   -.0087378
   -.0128706
   -.0166530
   -.0184306
   -.0167799
   -.0108502
   -.0005194
    .0133649
    .0292211
    .0454170
    .0605454
    .0734442
    .0831920
    .0893727
    .0922397
    .0924903
    .0910855
    .0891875
    .0876297
    .0869588
    .0874780
    .0888296
    .0904285
    .0915173
    .0910145
    .0883090
    .0831344
    .0754447
    .0657087
    .0547552
    .0439520
    .0345473
    .0274240
    .0232424
    .0210097
    .0190196
    .0165001
    .0128796
    .0078517
    .0014423
   -.0059192
   -.0133893
   -.0199863
   -.0248133
   -.0273422
   -.0279904
   -.0276393
   -.0273930
   -.0283744
   -.0312120
   -.0359057
   -.0415316
   -.0468038
   -.0505163
   -.0518225
   -.0506440
   -.0472795
   -.0421841
   -.0359140
   -.0290477
   -.0221620
   -.0158860
   -.0107192
   -.0069462
   -.0044851
   -.0031286
   -.0028335
   -.0033549
   -.0042923
   -.0050137
   -.0048336
   -.0032869
    .0002181
    .0056789
    .0124614
    .0199531
    .0274572
    .0341445
    .0393005
    .0423337
    .0429113
    .0408224
    .0362788
    .0298720
    .0222367
    .0143986
    .0074046
    .0019968
   -.0010280
   -.0011178
    .0015892
    .0065544
    .0128020
    .0190196
    .0241616
    .0272150
    .0281091
    .0272899
    .0251993
    .0223008
    .0187779
    .0150212
    .0115901
    .0093053
    .0090146
    .0112639
    .0160600
    .0228644
    .0308898
    .0391118
    .0463727
    .0516061
    .0541578
    .0537433
    .0504829
    .0448533
    .0373781
    .0289235
    .0205360
    .0129587
    .0067577
    .0021096
   -.0016967
   -.0057934
   -.0112092
   -.0185085
   -.0279108
   -.0391457
   -.0511232
   -.0626677
   -.0725903
   -.0797504
   -.0839276
   -.0855953
   -.0854420
   -.0845107
   -.0838738
   -.0842951
   -.0859672
   -.0886185
   -.0916126
   -.0941521
   -.0953125
   -.0944158
   -.0914544
   -.0868838
   -.0816598
   -.0767786
   -.0731051
   -.0712968
   -.0715409
   -.0734861
   -.0763730
   -.0791159
   -.0805466
   -.0799825
   -.0772899
   -.0727224
   -.0669552
   -.0607835
   -.0552262
   -.0510010
   -.0481933
   -.0467840
   -.0465475
   -.0469282
   -.0475338
   -.0480145
   -.0479020
   -.0467020
   -.0440041
   -.0395684
   -.0334006
   -.0257752
   -.0171976
   -.0081380
    .0011098
    .0103496
    .0192651
    .0273758
    .0341514
    .0392286
    .0424361
    .0440174
    .0446300
    .0452248
    .0469450
    .0507232
    .0570803
    .0661916
    .0777308
    .0908417
    .1043900
    .1170592
    .1271481
    .1331318
    .1343361
    .1309128
    .1237948
    .1145608
    .1047751
    .0958804
    .0888264
    .0840995
    .0819359
    .0821280
    .0841164
    .0869193
    .0891037
    .0892969
    .0865151
    .0803053
    .0707790
    .0584840
    .0442099
    .0288668
    .0134174
   -.0012227
   -.0141791
   -.0247051
   -.0322504
   -.0365479
   -.0377052
   -.0360183
   -.0321091
   -.0270412
   -.0220653
   -.0183407
   -.0167179
   -.0179623
   -.0224317
   -.0296651
   -.0388091
   -.0490872
   -.0594793
   -.0688217
   -.0760922
   -.0805428
   -.0819035
   -.0802243
   -.0757829
   -.0692183
   -.0614910
   -.0537814
   -.0472300
   -.0428030
   -.0411600
   -.0424645
   -.0462502
   -.0518571
   -.0584724
   -.0650258
   -.0704680
   -.0742005
   -.0759466
   -.0756578
   -.0735228
   -.0698311
   -.0648751
   -.0590486
   -.0527799
   -.0465919
   -.0408258
   -.0357462
   -.0314966
   -.0278607
   -.0246222
   -.0215009
   -.0181610
   -.0141565
   -.0092472
   -.0034147
    .0033842
    .0108470
    .0183564
    .0252942
    .0311238
    .0356076
    .0391434
    .0420666
    .0447804
    .0476711
    .0509039
    .0542492
    .0574223
    .0599779
    .0614537
    .0617866
    .0610588
    .0596038
    .0579975
    .0567836
    .0563056
    .0565799
    .0575747
    .0591582
    .0609747
    .0623173
    .0623377
    .0608994
    .0579966
    .0537859
    .0487633
    .0435747
    .0390727
    .0359528
    .0347224
    .0354052
    .0377525
    .0413534
    .0454525
    .0490644
    .0510959
    .0509256
    .0485556
    .0442496
    .0385504
    .0322793
    .0263480
    .0216201
    .0189578
    .0189445
    .0216081
    .0265897
    .0332345
    .0405228
    .0473120
    .0525243
    .0553271
    .0552193
    .0520942
    .0463815
    .0390359
    .0311569
    .0234179
    .0160693
    .0094050
    .0036678
   -.0010445
   -.0046563
   -.0071091
   -.0081414
   -.0072173
   -.0042136
    .0003563
    .0052915
    .0091670
    .0108827
    .0096717
    .0052451
   -.0022601
   -.0121862
   -.0235270
   -.0351537
   -.0456578
   -.0535100
   -.0574982
   -.0571319
   -.0526368
   -.0448101
   -.0349416
   -.0245080
   -.0149652
   -.0078293
   -.0042598
   -.0046490
   -.0085116
   -.0146661
   -.0215732
   -.0277049
   -.0316056
   -.0322134
   -.0291240
   -.0226805
   -.0140820
   -.0048771
    .0032544
    .0090433
    .0119380
    .0120165
    .0095939
    .0051210
   -.0008707
   -.0081630
   -.0165850
   -.0257834
   -.0351350
   -.0438146
   -.0508643
   -.0555094
   -.0574082
   -.0567461
   -.0543987
   -.0515975
   -.0497440
   -.0498826
   -.0527770
   -.0587630
   -.0670918
   -.0766787
   -.0861436
   -.0941983
   -.0999208
   -.1026933
   -.1023517
   -.0990997
   -.0934151
   -.0862632
   -.0787830
   -.0721539
   -.0671976
   -.0643743
   -.0634647
   -.0637506
   -.0646500
   -.0655865
   -.0662408
   -.0663737
   -.0656844
   -.0637942
   -.0605533
   -.0560477
   -.0503385
   -.0433752
   -.0354591
   -.0268796
   -.0182088
   -.0103343
   -.0038973
    .0004405
    .0023614
    .0019137
   -.0005669
   -.0044788
   -.0090094
   -.0132124
   -.0161621
   -.0170410
   -.0151021
   -.0101068
   -.0024550
    .0068506
    .0164403
    .0250007
    .0316297
    .0357926
    .0373035
    .0361930
    .0329126
    .0281647
    .0229031
    .0181951
    .0149985
    .0140816
    .0156552
    .0195106
    .0252670
    .0323476
    .0402445
    .0483298
    .0556423
    .0611867
    .0641140
    .0640865
    .0612448
    .0561581
    .0495960
    .0425540
    .0362994
    .0318093
    .0296569
    .0296951
    .0315445
    .0345720
    .0376517
    .0393385
    .0384397
    .0344950
    .0275119
    .0182344
    .0076364
   -.0029224
   -.0118618
   -.0186462
   -.0229261
   -.0244702
   -.0237644
   -.0217427
   -.0195755
   -.0183696
   -.0185615
   -.0206105
   -.0245208
   -.0298118
   -.0360419
   -.0420730
   -.0468070
   -.0492350
   -.0485968
   -.0451782
   -.0394340
   -.0323862
   -.0253796
   -.0194563
   -.0154022
   -.0131734
   -.0125408
   -.0131215
   -.0139197
   -.0145534
   -.0150590
   -.0153744
   -.0153072
   -.0147758
   -.0138300
   -.0122706
   -.0099613
   -.0069200
   -.0030890
    .0015448
    .0070092
    .0130049
    .0190922
    .0249554
    .0300053
    .0335773
    .0349782
    .0337653
    .0301572
    .0248884
    .0192228
    .0148478
    .0130418
    .0144095
    .0187316
    .0253547
    .0334809
    .0421968
    .0504611
    .0574831
    .0627523
    .0656327
    .0656874
    .0626253
    .0566447
    .0481265
    .0377232
    .0267318
    .0165378
    .0082855
    .0028186
    .0005587
    .0015016
    .0053221
    .0112126
    .0180675
    .0244726
    .0290509
    .0308284
    .0291366
    .0236929
    .0147672
    .0032129
   -.0096375
   -.0223538
   -.0334093
   -.0415083
   -.0458946
   -.0464588
   -.0437427
   -.0384253
   -.0313768
   -.0233332
   -.0147812
   -.0067168
   -.0002207
    .0038275
    .0045792
    .0018950
   -.0040273
   -.0128619
   -.0237916
   -.0355490
   -.0463865
   -.0546546
   -.0591419
   -.0591669
   -.0546986
   -.0462090
   -.0348884
   -.0226086
   -.0113610
   -.0028728
    .0016192
    .0010709
   -.0047450
   -.0150977
   -.0282351
   -.0418235
   -.0537647
   -.0623148
   -.0663029
   -.0653645
   -.0600633
   -.0514580
   -.0409674
   -.0302091
   -.0208832
   -.0141767
   -.0106253
   -.0104970
   -.0136676
   -.0195057
   -.0269951
   -.0347391
   -.0413756
   -.0456791
   -.0465430
   -.0433298
   -.0359107
   -.0247088
   -.0107948
    .0041841
    .0182816
    .0298049
    .0373137
    .0404618
    .0396187
    .0356014
    .0296839
    .0229822
    .0166124
    .0117204
    .0090864
    .0091133
    .0118499
    .0170683
    .0243124
    .0325479
    .0404605
    .0469131
    .0507562
    .0512953
    .0483096
    .0421482
    .0336189
    .0238445
    .0140140
    .0052081
   -.0015841
   -.0054265
   -.0057218
   -.0026590
    .0031158
    .0105839
    .0184381
    .0254430
    .0305171
    .0329380
    .0323804
    .0289775
    .0230785
    .0153060
    .0064750
   -.0023058
   -.0097898
   -.0152040
   -.0179453
   -.0176726
   -.0144983
   -.0087578
   -.0012655
    .0067534
    .0140874
    .0197937
    .0232291
    .0238387
    .0212052
    .0153206
    .0065591
   -.0040055
   -.0152465
   -.0257616
   -.0339446
   -.0387375
   -.0395227
   -.0364901
   -.0304684
   -.0226023
   -.0142893
   -.0069978
   -.0021665
   -.0007001
   -.0028538
   -.0082887
   -.0162016
   -.0257189
   -.0358089
   -.0454134
   -.0537171
   -.0600399
   -.0639190
   -.0649760
   -.0628724
   -.0577536
   -.0502882
   -.0417446
   -.0335124
   -.0266413
   -.0219510
   -.0201174
   -.0215229
   -.0258804
   -.0324961
   -.0400642
   -.0470108
   -.0519473
   -.0536461
   -.0515191
   -.0454032
   -.0357535
   -.0236541
   -.0105861
    .0018089
    .0120791
    .0191653
    .0228409
    .0235639
    .0221802
    .0196616
    .0167623
    .0140059
    .0119192
    .0110019
    .0116119
    .0140649
    .0186318
    .0252456
    .0334140
    .0422660
    .0508441
    .0583847
    .0643615
    .0683363
    .0699034
    .0690314
    .0659268
    .0607009
    .0538766
    .0462513
    .0387362
    .0325744
    .0287406
    .0278003
    .0300495
    .0350966
    .0419018
    .0487671
    .0536843
    .0553493
    .0533621
    .0480303
    .0402585
    .0312811
    .0223642
    .0144439
    .0081928
    .0039561
    .0019845
    .0023439
    .0046316
    .0084535
    .0132749
    .0183197
    .0227239
    .0256373
    .0264905
    .0252189
    .0220418
    .0173011
    .0113206
    .0045168
   -.0025591
   -.0095047
   -.0156467
   -.0202710
   -.0229009
   -.0234265
   -.0222257
   -.0196587
   -.0159332
   -.0114392
   -.0065551
   -.0019147
    .0014576
    .0024120
   -.0000827
   -.0061971
   -.0151232
   -.0253703
   -.0350389
   -.0423376
   -.0458119
   -.0449007
   -.0400390
   -.0324266
   -.0238904
   -.0163559
   -.0113973
   -.0101819
   -.0130480
   -.0192636
   -.0274889
   -.0361156
   -.0437067
   -.0489363
   -.0507857
   -.0488553
   -.0434430
   -.0355071
   -.0263324
   -.0170840
   -.0086606
   -.0016947
    .0036242
    .0071894
    .0088739
    .0087065
    .0067088
    .0029223
   -.0024814
   -.0090291
   -.0157388
   -.0215107
   -.0253896
   -.0266364
   -.0247382
   -.0195502
   -.0115876
   -.0019223
    .0081000
    .0169375
    .0231210
    .0255118
    .0236690
    .0180227
    .0095579
   -.0004871
   -.0106819
   -.0194620
   -.0253938
   -.0273411
   -.0247379
   -.0178347
   -.0078153
    .0036238
    .0148462
    .0243554
    .0309448
    .0339339
    .0330859
    .0285897
    .0210932
    .0116573
    .0016498
   -.0075432
   -.0146496
   -.0186822
   -.0191382
   -.0160389
   -.0098500
   -.0014007
    .0082379
    .0181079
    .0273755
    .0351304
    .0401943
    .0414767
    .0384775
    .0312939
    .0205617
    .0073548
   -.0067623
   -.0198630
   -.0301204
   -.0361478
   -.0371970
   -.0332616
   -.0250764
   -.0142452
   -.0030177
    .0060751
    .0109614
    .0106732
    .0051442
   -.0045354
   -.0165482
   -.0291474
   -.0407816
   -.0501305
   -.0561186
   -.0578939
   -.0550266
   -.0477947
   -.0372701
   -.0250643
   -.0128911
   -.0022899
    .0058618
    .0112041
    .0135971
    .0132151
    .0104106
    .0057702
    .0001799
   -.0055489
   -.0106741
   -.0143270
   -.0157737
   -.0146038
   -.0106374
   -.0038177
    .0055434
    .0166554
    .0282233
    .0384636
    .0458262
    .0495200
    .0491507
    .0450187
    .0381937
    .0300174
    .0218222
    .0148098
    .0100001
    .0081169
    .0094501
    .0137934
    .0204522
    .0284852
    .0366890
    .0436341
    .0480661
    .0490862
    .0464958
    .0407350
    .0327392
    .0236884
    .0150722
    .0084845
    .0049554
    .0048497
    .0078229
    .0132489
    .0201397
    .0270685
    .0327343
    .0361859
    .0368258
    .0344610
    .0293514
    .0221304
    .0137235
    .0052280
   -.0023537
   -.0082903
   -.0124769
   -.0151161
   -.0161532
   -.0156058
   -.0136463
   -.0106918
   -.0074172
   -.0043206
   -.0019557
   -.0011196
   -.0023628
   -.0061641
   -.0125146
   -.0208009
   -.0300746
   -.0391259
   -.0467554
   -.0522260
   -.0550752
   -.0550140
   -.0522089
   -.0472565
   -.0410756
   -.0347276
   -.0292675
   -.0253830
   -.0232931
   -.0227928
   -.0235647
   -.0252409
   -.0273586
   -.0294935
   -.0312005
   -.0321426
   -.0320137
   -.0304180
   -.0269746
   -.0215290
   -.0141844
   -.0054286
    .0038885
    .0127283
    .0202662
    .0258558
    .0290066
    .0296124
    .0281264
    .0254259
    .0224463
    .0201901
    .0194918
    .0206226
    .0236501
    .0284275
    .0346358
    .0419150
    .0497199
    .0573422
    .0639905
    .0689563
    .0717560
    .0722764
    .0707827
    .0678534
    .0641915
    .0603206
    .0567134
    .0538170
    .0517995
    .0505381
    .0499454
    .0502002
    .0515303
    .0538722
    .0569564
    .0603579
    .0632510
    .0646529
    .0639320
    .0608185
    .0554247
    .0481224
    .0394968
    .0304172
    .0219789
    .0151361
    .0105740
    .0086626
    .0093601
    .0121120
    .0158563
    .0192351
    .0210216
    .0204555
    .0172352
    .0116062
    .0043179
   -.0036158
   -.0111096
   -.0172473
   -.0214367
   -.0232266
   -.0225373
   -.0198665
   -.0160242
   -.0117842
   -.0077860
   -.0046879
   -.0031884
   -.0038871
   -.0068343
   -.0117250
   -.0180833
   -.0251432
   -.0319918
   -.0377204
   -.0416781
   -.0435945
   -.0435231
   -.0416844
   -.0385070
   -.0346948
   -.0310149
   -.0280769
   -.0262321
   -.0256966
   -.0266321
   -.0289801
   -.0322771
   -.0359346
   -.0393515
   -.0417995
   -.0425981
   -.0414196
   -.0384994
   -.0342380
   -.0290762
   -.0237353
   -.0189109
   -.0150994
   -.0126887
   -.0118022
   -.0123274
   -.0139449
   -.0159639
   -.0175396
   -.0180467
   -.0171723
   -.0147994
   -.0110763
   -.0064394
   -.0015239
    .0030429
    .0069041
    .0099554
    .0122583
    .0139999
    .0153238
    .0163643
    .0173022
    .0184655
    .0202535
    .0227346
    .0255482
    .0280799
    .0297054
    .0300553
    .0291915
    .0274346
    .0251739
    .0227597
    .0204642
    .0185867
    .0173210
    .0165748
    .0160739
    .0153988
    .0140774
    .0118056
    .0087149
    .0052956
    .0021849
   -.0000122
   -.0010769
   -.0011936
   -.0007073
   -.0000320
    .0004023
    .0003086
   -.0004675
   -.0020736
   -.0045882
   -.0077430
   -.0110311
   -.0139052
   -.0158649
   -.0167714
   -.0166802
   -.0158279
   -.0147721
   -.0139921
   -.0136089
   -.0133536
   -.0128127
   -.0118749
   -.0106348
   -.0093660
   -.0087107
   -.0093858
   -.0116007
   -.0148816
   -.0183602
   -.0210738
   -.0223839
   -.0220800
   -.0202995
   -.0173917
   -.0137857
   -.0099307
   -.0062941
   -.0033143
   -.0011589
    .0001995
    .0007793
    .0006012
   -.0002452
   -.0016193
   -.0034966
   -.0060155
   -.0091649
   -.0126646
   -.0161148
   -.0190998
   -.0211585
   -.0217945
   -.0206769
   -.0178364
   -.0137267
   -.0088087
   -.0035477
    .0014307
    .0055366
    .0081616
    .0088379
    .0075142
    .0044866
    .0002690
   -.0044634
   -.0090800
   -.0130439
   -.0160392
   -.0180379
   -.0190294
   -.0189953
   -.0179162
   -.0157134
   -.0125443
   -.0086387
   -.0041990
    .0004211
    .0049115
    .0089198
    .0121047
    .0142166
    .0149951
    .0142903
    .0122673
    .0093224
    .0059636
    .0028275
    .0005561
   -.0003795
    .0002464
    .0025188
    .0061696
    .0105165
    .0149226
    .0187629
    .0212869
    .0219756
    .0207023
    .0175764
    .0129614
    .0076010
    .0024439
   -.0018400
   -.0051497
   -.0075817
   -.0091419
   -.0098239
   -.0096833
   -.0088939
   -.0077098
   -.0065239
   -.0058618
   -.0061950
   -.0075918
   -.0096476
   -.0117564
   -.0135598
   -.0149516
   -.0158713
   -.0160868
   -.0153021
   -.0133856
   -.0104399
   -.0067877
   -.0028808
    .0008400
    .0039799
    .0062796
    .0076458
    .0081147
    .0079987
    .0078828
    .0083048
    .0095120
    .0114420
    .0139333
    .0167997
    .0196946
    .0222744
    .0243524
    .0258623
    .0265343
    .0260962
    .0247389
    .0228826
    .0208476
    .0186451
    .0162306
    .0138031
    .0115902
    .0096999
    .0080276
    .0063607
    .0046764
    .0032453
    .0023904
    .0022247
    .0025714
    .0028715
    .0023652
    .0005213
   -.0027041
   -.0070307
   -.0119728
   -.0167473
   -.0205148
   -.0227786
   -.0234016
   -.0224430
   -.0202120
   -.0173100
   -.0144445
   -.0121642
   -.0108135
   -.0105008
   -.0112018
   -.0128138
   -.0150254
   -.0174324
   -.0196824
   -.0214592
   -.0225661
   -.0229397
   -.0225766
   -.0215020
   -.0197208
   -.0172338
   -.0140717
   -.0102127
   -.0057323
   -.0010594
    .0032834
    .0069491
    .0095969
    .0108100
    .0103079
    .0082063
    .0049375
    .0010754
   -.0028855
   -.0066347
   -.0097162
   -.0115446
   -.0116484
   -.0099736
   -.0069341
   -.0032381
    .0003542
    .0032324
    .0049473
    .0051343
    .0035154
   -.0000025
   -.0053560
   -.0122480
   -.0199546
   -.0274000
   -.0334012
   -.0369962
   -.0377543
   -.0357362
   -.0315311
   -.0261734
   -.0206958
   -.0159326
   -.0122938
   -.0098984
   -.0087859
   -.0088720
   -.0099931
   -.0119457
   -.0143231
   -.0164702
   -.0177641
   -.0176902
   -.0157434
   -.0116327
   -.0054094
    .0025501
    .0116966
    .0214692
    .0311077
    .0396998
    .0465014
    .0511724
    .0537749
    .0546645
    .0543920
    .0536009
    .0528181
    .0523675
    .0523667
    .0527379
    .0532493
    .0536708
    .0539878
    .0541682
    .0539560
    .0529313
    .0506366
    .0467732
    .0412364
    .0341981
    .0264117
    .0189145
    .0126757
    .0085674
    .0069281
    .0074989
    .0095324
    .0117484
    .0128159
    .0122489
    .0102913
    .0075756
    .0049265
    .0031535
    .0027858
    .0038028
    .0058293
    .0084085
    .0110534
    .0132594
    .0146487
    .0150970
    .0146611
    .0134505
    .0115281
    .0089412
    .0058694
    .0023508
   -.0016254
   -.0059796
   -.0104925
   -.0148609
   -.0189663
   -.0227539
   -.0260510
   -.0284650
   -.0297417
   -.0298878
   -.0291892
   -.0280915
   -.0271297
   -.0268675
   -.0277265
   -.0298870
   -.0334523
   -.0385323
   -.0448834
   -.0519814
   -.0591665
   -.0657268
   -.0710394
   -.0746448
   -.0761696
   -.0754236
   -.0725509
   -.0679507
   -.0622108
   -.0560588
   -.0502733
   -.0453676
   -.0415562
   -.0391190
   -.0383615
   -.0394145
   -.0420944
   -.0459544
   -.0502724
   -.0543527
   -.0576476
   -.0596723
   -.0601457
   -.0589357
   -.0560191
   -.0514933
   -.0455384
   -.0383055
   -.0300467
   -.0213477
   -.0130028
   -.0058273
   -.0004483
    .0027928
    .0039424
    .0033485
    .0013184
   -.0017349
   -.0051849
   -.0083177
   -.0105260
   -.0114492
   -.0110357
   -.0094955
   -.0072075
   -.0044634
   -.0013535
    .0020708
    .0058537
    .0100807
    .0148296
    .0198844
    .0245463
    .0280197
    .0296520
    .0290173
    .0260491
    .0211214
    .0149580
    .0084958
    .0026452
   -.0018753
   -.0044650
   -.0047123
   -.0025613
    .0015952
    .0071824
    .0135022
    .0196616
    .0247135
    .0278116
    .0285122
    .0267992
    .0229913
    .0177773
    .0119337
    .0060338
    .0004430
   -.0045612
   -.0085851
   -.0110212
   -.0115707
   -.0102863
   -.0071892
   -.0025294
    .0031361
    .0091745
    .0148839
    .0196453
    .0229282
    .0242608
    .0234034
    .0204877
    .0159114
    .0103680
    .0047419
    .0000338
   -.0028645
   -.0032444
   -.0006895
    .0044219
    .0112849
    .0187495
    .0256192
    .0310707
    .0345987
    .0359090
    .0350181
    .0321387
    .0276386
    .0221324
    .0161825
    .0104422
    .0056176
    .0023818
    .0015796
    .0035654
    .0078361
    .0137264
    .0204326
    .0270895
    .0330941
    .0378675
    .0408625
    .0415303
    .0394664
    .0347464
    .0277748
    .0193596
    .0105818
    .0028896
   -.0023588
   -.0043337
   -.0027858
    .0020026
    .0090591
    .0168844
    .0239253
    .0289522
    .0311406
    .0301796
    .0260620
    .0191373
    .0101079
   -.0001217
   -.0104948
   -.0199014
   -.0273769
   -.0321800
   -.0338898
   -.0325294
   -.0286768
   -.0229910
   -.0162153
   -.0094043
   -.0036059
    .0000507
    .0007173
   -.0018932
   -.0076678
   -.0158963
   -.0255375
   -.0354961
   -.0445576
   -.0517637
   -.0562905
   -.0573779
   -.0550200
   -.0497698
   -.0423615
   -.0336381
   -.0245559
   -.0163746
   -.0103381
   -.0074143
   -.0078493
   -.0112695
   -.0169855
   -.0238464
   -.0306881
   -.0364902
   -.0402347
   -.0410828
   -.0384012
   -.0319288
   -.0221584
   -.0102136
    .0024389
    .0141875
    .0235753
    .0295560
    .0318780
    .0307415
    .0265684
    .0203370
    .0134627
    .0075150
    .0037322
    .0028880
    .0052726
    .0106472
    .0183788
    .0276636
    .0375466
    .0470449
    .0551567
    .0609842
    .0639342
    .0636199
    .0599447
    .0534190
    .0450183
    .0359680
    .0275550
    .0209283
    .0168597
    .0156195
    .0172205
    .0213651
    .0273714
    .0342377
    .0408615
    .0462048
    .0493410
    .0496800
    .0469790
    .0414939
    .0337354
    .0243249
    .0142750
    .0048953
   -.0025749
   -.0072438
   -.0086978
   -.0071900
   -.0034573
    .0017645
    .0077516
    .0138051
    .0193203
    .0238007
    .0265894
    .0270608
    .0249395
    .0202669
    .0134261
    .0051513
   -.0036744
   -.0119544
   -.0185489
   -.0226554
   -.0235533
   -.0207462
   -.0147649
   -.0068605
    .0015619
    .0089892
    .0139632
    .0152224
    .0122136
    .0052628
   -.0045484
   -.0153413
   -.0252971
   -.0331130
   -.0379813
   -.0395282
   -.0377766
   -.0333979
   -.0273997
   -.0208214
   -.0146996
   -.0098772
   -.0071517
   -.0068901
   -.0090218
   -.0134609
   -.0195457
   -.0264392
   -.0334459
   -.0397407
   -.0446682
   -.0475851
   -.0480137
   -.0456913
   -.0405602
   -.0332159
   -.0243218
   -.0145182
   -.0048150
    .0036031
    .0094972
    .0123817
    .0122154
    .0092638
    .0043721
   -.0013719
   -.0067265
   -.0106190
   -.0122820
   -.0111132
   -.0069985
   -.0002307
    .0083577
    .0176260
    .0263349
    .0334864
    .0383404
    .0405812
    .0403406
    .0379615
    .0339449
    .0288219
    .0233416
    .0182004
    .0140436
    .0112875
    .0100919
    .0105410
    .0125484
    .0155586
    .0189516
    .0221406
    .0244060
    .0253592
    .0245549
    .0217061
    .0168436
    .0104461
    .0033043
   -.0037832
   -.0101474
   -.0149643
   -.0176363
   -.0181469
   -.0164046
   -.0128671
   -.0085141
   -.0044985
   -.0016470
   -.0005232
   -.0013988
   -.0039210
   -.0076048
   -.0117094
   -.0157122
   -.0192780
   -.0218171
   -.0227184
   -.0216228
   -.0186834
   -.0143207
   -.0091088
   -.0037304
    .0011705
    .0047826
    .0065395
    .0062225
    .0040924
    .0005723
   -.0039904
   -.0088796
   -.0134301
   -.0171186
   -.0193027
   -.0197386
   -.0184148
   -.0154115
   -.0113199
   -.0065198
   -.0014936
    .0032111
    .0073207
    .0101507
    .0110240
    .0101069
    .0075741
    .0036393
   -.0013013
   -.0067011
   -.0114590
   -.0146216
   -.0153938
   -.0132564
   -.0080700
   -.0001803
    .0094541
    .0197366
    .0295059
    .0376366
    .0433957
    .0462597
    .0463074
    .0437705
    .0386443
    .0318092
    .0241883
    .0168963
    .0111336
    .0073175
    .0060074
    .0072444
    .0107981
    .0161763
    .0224452
    .0286865
    .0339995
    .0375535
    .0388376
    .0373364
    .0327474
    .0255748
    .0164580
    .0062626
   -.0038416
   -.0127010
   -.0191795
   -.0224329
   -.0222339
   -.0189694
   -.0132239
   -.0059791
    .0015080
    .0079342
    .0122551
    .0139059
    .0126821
    .0087347
    .0026402
   -.0045990
   -.0119367
   -.0184355
   -.0233704
   -.0262099
   -.0267422
   -.0248171
   -.0203945
   -.0138365
   -.0057860
    .0027189
    .0104206
    .0162223
    .0194370
    .0201091
    .0182165
    .0140498
    .0084419
    .0020935
   -.0042547
   -.0101368
   -.0151203
   -.0187599
   -.0206180
   -.0205748
   -.0188435
   -.0158798
   -.0124221
   -.0090709
   -.0062822
   -.0047785
   -.0051194
   -.0075349
   -.0119216
   -.0179630
   -.0251029
   -.0325058
   -.0392529
   -.0445620
   -.0481166
   -.0496797
   -.0492103
   -.0468479
   -.0428794
   -.0380185
   -.0331503
   -.0291256
   -.0263780
   -.0250970
   -.0254011
   -.0270568
   -.0298735
   -.0333432
   -.0366174
   -.0388113
   -.0391300
   -.0372759
   -.0332345
   -.0274479
   -.0206450
   -.0134573
   -.0066106
   -.0007361
    .0037148
    .0066422
    .0080515
    .0079994
    .0065173
    .0038514
    .0005013
   -.0029849
   -.0059514
   -.0077011
   -.0076671
   -.0057044
   -.0020695
    .0026184
    .0075304
    .0120101
    .0154909
    .0173828
    .0174436
    .0157478
    .0125287
    .0082714
    .0035052
   -.0012985
   -.0055907
   -.0087908
   -.0104205
   -.0101192
   -.0078890
   -.0041693
    .0005028
    .0054333
    .0099897
    .0137332
    .0161915
    .0170933
    .0165558
    .0150919
    .0133045
    .0116935
    .0105666
    .0100029
    .0100304
    .0107166
    .0122453
    .0146880
    .0180527
    .0221822
    .0267075
    .0311624
    .0350056
    .0378966
    .0397426
    .0405075
    .0399981
    .0382989
    .0358506
    .0332521
    .0310933
    .0297642
    .0294090
    .0300318
    .0315852
    .0339133
    .0367237
    .0392319
    .0405803
    .0404512
    .0391480
    .0371757
    .0348657
    .0323226
    .0296934
    .0272755
    .0252812
    .0239205
    .0233737
    .0236614
    .0247058
    .0263225
    .0281843
    .0298915
    .0310845
    .0314680
    .0308511
    .0291804
    .0266094
    .0234960
    .0202669
    .0173100
    .0150756
    .0136932
    .0129980
    .0129085
    .0134890
    .0147433
    .0164404
    .0181502
    .0194485
    .0200890
    .0199997
    .0190848
    .0173189
    .0147491
    .0115577
    .0081039
    .0049220
    .0025113
    .0010412
    .0004348
    .0005781
    .0013904
    .0028208
    .0047458
    .0068913
    .0087931
    .0099684
    .0099211
    .0086258
    .0064139
    .0036770
    .0008354
   -.0017732
   -.0039890
   -.0057546
   -.0070039
   -.0077786
   -.0080669
   -.0079027
   -.0073801
   -.0064831
   -.0052134
   -.0037909
   -.0027624
   -.0025426
   -.0032407
   -.0046000
   -.0062155
   -.0077107
   -.0087445
   -.0092527
   -.0093369
   -.0092356
   -.0092894
   -.0096617
   -.0103271
   -.0112060
   -.0124544
   -.0141602
   -.0160925
   -.0179085
   -.0194505
   -.0206842
   -.0215667
   -.0221703
   -.0226182
   -.0229569
   -.0233208
   -.0234337
   -.0231966
   -.0226048
   -.0217211
   -.0204859
   -.0188414
   -.0169591
   -.0150348
   -.0133195
   -.0115400
   -.0094256
   -.0069915
   -.0046077
   -.0023451
   -.0004480
    .0012049
    .0028721
    .0048651
    .0072673
    .0098427
    .0122031
    .0140560
    .0152476
    .0156302
    .0151654
    .0141500
    .0130622
    .0123322
    .0122644
    .0127777
    .0136637
    .0147465
    .0157230
    .0163221
    .0164593
    .0162441
    .0156877
    .0146955
    .0132231
    .0111193
    .0084082
    .0053771
    .0025803
    .0005719
   -.0001609
    .0004661
    .0020057
    .0040368
    .0062477
    .0083890
    .0100493
    .0109739
    .0110859
    .0102024
    .0082391
    .0053004
    .0017248
   -.0019857
   -.0053864
   -.0082637
   -.0103751
   -.0113525
   -.0109665
   -.0092438
   -.0062166
   -.0020493
    .0027927
    .0076703
    .0120319
    .0152756
    .0169349
    .0169966
    .0155585
    .0129064
    .0096422
    .0064371
    .0036928
    .0016882
    .0008481
    .0012884
    .0027683
    .0048927
    .0072974
    .0096754
    .0121038
    .0147973
    .0175887
    .0201672
    .0222965
    .0241319
    .0256106
    .0266319
    .0272177
    .0270165
    .0255807
    .0226792
    .0183102
    .0126556
    .0061584
   -.0005414
   -.0067091
   -.0117268
   -.0154279
   -.0178996
   -.0193038
   -.0197123
   -.0189535
   -.0169840
   -.0139421
   -.0103942
   -.0068910
   -.0039733
   -.0021896
   -.0019252
   -.0033824
   -.0065479
   -.0111166
   -.0166750
   -.0226631
   -.0282803
   -.0329792
   -.0363607
   -.0381842
   -.0386093
   -.0376984
   -.0355671
   -.0324709
   -.0286002
   -.0241906
   -.0196998
   -.0156528
   -.0123911
   -.0099704
   -.0082934
   -.0072455
   -.0066830
   -.0063380
   -.0061443
   -.0059046
   -.0053434
   -.0043956
   -.0029977
   -.0009845
    .0019469
    .0056937
    .0099215
    .0140936
    .0175048
    .0196090
    .0200678
    .0190051
    .0168127
    .0138236
    .0105180
    .0074417
    .0046533
    .0021975
    .0002576
   -.0010078
   -.0016789
   -.0020510
   -.0024642
   -.0032218
   -.0042680
   -.0052808
   -.0058542
   -.0057756
   -.0050997
   -.0037889
   -.0021294
   -.0006455
    .0005981
    .0015713
    .0022324
    .0025694
    .0027002
    .0029181
    .0034611
    .0042601
    .0052050
    .0062017
    .0068660
    .0071458
    .0070423
    .0066838
    .0064366
    .0064275
    .0065578
    .0065270
    .0066849
    .0068488
    .0069172
    .0068498
    .0069377
    .0075896
    .0088082
    .0102718
    .0114399
    .0120293
    .0119290
    .0113651
    .0106357
    .0099943
    .0095585
    .0094342
    .0095180
    .0095941
    .0092407
    .0078673
    .0054731
    .0023589
   -.0009840
   -.0041824
   -.0068440
   -.0088694
   -.0104319
   -.0115315
   -.0127395
   -.0143139
   -.0159467
   -.0174749
   -.0187981
   -.0198683
   -.0204796
   -.0202915
   -.0190431
   -.0168254
   -.0140702
   -.0113104
   -.0087937
   -.0067040
   -.0049766
   -.0034463
   -.0021919
   -.0008924
    .0007242
    .0026671
    .0050086
    .0073385
    .0094466
    .0109423
    .0113921
    .0108860
    .0097265
    .0082193
    .0067414
    .0054406
    .0045016
    .0040729
    .0041799
    .0048234
    .0058752
    .0071909
    .0085809
    .0097064
    .0102931
    .0101311
    .0091078
    .0075616
    .0059612
    .0047078
    .0042418
    .0047592
    .0061666
    .0082193
    .0104682
    .0125287
    .0140117
    .0145640
    .0139307
    .0119952
    .0090535
    .0053541
    .0010144
   -.0033449
   -.0070190
   -.0097394
   -.0114969
   -.0122769
   -.0123642
   -.0119848
   -.0111075
   -.0098565
   -.0083790
   -.0071197
   -.0065181
   -.0067017
   -.0080391
   -.0102735
   -.0132879
   -.0168050
   -.0203127
   -.0236066
   -.0263905
   -.0284108
   -.0294994
   -.0293252
   -.0280362
   -.0257604
   -.0227957
   -.0198429
   -.0172529
   -.0153743
   -.0144678
   -.0144375
   -.0152657
   -.0168997
   -.0193535
   -.0224197
   -.0256024
   -.0280070
   -.0288936
   -.0280366
   -.0255658
   -.0217093
   -.0169577
   -.0120723
   -.0077527
   -.0043828
   -.0020226
   -.0007527
   -.0007372
   -.0018018
   -.0034358
   -.0051551
   -.0061801
   -.0057615
   -.0036759
   -.0000151
    .0048038
    .0101437
    .0153717
    .0199163
    .0233892
    .0256748
    .0266548
    .0266148
    .0257722
    .0241724
    .0221473
    .0201102
    .0183955
    .0172428
    .0166914
    .0167660
    .0172996
    .0181396
    .0192926
    .0206432
    .0222532
    .0239615
    .0252606
    .0259643
    .0258564
    .0247223
    .0225337
    .0194959
    .0160087
    .0121917
    .0081912
    .0042983
    .0009202
   -.0014778
   -.0027942
   -.0030530
   -.0026130
   -.0017318
   -.0007640
   -.0000783
    .0001927
   -.0003638
   -.0019667
   -.0047596
   -.0085875
   -.0128327
   -.0169751
   -.0206209
   -.0234147
   -.0252982
   -.0263030
   -.0265545
   -.0259581
   -.0243918
   -.0219951
   -.0189644
   -.0157722
   -.0128218
   -.0103555
   -.0084410
   -.0071766
   -.0067350
   -.0072543
   -.0085811
   -.0103447
   -.0122106
   -.0137924
   -.0148654
   -.0153286
   -.0150769
   -.0140511
   -.0121348
   -.0092115
   -.0052020
   -.0004443
    .0045168
    .0092499
    .0134410
    .0168598
    .0189882
    .0194550
    .0181857
    .0154454
    .0117819
    .0079681
    .0047739
    .0028393
    .0026142
    .0040588
    .0069052
    .0108407
    .0151480
    .0191434
    .0223959
    .0245891
    .0253938
    .0245056
    .0220248
    .0184217
    .0142237
    .0099108
    .0057351
    .0019928
   -.0009932
   -.0029800
   -.0039187
   -.0039360
   -.0031187
   -.0014217
    .0011374
    .0042427
    .0073282
    .0100785
    .0122210
    .0133286
    .0132537
    .0119031
    .0093504
    .0060364
    .0023239
   -.0014035
   -.0047158
   -.0071860
   -.0083662
   -.0080119
   -.0062451
   -.0033311
    .0000131
    .0030142
    .0052275
    .0063888
    .0062884
    .0047548
    .0019355
   -.0018426
   -.0060900
   -.0102603
   -.0139664
   -.0167798
   -.0183824
   -.0186898
   -.0178771
   -.0163209
   -.0143356
   -.0122042
   -.0103374
   -.0090801
   -.0087862
   -.0096404
   -.0115219
   -.0142043
   -.0174504
   -.0209064
   -.0241674
   -.0267528
   -.0280753
   -.0277328
   -.0257289
   -.0223248
   -.0179385
   -.0130967
   -.0083409
   -.0042795
   -.0014323
    .0000384
    .0002028
   -.0006610
   -.0021891
   -.0039639
   -.0056864
   -.0070694
   -.0074972
   -.0065844
   -.0042671
   -.0007428
    .0033833
    .0075715
    .0114093
    .0144861
    .0163597
    .0167838
    .0159044
    .0139716
    .0110989
    .0073229
    .0027618
   -.0022873
   -.0073847
   -.0120745
   -.0160098
   -.0188657
   -.0202339
   -.0197371
   -.0173139
   -.0132785
   -.0082672
   -.0032595
    .0006250
    .0024728
    .0019579
   -.0006993
   -.0048980
   -.0098423
   -.0146656
   -.0186372
   -.0212847
   -.0221990
   -.0211104
   -.0181414
   -.0135513
   -.0076415
   -.0009221
    .0059100
    .0121718
    .0172623
    .0207444
    .0226065
    .0230301
    .0222516
    .0205968
    .0184222
    .0162562
    .0144528
    .0130718
    .0123204
    .0125718
    .0140743
    .0167614
    .0200720
    .0234374
    .0264408
    .0285090
    .0292410
    .0284306
    .0260047
    .0221124
    .0170085
    .0110605
    .0049638
   -.0005115
   -.0048676
   -.0078475
   -.0094388
   -.0097769
   -.0090091
   -.0073691
   -.0052317
   -.0031347
   -.0015235
   -.0006558
   -.0005734
   -.0010912
   -.0019385
   -.0027329
   -.0029099
   -.0023034
   -.0011848
    .0002684
    .0018426
    .0032229
    .0042046
    .0044274
    .0035739
    .0020762
    .0004745
   -.0008586
   -.0015392
   -.0015732
   -.0013238
   -.0011539
   -.0011565
   -.0013907
   -.0019315
   -.0029338
   -.0044457
   -.0064458
   -.0087101
   -.0109003
   -.0128083
   -.0142342
   -.0150622
   -.0153181
   -.0150512
   -.0145736
   -.0141774
   -.0141275
   -.0144896
   -.0151951
   -.0161842
   -.0172597
   -.0180746
   -.0183205
   -.0177639
   -.0162033
   -.0136011
   -.0101111
   -.0062877
   -.0027371
    .0002291
    .0023363
    .0034359
    .0036991
    .0034902
    .0031893
    .0032487
    .0039602
    .0052748
    .0069935
    .0091296
    .0117312
    .0144655
    .0169218
    .0189020
    .0202646
    .0210199
    .0208806
    .0196577
    .0173702
    .0142395
    .0106736
    .0070055
    .0035380
    .0004623
   -.0019908
   -.0036328
   -.0045443
   -.0046764
   -.0040808
   -.0029215
   -.0011565
    .0010839
    .0036982
    .0067418
    .0101200
    .0134333
    .0161193
    .0177365
    .0178333
    .0162859
    .0134960
    .0098973
    .0058285
    .0015978
   -.0023651
   -.0056113
   -.0078373
   -.0087462
   -.0081832
   -.0064169
   -.0040252
   -.0013804
    .0013962
    .0043166
    .0071482
    .0094792
    .0108451
    .0109917
    .0099131
    .0077101
    .0047337
    .0011815
   -.0026403
   -.0064555
   -.0102689
   -.0135949
   -.0161125
   -.0176719
   -.0179298
   -.0170261
   -.0151719
   -.0126119
   -.0094908
   -.0059246
   -.0022871
    .0009403
    .0032784
    .0044524
    .0044492
    .0033327
    .0009841
   -.0026563
   -.0073317
   -.0124197
   -.0171072
   -.0206714
   -.0228427
   -.0234313
   -.0223902
   -.0201183
   -.0170825
   -.0137817
   -.0105798
   -.0074746
   -.0047172
   -.0027984
   -.0018901
   -.0019247
   -.0027725
   -.0042501
   -.0063278
   -.0087243
   -.0108124
   -.0122050
   -.0127206
   -.0122387
   -.0107156
   -.0080844
   -.0045072
   -.0004699
    .0035324
    .0066357
    .0083948
    .0089288
    .0085384
    .0076279
    .0064529
    .0053295
    .0045509
    .0045124
    .0054417
    .0070395
    .0088869
    .0104888
    .0115787
    .0121849
    .0121900
    .0117667
    .0111571
    .0106174
    .0104801
    .0107287
    .0108954
    .0105615
    .0098047
    .0088294
    .0080570
    .0078776
    .0074959
    .0069222
    .0062947
    .0056100
    .0051396
    .0048637
    .0044660
    .0044805
    .0045699
    .0045641
    .0041596
    .0032340
    .0020663
    .0009226
    .0000184
   -.0005901
   -.0009673
   -.0010859
   -.0011518
   -.0012212
   -.0016166
   -.0028108
   -.0049236
   -.0078481
   -.0112759
   -.0148991
   -.0185405
   -.0218674
   -.0245808
   -.0265448
   -.0275484
   -.0276947
   -.0271815
   -.0262286
   -.0251248
   -.0239760
   -.0229335
   -.0222342
   -.0219812
   -.0220775
   -.0224986
   -.0231469
   -.0234856
   -.0232729
   -.0224517
   -.0207111
   -.0180536
   -.0146311
   -.0106708
   -.0064399
   -.0023412
    .0014670
    .0051479
    .0087082
    .0120061
    .0149894
    .0173795
    .0191855
    .0204093
    .0210053
    .0212362
    .0212842
    .0212381
    .0212306
    .0212564
    .0213802
    .0214675
    .0212467
    .0204745
    .0190853
    .0170561
    .0145823
    .0119318
    .0093512
    .0072067
    .0058312
    .0050020
    .0044961
    .0039871
    .0031396
    .0020269
    .0007888
   -.0004271
   -.0015279
   -.0025547
   -.0035089
   -.0046576
   -.0059988
   -.0076583
   -.0092554
   -.0107014
   -.0121552
   -.0136165
   -.0150798
   -.0166791
   -.0184355
   -.0205966
   -.0230767
   -.0258486
   -.0285211
   -.0306153
   -.0319327
   -.0324625
   -.0324171
   -.0318684
   -.0308440
   -.0295268
   -.0279946
   -.0263592
   -.0244855
   -.0222934
   -.0201975
   -.0185977
   -.0177494
   -.0176147
   -.0180485
   -.0189690
   -.0201191
   -.0212297
   -.0221362
   -.0228551
   -.0232917
   -.0235104
   -.0233162
   -.0224189
   -.0207235
   -.0181294
   -.0147141
   -.0107894
   -.0068275
   -.0033755
   -.0007254
    .0012362
    .0025049
    .0028442
    .0022418
    .0008505
   -.0011453
   -.0031680
   -.0047808
   -.0054381
   -.0045282
   -.0019780
    .0018746
    .0065694
    .0117815
    .0172301
    .0225646
    .0273199
    .0310814
    .0335383
    .0345208
    .0341258
    .0326595
    .0305712
    .0283379
    .0266525
    .0258918
    .0262389
    .0278532
    .0304964
    .0338431
    .0376225
    .0415437
    .0452440
    .0482907
    .0503139
    .0511109
    .0504981
    .0484118
    .0450355
    .0407650
    .0361685
    .0316857
    .0277937
    .0248895
    .0230198
    .0222075
    .0223538
    .0231193
    .0241112
    .0250239
    .0256996
    .0259842
    .0256697
    .0244123
    .0221824
    .0192112
    .0156403
    .0115830
    .0072572
    .0032018
    .0000480
   -.0019455
   -.0027036
   -.0024033
   -.0012718
    .0004368
    .0023431
    .0041634
    .0055681
    .0063171
    .0062309
    .0050718
    .0027741
   -.0003434
   -.0038275
   -.0072863
   -.0102493
   -.0123221
   -.0133550
   -.0133499
   -.0123819
   -.0108854
   -.0093647
   -.0080979
   -.0073833
   -.0075636
   -.0088385
   -.0111917
   -.0143802
   -.0179570
   -.0216436
   -.0250648
   -.0277424
   -.0294332
   -.0299867
   -.0295060
   -.0283245
   -.0266550
   -.0247460
   -.0230610
   -.0221271
   -.0221067
   -.0229748
   -.0246631
   -.0269690
   -.0297637
   -.0329287
   -.0360731
   -.0386182
   -.0400116
   -.0400618
   -.0388567
   -.0366969
   -.0338831
   -.0306323
   -.0273593
   -.0244933
   -.0223840
   -.0213565
   -.0215466
   -.0230290
   -.0255391
   -.0287295
   -.0322907
   -.0358793
   -.0390973
   -.0415162
   -.0427667
   -.0424436
   -.0402309
   -.0362516
   -.0310505
   -.0253873
   -.0198866
   -.0152476
   -.0121540
   -.0108139
   -.0110521
   -.0127105
   -.0154114
   -.0187142
   -.0219356
   -.0243675
   -.0253628
   -.0244133
   -.0214438
   -.0167690
   -.0108299
   -.0039616
    .0035284
    .0108282
    .0171357
    .0216813
    .0240516
    .0241493
    .0221041
    .0182883
    .0134149
    .0083392
    .0039184
    .0007571
   -.0007590
   -.0003541
    .0018893
    .0056479
    .0104788
    .0157738
    .0209375
    .0252607
    .0280697
    .0289777
    .0278347
    .0246030
    .0195968
    .0133625
    .0069148
    .0012559
   -.0027785
   -.0047134
   -.0044508
   -.0021893
    .0015171
    .0062421
    .0116161
    .0170300
    .0218645
    .0257606
    .0282536
    .0290819
    .0282769
    .0258450
    .0222287
    .0180051
    .0137210
    .0099334
    .0072466
    .0061592
    .0067322
    .0088477
    .0120317
    .0156882
    .0195211
    .0230287
    .0256250
    .0268778
    .0264474
    .0243494
    .0208106
    .0161245
    .0107316
    .0051824
    .0000419
   -.0043374
   -.0077096
   -.0099060
   -.0109449
   -.0112139
   -.0111065
   -.0107958
   -.0104207
   -.0104978
   -.0113342
   -.0128974
   -.0150691
   -.0174843
   -.0198182
   -.0218908
   -.0234842
   -.0244783
   -.0250145
   -.0252284
   -.0252359
   -.0251059
   -.0249960
   -.0248537
   -.0245063
   -.0241591
   -.0240219
   -.0241497
   -.0243864
   -.0248807
   -.0258665
   -.0270337
   -.0280355
   -.0286586
   -.0287608
   -.0285508
   -.0284717
   -.0286786
   -.0291450
   -.0297267
   -.0301419
   -.0300724
   -.0293940
   -.0281123
   -.0264276
   -.0247071
   -.0233547
   -.0225970
   -.0225864
   -.0232114
   -.0239499
   -.0243002
   -.0236966
   -.0221021
   -.0196521
   -.0167548
   -.0141592
   -.0122936
   -.0112270
   -.0111406
   -.0119567
   -.0133633
   -.0150429
   -.0165100
   -.0173227
   -.0172183
   -.0158158
   -.0130353
   -.0092347
   -.0050135
   -.0010114
    .0020805
    .0038936
    .0045146
    .0042137
    .0031968
    .0016074
   -.0004608
   -.0026015
   -.0044737
   -.0059785
   -.0072602
   -.0083100
   -.0086713
   -.0079959
   -.0060773
   -.0029016
    .0009015
    .0048187
    .0083422
    .0108805
    .0121404
    .0119567
    .0103719
    .0076889
    .0043628
    .0011570
   -.0011453
   -.0019210
   -.0010792
    .0010394
    .0043328
    .0085177
    .0131198
    .0179321
    .0224291
    .0263379
    .0296637
    .0321053
    .0333832
    .0336934
    .0330060
    .0315962
    .0300268
    .0285006
    .0271762
    .0263994
    .0265330
    .0277996
    .0298964
    .0325936
    .0355086
    .0384599
    .0414767
    .0439918
    .0456682
    .0461162
    .0448806
    .0421331
    .0382208
    .0336018
    .0290574
    .0253573
    .0227909
    .0213335
    .0210194
    .0217912
    .0234104
    .0255737
    .0274798
    .0287516
    .0289491
    .0278119
    .0254957
    .0224150
    .0191856
    .0161067
    .0136565
    .0121603
    .0114778
    .0115281
    .0123771
    .0139149
    .0161228
    .0190930
    .0223865
    .0253523
    .0275155
    .0284209
    .0280487
    .0268012
    .0248493
    .0223435
    .0197894
    .0178336
    .0169023
    .0171348
    .0185728
    .0212141
    .0245387
    .0279903
    .0311187
    .0336355
    .0355224
    .0364052
    .0361417
    .0349251
    .0327903
    .0298996
    .0266900
    .0237611
    .0216826
    .0206159
    .0208562
    .0224301
    .0249473
    .0281732
    .0317321
    .0350024
    .0375997
    .0390702
    .0390847
    .0375445
    .0347056
    .0312241
    .0277998
    .0249464
    .0230403
    .0221726
    .0221926
    .0229611
    .0244558
    .0265256
    .0290265
    .0315774
    .0338648
    .0355460
    .0361542
    .0357489
    .0346281
    .0327528
    .0301835
    .0272093
    .0240370
    .0207828
    .0177219
    .0151116
    .0131245
    .0120505
    .0120550
    .0131344
    .0153861
    .0184419
    .0215529
    .0241541
    .0258660
    .0264482
    .0257954
    .0240541
    .0214633
    .0182094
    .0146700
    .0112874
    .0086872
    .0072396
    .0069862
    .0078177
    .0096343
    .0123441
    .0155945
    .0186493
    .0208547
    .0219711
    .0217934
    .0202898
    .0177659
    .0146181
    .0115053
    .0090259
    .0073768
    .0063639
    .0058113
    .0057478
    .0061550
    .0068677
    .0076389
    .0084410
    .0092890
    .0101607
    .0109858
    .0115372
    .0115937
    .0110280
    .0096223
    .0074370
    .0048022
    .0019963
   -.0006862
   -.0028362
   -.0043371
   -.0052381
   -.0054992
   -.0050622
   -.0040906
   -.0030374
   -.0023678
   -.0023757
   -.0032946
   -.0050056
   -.0073469
   -.0101061
   -.0129701
   -.0156121
   -.0178077
   -.0195619
   -.0208225
   -.0214598
   -.0216330
   -.0218505
   -.0225595
   -.0237827
   -.0255138
   -.0277013
   -.0300662
   -.0320240
   -.0333916
   -.0341140
   -.0340164
   -.0332426
   -.0320113
   -.0307268
   -.0299997
   -.0300904
   -.0311419
   -.0327979
   -.0344988
   -.0358368
   -.0367323
   -.0373876
   -.0379105
   -.0382579
   -.0384121
   -.0383107
   -.0382657
   -.0388233
   -.0401125
   -.0420014
   -.0442862
   -.0467387
   -.0490321
   -.0505023
   -.0508035
   -.0500073
   -.0484403
   -.0465074
   -.0446492
   -.0431560
   -.0420316
   -.0408616
   -.0393158
   -.0373965
   -.0352985
   -.0330035
   -.0305809
   -.0280105
   -.0251029
   -.0216186
   -.0174511
   -.0128642
   -.0082197
   -.0036938
    .0004297
    .0039964
    .0070575
    .0099949
    .0131930
    .0166161
    .0200243
    .0232201
    .0259109
    .0280728
    .0300672
    .0320010
    .0337939
    .0353219
    .0363732
    .0367914
    .0364963
    .0356373
    .0344521
    .0330969
    .0316544
    .0299649
    .0279616
    .0256133
    .0231275
    .0210200
    .0189455
    .0172846
    .0155250
    .0136931
    .0118085
    .0100257
    .0087029
    .0079113
    .0074110
    .0069845
    .0063153
    .0051919
    .0036348
    .0017554
   -.0001041
   -.0016033
   -.0025658
   -.0029600
   -.0029434
   -.0028417
   -.0028724
   -.0031081
   -.0036601
   -.0046313
   -.0057861
   -.0069026
   -.0077467
   -.0081364
   -.0081546
   -.0080212
   -.0080480
   -.0082777
   -.0086980
   -.0093944
   -.0102613
   -.0114174
   -.0129545
   -.0148615
   -.0169294
   -.0188141
   -.0202426
   -.0211165
   -.0217130
   -.0221547
   -.0224089
   -.0226532
   -.0229310
   -.0234733
   -.0243067
   -.0253293
   -.0263856
   -.0270671
   -.0271233
   -.0263892
   -.0247493
   -.0222756
   -.0191310
   -.0158334
   -.0127275
   -.0100105
   -.0078910
   -.0063880
   -.0055304
   -.0053084
   -.0054677
   -.0055899
   -.0055578
   -.0052498
   -.0043234
   -.0026279
   -.0002775
    .0025825
    .0059232
    .0094192
    .0127187
    .0154527
    .0172316
    .0178770
    .0174381
    .0161626
    .0144733
    .0128046
    .0113894
    .0103138
    .0095430
    .0091493
    .0094802
    .0108842
    .0134164
    .0165006
    .0192617
    .0210767
    .0215730
    .0207733
    .0189192
    .0161893
    .0127836
    .0088850
    .0048183
    .0011188
   -.0016026
   -.0032495
   -.0039343
   -.0036181
   -.0024691
   -.0007732
    .0009885
    .0025098
    .0034951
    .0034720
    .0022820
   -.0000502
   -.0032695
   -.0069715
   -.0107013
   -.0139403
   -.0165046
   -.0183224
   -.0191223
   -.0187262
   -.0172671
   -.0148526
   -.0117891
   -.0085286
   -.0054319
   -.0028290
   -.0011009
   -.0006702
   -.0016136
   -.0037043
   -.0064023
   -.0090256
   -.0112438
   -.0127509
   -.0131590
   -.0122657
   -.0101787
   -.0072090
   -.0037179
   -.0002379
    .0027983
    .0053596
    .0075680
    .0092899
    .0101303
    .0098610
    .0085838
    .0066612
    .0046282
    .0028101
    .0013483
    .0003520
   -.0000563
    .0001110
    .0008337
    .0021577
    .0040260
    .0061918
    .0084620
    .0107198
    .0129419
    .0150038
    .0170167
    .0188531
    .0201080
    .0208092
    .0210041
    .0205336
    .0194553
    .0181550
    .0170156
    .0159272
    .0149258
    .0141502
    .0138630
    .0141173
    .0146369
    .0151689
    .0157925
    .0166248
    .0175988
    .0189691
    .0209436
    .0232247
    .0255464
    .0276102
    .0291423
    .0300575
    .0303855
    .0301302
    .0293372
    .0280156
    .0261596
    .0240175
    .0218537
    .0197599
    .0178911
    .0162697
    .0152126
    .0148181
    .0150402
    .0156721
    .0164272
    .0169215
    .0168184
    .0159698
    .0145351
    .0127286
    .0107810
    .0086317
    .0063336
    .0038507
    .0010046
   -.0020512
   -.0048878
   -.0071686
   -.0087182
   -.0094419
   -.0095051
   -.0091122
   -.0083822
   -.0076748
   -.0071073
   -.0067739
   -.0067290
   -.0070838
   -.0078870
   -.0092701
   -.0111265
   -.0130452
   -.0146430
   -.0155971
   -.0155900
   -.0147108
   -.0130927
   -.0109253
   -.0084183
   -.0057892
   -.0035257
   -.0017851
   -.0006961
   -.0000748
    .0001293
   -.0000498
   -.0003352
   -.0007703
   -.0011088
   -.0010206
   -.0003747
    .0011399
    .0034163
    .0062605
    .0092047
    .0116645
    .0136084
    .0146636
    .0147330
    .0140123
    .0127125
    .0110803
    .0092214
    .0070268
    .0047494
    .0024640
    .0005267
   -.0007884
   -.0014693
   -.0012760
   -.0004838
    .0002547
    .0006893
    .0006082
   -.0002682
   -.0018226
   -.0039289
   -.0063437
   -.0087577
   -.0108864
   -.0123188
   -.0129435
   -.0128917
   -.0120437
   -.0106046
   -.0087741
   -.0066679
   -.0048101
   -.0032724
   -.0020008
   -.0014399
   -.0014664
   -.0018852
   -.0024043
   -.0029091
   -.0035062
   -.0039927
   -.0040389
   -.0035997
   -.0029836
   -.0024484
   -.0023474
   -.0030700
   -.0039249
   -.0043059
   -.0040530
   -.0031660
   -.0017695
   -.0001694
    .0014866
    .0029793
    .0041091
    .0050829
    .0057199
    .0058297
    .0057770
    .0055983
    .0054407
    .0055311
    .0060886
    .0070782
    .0080913
    .0090135
    .0097701
    .0101486
    .0099812
    .0091791
    .0078146
    .0058506
    .0033075
    .0002880
   -.0028218
   -.0056696
   -.0082601
   -.0103089
   -.0117710
   -.0128813
   -.0135685
   -.0139385
   -.0141514
   -.0142508
   -.0142388
   -.0141314
   -.0139462
   -.0138419
   -.0132301
   -.0124828
   -.0115389
   -.0102976
   -.0090524
   -.0076075
   -.0058385
   -.0035430
   -.0011653
    .0004741
    .0021723
    .0042492
    .0068491
    .0102331
    .0140691
    .0175587
    .0205377
    .0232467
    .0256728
    .0276029
    .0287810
    .0292214
    .0288957
    .0279137
    .0264323
    .0246893
    .0228705
    .0212322
    .0199075
    .0188688
    .0179398
    .0169474
    .0159541
    .0149220
    .0134401
    .0122481
    .0108126
    .0094083
    .0079098
    .0064370
    .0053685
    .0046301
    .0039973
    .0032909
    .0023897
    .0013769
   -.0000272
   -.0015593
   -.0031773
   -.0044983
   -.0052228
   -.0055067
   -.0058486
   -.0064933
   -.0073388
   -.0079547
   -.0082106
   -.0081090
   -.0079314
   -.0075504
   -.0072530
   -.0071671
   -.0070140
   -.0065843
   -.0059439
   -.0052425
   -.0045423
   -.0038699
   -.0032638
   -.0026015
   -.0021549
   -.0020432
   -.0021126
   -.0021397
   -.0023954
   -.0023585
   -.0022245
   -.0022269
   -.0023682
   -.0027148
   -.0031534
   -.0032493
   -.0031943
   -.0033382
   -.0037435
   -.0044026
   -.0052091
   -.0057601
   -.0059276
   -.0058473
   -.0057448
   -.0057112
   -.0059452
   -.0060633
   -.0057821
   -.0051831
   -.0043232
   -.0031515
   -.0020798
   -.0015874
   -.0016723
   -.0021537
   -.0028000
   -.0032145
   -.0034408
   -.0036679
   -.0039298
   -.0041673
   -.0045919
   -.0050390
   -.0054994
   -.0058458
   -.0057360
   -.0052321
   -.0043129
   -.0031418
   -.0020695
   -.0011007
   -.0001990
    .0005880
    .0013931
    .0023808
    .0035247
    .0048069
    .0059008
    .0065925
    .0070496
    .0075482
    .0082898
    .0093227
    .0104810
    .0116338
    .0126071
    .0131125
    .0132196
    .0128401
    .0118501
    .0107007
    .0094941
    .0083996
    .0074785
    .0066773
    .0058740
    .0047462
    .0035041
    .0023699
    .0012179
    .0001102
   -.0009929
   -.0019705
   -.0025103
   -.0025184
   -.0020813
   -.0013021
   -.0007097
   -.0006422
   -.0005030
   -.0008924
   -.0013995
   -.0016130
   -.0014043
   -.0010309
   -.0004051
    .0002521
    .0006641
    .0007824
    .0006004
    .0002650
   -.0001883
   -.0007826
   -.0014027
   -.0021291
   -.0030457
   -.0043408
   -.0061038
   -.0078750
   -.0091591
   -.0097358
   -.0095039
   -.0087915
   -.0076610
   -.0060469
   -.0041588
   -.0021147
   -.0000036
    .0019694
    .0036701
    .0048309
    .0051149
    .0045367
    .0031256
    .0012524
   -.0004549
   -.0018389
   -.0029953
   -.0038297
   -.0041635
   -.0038159
   -.0026168
   -.0005436
    .0020466
    .0049201
    .0074379
    .0090542
    .0098499
    .0099119
    .0090557
    .0072017
    .0048941
    .0027311
    .0004973
   -.0017326
   -.0037724
   -.0051913
   -.0057363
   -.0057081
   -.0052041
   -.0043834
   -.0035196
   -.0026897
   -.0017589
   -.0007214
    .0001683
    .0008220
    .0009902
    .0005361
   -.0005729
   -.0022309
   -.0038456
   -.0049421
   -.0051870
   -.0045656
   -.0034444
   -.0019438
   -.0003190
    .0010792
    .0018027
    .0020147
    .0017728
    .0010389
    .0002410
   -.0004403
   -.0009933
   -.0012997
   -.0016177
   -.0019054
   -.0021489
   -.0022720
   -.0021494
   -.0018084
   -.0013685
   -.0008891
   -.0004211
   -.0000161
    .0006923
    .0020473
    .0036063
    .0052675
    .0069541
    .0084588
    .0096120
    .0105515
    .0113903
    .0122516
    .0130079
    .0133336
    .0131501
    .0126000
    .0117366
    .0106233
    .0091728
    .0076272
    .0061860
    .0047301
    .0031809
    .0016167
   -.0001604
   -.0021232
   -.0041738
   -.0061910
   -.0083155
   -.0102239
   -.0114140
   -.0116918
   -.0109628
   -.0093725
   -.0074236
   -.0057024
   -.0045340
   -.0038566
   -.0034622
   -.0027390
   -.0012538
    .0008245
    .0031894
    .0056129
    .0078917
    .0100150
    .0117029
    .0127745
    .0136983
    .0144709
    .0148774
    .0152567
    .0155025
    .0159352
    .0170474
    .0183893
    .0196980
    .0210810
    .0220278
    .0225857
    .0227498
    .0223110
    .0216885
    .0210391
    .0202939
    .0198564
    .0197955
    .0194834
    .0184583
    .0169656
    .0153405
    .0134580
    .0113787
    .0094042
    .0076240
    .0058790
    .0039369
    .0018052
   -.0004176
   -.0025559
   -.0043865
   -.0059832
   -.0074978
   -.0088190
   -.0101285
   -.0115317
   -.0127425
   -.0136456
   -.0140684
   -.0139731
   -.0135580
   -.0130349
   -.0123114
   -.0116840
   -.0113086
   -.0111898
   -.0114296
   -.0120157
   -.0129279
   -.0140626
   -.0151768
   -.0160182
   -.0164503
   -.0165907
   -.0165085
   -.0164727
   -.0168451
   -.0173636
   -.0177014
   -.0178596
   -.0176447
   -.0170277
   -.0160115
   -.0147622
   -.0135939
   -.0124184
   -.0111228
   -.0093347
   -.0070474
   -.0047786
   -.0026429
   -.0008101
    .0009531
    .0026889
    .0044711
    .0065716
    .0088291
    .0111039
    .0130804
    .0143574
    .0150054
    .0151994
    .0152098
    .0151154
    .0147876
    .0143574
    .0138007
    .0131199
    .0123324
    .0116370
    .0109115
    .0097195
    .0082250
    .0069026
    .0059292
    .0053443
    .0052067
    .0054302
    .0058447
    .0060260
    .0055607
    .0047679
    .0038804
    .0028938
    .0018148
    .0006425
   -.0006926
   -.0021152
   -.0034395
   -.0047800
   -.0062182
   -.0075906
   -.0090556
   -.0100439
   -.0103442
   -.0107479
   -.0112014
   -.0112447
   -.0111141
   -.0110288
   -.0109206
   -.0106766
   -.0104382
   -.0100370
   -.0093430
   -.0084732
   -.0077479
   -.0069558
   -.0059865
   -.0057516
   -.0055150
   -.0051269
   -.0041325
   -.0025615
   -.0004712
    .0018775
    .0039395
    .0051193
    .0053228
    .0049874
    .0044268
    .0036914
    .0029906
    .0027200
    .0029327
    .0037389
    .0052754
    .0076779
    .0110176
    .0150867
    .0193088
    .0234045
    .0271011
    .0301918
    .0324259
    .0335723
    .0335352
    .0320551
    .0293171
    .0258911
    .0222595
    .0191367
    .0170164
    .0160513
    .0160640
    .0169289
    .0183501
    .0203734
    .0230807
    .0261119
    .0288596
    .0309660
    .0320371
    .0316253
    .0296436
    .0262389
    .0217901
    .0168343
    .0119140
    .0076606
    .0046562
    .0029393
    .0025198
    .0032795
    .0049263
    .0073383
    .0099827
    .0124350
    .0141199
    .0146793
    .0132801
    .0104037
    .0064159
    .0016947
   -.0033343
   -.0081374
   -.0121420
   -.0150351
   -.0164884
   -.0164618
   -.0152911
   -.0134588
   -.0109743
   -.0082614
   -.0058503
   -.0041945
   -.0034600
   -.0039644
   -.0058655
   -.0091888
   -.0128088
   -.0163863
   -.0194974
   -.0218108
   -.0232778
   -.0236778
   -.0228780
   -.0212624
   -.0189713
   -.0158935
   -.0123769
   -.0087091
   -.0059784
   -.0040984
   -.0025939
   -.0021163
   -.0023821
   -.0034669
   -.0049391
   -.0066248
   -.0082089
   -.0095313
   -.0103828
   -.0103705
   -.0093517
   -.0076379
   -.0057535
   -.0041818
   -.0030232
   -.0027839
   -.0036756
   -.0052701
   -.0074080
   -.0096208
   -.0111858
   -.0121143
   -.0124487
   -.0124905
   -.0124915
   -.0126196
   -.0129809
   -.0135579
   -.0142181
   -.0152278
   -.0161790
   -.0172536
   -.0184020
   -.0192106
   -.0200242
   -.0206602
   -.0208165
   -.0203810
   -.0188501
   -.0162384
   -.0127623
   -.0087793
   -.0049946
   -.0012733
    .0020987
    .0045772
    .0073192
    .0097350
    .0122027
    .0138851
    .0160449
    .0178139
    .0187908
    .0182484
    .0175898
    .0161063
    .0144483
    .0114683
    .0102838
    .0079603
    .0058232
    .0038502
    .0022071
    .0005942
   -.0009397
   -.0025972
   -.0043057
   -.0058552
   -.0071334
   -.0081240
   -.0090356
   -.0094096
   -.0098665
   -.0100147
   -.0095297
   -.0085677
   -.0074053
   -.0063364
   -.0052596
   -.0042054
   -.0031877
   -.0019494
   -.0003123
    .0016042
    .0033635
    .0051478
    .0067290
    .0085802
    .0101772
    .0119567
    .0138576
    .0154860
    .0169050
    .0186785
    .0195245
    .0209303
    .0215941
    .0227473
    .0228331
    .0230263
    .0229822
    .0229156
    .0224665
    .0224938
    .0219325
    .0217910
    .0212302
    .0208189
    .0203201
    .0202173
    .0200242
    .0202334
    .0198658
    .0196992
    .0196679
    .0198003
    .0196341
    .0195278
    .0189858
    .0184545
    .0177923
    .0173302
    .0168260
    .0161491
    .0153705
    .0145854
    .0138528
    .0131094
    .0124337
    .0113657
    .0106677
    .0098777
    .0089773
    .0081043
    .0075331
    .0067726
    .0064739
    .0059745
    .0055779
    .0048250
    .0040519
    .0028105
    .0023797
    .0012921
    .0003490
   -.0013236
   -.0025989
   -.0040902
   -.0049538
   -.0064486
   -.0075198
   -.0093412
   -.0107362
   -.0126350
   -.0140739
   -.0158000
   -.0173173
   -.0188376
   -.0193795
   -.0200443
   -.0202383
   -.0213181
   -.0219683
   -.0231095
   -.0235410
   -.0238388
   -.0236735
   -.0236282
   -.0229407
   -.0226061
   -.0223014
   -.0225041
   -.0224913
   -.0226506
   -.0220973
   -.0214794
   -.0206109
   -.0201506
   -.0195583
   -.0193589
   -.0189701
   -.0191287
   -.0195439
   -.0206464
   -.0214819
   -.0222098
   -.0225437
   -.0235390
   -.0245884
   -.0255309
   -.0259927
   -.0269789
   -.0279377
   -.0290940
   -.0301936
   -.0312067
   -.0318243
   -.0322372
   -.0320851
   -.0315793
   -.0307511
   -.0296237
   -.0280627
   -.0263853
   -.0244130
   -.0225227
   -.0203222
   -.0187224
   -.0173237
   -.0165296
   -.0160035
   -.0164209
   -.0167828
   -.0168294
   -.0180445
   -.0187154
   -.0189903
   -.0188498
   -.0180711
   -.0168759
   -.0150488
   -.0131859
   -.0109913
   -.0096548
   -.0090118
   -.0094247
   -.0103692
   -.0122176
   -.0140820
   -.0163881
   -.0181078
   -.0194323
   -.0198198
   -.0196121
   -.0184022
   -.0168771
   -.0147265
   -.0126969
   -.0105002
   -.0090036
   -.0075364
   -.0068209
   -.0063961
   -.0073942
   -.0087705
   -.0108195
   -.0123490
   -.0137767
   -.0143486
   -.0146651
   -.0142736
   -.0140777
   -.0130964
   -.0122386
   -.0106487
   -.0092218
   -.0072317
   -.0057723
   -.0045013
   -.0040785
   -.0041050
   -.0052868
   -.0061952
   -.0077724
   -.0090063
   -.0107194
   -.0115744
   -.0123623
   -.0119749
   -.0115266
   -.0100374
   -.0085816
   -.0063631
   -.0046835
   -.0027458
   -.0016375
   -.0004222
   -.0000544
    .0007992
    .0012376
    .0022853
    .0029323
    .0042171
    .0052950
    .0064644
    .0070626
    .0076581
    .0073328
    .0070666
    .0059378
    .0049703
    .0037459
    .0028613
    .0019758
    .0010839
   -.0004056
   -.0015520
   -.0031840
   -.0042403
   -.0057613
   -.0066312
   -.0077865
   -.0083102
   -.0092637
   -.0096457
   -.0103999
   -.0105670
   -.0112522
   -.0115356
   -.0122590
   -.0122699
   -.0125716
   -.0121934
   -.0120848
   -.0115227
   -.0115203
   -.0110369
   -.0109536
   -.0103568
   -.0105823
   -.0103412
   -.0103490
   -.0097509
   -.0096332
   -.0090417
   -.0089884
   -.0084442
   -.0084452
   -.0082629
   -.0084908
   -.0079767
   -.0078874
   -.0073116
   -.0069578
   -.0058137
   -.0050605
   -.0038987
   -.0034241
   -.0023859
   -.0019709
   -.0013026
   -.0014764
   -.0015979
   -.0023917
   -.0030021
   -.0039490
   -.0040749
   -.0047561
   -.0047628
   -.0052073
   -.0050965
   -.0054748
   -.0052710
   -.0054832
   -.0050516
   -.0052448
   -.0048796
   -.0049812
   -.0044747
   -.0042779
   -.0033548
   -.0030513
   -.0022572
   -.0019667
   -.0011866
   -.0010222
   -.0006926
   -.0011100
   -.0008045
   -.0009590
   -.0004990
   -.0005496
   -.0002441
   -.0006192
   -.0006252
   -.0012719
   -.0014272
   -.0023189
   -.0027806
   -.0039527
   -.0047271
   -.0060385
   -.0066897
   -.0078430
   -.0085822
   -.0099060
   -.0105914
   -.0117441
   -.0122423
   -.0133664
   -.0137443
   -.0143789
   -.0143867
   -.0150239
   -.0150425
   -.0155388
   -.0154370
   -.0158292
   -.0156326
   -.0162912
   -.0161987
   -.0164872
   -.0161019
   -.0161653
   -.0157045
   -.0158334
   -.0153343
   -.0153396
   -.0147891
   -.0150642
   -.0147080
   -.0148743
   -.0143676
   -.0142646
   -.0135619
   -.0134801
   -.0129055
   -.0129473
   -.0123587
   -.0122957
   -.0115913
   -.0114464
   -.0107276
   -.0105066
   -.0097459
   -.0095835
   -.0088537
   -.0085915
   -.0077420
   -.0073228
   -.0062549
   -.0059456
   -.0050778
   -.0047546
   -.0037785
   -.0033097
   -.0022485
   -.0019533
   -.0010983
   -.0008681
   -.0001341
    .0000978
    .0007077
    .0007410
    .0015205
    .0017741
    .0023707
    .0023598
    .0028463
    .0026929
    .0030126
    .0027118
    .0029521
    .0025090
    .0025682
    .0020099
    .0020560
    .0016329
    .0016582
    .0011230
    .0011001
    .0005625
    .0006960
    .0002163
    .0003355
    .0000863
    .0005002
    .0002099
    .0004314
    .0002821
    .0006032
    .0002734
    .0004331
    .0000976
    .0002970
   -.0000270
    .0003231
    .0001645
    .0004599
   -.0000398
   -.0000051
   -.0004897
   -.0004187
   -.0009300
   -.0009330
   -.0008712
   -.0007323
   -.0012009
   -.0012139
   -.0017355
   -.0017106
   -.0024100
   -.0025728
   -.0031970
   -.0032304
   -.0039013
   -.0040426
   -.0046004
   -.0046999
   -.0052343
   -.0052530
   -.0056850
   -.0054544
   -.0056534
   -.0054699
   -.0056301
   -.0053391
   -.0053374
   -.0047441
   -.0047805
   -.0042474
   -.0042149
   -.0035273
   -.0033295
   -.0027120
   -.0026268
   -.0020035
   -.0019592
   -.0013058
   -.0011415
   -.0005458
   -.0004060
    .0003510
    .0005772
    .0011464
    .0011379
    .0016560
    .0016023
    .0020995
    .0021757
    .0028326
    .0029556
    .0036273
    .0034971
    .0039278
    .0037953
    .0042553
    .0042817
    .0049038
    .0047462
    .0051334
    .0050695
    .0054742
    .0052858
    .0057059
    .0054984
    .0058378
    .0055987
    .0059533
    .0058765
    .0061622
    .0059385
    .0062015
    .0059825
    .0060769
    .0057589
    .0059514
    .0054658
    .0054316
    .0049532
    .0049576
    .0042780
    .0042170
    .0036865
    .0034521
    .0029315
    .0028564
    .0025775
    .0028418
    .0026194
    .0029932
    .0028300
    .0031958
    .0030585
    .0034083
    .0032147
    .0035074
    .0032374
    .0034364
    .0030764
    .0032227
    .0028335
    .0029355
    .0024578
    .0025210
    .0020302
    .0020790
    .0016979
    .0017279
    .0013064
    .0014876
    .0012635
    .0014952
    .0013052
    .0015682
    .0013707
    .0016182
    .0014232
    .0016848
    .0014630
    .0017678
    .0015991
    .0019840
    .0017755
    .0022671
    .0021289
    .0025531
    .0023502
    .0027289
    .0024723
    .0029942
    .0028908
    .0033512
    .0031791
    .0035983
    .0033628
    .0037094
    .0033984
    .0036991
    .0035959
    .0041018
    .0039447
    .0044011
    .0041811
    .0045432
    .0042051
    .0044723
    .0040634
    .0042876
    .0038151
    .0042635
    .0040266
    .0044644
    .0040460
    .0042774
    .0037623
    .0041945
    .0038917
    .0040822
    .0034850
    .0038612
    .0038668
    .0040468
    .0038227
    .0045829
    .0045784
    .0051072
    .0048436
    .0053199
    .0050277
    .0057880
    .0057866
    .0062616
    .0059714
    .0064349
    .0064313
    .0071759
    .0068536
    .0072675
    .0072160
    .0079064
    .0075159
    .0078430
    .0074008
    .0080164
    .0078155
    .0080983
    .0075527
    .0081261
    .0078330
    .0080330
    .0077050
    .0081906
    .0078212
    .0079895
    .0072815
    .0077264
    .0072851
    .0076824
    .0069299
    .0073085
    .0067737
    .0068906
    .0060708
    .0064166
    .0055470
    .0055797
    .0046420
    .0049796
    .0043247
    .0043369
    .0036443
    .0039330
    .0029338
    .0032255
   -.0006650
    .0023746
    .0023363
   -.0027045
    .0014108
    .0022855
    .0022513
   -.0029385
    .0019372
    .0062663
    .0025174
    .0000131
    .0025602
    .0069802
    .0025502
    .0028693
    .0030892
    .0031999
    .0035403
    .0069298
    .0042582
    .0075007
    .0052638
    .0060533
    .0095092
    .0070713
    .0079511
    .0089494
    .0099105
    .0109315
    .0119332
    .0087937
    .0138448
    .0149570
    .0157133
    .0165123
    .0174338
    .0184731
    .0191619
    .0201273
    .0207545
    .0069811
    .0219840
    .0078010
    .0231629
    .0236074
    .0276366
    .0241152
    .0244832
    .0249175
    .0252305
    .0251223
    .0251420
    .0248205
    .0246900
    .0246266
    .0243771
    .0150360
    .0237561
    .0233348
    .0229595
    .0224913
    .0221228
    .0212018
    .0220418
    .0216991
    .0232585
    .0011616
    .0295712