   -.993077E-02
   -.124263E-01
   -.100323E-01
   -.485158E-04
   -.732868E-02
   -.178531E-01
   -.576099E-02
    .427737E-02
   -.113874E-01
   -.208838E-01
   -.660452E-02
    .188426E-02
   -.962053E-02
   -.158978E-01
   -.811849E-02
   -.409132E-02
   -.403341E-02
   -.577464E-03
    .346332E-02
    .360751E-02
   -.531543E-03
   -.538298E-02
   -.226185E-02
    .926729E-02
    .135950E-01
    .760666E-02
    .203153E-02
    .208165E-02
    .310650E-02
    .601881E-02
    .690236E-02
    .156475E-02
    .550186E-02
    .892759E-02
   -.492653E-02
   -.365906E-02
    .806986E-02
   -.527123E-02
   -.129119E-01
    .208242E-02
    .122307E-01
    .136360E-01
    .101714E-01
    .775216E-02
    .136506E-01
    .180971E-01
    .160117E-01
    .119856E-01
    .663523E-02
   -.728142E-02
   -.211352E-01
   -.102508E-01
    .556468E-02
   -.992173E-03
   -.321751E-02
    .161812E-01
    .267383E-01
    .315057E-02
   -.115561E-01
    .789228E-02
    .929219E-02
   -.141604E-01
   -.184548E-01
   -.303891E-02
    .111249E-02
   -.708737E-02
    .886847E-03
    .103963E-01
    .423138E-03
    .261539E-02
    .921417E-02
    .115958E-01
    .151581E-01
    .340611E-02
   -.118815E-01
   -.125865E-01
   -.923435E-03
    .654986E-02
    .112835E-01
    .148781E-01
    .799553E-02
    .259535E-02
    .117651E-01
    .116661E-01
   -.164722E-02
    .124752E-02
    .662831E-02
    .173287E-02
    .637058E-02
    .180259E-03
   -.196751E-01
   -.421418E-02
    .147456E-01
    .505012E-03
   -.109735E-01
   -.132067E-01
   -.602973E-02
    .818694E-02
    .607725E-02
   -.934858E-03
   -.154310E-02
   -.291034E-02
   -.747468E-02
   -.365366E-03
    .144678E-01
    .460104E-02
   -.141229E-01
   -.115537E-01
   -.320325E-02
    .366481E-03
    .447901E-02
    .266500E-02
    .686344E-02
    .525350E-02
   -.106637E-01
   -.199147E-01
   -.996653E-02
    .119122E-01
    .153297E-01
    .561540E-02
   -.171294E-02
   -.665312E-02
   -.840776E-02
   -.134527E-01
   -.354414E-02
    .101558E-01
   -.604057E-02
   -.190356E-01
   -.183445E-01
   -.264694E-01
   -.191788E-01
    .146863E-01
    .368388E-01
    .467655E-02
   -.375339E-01
   -.135996E-01
    .272420E-01
    .420499E-01
    .307171E-01
   -.866222E-02
   -.285339E-01
    .136240E-02
    .339654E-01
    .199916E-01
    .596994E-02
    .397702E-02
   -.217697E-01
   -.365446E-01
   -.121805E-01
    .812388E-02
    .107143E-01
    .187896E-01
    .259098E-01
    .178533E-01
   -.706745E-02
   -.296289E-02
    .252632E-01
    .188091E-01
   -.149283E-02
   -.135617E-01
   -.258266E-01
   -.244142E-01
   -.971647E-02
    .104308E-02
    .262590E-01
    .430339E-01
   -.759186E-02
   -.367704E-01
    .907534E-02
    .336263E-01
    .305030E-01
    .232704E-01
    .612274E-02
   -.172297E-01
   -.244670E-01
   -.735343E-02
    .111108E-01
    .331373E-01
    .285442E-01
   -.109916E-01
   -.395925E-01
   -.169532E-01
    .101372E-01
    .162450E-01
    .297338E-01
    .959142E-02
   -.278565E-01
   -.210975E-01
    .168088E-01
    .280076E-01
    .150530E-04
   -.171791E-01
   -.145060E-01
   -.132164E-01
    .692109E-02
    .171598E-01
   -.216302E-01
   -.438283E-01
   -.176258E-01
   -.295742E-02
   -.592980E-02
   -.380285E-02
   -.261176E-02
    .708207E-02
    .113881E-01
    .206696E-02
    .111209E-01
    .116645E-01
   -.886529E-02
   -.196545E-01
   -.385928E-01
   -.573138E-01
   -.346256E-01
    .703919E-02
    .172905E-01
    .167070E-01
    .272280E-01
    .424747E-01
    .734515E-01
    .112475E+00
    .142754E+00
    .129695E+00
    .965581E-01
    .105093E+00
    .118932E+00
    .110000E+00
    .111118E+00
    .112569E+00
    .101738E+00
    .104633E+00
    .105076E+00
    .972882E-01
    .881971E-01
    .561556E-01
    .883098E-02
   -.463052E-01
   -.109026E+00
   -.163617E+00
   -.215838E+00
   -.271559E+00
   -.318174E+00
   -.352988E+00
   -.353452E+00
   -.309673E+00
   -.254636E+00
   -.225055E+00
   -.236512E+00
   -.263391E+00
   -.242774E+00
   -.173709E+00
   -.113550E+00
   -.647776E-01
   -.489883E-01
   -.578783E-01
   -.737861E-01
   -.356003E-01
    .121181E+00
    .332768E+00
    .238329E+00
    .299486E-01
    .246829E+00
    .365612E+00
    .253605E+00
    .260903E+00
    .276582E+00
    .272931E+00
    .256147E+00
    .200538E+00
    .118728E+00
    .441268E-01
   -.901861E-03
   -.156974E-01
   -.343640E-01
   -.671561E-01
   -.994384E-01
   -.976012E-01
   -.817239E-01
   -.254696E-01
    .337957E-01
   -.527811E-01
   -.675284E-01
   -.901676E-03
   -.970150E-01
   -.130876E+00
   -.310441E-01
   -.183317E-01
   -.800757E-01
   -.135841E+00
   -.161542E+00
   -.140448E+00
   -.846774E-01
   -.438472E-01
   -.735544E-01
   -.935416E-01
   -.666505E-01
   -.639494E-01
   -.752296E-01
   -.941593E-01
   -.150292E+00
   -.129694E+00
    .330891E-02
    .107248E+00
    .104624E+00
    .407331E-01
    .490129E-01
    .121848E+00
    .153667E+00
    .107160E+00
    .485350E-01
    .341615E-01
    .297900E-01
    .239571E-01
    .332225E-01
    .292725E-01
    .231518E-01
    .571131E-01
    .966901E-01
    .103348E+00
    .632997E-01
   -.696669E-02
   -.135207E-01
    .752013E-01
    .153021E+00
    .138430E+00
    .612514E-01
    .344901E-01
    .270283E-01
   -.577128E-01
   -.135836E+00
   -.128268E+00
   -.122309E+00
   -.140104E+00
   -.103123E+00
   -.393379E-01
   -.230000E-01
   -.628562E-01
   -.687402E-01
   -.122142E-01
    .474674E-01
    .650729E-01
    .168788E-01
   -.254726E-01
   -.225869E-01
    .197737E-03
    .139027E-01
    .478937E-01
    .987599E-01
    .665302E-01
    .206839E-01
    .369749E-01
    .571186E-01
    .495320E-01
    .163229E-01
    .122558E-01
    .322216E-01
    .174616E-01
    .311827E-01
    .434198E-01
    .216466E-02
    .334463E-02
    .218377E-01
    .157329E-01
    .261701E-01
   -.808416E-02
   -.846629E-01
   -.112461E+00
   -.100504E+00
   -.101509E+00
   -.702920E-01
   -.298234E-01
   -.997330E-01
   -.167440E+00
   -.156760E+00
   -.184834E+00
   -.185058E+00
   -.117960E+00
   -.605714E-01
    .409460E-01
    .146328E+00
    .158575E+00
    .114183E+00
    .648882E-01
    .322462E-01
    .496330E-01
    .940123E-01
    .928724E-01
    .458428E-01
    .568418E-01
    .370603E-01
   -.478874E-01
   -.505560E-01
   -.280627E-01
    .419569E-02
    .372801E-01
    .219613E-01
   -.214177E-01
   -.103345E-01
    .664911E-01
    .788321E-01
    .166307E-01
    .205290E-01
    .116255E+00
    .184825E+00
    .189278E+00
    .166713E+00
    .193655E+00
    .283195E+00
    .268265E+00
    .793856E-01
   -.371152E-01
    .516621E-01
    .183084E+00
    .227147E+00
    .180740E+00
    .111835E+00
    .487588E-02
   -.180488E+00
   -.363634E+00
   -.359437E+00
   -.285625E+00
   -.329998E+00
   -.286601E+00
   -.155968E+00
   -.995975E-01
   -.840315E-01
   -.124246E+00
   -.114417E+00
   -.135387E+00
   -.218053E+00
   -.102605E+00
   -.112805E+00
   -.227051E+00
   -.128434E+00
   -.106743E+00
   -.169241E+00
   -.105281E+00
   -.985203E-02
    .939719E-01
    .149822E+00
    .112901E+00
    .128909E+00
    .119806E+00
    .100403E+00
    .164643E+00
    .242263E+00
    .345438E+00
    .357858E+00
    .239549E+00
    .157693E+00
    .180101E+00
    .200584E+00
    .192976E+00
    .224518E+00
    .267657E+00
    .258970E+00
    .113790E+00
    .386378E-01
    .843407E-01
   -.323987E-02
   -.115626E+00
   -.107295E+00
   -.517837E-01
   -.643547E-01
   -.926365E-01
   -.892435E-01
   -.931819E-01
   -.124518E+00
   -.165847E+00
   -.129236E+00
   -.156493E+00
   -.237195E+00
   -.282398E+00
   -.178897E+00
    .411784E-01
    .770645E-01
   -.558929E-01
   -.325069E+00
   -.381560E+00
   -.104251E-01
    .299966E+00
    .264924E+00
   -.521024E-01
   -.255838E+00
   -.697066E-01
    .181248E+00
    .272099E+00
    .321718E+00
    .422359E+00
    .477058E+00
    .316790E+00
    .547609E-01
    .230524E-01
    .114033E+00
    .190695E+00
    .244614E+00
   -.634412E-01
   -.573334E+00
   -.673511E+00
   -.285644E+00
    .232664E+00
    .570274E+00
    .483511E+00
    .136483E+00
   -.904778E-01
   -.225048E+00
   -.442021E+00
   -.531409E+00
   -.292098E+00
    .910113E-02
    .229802E+00
    .356647E+00
    .280531E+00
    .196490E-01
   -.305214E+00
   -.601379E+00
   -.643219E+00
   -.364906E+00
   -.100054E+00
    .482228E-01
    .114307E+00
   -.465038E-01
   -.201554E+00
    .588454E-01
    .489405E+00
    .769102E+00
    .835811E+00
    .694980E+00
    .537807E+00
    .322590E+00
    .120325E+00
    .532149E-01
   -.137866E+00
   -.441748E+00
   -.525166E+00
   -.256876E+00
   -.268463E-01
   -.398910E-01
   -.754056E-01
   -.501572E-01
   -.107292E+00
   -.457786E+00
   -.736189E+00
   -.799669E+00
   -.560003E+00
   -.456053E-01
   -.699264E-01
   -.302747E+00
   -.125847E+00
    .423182E-01
   -.365866E-01
   -.207082E+00
   -.203794E+00
   -.814428E-01
   -.243318E+00
   -.448463E+00
   -.303060E+00
   -.170279E+00
   -.275153E+00
   -.482301E+00
   -.525882E+00
   -.135879E+00
    .305254E+00
    .338994E+00
    .535892E-01
   -.226920E+00
   -.255289E+00
   -.242486E+00
   -.223611E+00
   -.640789E-01
   -.148451E-01
    .705397E-01
    .349579E+00
    .472289E+00
    .465821E+00
    .579438E+00
    .686207E+00
    .669486E+00
    .416934E+00
    .302040E-01
   -.158134E+00
   -.286847E+00
   -.377904E+00
   -.319337E+00
   -.313615E+00
   -.175825E+00
    .292656E+00
    .549495E+00
    .548416E+00
    .522879E+00
    .227294E+00
   -.207513E+00
   -.465173E+00
   -.405317E+00
   -.409862E+00
   -.260047E+00
    .222849E+00
    .454408E+00
    .644017E+00
    .597688E+00
    .274920E+00
    .230887E+00
    .292050E+00
    .247677E+00
    .163686E+00
    .691186E-01
    .228125E-01
    .100661E+00
    .234879E+00
    .322043E+00
    .318932E+00
    .195304E+00
    .294049E-01
    .335447E-01
    .200636E+00
    .296204E+00
    .312302E+00
    .305738E+00
    .163353E+00
    .609945E-02
   -.746536E-01
   -.338175E+00
   -.638228E+00
   -.782444E+00
   -.669918E+00
   -.171790E+00
    .201758E+00
    .210932E+00
    .548202E-01
   -.133051E+00
   -.231855E+00
   -.332178E+00
   -.368124E+00
   -.187520E+00
    .649618E-01
    .214438E+00
    .302403E+00
    .351541E+00
    .275642E+00
    .149407E+00
    .565033E-01
    .465855E-01
    .167032E+00
    .190964E+00
    .347574E-01
   -.523795E-01
    .671062E-01
    .263607E+00
    .352428E+00
    .373842E+00
    .353427E+00
    .191683E+00
   -.400895E-01
   -.270426E+00
   -.476689E+00
   -.571262E+00
   -.509737E+00
   -.293754E+00
   -.618386E-03
    .259866E+00
    .244984E+00
   -.404574E-01
   -.203244E+00
   -.212483E+00
   -.311557E+00
   -.416834E+00
   -.350587E+00
   -.343441E+00
   -.104158E+00
    .486123E+00
    .514746E+00
    .487159E-01
   -.211909E+00
   -.224233E+00
   -.174381E+00
   -.162319E+00
   -.506934E-01
    .191164E+00
    .264576E+00
    .159217E+00
   -.445967E-01
   -.282918E+00
   -.344653E+00
   -.270538E+00
   -.765929E-01
    .212114E+00
    .366605E+00
    .381849E+00
    .361233E+00
    .332905E+00
    .334150E+00
    .186371E+00
   -.148288E+00
   -.209967E+00
    .559674E-01
    .233209E+00
    .190876E+00
   -.364683E-01
   -.214043E+00
   -.254894E+00
   -.309476E+00
   -.205907E+00
    .135238E+00
    .267108E+00
    .112015E+00
    .799575E-01
    .155622E+00
    .884905E-01
   -.753116E-01
   -.126197E+00
   -.445903E-01
   -.496317E-01
   -.189106E+00
   -.288907E+00
   -.268539E+00
   -.154174E+00
   -.671209E-02
    .202313E+00
    .393357E+00
    .423621E+00
    .336289E+00
    .126162E+00
   -.746788E-01
   -.746286E-01
   -.226063E-01
   -.354619E-02
   -.842365E-02
   -.903389E-01
   -.117568E+00
   -.859717E-01
   -.137469E+00
   -.216492E+00
   -.144892E+00
    .719990E-01
    .200206E+00
    .154039E+00
   -.461936E-01
   -.146006E+00
    .662699E-02
    .812568E-01
   -.165246E-01
   -.250231E-01
    .126404E-01
   -.112591E+00
   -.233804E+00
   -.243857E+00
   -.254944E+00
   -.304149E+00
   -.300647E+00
   -.196164E+00
   -.159782E+00
   -.159009E+00
   -.455571E-02
    .208204E+00
    .282318E+00
    .146974E+00
   -.519886E-02
   -.123975E+00
   -.189441E+00
    .638288E-03
    .169352E+00
    .175812E+00
    .189940E+00
    .163982E+00
    .679175E-01
    .531681E-02
    .450205E-01
    .101411E+00
    .960759E-01
    .131659E-01
   -.100442E+00
   -.169992E+00
   -.185320E+00
   -.108904E+00
   -.367132E-01
   -.667923E-01
   -.220856E-01
    .857592E-01
    .142552E+00
    .184444E+00
    .177479E+00
    .135832E+00
    .842507E-01
   -.314933E-01
   -.164077E+00
   -.225326E+00
   -.126544E+00
    .766183E-01
    .122066E+00
   -.491398E-01
   -.152444E+00
   -.462262E-01
    .384703E-01
    .147930E-01
    .615832E-01
    .156428E+00
    .161575E+00
    .120846E+00
    .112706E+00
    .861619E-01
   -.278113E-01
   -.142270E+00
   -.249394E+00
   -.343749E+00
   -.329848E+00
   -.310000E+00
   -.217025E+00
   -.593800E-01
   -.101858E+00
   -.158371E+00
   -.630893E-01
   -.516245E-03
    .190678E-02
    .197743E-01
    .120863E-02
   -.882336E-01
   -.829112E-01
   -.417960E-02
   -.527415E-01
   -.874127E-02
    .758420E-01
   -.959023E-01
   -.211790E+00
   -.128496E+00
   -.316098E-01
    .640040E-01
    .351364E-01
   -.595698E-01
   -.122401E-01
   -.443100E-02
   -.391644E-01
    .245439E-01
    .909651E-01
    .178771E+00
    .269103E+00
    .220453E+00
    .110653E+00
    .579065E-01
    .149465E-01
   -.591506E-01
   -.134244E+00
   -.180929E+00
   -.145377E+00
   -.647567E-01
   -.469394E-01
   -.621567E-01
   -.602935E-01
   -.554149E-01
   -.101466E+00
   -.157864E+00
   -.133199E+00
   -.108593E+00
   -.141307E+00
   -.119092E+00
   -.651095E-01
   -.381139E-01
   -.511397E-01
   -.606420E-01
   -.453680E-01
   -.637570E-01
    .130956E-02
    .796888E-01
    .869118E-01
    .151753E+00
    .211492E+00
    .178588E+00
    .111546E+00
    .378930E-01
    .452288E-01
    .125559E+00
    .928783E-01
    .157762E-01
   -.257003E-01
   -.321980E-01
    .440639E-01
    .128599E+00
    .134799E+00
    .110969E+00
    .130935E+00
    .745295E-01
   -.439871E-01
   -.103009E+00
   -.906085E-01
   -.382848E-01
   -.100508E+00
   -.139079E+00
    .357037E-01
    .176952E+00
    .109613E+00
    .451162E-01
    .115912E+00
    .181329E+00
    .152904E+00
    .394365E-01
   -.471082E-01
   -.570214E-01
   -.145289E+00
   -.236774E+00
   -.158781E+00
   -.130835E-01
    .859704E-01
    .611803E-01
   -.203139E-01
    .123913E-01
    .134707E+00
    .154779E+00
    .597595E-01
    .243076E-01
    .230683E-01
    .552401E-01
    .959683E-01
    .244842E-01
    .171852E-01
    .109163E+00
    .110507E+00
    .451436E-01
   -.141329E-01
   -.305034E-01
   -.580150E-01
   -.144939E+00
   -.215182E+00
   -.150842E+00
   -.162394E-01
    .246025E-01
    .865081E-01
    .149119E+00
    .111498E+00
    .101108E+00
    .151294E+00
    .207157E+00
    .227559E+00
    .220415E+00
    .216206E+00
    .224824E+00
    .223290E+00
    .154786E+00
    .108698E+00
    .130952E+00
    .949408E-01
    .141747E-02
   -.200483E-01
    .430306E-01
    .709498E-01
    .779872E-01
    .128168E+00
    .165506E+00
    .162900E+00
    .133425E+00
    .823114E-01
    .560213E-01
    .547180E-01
    .176393E-01
   -.106646E-01
   -.444229E-01
   -.150186E+00
   -.210403E+00
   -.174298E+00
   -.158383E+00
   -.158130E+00
   -.101892E+00
   -.110984E+00
   -.176288E+00
   -.101122E+00
    .113696E-01
   -.390860E-01
   -.121818E+00
   -.636635E-01
    .506223E-01
    .917638E-01
    .523519E-02
   -.506977E-01
    .510143E-01
    .104073E+00
   -.936839E-02
   -.780710E-01
    .496365E-01
    .113677E+00
    .304663E-01
    .487106E-01
    .154357E+00
    .141268E+00
    .101950E-01
   -.504808E-01
   -.670057E-01
   -.127033E+00
   -.137945E+00
   -.251658E-01
    .553892E-01
   -.329809E-01
   -.864150E-01
    .251839E-01
    .382389E-01
   -.825591E-01
   -.639736E-01
    .390431E-01
    .981130E-01
    .130874E+00
    .100565E+00
    .135397E-01
   -.239806E-01
   -.636256E-01
   -.110174E+00
   -.154649E-01
    .862174E-01
    .622657E-01
    .104039E+00
    .200269E+00
    .132915E+00
    .439806E-01
    .107243E+00
    .166239E+00
    .137043E+00
    .102638E+00
    .624410E-01
    .616600E-01
    .417662E-01
   -.189285E+00
   -.418988E+00
   -.321100E+00
   -.114173E+00
   -.462509E-01
    .200215E-01
    .574752E-01
   -.136482E-01
    .969086E-02
    .104761E+00
    .515563E-01
   -.541846E-01
   -.452039E-01
   -.247472E-01
   -.840933E-01
   -.749101E-01
   -.498387E-01
   -.120473E+00
   -.165290E+00
   -.168666E+00
   -.193605E+00
   -.172540E+00
   -.238314E-01
    .708695E-01
   -.396193E-01
   -.128425E+00
   -.998119E-01
   -.839321E-01
   -.287976E-01
    .377111E-01
    .145878E-01
   -.626492E-01
   -.106671E+00
   -.239030E-01
    .717812E-01
   -.189477E-01
   -.155206E+00
   -.127580E+00
   -.977951E-01
   -.113836E+00
   -.531045E-01
    .116518E-01
    .777399E-01
    .742215E-01
   -.229984E-01
    .297556E-02
    .597572E-01
    .392960E-01
    .692055E-01
    .142185E+00
    .166512E+00
    .872585E-01
   -.171311E-01
   -.119742E+00
   -.188329E+00
   -.119758E+00
   -.568582E-01
   -.685797E-01
   -.456675E-01
   -.939060E-03
   -.436947E-01
   -.142289E+00
   -.122730E+00
   -.769115E-01
   -.124908E+00
   -.137814E+00
   -.872874E-01
   -.124482E-01
    .960230E-01
    .181964E+00
    .192491E+00
    .111855E+00
    .239525E-01
    .182868E-01
   -.932360E-02
   -.134559E+00
   -.567582E-01
    .179188E+00
    .158826E+00
    .968098E-01
    .137663E+00
    .953709E-01
   -.519155E-02
   -.103696E+00
   -.977305E-01
   -.191244E-01
    .723915E-02
    .492520E-01
    .946336E-01
    .107776E+00
    .148242E+00
    .101839E+00
   -.133627E-01
   -.274766E-01
   -.172807E-01
   -.566285E-02
    .446780E-01
    .368272E-01
   -.963105E-02
    .125772E-01
    .380050E-01
    .131021E-02
   -.217943E-01
   -.462940E-02
    .196825E-01
    .274266E-01
    .579257E-02
   -.374502E-01
   -.844460E-01
   -.123519E+00
   -.107107E+00
   -.863098E-01
   -.139985E+00
   -.136863E+00
   -.232239E-01
   -.159370E-01
   -.148272E+00
   -.188522E+00
   -.146359E+00
   -.119232E+00
   -.801254E-01
   -.674515E-01
   -.462395E-01
    .311617E-01
    .678699E-01
    .597794E-01
    .906104E-01
    .106686E+00
    .711716E-01
    .473864E-01
    .319243E-01
    .335850E-01
   -.166530E-01
   -.138238E+00
   -.165556E+00
   -.742031E-01
    .374101E-01
    .523784E-01
    .203017E-01
    .298808E-02
   -.346897E-01
   -.287813E-01
   -.656208E-02
   -.132520E-02
   -.244273E-02
   -.491771E-01
   -.609691E-01
    .799228E-02
    .633352E-01
    .762428E-01
    .542972E-01
    .414291E-01
    .548490E-01
    .601587E-01
    .847739E-01
    .127228E+00
    .126601E+00
    .599531E-01
   -.774963E-02
   -.267043E-01
   -.402324E-01
   -.896480E-01
   -.139617E+00
   -.129589E+00
   -.520445E-01
    .227642E-01
    .432626E-01
    .137478E-01
   -.400604E-01
   -.647677E-01
   -.844052E-01
   -.970170E-01
   -.434265E-01
    .100168E-01
    .377431E-01
    .835519E-01
    .112153E+00
    .779242E-01
    .594051E-01
    .118987E+00
    .142334E+00
    .126586E+00
    .137838E+00
    .128863E+00
    .956888E-01
    .925034E-01
    .131470E+00
    .128541E+00
    .708471E-01
    .566234E-01
    .105575E+00
    .120344E+00
    .431147E-01
    .120153E-01
    .860248E-01
    .115859E+00
    .657024E-01
    .385974E-01
    .625739E-01
    .800132E-01
    .707483E-01
    .593893E-01
    .538962E-01
    .363733E-01
    .102054E-01
    .442108E-02
    .228668E-01
    .148288E-01
   -.251385E-01
   -.342870E-01
   -.387557E-01
   -.817049E-01
   -.126264E+00
   -.132993E+00
   -.977505E-01
   -.467752E-01
   -.418541E-01
   -.984682E-01
   -.113625E+00
   -.987170E-01
   -.147638E+00
   -.175709E+00
   -.119229E+00
   -.319067E-01
    .465500E-01
    .446348E-01
   -.128737E-01
   -.149960E-01
    .111607E-01
    .350822E-01
    .616156E-01
    .646834E-01
    .398642E-01
   -.883927E-02
   -.414242E-01
   -.373267E-01
   -.431561E-01
   -.398954E-01
    .830896E-02
    .660734E-01
    .779765E-01
    .405340E-01
    .213471E-01
    .311313E-01
    .464877E-01
    .561314E-01
    .564890E-01
    .743706E-01
    .954814E-01
    .839659E-01
    .572067E-01
    .460107E-01
    .323633E-01
   -.249723E-02
   -.373199E-01
   -.299273E-01
    .241737E-01
    .557545E-01
    .581255E-01
    .409700E-01
   -.854326E-02
   -.892008E-02
    .340292E-01
    .307952E-01
    .882794E-03
    .108122E-01
    .331941E-01
    .220660E-01
    .308935E-01
    .619167E-01
    .721184E-01
    .542441E-01
    .223594E-01
    .291211E-01
    .801168E-01
    .935395E-01
    .473255E-01
   -.258901E-01
   -.112365E+00
   -.175959E+00
   -.182651E+00
   -.136566E+00
   -.768773E-01
   -.233420E-01
   -.769139E-04
   -.274825E-01
   -.656094E-01
   -.704709E-01
   -.724975E-01
   -.790952E-01
   -.568243E-01
   -.286095E-01
   -.161428E-01
   -.313697E-01
   -.711801E-01
   -.110399E+00
   -.141397E+00
   -.169323E+00
   -.151374E+00
   -.946223E-01
   -.620840E-01
   -.283508E-01
   -.337644E-02
    .648975E-02
    .396417E-01
    .743174E-01
    .942618E-01
    .100872E+00
    .899165E-01
    .566762E-01
    .338568E-02
   -.592327E-01
   -.745561E-01
   -.234929E-01
    .128678E-02
    .267862E-01
    .855391E-01
    .803983E-01
    .329979E-01
    .857252E-02
   -.135219E-01
   -.519631E-01
   -.100600E+00
   -.944420E-01
   -.427739E-01
   -.365576E-01
   -.216031E-01
    .463220E-01
    .882580E-01
    .796769E-01
    .709329E-01
    .624234E-01
    .559094E-01
    .446435E-01
    .104853E-01
   -.346653E-02
   -.725154E-02
   -.364890E-01
   -.656459E-01
   -.653013E-01
   -.413199E-01
   -.192229E-01
   -.378130E-02
    .394978E-01
    .814933E-01
    .523615E-01
   -.936754E-02
   -.439781E-01
   -.459741E-01
   -.220954E-01
    .490742E-02
    .263280E-01
    .474204E-01
    .613753E-01
    .576921E-01
    .353148E-01
   -.369858E-02
   -.612684E-01
   -.110675E+00
   -.115160E+00
   -.851179E-01
   -.587651E-01
   -.474186E-01
   -.105439E-01
    .419968E-01
    .409354E-01
   -.171269E-01
   -.801280E-01
   -.909494E-01
   -.489255E-01
    .107996E-01
    .578534E-01
    .745876E-01
    .531875E-01
    .120088E-01
   -.798532E-02
   -.203733E-01
   -.199352E-01
    .733116E-02
    .157194E-01
   -.126656E-01
   -.183305E-01
    .686612E-02
   -.592971E-02
   -.483855E-01
   -.580510E-01
   -.463762E-01
   -.413535E-01
   -.160110E-02
    .294573E-01
   -.428730E-02
   -.257036E-01
   -.156122E-01
   -.508366E-02
    .299223E-01
    .573488E-01
    .438089E-01
    .275819E-01
    .176959E-01
    .132513E-01
    .672556E-02
    .321673E-02
    .372850E-01
    .558017E-01
    .272170E-01
    .161478E-01
    .188702E-01
    .275493E-01
    .647018E-01
    .104579E+00
    .999673E-01
    .415212E-01
   -.257798E-01
   -.578243E-01
   -.385567E-01
   -.878108E-02
    .603688E-02
    .286552E-01
    .383364E-01
    .278696E-01
    .351988E-01
    .383529E-01
    .762741E-02
   -.379218E-01
   -.519863E-01
   -.347090E-01
   -.399610E-01
   -.427401E-01
   -.397141E-01
   -.481193E-01
   -.188567E-01
    .295863E-01
    .504075E-01
    .494187E-01
    .242964E-01
   -.181390E-01
   -.360245E-01
   -.224256E-01
   -.210603E-03
    .299326E-01
    .595001E-01
    .503958E-01
   -.124617E-01
   -.668197E-01
   -.698200E-01
   -.492599E-01
   -.471195E-01
   -.811907E-01
   -.901374E-01
   -.685347E-01
   -.685131E-01
   -.579114E-01
   -.323748E-01
   -.458459E-02
    .177733E-01
    .116194E-01
    .540616E-02
    .513655E-03
   -.313144E-01
   -.656782E-01
   -.698942E-01
   -.448056E-01
   -.796099E-02
    .363703E-01
    .648385E-01
    .284481E-01
   -.894933E-02
    .527309E-03
   -.673163E-02
   -.455350E-01
   -.533947E-01
    .456418E-02
    .294287E-01
    .299308E-02
    .290412E-01
    .801705E-01
    .671549E-01
    .111189E-01
   -.100929E-01
   -.208409E-02
   -.890087E-02
   -.221469E-01
   -.161458E-01
   -.624784E-02
   -.139047E-01
   -.158000E-01
    .870948E-02
    .319349E-01
    .461786E-01
    .695925E-01
    .656760E-01
    .413187E-01
    .407029E-01
    .299476E-01
    .112208E-01
    .103025E-01
    .121947E-02
   -.758033E-02
    .149536E-01
    .364375E-01
    .225229E-01
   -.342753E-02
   -.260132E-01
   -.553742E-01
   -.694293E-01
   -.446556E-01
   -.271381E-02
    .293458E-01
    .372713E-01
    .307107E-01
    .215521E-01
    .179786E-01
    .144483E-01
   -.187279E-03
   -.124848E-01
   -.686023E-02
    .448891E-02
   -.427088E-02
   -.123780E-01
    .158303E-01
    .464255E-01
    .428130E-01
    .281859E-01
    .291344E-01
    .382426E-01
    .278912E-01
    .172771E-01
    .268650E-01
    .309636E-01
    .186265E-01
    .986420E-02
    .191051E-01
    .339457E-01
    .375462E-01
    .220605E-01
    .118438E-01
    .205527E-01
    .217160E-01
    .227431E-01
    .393311E-01
    .497452E-01
    .456884E-01
    .406608E-01
    .323931E-01
    .124933E-01
   -.676173E-02
   -.682300E-02
    .630625E-02
    .509617E-02
   -.100702E-01
   -.133840E-01
   -.128470E-01
   -.207554E-01
   -.264475E-01
   -.343598E-01
   -.454686E-01
   -.528351E-01
   -.514448E-01
   -.432237E-01
   -.410023E-01
   -.381423E-01
   -.296780E-01
   -.258927E-01
   -.243968E-01
   -.194267E-01
   -.116945E-01
   -.498619E-02
   -.425657E-02
   -.133274E-02
    .821986E-02
    .169936E-01
    .165262E-01
    .543057E-02
    .246638E-02
    .952304E-02
    .795286E-02
   -.273986E-02
   -.114140E-01
   -.912462E-02
   -.312959E-02
   -.791584E-02
   -.988671E-02
   -.461360E-02
   -.734528E-02
   -.139937E-01
   -.136032E-01
   -.536638E-02
   -.900962E-03
   -.404109E-02
   -.677804E-02
   -.521453E-02
   -.336896E-02
   -.568284E-02
   -.594083E-02
   -.188013E-02
   -.146671E-03
   -.114603E-02
   -.185428E-02
   -.205722E-02
   -.130321E-02
    .882143E-03
    .291562E-02
    .386515E-02
    .379145E-02
    .262989E-02
    .128792E-02
    .331410E-03
   -.239671E-03
   -.474742E-03
   -.434174E-03
    .193326E-03
    .114446E-02
    .187294E-02
    .189292E-02
    .146351E-02
    .121546E-02
    .922182E-03
    .673500E-03
    .502222E-03
    .252215E-03
    .306364E-04
   -.150803E-03
   -.302639E-03
   -.477544E-03
   -.686857E-03
   -.893397E-03
   -.107185E-02
