   -.178650E-03
   -.177290E-03
   -.175946E-03
   -.174756E-03
   -.173920E-03
   -.173842E-03
   -.174890E-03
   -.177422E-03
   -.181579E-03
   -.187531E-03
   -.195329E-03
   -.204996E-03
   -.216424E-03
   -.229464E-03
   -.243560E-03
   -.258197E-03
   -.273212E-03
   -.288454E-03
   -.303407E-03
   -.318179E-03
   -.333484E-03
   -.350097E-03
   -.367808E-03
   -.385346E-03
   -.402058E-03
   -.418587E-03
   -.435966E-03
   -.455256E-03
   -.477090E-03
   -.501695E-03
   -.528810E-03
   -.557973E-03
   -.588587E-03
   -.620212E-03
   -.652530E-03
   -.685478E-03
   -.719277E-03
   -.755839E-03
   -.799821E-03
   -.856909E-03
   -.930512E-03
   -.101797E-02
   -.111140E-02
   -.120240E-02
   -.128477E-02
   -.135601E-02
   -.141701E-02
   -.147112E-02
   -.152243E-02
   -.157460E-02
   -.162986E-02
   -.168901E-02
   -.175158E-02
   -.181649E-02
   -.188252E-02
   -.194887E-02
   -.201511E-02
   -.208136E-02
   -.214790E-02
   -.221523E-02
   -.228273E-02
   -.234358E-02
   -.238401E-02
   -.239094E-02
   -.236073E-02
   -.230551E-02
   -.224702E-02
   -.220619E-02
   -.219544E-02
   -.220964E-02
   -.221749E-02
   -.218671E-02
   -.211255E-02
   -.201350E-02
   -.191317E-02
   -.182072E-02
   -.172812E-02
   -.162167E-02
   -.149811E-02
   -.136390E-02
   -.120715E-02
   -.101002E-02
   -.778726E-03
   -.520227E-03
   -.225207E-03
    .968813E-04
    .423921E-03
    .758073E-03
    .110441E-02
    .144870E-02
    .179474E-02
    .216428E-02
    .255132E-02
    .292147E-02
    .324211E-02
    .352468E-02
    .381743E-02
    .414206E-02
    .448066E-02
    .480427E-02
    .511833E-02
    .546460E-02
    .585647E-02
    .626413E-02
    .664401E-02
    .695882E-02
    .719004E-02
    .734002E-02
    .742781E-02
    .748014E-02
    .752284E-02
    .757431E-02
    .764315E-02
    .772917E-02
    .782252E-02
    .787995E-02
    .782227E-02
    .761230E-02
    .729113E-02
    .693954E-02
    .663959E-02
    .644621E-02
    .637728E-02
    .641600E-02
    .652508E-02
    .666139E-02
    .679667E-02
    .696164E-02
    .724303E-02
    .767448E-02
    .820493E-02
    .874748E-02
    .921867E-02
    .956548E-02
    .977706E-02
    .990070E-02
    .100611E-01
    .103781E-01
    .108686E-01
    .114625E-01
    .120649E-01
    .126272E-01
    .131604E-01
    .137030E-01
    .142699E-01
    .148322E-01
    .153414E-01
    .157552E-01
    .160532E-01
    .162404E-01
    .163425E-01
    .163949E-01
    .164317E-01
    .164775E-01
    .165441E-01
    .166318E-01
    .167347E-01
    .168580E-01
    .170408E-01
    .172968E-01
    .175550E-01
    .177337E-01
    .178137E-01
    .178581E-01
    .179373E-01
    .180352E-01
    .180992E-01
    .181057E-01
    .180614E-01
    .179919E-01
    .179179E-01
    .177885E-01
    .174788E-01
    .169405E-01
    .162167E-01
    .153242E-01
    .142940E-01
    .132397E-01
    .123053E-01
    .115706E-01
    .109638E-01
    .103536E-01
    .968772E-02
    .896112E-02
    .816551E-02
    .729824E-02
    .638967E-02
    .551113E-02
    .467196E-02
    .376923E-02
    .266285E-02
    .126872E-02
   -.384304E-03
   -.221248E-02
   -.415466E-02
   -.617817E-02
   -.825034E-02
   -.103031E-01
   -.122809E-01
   -.141980E-01
   -.161173E-01
   -.181098E-01
   -.202167E-01
   -.223833E-01
   -.244403E-01
   -.262712E-01
   -.279147E-01
   -.295041E-01
   -.311914E-01
   -.330875E-01
   -.352361E-01
   -.376026E-01
   -.400511E-01
   -.423903E-01
   -.444715E-01
   -.462672E-01
   -.478787E-01
   -.494160E-01
   -.509320E-01
   -.524289E-01
   -.538455E-01
   -.550571E-01
   -.558922E-01
   -.562107E-01
   -.560181E-01
   -.554615E-01
   -.547401E-01
   -.539884E-01
   -.532151E-01
   -.523035E-01
   -.511082E-01
   -.495911E-01
   -.478700E-01
   -.461631E-01
   -.446324E-01
   -.433420E-01
   -.423091E-01
   -.414456E-01
   -.405451E-01
   -.394891E-01
   -.383289E-01
   -.371906E-01
   -.361305E-01
   -.350507E-01
   -.337687E-01
   -.321229E-01
   -.300391E-01
   -.275759E-01
   -.249248E-01
   -.223263E-01
   -.199605E-01
   -.178503E-01
   -.158752E-01
   -.138742E-01
   -.117559E-01
   -.954975E-02
   -.735446E-02
   -.525626E-02
   -.324709E-02
   -.124096E-02
    .848916E-03
    .297048E-02
    .497333E-02
    .680215E-02
    .846275E-02
    .991219E-02
    .111299E-01
    .121540E-01
    .130085E-01
    .137149E-01
    .143435E-01
    .149464E-01
    .155113E-01
    .159865E-01
    .162948E-01
    .163280E-01
    .159904E-01
    .152589E-01
    .142407E-01
    .131176E-01
    .120117E-01
    .109532E-01
    .992169E-02
    .892701E-02
    .801080E-02
    .717129E-02
    .642431E-02
    .587393E-02
    .561229E-02
    .566598E-02
    .610662E-02
    .704324E-02
    .853330E-02
    .105503E-01
    .129910E-01
    .157082E-01
    .185510E-01
    .213979E-01
    .241757E-01
    .268597E-01
    .294598E-01
    .319804E-01
    .343722E-01
    .365513E-01
    .384474E-01
    .399812E-01
    .410790E-01
    .417207E-01
    .419533E-01
    .418842E-01
    .416928E-01
    .415662E-01
    .415332E-01
    .414900E-01
    .413422E-01
    .410082E-01
    .404088E-01
    .395016E-01
    .383001E-01
    .368650E-01
    .352823E-01
    .336376E-01
    .319974E-01
    .303992E-01
    .288582E-01
    .274093E-01
    .261218E-01
    .250170E-01
    .240698E-01
    .233310E-01
    .228874E-01
    .227604E-01
    .229914E-01
    .236766E-01
    .248919E-01
    .266404E-01
    .288458E-01
    .313761E-01
    .340597E-01
    .366278E-01
    .388221E-01
    .405866E-01
    .419799E-01
    .430554E-01
    .439552E-01
    .448731E-01
    .458623E-01
    .468282E-01
    .476286E-01
    .481485E-01
    .483232E-01
    .481053E-01
    .474686E-01
    .464402E-01
    .450939E-01
    .435320E-01
    .418584E-01
    .401589E-01
    .384811E-01
    .367952E-01
    .350068E-01
    .330723E-01
    .310102E-01
    .288244E-01
    .264958E-01
    .240034E-01
    .212864E-01
    .182587E-01
    .148737E-01
    .111845E-01
    .733691E-02
    .340996E-02
   -.650069E-03
   -.493751E-02
   -.945911E-02
   -.140677E-01
   -.186256E-01
   -.230981E-01
   -.274166E-01
   -.314554E-01
   -.351049E-01
   -.382303E-01
   -.406900E-01
   -.425220E-01
   -.439458E-01
   -.451841E-01
   -.463913E-01
   -.476423E-01
   -.489471E-01
   -.502737E-01
   -.515738E-01
   -.527704E-01
   -.537719E-01
   -.546032E-01
   -.554068E-01
   -.562466E-01
   -.570939E-01
   -.579162E-01
   -.586130E-01
   -.590114E-01
   -.590165E-01
   -.586656E-01
   -.580682E-01
   -.572722E-01
   -.562232E-01
   -.549390E-01
   -.535152E-01
   -.519680E-01
   -.502685E-01
   -.484337E-01
   -.465225E-01
   -.445863E-01
   -.426109E-01
   -.405628E-01
   -.384639E-01
   -.363790E-01
   -.343608E-01
   -.323894E-01
   -.304394E-01
   -.285780E-01
   -.268409E-01
   -.251413E-01
   -.233423E-01
   -.213815E-01
   -.193577E-01
   -.173921E-01
   -.155063E-01
   -.137485E-01
   -.121867E-01
   -.107618E-01
   -.934239E-02
   -.784584E-02
   -.625727E-02
   -.458997E-02
   -.282857E-02
   -.994842E-03
    .787318E-03
    .244493E-02
    .403064E-02
    .560575E-02
    .718684E-02
    .876888E-02
    .103814E-01
    .121041E-01
    .140134E-01
    .160950E-01
    .181853E-01
    .201242E-01
    .219022E-01
    .236200E-01
    .253672E-01
    .270967E-01
    .286868E-01
    .300612E-01
    .311618E-01
    .319185E-01
    .322377E-01
    .320082E-01
    .311348E-01
    .295862E-01
    .274260E-01
    .247879E-01
    .217818E-01
    .184083E-01
    .146429E-01
    .105329E-01
    .618317E-02
    .169586E-02
   -.288403E-02
   -.748387E-02
   -.119591E-01
   -.162598E-01
   -.204445E-01
   -.245083E-01
   -.283682E-01
   -.319540E-01
   -.353428E-01
   -.387254E-01
   -.421926E-01
   -.456893E-01
   -.490991E-01
   -.523083E-01
   -.552233E-01
   -.576978E-01
   -.595934E-01
   -.609069E-01
   -.617232E-01
   -.621325E-01
   -.621566E-01
   -.617161E-01
   -.606322E-01
   -.587226E-01
   -.559130E-01
   -.522191E-01
   -.477304E-01
   -.426113E-01
   -.370673E-01
   -.313036E-01
   -.254842E-01
   -.197153E-01
   -.140423E-01
   -.846486E-02
   -.297021E-02
    .236248E-02
    .737836E-02
    .120405E-01
    .164213E-01
    .205420E-01
    .243673E-01
    .278817E-01
    .312206E-01
    .345976E-01
    .380935E-01
    .416380E-01
    .450992E-01
    .483547E-01
    .513364E-01
    .540451E-01
    .565382E-01
    .588865E-01
    .610550E-01
    .629081E-01
    .643632E-01
    .654153E-01
    .660819E-01
    .663972E-01
    .664093E-01
    .661309E-01
    .655955E-01
    .649566E-01
    .643975E-01
    .640050E-01
    .637140E-01
    .633765E-01
    .629032E-01
    .622963E-01
    .616085E-01
    .608568E-01
    .599991E-01
    .589857E-01
    .578214E-01
    .565992E-01
    .554521E-01
    .544763E-01
    .536519E-01
    .528612E-01
    .519740E-01
    .509446E-01
    .498401E-01
    .487827E-01
    .478864E-01
    .472038E-01
    .466378E-01
    .459587E-01
    .450299E-01
    .438525E-01
    .424091E-01
    .406484E-01
    .385407E-01
    .361012E-01
    .333881E-01
    .304882E-01
    .274928E-01
    .244797E-01
    .215002E-01
    .185773E-01
    .157099E-01
    .128834E-01
    .100783E-01
    .728038E-02
    .448134E-02
    .168109E-02
   -.111598E-02
   -.390268E-02
   -.667361E-02
   -.942514E-02
   -.121575E-01
   -.148707E-01
   -.175730E-01
   -.203111E-01
   -.231744E-01
   -.262011E-01
   -.293574E-01
   -.326183E-01
   -.359577E-01
   -.392902E-01
   -.424584E-01
   -.452946E-01
   -.477413E-01
   -.498140E-01
   -.515006E-01
   -.528534E-01
   -.540367E-01
   -.551360E-01
   -.561052E-01
   -.568558E-01
   -.573166E-01
   -.574784E-01
   -.574426E-01
   -.573519E-01
   -.572312E-01
   -.570227E-01
   -.566970E-01
   -.562699E-01
   -.557667E-01
   -.551621E-01
   -.543893E-01
   -.534005E-01
   -.522343E-01
   -.509926E-01
   -.496855E-01
   -.482695E-01
   -.467992E-01
   -.454119E-01
   -.442325E-01
   -.432747E-01
   -.424617E-01
   -.417365E-01
   -.410852E-01
   -.405076E-01
   -.399512E-01
   -.393327E-01
   -.386338E-01
   -.379086E-01
   -.372335E-01
   -.366719E-01
   -.362342E-01
   -.358407E-01
   -.353826E-01
   -.348253E-01
   -.342061E-01
   -.335838E-01
   -.329455E-01
   -.321556E-01
   -.309602E-01
   -.291011E-01
   -.264514E-01
   -.231117E-01
   -.193892E-01
   -.156939E-01
   -.123989E-01
   -.972223E-02
   -.769519E-02
   -.621697E-02
   -.515301E-02
   -.431869E-02
   -.345915E-02
   -.243047E-02
   -.128314E-02
   -.163384E-03
    .841538E-03
    .181050E-02
    .293112E-02
    .438366E-02
    .627315E-02
    .862846E-02
    .114457E-01
    .146903E-01
    .182804E-01
    .220464E-01
    .257691E-01
    .292677E-01
    .324462E-01
    .353021E-01
    .379034E-01
    .403529E-01
    .427409E-01
    .450574E-01
    .471641E-01
    .489778E-01
    .505743E-01
    .521166E-01
    .537752E-01
    .556515E-01
    .576740E-01
    .596240E-01
    .613741E-01
    .629668E-01
    .645178E-01
    .660689E-01
    .675278E-01
    .688004E-01
    .698674E-01
    .707630E-01
    .715144E-01
    .720936E-01
    .723963E-01
    .722870E-01
    .716814E-01
    .705821E-01
    .690751E-01
    .672963E-01
    .653751E-01
    .633631E-01
    .612921E-01
    .592837E-01
    .575090E-01
    .560786E-01
    .549056E-01
    .537872E-01
    .526231E-01
    .514442E-01
    .503436E-01
    .494106E-01
    .486499E-01
    .478990E-01
    .468959E-01
    .454224E-01
    .433788E-01
    .408009E-01
    .378305E-01
    .346897E-01
    .316408E-01
    .289045E-01
    .265779E-01
    .245806E-01
    .227058E-01
    .207350E-01
    .185140E-01
    .159993E-01
    .132990E-01
    .106239E-01
    .816565E-02
    .599602E-02
    .403311E-02
    .211259E-02
    .685795E-04
   -.219436E-02
   -.461583E-02
   -.697514E-02
   -.911475E-02
   -.110881E-01
   -.131717E-01
   -.157023E-01
   -.188733E-01
   -.227327E-01
   -.272690E-01
   -.325486E-01
   -.385616E-01
   -.449492E-01
   -.511824E-01
   -.568466E-01
   -.617555E-01
   -.659728E-01
   -.697660E-01
   -.734030E-01
   -.770116E-01
   -.807150E-01
   -.846444E-01
   -.887770E-01
   -.929317E-01
   -.968609E-01
   -.100308E+00
   -.103059E+00
   -.104979E+00
   -.106037E+00
   -.106334E+00
   -.106062E+00
   -.105437E+00
   -.104589E+00
   -.103522E+00
   -.102142E+00
   -.100347E+00
   -.981066E-01
   -.954363E-01
   -.923911E-01
   -.890632E-01
   -.854489E-01
   -.813946E-01
   -.768234E-01
   -.718808E-01
   -.669163E-01
   -.622436E-01
   -.578948E-01
   -.536253E-01
   -.490855E-01
   -.440405E-01
   -.384229E-01
   -.322755E-01
   -.257591E-01
   -.191240E-01
   -.126129E-01
   -.638765E-02
   -.501708E-03
    .508571E-02
    .104520E-01
    .155676E-01
    .202913E-01
    .244994E-01
    .281843E-01
    .314897E-01
    .346340E-01
    .377876E-01
    .409333E-01
    .439036E-01
    .465131E-01
    .486459E-01
    .502923E-01
    .515352E-01
    .524819E-01
    .531940E-01
    .536868E-01
    .539643E-01
    .540386E-01
    .539393E-01
    .537114E-01
    .534071E-01
    .530655E-01
    .526553E-01
    .521079E-01
    .514152E-01
    .506008E-01
    .496693E-01
    .486622E-01
    .476561E-01
    .466707E-01
    .456601E-01
    .445684E-01
    .434061E-01
    .422646E-01
    .412559E-01
    .404632E-01
    .399148E-01
    .395840E-01
    .394061E-01
    .393040E-01
    .392105E-01
    .390768E-01
    .388381E-01
    .384019E-01
    .376915E-01
    .367031E-01
    .355458E-01
    .343976E-01
    .334196E-01
    .327059E-01
    .322494E-01
    .319230E-01
    .315663E-01
    .311023E-01
    .305451E-01
    .299616E-01
    .294252E-01
    .289579E-01
    .284976E-01
    .279787E-01
    .273792E-01
    .266037E-01
    .254854E-01
    .238998E-01
    .218105E-01
    .192791E-01
    .164298E-01
    .133902E-01
    .102116E-01
    .687663E-02
    .334970E-02
   -.386080E-03
   -.431617E-02
   -.838964E-02
   -.125044E-01
   -.165192E-01
   -.203969E-01
   -.242306E-01
   -.280551E-01
   -.317942E-01
   -.353451E-01
   -.386278E-01
   -.416169E-01
   -.443424E-01
   -.468757E-01
   -.493020E-01
   -.516979E-01
   -.541133E-01
   -.565672E-01
   -.590307E-01
   -.614043E-01
   -.635566E-01
   -.653884E-01
   -.668149E-01
   -.677732E-01
   -.682591E-01
   -.683356E-01
   -.681127E-01
   -.677153E-01
   -.672408E-01
   -.666931E-01
   -.659973E-01
   -.650801E-01
   -.639505E-01
   -.627221E-01
   -.615495E-01
   -.605635E-01
   -.598200E-01
   -.592213E-01
   -.585300E-01
   -.575895E-01
   -.563673E-01
   -.547648E-01
   -.526217E-01
   -.498433E-01
   -.464899E-01
   -.427380E-01
   -.386960E-01
   -.343670E-01
   -.297312E-01
   -.248334E-01
   -.198061E-01
   -.148144E-01
   -.100250E-01
   -.559706E-02
   -.164040E-02
    .184560E-02
    .506263E-02
    .830929E-02
    .117338E-01
    .153004E-01
    .188738E-01
    .223047E-01
    .254880E-01
    .283879E-01
    .310008E-01
    .332995E-01
    .351555E-01
    .363878E-01
    .369311E-01
    .368818E-01
    .364373E-01
    .358236E-01
    .352308E-01
    .347758E-01
    .344944E-01
    .343517E-01
    .342351E-01
    .339781E-01
    .334377E-01
    .325695E-01
    .314670E-01
    .302746E-01
    .290810E-01
    .279045E-01
    .266999E-01
    .253528E-01
    .237615E-01
    .219308E-01
    .199553E-01
    .179470E-01
    .159457E-01
    .139395E-01
    .119457E-01
    .100110E-01
    .818136E-02
    .648645E-02
    .495757E-02
    .366425E-02
    .272611E-02
    .226401E-02
    .228976E-02
    .272416E-02
    .354083E-02
    .477210E-02
    .643876E-02
    .851736E-02
    .109355E-01
    .135878E-01
    .163618E-01
    .191461E-01
    .217602E-01
    .239633E-01
    .255695E-01
    .265144E-01
    .268647E-01
    .267788E-01
    .264300E-01
    .258501E-01
    .249317E-01
    .235543E-01
    .216591E-01
    .192788E-01
    .165242E-01
    .135470E-01
    .104966E-01
    .748439E-02
    .458598E-02
    .193220E-02
   -.323211E-03
   -.219184E-02
   -.385454E-02
   -.552682E-02
   -.728372E-02
   -.904135E-02
   -.107503E-01
   -.124050E-01
   -.139293E-01
   -.152472E-01
   -.163653E-01
   -.173526E-01
   -.182749E-01
   -.191353E-01
   -.199225E-01
   -.206650E-01
   -.213600E-01
   -.219329E-01
   -.222525E-01
   -.222217E-01
   -.218651E-01
   -.213035E-01
   -.206903E-01
   -.201605E-01
   -.198282E-01
   -.197984E-01
   -.201394E-01
   -.208666E-01
   -.219943E-01
   -.235372E-01
   -.254739E-01
   -.277410E-01
   -.302448E-01
   -.328777E-01
   -.354937E-01
   -.378613E-01
   -.397342E-01
   -.409748E-01
   -.416360E-01
   -.418972E-01
   -.418772E-01
   -.416298E-01
   -.412331E-01
   -.408314E-01
   -.405720E-01
   -.404536E-01
   -.403899E-01
   -.403756E-01
   -.404828E-01
   -.407839E-01
   -.412580E-01
   -.417948E-01
   -.422509E-01
   -.424235E-01
   -.420853E-01
   -.411905E-01
   -.398715E-01
   -.382486E-01
   -.364544E-01
   -.346801E-01
   -.330094E-01
   -.313576E-01
   -.295747E-01
   -.275279E-01
   -.251565E-01
   -.224787E-01
   -.195768E-01
   -.165556E-01
   -.134815E-01
   -.103411E-01
   -.711699E-02
   -.384479E-02
   -.593619E-03
    .257034E-02
    .559737E-02
    .842688E-02
    .109862E-01
    .132842E-01
    .154261E-01
    .175477E-01
    .197633E-01
    .221360E-01
    .246680E-01
    .272772E-01
    .297487E-01
    .318443E-01
    .334539E-01
    .345661E-01
    .352046E-01
    .353768E-01
    .350802E-01
    .343296E-01
    .330850E-01
    .312745E-01
    .290268E-01
    .266298E-01
    .242760E-01
    .220087E-01
    .197938E-01
    .176773E-01
    .157829E-01
    .141770E-01
    .128716E-01
    .118820E-01
    .112638E-01
    .110724E-01
    .112620E-01
    .116891E-01
    .121818E-01
    .125966E-01
    .128655E-01
    .130427E-01
    .132409E-01
    .135222E-01
    .139226E-01
    .144980E-01
    .153473E-01
    .165274E-01
    .179318E-01
    .193760E-01
    .207303E-01
    .219461E-01
    .230192E-01
    .239254E-01
    .246211E-01
    .250797E-01
    .253067E-01
    .253392E-01
    .252351E-01
    .250577E-01
    .248464E-01
    .245238E-01
    .239247E-01
    .230020E-01
    .218169E-01
    .203924E-01
    .187477E-01
    .169565E-01
    .151177E-01
    .132946E-01
    .114606E-01
    .952751E-02
    .740953E-02
    .506535E-02
    .255144E-02
    .719559E-04
   -.216678E-02
   -.412443E-02
   -.585660E-02
   -.743039E-02
   -.890204E-02
   -.102794E-01
   -.115117E-01
   -.126188E-01
   -.137340E-01
   -.149677E-01
   -.163452E-01
   -.178316E-01
   -.193604E-01
   -.208643E-01
   -.222934E-01
   -.236020E-01
   -.247158E-01
   -.255544E-01
   -.260783E-01
   -.262980E-01
   -.262286E-01
   -.258043E-01
   -.249777E-01
   -.238456E-01
   -.225564E-01
   -.212151E-01
   -.198797E-01
   -.185997E-01
   -.174391E-01
   -.163686E-01
   -.152530E-01
   -.140394E-01
   -.127555E-01
   -.113626E-01
   -.976325E-02
   -.789174E-02
   -.585294E-02
   -.387634E-02
   -.213129E-02
   -.667813E-03
    .561770E-03
    .165932E-02
    .273633E-02
    .387665E-02
    .512012E-02
    .646253E-02
    .787176E-02
    .932156E-02
    .108431E-01
    .124526E-01
    .140599E-01
    .155968E-01
    .170949E-01
    .185280E-01
    .197813E-01
    .207422E-01
    .213504E-01
    .216166E-01
    .216078E-01
    .213996E-01
    .210116E-01
    .204152E-01
    .195900E-01
    .185935E-01
    .175240E-01
    .163805E-01
    .151295E-01
    .138228E-01
    .124831E-01
    .110606E-01
    .959388E-02
    .822593E-02
    .710457E-02
    .632205E-02
    .589044E-02
    .574433E-02
    .572054E-02
    .555038E-02
    .503395E-02
    .416586E-02
    .297708E-02
    .145594E-02
   -.403214E-03
   -.257941E-02
   -.501952E-02
   -.764931E-02
   -.103873E-01
   -.131532E-01
   -.158158E-01
   -.181780E-01
   -.201448E-01
   -.217862E-01
   -.231571E-01
   -.242426E-01
   -.250182E-01
   -.254821E-01
   -.256679E-01
   -.256393E-01
   -.254753E-01
   -.252523E-01
   -.250284E-01
   -.248371E-01
   -.246835E-01
   -.245098E-01
   -.241413E-01
   -.233889E-01
   -.221896E-01
   -.206104E-01
   -.187797E-01
   -.167845E-01
   -.146482E-01
   -.123648E-01
   -.992782E-02
   -.737343E-02
   -.487307E-02
   -.265824E-02
   -.858585E-03
    .490256E-03
    .140124E-02
    .193145E-02
    .217329E-02
    .222525E-02
    .213392E-02
    .188738E-02
    .155517E-02
    .127321E-02
    .107397E-02
    .941162E-03
    .931503E-03
    .114451E-02
    .164026E-02
    .236447E-02
    .317015E-02
    .389824E-02
    .443261E-02
    .472742E-02
    .480415E-02
    .472964E-02
    .458574E-02
    .444301E-02
    .434503E-02
    .430516E-02
    .431323E-02
    .434683E-02
    .438275E-02
    .440445E-02
    .440549E-02
    .438779E-02
    .436368E-02
    .438386E-02
    .453355E-02
    .479663E-02
    .503340E-02
    .512078E-02
    .495642E-02
    .440333E-02
    .338330E-02
    .195120E-02
    .250043E-03
   -.157893E-02
   -.346501E-02
   -.532502E-02
   -.701269E-02
   -.843965E-02
   -.962795E-02
   -.106596E-01
   -.115963E-01
   -.124305E-01
   -.131139E-01
   -.136005E-01
   -.138738E-01
   -.139535E-01
   -.138892E-01
   -.137416E-01
   -.135517E-01
   -.132841E-01
   -.128472E-01
   -.121608E-01
   -.111918E-01
   -.996387E-02
   -.854123E-02
   -.697864E-02
   -.528252E-02
   -.350421E-02
   -.179387E-02
   -.269735E-03
    .104962E-02
    .222197E-02
    .337826E-02
    .468123E-02
    .615797E-02
    .766115E-02
    .899691E-02
    .100812E-01
    .110148E-01
    .119111E-01
    .127626E-01
    .134388E-01
    .137901E-01
    .137749E-01
    .134665E-01
    .130014E-01
    .125230E-01
    .121401E-01
    .118983E-01
    .117444E-01
    .115461E-01
    .112152E-01
    .107390E-01
    .101110E-01
    .935426E-02
    .855852E-02
    .783989E-02
    .728890E-02
    .694887E-02
    .684515E-02
    .701060E-02
    .742183E-02
    .797194E-02
    .852543E-02
    .896868E-02
    .924024E-02
    .933488E-02
    .929167E-02
    .917053E-02
    .903064E-02
    .891385E-02
    .883947E-02
    .880577E-02
    .879873E-02
    .879964E-02
    .880393E-02
    .889064E-02
    .923386E-02
    .991335E-02
    .108294E-01
    .117922E-01
    .126122E-01
    .131649E-01
    .134142E-01
    .133899E-01
    .131103E-01
    .125663E-01
    .117508E-01
    .106329E-01
    .915720E-02
    .729205E-02
    .508343E-02
    .268543E-02
    .305903E-03
   -.186972E-02
   -.367741E-02
   -.499770E-02
   -.580322E-02
   -.615799E-02
   -.618887E-02
   -.604152E-02
   -.584377E-02
   -.567646E-02
   -.553912E-02
   -.534497E-02
   -.502286E-02
   -.459824E-02
   -.421048E-02
   -.402443E-02
   -.410966E-02
   -.446914E-02
   -.509297E-02
   -.595476E-02
   -.698401E-02
   -.804268E-02
   -.896866E-02
   -.962675E-02
   -.984294E-02
   -.944593E-02
   -.841203E-02
   -.687547E-02
   -.504409E-02
   -.307872E-02
   -.107277E-02
    .838157E-03
    .254139E-02
    .407021E-02
    .547706E-02
    .672927E-02
    .775366E-02
    .849107E-02
    .893376E-02
    .916813E-02
    .936739E-02
    .971459E-02
    .103361E-01
    .112718E-01
    .124812E-01
    .138814E-01
    .154287E-01
    .171012E-01
    .187780E-01
    .202611E-01
    .213769E-01
    .219865E-01
    .220041E-01
    .214340E-01
    .203702E-01
    .189631E-01
    .173763E-01
    .157597E-01
    .142753E-01
    .130732E-01
    .122340E-01
    .117557E-01
    .115680E-01
    .115654E-01
    .116406E-01
    .117112E-01
    .117308E-01
    .116892E-01
    .116004E-01
    .114905E-01
    .113834E-01
    .112949E-01
    .112294E-01
    .111820E-01
    .111270E-01
    .109835E-01
    .106686E-01
    .101813E-01
    .954931E-02
    .876403E-02
    .774423E-02
    .637498E-02
    .459021E-02
    .244111E-02
    .915112E-04
   -.230927E-02
   -.467242E-02
   -.691860E-02
   -.901591E-02
   -.110157E-01
   -.129645E-01
   -.148535E-01
   -.166524E-01
   -.183661E-01
   -.200575E-01
   -.217231E-01
   -.232729E-01
   -.247009E-01
   -.260613E-01
   -.273378E-01
   -.285382E-01
   -.297532E-01
   -.309897E-01
   -.321326E-01
   -.330470E-01
   -.336402E-01
   -.338757E-01
   -.336733E-01
   -.329526E-01
   -.318030E-01
   -.304627E-01
   -.291938E-01
   -.281898E-01
   -.274981E-01
   -.269510E-01
   -.263099E-01
   -.254787E-01
   -.245134E-01
   -.235333E-01
   -.226007E-01
   -.216934E-01
   -.207489E-01
   -.197018E-01
   -.185116E-01
   -.171767E-01
   -.157555E-01
   -.143686E-01
   -.130774E-01
   -.117938E-01
   -.103559E-01
   -.866302E-02
   -.679451E-02
   -.489829E-02
   -.303855E-02
   -.128651E-02
    .263768E-03
    .164489E-02
    .295451E-02
    .420604E-02
    .537921E-02
    .649004E-02
    .757882E-02
    .868956E-02
    .985410E-02
    .110855E-01
    .123780E-01
    .137127E-01
    .150661E-01
    .164112E-01
    .176867E-01
    .188066E-01
    .198028E-01
    .208279E-01
    .219982E-01
    .233405E-01
    .248131E-01
    .263402E-01
    .278435E-01
    .292645E-01
    .305454E-01
    .316060E-01
    .323728E-01
    .328190E-01
    .329681E-01
    .328574E-01
    .324944E-01
    .319090E-01
    .311872E-01
    .303879E-01
    .295557E-01
    .288222E-01
    .283326E-01
    .281241E-01
    .280826E-01
    .280355E-01
    .279282E-01
    .277751E-01
    .275351E-01
    .271753E-01
    .267262E-01
    .262532E-01
    .258228E-01
    .254728E-01
    .251626E-01
    .247757E-01
    .241839E-01
    .232767E-01
    .219638E-01
    .202408E-01
    .182284E-01
    .161096E-01
    .140585E-01
    .121888E-01
    .105391E-01
    .908880E-02
    .783327E-02
    .678449E-02
    .589940E-02
    .511188E-02
    .440689E-02
    .380876E-02
    .333269E-02
    .291699E-02
    .244006E-02
    .178793E-02
    .895711E-03
   -.240163E-03
   -.157071E-02
   -.301913E-02
   -.450016E-02
   -.590413E-02
   -.711710E-02
   -.816820E-02
   -.919563E-02
   -.102529E-01
   -.113161E-01
   -.123746E-01
   -.134408E-01
   -.145348E-01
   -.156688E-01
   -.168113E-01
   -.178662E-01
   -.187206E-01
   -.193137E-01
   -.197022E-01
   -.200069E-01
   -.203017E-01
   -.205951E-01
   -.208585E-01
   -.210567E-01
   -.211919E-01
   -.213380E-01
   -.215686E-01
   -.218837E-01
   -.222292E-01
   -.225568E-01
   -.228856E-01
   -.232539E-01
   -.236485E-01
   -.240161E-01
   -.242992E-01
   -.244596E-01
   -.244893E-01
   -.244078E-01
   -.242524E-01
   -.240641E-01
   -.238770E-01
   -.237113E-01
   -.235729E-01
   -.234567E-01
   -.233521E-01
   -.232485E-01
   -.231384E-01
   -.230135E-01
   -.228274E-01
   -.224854E-01
   -.218952E-01
   -.210321E-01
   -.199837E-01
   -.188775E-01
   -.177813E-01
   -.166981E-01
   -.156128E-01
   -.145531E-01
   -.135262E-01
   -.124251E-01
   -.110835E-01
   -.938394E-02
   -.735268E-02
   -.514460E-02
   -.294973E-02
   -.924320E-03
    .851083E-03
    .237322E-02
    .367491E-02
    .475386E-02
    .553952E-02
    .591951E-02
    .580756E-02
    .519199E-02
    .414744E-02
    .284228E-02
    .150772E-02
    .311466E-03
   -.694008E-03
   -.148846E-02
   -.202449E-02
   -.223027E-02
   -.209022E-02
   -.167854E-02
   -.106649E-02
   -.313722E-03
    .491879E-03
    .133222E-02
    .230023E-02
    .341461E-02
    .458586E-02
    .574350E-02
    .687078E-02
    .797608E-02
    .902883E-02
    .999067E-02
    .109355E-01
    .119619E-01
    .130473E-01
    .140757E-01
    .149349E-01
    .156150E-01
    .162088E-01
    .168414E-01
    .176181E-01
    .185919E-01
    .197583E-01
    .210676E-01
    .224504E-01
    .238412E-01
    .251861E-01
    .263970E-01
    .273644E-01
    .280164E-01
    .283421E-01
    .283988E-01
    .283339E-01
    .283318E-01
    .284796E-01
    .287148E-01
    .288668E-01
    .287955E-01
    .284610E-01
    .278567E-01
    .269844E-01
    .258790E-01
    .246445E-01
    .234342E-01
    .223274E-01
    .212734E-01
    .201197E-01
    .187303E-01
    .170729E-01
    .151545E-01
    .129829E-01
    .105907E-01
    .806743E-02
    .556548E-02
    .323956E-02
    .119136E-02
   -.554655E-03
   -.204121E-02
   -.334604E-02
   -.450391E-02
   -.548614E-02
   -.624381E-02
   -.674819E-02
   -.700808E-02
   -.706963E-02
   -.701171E-02
   -.697434E-02
   -.709895E-02
   -.742162E-02
   -.787507E-02
   -.833912E-02
   -.864470E-02
   -.864057E-02
   -.830629E-02
   -.774781E-02
   -.711515E-02
   -.649308E-02
   -.588335E-02
   -.529505E-02
   -.476667E-02
   -.433688E-02
   -.402897E-02
   -.385830E-02
   -.387575E-02
   -.412780E-02
   -.457402E-02
   -.510524E-02
   -.560977E-02
   -.606784E-02
   -.655328E-02
   -.715849E-02
   -.790973E-02
   -.873285E-02
   -.950257E-02
   -.101050E-01
   -.104766E-01
   -.106158E-01
   -.105798E-01
   -.105043E-01
   -.105535E-01
   -.108020E-01
   -.112428E-01
   -.118574E-01
   -.125840E-01
   -.133046E-01
   -.139072E-01
   -.143811E-01
   -.148711E-01
   -.155170E-01
   -.163126E-01
   -.171484E-01
   -.179106E-01
   -.185742E-01
   -.191997E-01
   -.198708E-01
   -.206006E-01
   -.213171E-01
   -.219227E-01
   -.223400E-01
   -.225390E-01
   -.225389E-01
   -.223954E-01
   -.221778E-01
   -.219489E-01
   -.217431E-01
   -.215210E-01
   -.211742E-01
   -.205914E-01
   -.197096E-01
   -.185327E-01
   -.171211E-01
   -.155670E-01
   -.139630E-01
   -.123803E-01
   -.108570E-01
   -.939996E-02
   -.799371E-02
   -.661378E-02
   -.523707E-02
   -.385446E-02
   -.250301E-02
   -.127294E-02
   -.214918E-03
    .693926E-03
    .147553E-02
    .218617E-02
    .297688E-02
    .394561E-02
    .505696E-02
    .630343E-02
    .772690E-02
    .931455E-02
    .109953E-01
    .126719E-01
    .142023E-01
    .154315E-01
    .162657E-01
    .166961E-01
    .167918E-01
    .166664E-01
    .164417E-01
    .162148E-01
    .160437E-01
    .159447E-01
    .159040E-01
    .158929E-01
    .158826E-01
    .158531E-01
    .157975E-01
    .157191E-01
    .156280E-01
    .155377E-01
    .154868E-01
    .155646E-01
    .158764E-01
    .164782E-01
    .173083E-01
    .182265E-01
    .191396E-01
    .200308E-01
    .209219E-01
    .217961E-01
    .226002E-01
    .233335E-01
    .240564E-01
    .248353E-01
    .256679E-01
    .264689E-01
    .271311E-01
    .275744E-01
    .277731E-01
    .277551E-01
    .275751E-01
    .272386E-01
    .266986E-01
    .259163E-01
    .249274E-01
    .238587E-01
    .228683E-01
    .220819E-01
    .215526E-01
    .212246E-01
    .209459E-01
    .205925E-01
    .201375E-01
    .196245E-01
    .191277E-01
    .187072E-01
    .183441E-01
    .179490E-01
    .174707E-01
    .169023E-01
    .162243E-01
    .154484E-01
    .146328E-01
    .137395E-01
    .126473E-01
    .112982E-01
    .972538E-02
    .801909E-02
    .628596E-02
    .463726E-02
    .319253E-02
    .198262E-02
    .875845E-03
   -.291348E-03
   -.160711E-02
   -.307351E-02
   -.460164E-02
   -.603873E-02
   -.732519E-02
   -.853839E-02
   -.970981E-02
   -.107720E-01
   -.116429E-01
   -.123098E-01
   -.128519E-01
   -.133289E-01
   -.137177E-01
   -.139189E-01
   -.138491E-01
   -.135247E-01
   -.130441E-01
   -.125547E-01
   -.122390E-01
   -.122263E-01
   -.125168E-01
   -.130547E-01
   -.137777E-01
   -.145718E-01
   -.152931E-01
   -.158295E-01
   -.161309E-01
   -.162100E-01
   -.161280E-01
   -.159931E-01
   -.159558E-01
   -.161174E-01
   -.164545E-01
   -.168059E-01
   -.169681E-01
   -.168440E-01
   -.164663E-01
   -.159468E-01
   -.154161E-01
   -.149581E-01
   -.145512E-01
   -.141265E-01
   -.136529E-01
   -.130994E-01
   -.124254E-01
   -.116559E-01
   -.108510E-01
   -.100238E-01
   -.914072E-02
   -.817078E-02
   -.715381E-02
   -.616883E-02
   -.523677E-02
   -.431770E-02
   -.335913E-02
   -.237653E-02
   -.143302E-02
   -.543139E-03
    .337980E-03
    .127255E-02
    .231120E-02
    .347562E-02
    .475679E-02
    .612194E-02
    .752905E-02
    .893885E-02
    .103251E-01
    .116764E-01
    .129950E-01
    .142903E-01
    .155744E-01
    .168564E-01
    .181415E-01
    .194293E-01
    .207173E-01
    .220008E-01
    .232766E-01
    .245400E-01
    .257654E-01
    .268712E-01
    .277514E-01
    .283425E-01
    .286940E-01
    .289410E-01
    .291749E-01
    .293753E-01
    .294311E-01
    .292549E-01
    .288432E-01
    .282037E-01
    .273342E-01
    .262472E-01
    .249754E-01
    .235779E-01
    .221763E-01
    .209032E-01
    .198015E-01
    .188626E-01
    .180788E-01
    .173899E-01
    .166798E-01
    .158443E-01
    .148611E-01
    .138171E-01
    .128504E-01
    .120821E-01
    .115737E-01
    .113188E-01
    .112569E-01
    .113032E-01
    .113760E-01
    .114179E-01
    .114026E-01
    .113324E-01
    .112264E-01
    .110995E-01
    .109061E-01
    .106008E-01
    .102544E-01
    .994947E-02
    .966312E-02
    .935539E-02
    .902855E-02
    .870895E-02
    .842819E-02
    .820965E-02
    .806131E-02
    .797575E-02
    .793021E-02
    .786474E-02
    .767570E-02
    .730415E-02
    .677480E-02
    .611343E-02
    .534361E-02
    .453599E-02
    .374510E-02
    .296551E-02
    .220485E-02
    .146370E-02
    .635010E-03
   -.416040E-03
   -.173556E-02
   -.327656E-02
   -.493946E-02
   -.661497E-02
   -.821867E-02
   -.970826E-02
   -.110839E-01
   -.123753E-01
   -.136206E-01
   -.148204E-01
   -.159152E-01
   -.168645E-01
   -.176916E-01
   -.184040E-01
   -.189733E-01
   -.193792E-01
   -.196662E-01
   -.199451E-01
   -.202821E-01
   -.206591E-01
   -.210179E-01
   -.212959E-01
   -.214527E-01
   -.214802E-01
   -.214004E-01
   -.212530E-01
   -.210808E-01
   -.209173E-01
   -.207809E-01
   -.206749E-01
   -.205916E-01
   -.205187E-01
   -.204380E-01
   -.202876E-01
   -.199743E-01
   -.194747E-01
   -.188301E-01
   -.180679E-01
   -.172293E-01
   -.164031E-01
   -.156875E-01
   -.151502E-01
   -.148104E-01
   -.146434E-01
   -.145952E-01
   -.146040E-01
   -.146177E-01
   -.145995E-01
   -.144981E-01
   -.142342E-01
   -.137793E-01
   -.131801E-01
   -.124719E-01
   -.116802E-01
   -.108768E-01
   -.101579E-01
   -.958762E-02
   -.912916E-02
   -.868598E-02
   -.821188E-02
   -.772531E-02
   -.726638E-02
   -.681828E-02
   -.632294E-02
   -.576889E-02
   -.516432E-02
   -.448085E-02
   -.367279E-02
   -.272674E-02
   -.170722E-02
   -.668972E-03
    .443899E-03
    .170912E-02
    .313915E-02
    .469071E-02
    .629199E-02
    .787267E-02
    .938275E-02
    .107916E-01
    .120381E-01
    .130634E-01
    .138906E-01
    .145748E-01
    .151358E-01
    .155663E-01
    .158565E-01
    .160082E-01
    .160396E-01
    .159738E-01
    .157871E-01
    .154238E-01
    .148992E-01
    .143365E-01
    .139329E-01
    .138755E-01
    .142533E-01
    .149884E-01
    .158766E-01
    .166892E-01
    .172094E-01
    .172773E-01
    .168916E-01
    .162056E-01
    .154233E-01
    .146832E-01
    .140078E-01
    .133908E-01
    .128476E-01
    .123924E-01
    .119949E-01
    .115592E-01
    .109721E-01
    .101723E-01
    .921487E-02
    .824386E-02
    .740870E-02
    .680995E-02
    .647558E-02
    .636778E-02
    .640794E-02
    .650831E-02
    .659763E-02
    .663516E-02
    .661180E-02
    .654143E-02
    .644867E-02
    .635732E-02
    .628311E-02
    .622924E-02
    .616899E-02
    .601840E-02
    .570163E-02
    .523115E-02
    .468822E-02
    .415652E-02
    .364417E-02
    .311587E-02
    .258318E-02
    .214494E-02
    .194230E-02
    .203068E-02
    .234940E-02
    .277824E-02
    .319022E-02
    .349227E-02
    .364375E-02
    .365476E-02
    .356914E-02
    .344228E-02
    .332176E-02
    .323612E-02
    .319307E-02
    .317922E-02
    .313679E-02
    .296315E-02
    .260573E-02
    .210935E-02
    .157224E-02
    .109713E-02
    .754642E-03
    .568965E-03
    .520265E-03
    .565005E-03
    .680358E-03
    .902413E-03
    .126088E-02
    .171760E-02
    .219128E-02
    .259836E-02
    .288211E-02
    .302451E-02
    .303541E-02
    .289327E-02
    .255647E-02
    .205200E-02
    .147635E-02
    .939636E-03
    .526112E-03
    .273959E-03
    .171012E-03
    .140101E-03
    .437831E-04
   -.217269E-03
   -.647840E-03
   -.123665E-02
   -.196380E-02
   -.275281E-02
   -.353422E-02
   -.430052E-02
   -.503334E-02
   -.567704E-02
   -.617880E-02
   -.651045E-02
   -.667747E-02
   -.671084E-02
   -.663792E-02
   -.643274E-02
   -.606302E-02
   -.555735E-02
   -.494762E-02
   -.423902E-02
   -.348158E-02
   -.277190E-02
   -.219909E-02
   -.181424E-02
   -.162033E-02
   -.158063E-02
   -.163682E-02
   -.172324E-02
   -.174548E-02
   -.158892E-02
   -.121869E-02
   -.706563E-03
   -.164321E-03
    .341292E-03
    .829597E-03
    .132301E-02
    .179852E-02
    .221312E-02
    .252832E-02
    .272528E-02
    .280906E-02
    .280450E-02
    .274650E-02
    .266942E-02
    .259901E-02
    .254862E-02
    .252026E-02
    .250510E-02
    .246506E-02
    .231292E-02
    .198506E-02
    .150011E-02
    .884262E-03
    .152755E-03
   -.631389E-03
   -.140392E-02
   -.215965E-02
   -.289127E-02
   -.356941E-02
   -.421751E-02
   -.491226E-02
   -.572357E-02
   -.664126E-02
   -.756423E-02
   -.836879E-02
   -.899055E-02
   -.947410E-02
   -.989636E-02
   -.102896E-01
   -.106422E-01
   -.108999E-01
   -.109604E-01
   -.107544E-01
   -.103177E-01
   -.976390E-02
   -.924584E-02
   -.894095E-02
   -.896655E-02
   -.929222E-02
   -.973097E-02
   -.100333E-01
   -.100517E-01
   -.978688E-02
   -.933854E-02
   -.884408E-02
   -.842448E-02
   -.815344E-02
   -.807512E-02
   -.823568E-02
   -.863178E-02
   -.918169E-02
   -.982228E-02
   -.105249E-01
   -.112281E-01
   -.118446E-01
   -.122966E-01
   -.124909E-01
   -.123508E-01
   -.119033E-01
   -.112374E-01
   -.104240E-01
   -.954986E-02
   -.873251E-02
   -.807253E-02
   -.762328E-02
   -.738307E-02
   -.730823E-02
   -.733329E-02
   -.739726E-02
   -.748340E-02
   -.764769E-02
   -.794233E-02
   -.834652E-02
   -.878452E-02
   -.914574E-02
   -.928961E-02
   -.912749E-02
   -.869492E-02
   -.811597E-02
   -.753786E-02
   -.707243E-02
   -.673819E-02
   -.644743E-02
   -.611189E-02
   -.571445E-02
   -.529544E-02
   -.494859E-02
   -.480765E-02
   -.494890E-02
   -.532974E-02
   -.583432E-02
   -.635708E-02
   -.687952E-02
   -.745786E-02
   -.815840E-02
   -.896692E-02
   -.978261E-02
   -.104917E-01
   -.110490E-01
   -.115177E-01
   -.120188E-01
   -.126491E-01
   -.133987E-01
   -.141649E-01
   -.148245E-01
   -.152849E-01
   -.155121E-01
   -.155302E-01
   -.154032E-01
   -.152083E-01
   -.150124E-01
   -.148571E-01
   -.147559E-01
   -.147001E-01
   -.146693E-01
   -.146417E-01
   -.145933E-01
   -.144503E-01
   -.141022E-01
   -.134657E-01
   -.125160E-01
   -.112896E-01
   -.986600E-02
   -.833982E-02
   -.679038E-02
   -.523493E-02
   -.362012E-02
   -.195456E-02
   -.354401E-03
    .108586E-02
    .232280E-02
    .332106E-02
    .410012E-02
    .475465E-02
    .534981E-02
    .588430E-02
    .632798E-02
    .664976E-02
    .684540E-02
    .699007E-02
    .720245E-02
    .753665E-02
    .799830E-02
    .860499E-02
    .937868E-02
    .103070E-01
    .113004E-01
    .122507E-01
    .131180E-01
    .138842E-01
    .145126E-01
    .149694E-01
    .152438E-01
    .153526E-01
    .153342E-01
    .152368E-01
    .151062E-01
    .149766E-01
    .148616E-01
    .147184E-01
    .144526E-01
    .140208E-01
    .134725E-01
    .128917E-01
    .122886E-01
    .115521E-01
    .106187E-01
    .954864E-02
    .841253E-02
    .724165E-02
    .605031E-02
    .488771E-02
    .383677E-02
    .291508E-02
    .205850E-02
    .118144E-02
    .256732E-03
   -.655409E-03
   -.145554E-02
   -.205951E-02
   -.242965E-02
   -.258148E-02
   -.257070E-02
   -.247267E-02
   -.237794E-02
   -.240902E-02
   -.265478E-02
   -.309553E-02
   -.363129E-02
   -.415787E-02
   -.465231E-02
   -.514496E-02
   -.563399E-02
   -.608240E-02
   -.644689E-02
   -.670176E-02
   -.687193E-02
   -.706044E-02
   -.740400E-02
   -.799702E-02
   -.880823E-02
   -.969355E-02
   -.104916E-01
   -.111219E-01
   -.116133E-01
   -.119630E-01
   -.121222E-01
   -.121417E-01
   -.121077E-01
   -.120114E-01
   -.118175E-01
   -.115376E-01
   -.112156E-01
   -.109053E-01
   -.106430E-01
   -.103970E-01
   -.100755E-01
   -.963719E-02
   -.912406E-02
   -.861409E-02
   -.818363E-02
   -.788024E-02
   -.771380E-02
   -.766034E-02
   -.767696E-02
   -.771801E-02
   -.774006E-02
   -.766274E-02
   -.739496E-02
   -.692824E-02
   -.630959E-02
   -.557015E-02
   -.476415E-02
   -.397536E-02
   -.322988E-02
   -.251055E-02
   -.182683E-02
   -.117259E-02
   -.500667E-03
    .195031E-03
    .884122E-03
    .158055E-02
    .234008E-02
    .321944E-02
    .425095E-02
    .543358E-02
    .673703E-02
    .811491E-02
    .951117E-02
    .108261E-01
    .119298E-01
    .127257E-01
    .131830E-01
    .133398E-01
    .132800E-01
    .131050E-01
    .129035E-01
    .127350E-01
    .126242E-01
    .125674E-01
    .125336E-01
    .124302E-01
    .121519E-01
    .116864E-01
    .111112E-01
    .105287E-01
    .996963E-02
    .937719E-02
    .867101E-02
    .782589E-02
    .690394E-02
    .596744E-02
    .503941E-02
    .416870E-02
    .342994E-02
    .287924E-02
    .253334E-02
    .235544E-02
    .222480E-02
    .200136E-02
    .163537E-02
    .117034E-02
    .694014E-03
    .290215E-03
   -.137726E-04
   -.284031E-03
   -.605215E-03
   -.100506E-02
   -.150810E-02
   -.213981E-02
   -.285998E-02
   -.360664E-02
   -.436389E-02
   -.510791E-02
   -.577686E-02
   -.630778E-02
   -.666400E-02
   -.684558E-02
   -.688447E-02
   -.684396E-02
   -.684280E-02
   -.697102E-02
   -.717579E-02
   -.738136E-02
   -.760345E-02
   -.786463E-02
   -.816918E-02
   -.855728E-02
   -.905582E-02
   -.962898E-02
   -.102535E-01
   -.109551E-01
   -.117685E-01
   -.126799E-01
   -.136052E-01
   -.144792E-01
   -.152932E-01
   -.160229E-01
   -.166166E-01
   -.170271E-01
   -.171892E-01
   -.170328E-01
   -.165763E-01
   -.159097E-01
   -.151034E-01
   -.142293E-01
   -.133819E-01
   -.125915E-01
   -.118047E-01
   -.109412E-01
   -.993554E-02
   -.876914E-02
   -.752059E-02
   -.634509E-02
   -.539075E-02
   -.474472E-02
   -.441323E-02
   -.433563E-02
   -.441389E-02
   -.454415E-02
   -.461445E-02
   -.449553E-02
   -.407829E-02
   -.331789E-02
   -.223950E-02
   -.921499E-03
    .529166E-03
    .196825E-02
    .322852E-02
    .417633E-02
    .473287E-02
    .484966E-02
    .455047E-02
    .396045E-02
    .320548E-02
    .236654E-02
    .153770E-02
    .823128E-03
    .294089E-03
   -.266551E-04
   -.162543E-03
   -.162729E-03
   -.554608E-04
    .187036E-03
    .579508E-03
    .106983E-02
    .156849E-02
    .199020E-02
    .227466E-02
    .235969E-02
    .217751E-02
    .174323E-02
    .119103E-02
    .736546E-03
    .561143E-03
    .714356E-03
    .117576E-02
    .189270E-02
    .274442E-02
    .360236E-02
    .441476E-02
    .515746E-02
    .580376E-02
    .638664E-02
    .696856E-02
    .756159E-02
    .817032E-02
    .883689E-02
    .961334E-02
    .105085E-01
    .114449E-01
    .122933E-01
    .129502E-01
    .134202E-01
    .137744E-01
    .140028E-01
    .140472E-01
    .139026E-01
    .136219E-01
    .132835E-01
    .129622E-01
    .127091E-01
    .125442E-01
    .124588E-01
    .124265E-01
    .124155E-01
    .123997E-01
    .123575E-01
    .122339E-01
    .119424E-01
    .114640E-01
    .108464E-01
    .101202E-01
    .932192E-02
    .853391E-02
    .785088E-02
    .734011E-02
    .702290E-02
    .687697E-02
    .685874E-02
    .696643E-02
    .721908E-02
    .753089E-02
    .778110E-02
    .796540E-02
    .813488E-02
    .831306E-02
    .849317E-02
    .865459E-02
    .876847E-02
    .877006E-02
    .856594E-02
    .813920E-02
    .757230E-02
    .698067E-02
    .642730E-02
    .588897E-02
    .533987E-02
    .476105E-02
    .404600E-02
    .309741E-02
    .196839E-02
    .822706E-03
   -.162519E-03
   -.869020E-03
   -.129510E-02
   -.156529E-02
   -.182017E-02
   -.212480E-02
   -.247382E-02
   -.282087E-02
   -.311793E-02
   -.337627E-02
   -.368550E-02
   -.415590E-02
   -.484330E-02
   -.569342E-02
   -.660979E-02
   -.753434E-02
   -.840653E-02
   -.916442E-02
   -.982552E-02
   -.104791E-01
   -.112186E-01
   -.120560E-01
   -.129229E-01
   -.137724E-01
   -.145852E-01
   -.153193E-01
   -.159653E-01
   -.165731E-01
   -.171616E-01
   -.176924E-01
   -.181143E-01
   -.183895E-01
   -.185105E-01
   -.184954E-01
   -.183603E-01
   -.180695E-01
   -.175556E-01
   -.167793E-01
   -.158002E-01
   -.147699E-01
   -.138476E-01
   -.131115E-01
   -.125192E-01
   -.119986E-01
   -.115202E-01
   -.110888E-01
   -.107245E-01
   -.104452E-01
   -.102573E-01
   -.101506E-01
   -.101063E-01
   -.101265E-01
   -.102661E-01
   -.105653E-01
   -.109869E-01
   -.114424E-01
   -.118379E-01
   -.121077E-01
   -.122280E-01
   -.122232E-01
   -.121969E-01
   -.122885E-01
   -.125544E-01
   -.129479E-01
   -.133653E-01
   -.136519E-01
   -.136516E-01
   -.133224E-01
   -.127230E-01
   -.119229E-01
   -.110161E-01
   -.101251E-01
   -.930065E-02
   -.849917E-02
   -.764165E-02
   -.665712E-02
   -.551080E-02
   -.420968E-02
   -.279469E-02
   -.131623E-02
    .215917E-03
    .185268E-02
    .361722E-02
    .546024E-02
    .729345E-02
    .899884E-02
    .104420E-01
    .115660E-01
    .124376E-01
    .131943E-01
    .139805E-01
    .148995E-01
    .159939E-01
    .172385E-01
    .185092E-01
    .196258E-01
    .204445E-01
    .209027E-01
    .210350E-01
    .209938E-01
    .209825E-01
    .211157E-01
    .213896E-01
    .217293E-01
    .220376E-01
    .222198E-01
    .221642E-01
    .217685E-01
    .210069E-01
    .200199E-01
    .190615E-01
    .182166E-01
    .174008E-01
    .165650E-01
    .156932E-01
    .147595E-01
    .137955E-01
    .128970E-01
    .121543E-01
    .115795E-01
    .110882E-01
    .106046E-01
    .101179E-01
    .965732E-02
    .926383E-02
    .896865E-02
    .878117E-02
    .868806E-02
    .865983E-02
    .866237E-02
    .865917E-02
    .857753E-02
    .832005E-02
    .786819E-02
    .729939E-02
    .672036E-02
    .618134E-02
    .564934E-02
    .510109E-02
    .454137E-02
    .393468E-02
    .321412E-02
    .232513E-02
    .124842E-02
    .229598E-05
   -.136225E-02
   -.274758E-02
   -.402306E-02
   -.516750E-02
   -.628531E-02
   -.742252E-02
   -.857589E-02
   -.980524E-02
   -.111269E-01
   -.124448E-01
   -.136737E-01
   -.148008E-01
   -.158541E-01
   -.168398E-01
   -.177092E-01
   -.183981E-01
   -.188870E-01
   -.192488E-01
   -.195819E-01
   -.199331E-01
   -.203452E-01
   -.208639E-01
   -.214620E-01
   -.220468E-01
   -.225199E-01
   -.228164E-01
   -.229205E-01
   -.228616E-01
   -.226963E-01
   -.224934E-01
   -.223567E-01
   -.224067E-01
   -.226772E-01
   -.231209E-01
   -.236972E-01
   -.243531E-01
   -.249921E-01
   -.255123E-01
   -.258461E-01
   -.259768E-01
   -.259333E-01
   -.257644E-01
   -.254727E-01
   -.250220E-01
   -.244254E-01
   -.237266E-01
   -.229376E-01
   -.220897E-01
   -.212634E-01
   -.205476E-01
   -.200033E-01
   -.196471E-01
   -.194546E-01
   -.193644E-01
   -.192469E-01
   -.189383E-01
   -.183261E-01
   -.174183E-01
   -.163538E-01
   -.153213E-01
   -.144594E-01
   -.137721E-01
   -.131510E-01
   -.124629E-01
   -.116576E-01
   -.107946E-01
   -.997972E-02
   -.927848E-02
   -.865777E-02
   -.801728E-02
   -.726405E-02
   -.639810E-02
   -.548354E-02
   -.455128E-02
   -.358761E-02
   -.255160E-02
   -.135101E-02
    .838355E-04
    .166928E-02
    .324361E-02
    .469711E-02
    .599763E-02
    .715234E-02
    .815389E-02
    .904322E-02
    .997231E-02
    .110826E-01
    .123977E-01
    .138000E-01
    .151246E-01
    .162854E-01
    .172927E-01
    .182045E-01
    .190390E-01
    .197872E-01
    .204801E-01
    .211418E-01
    .217518E-01
    .223219E-01
    .228950E-01
    .234687E-01
    .240323E-01
    .246134E-01
    .252091E-01
    .257599E-01
    .261907E-01
    .264118E-01
    .263266E-01
    .259175E-01
    .252641E-01
    .244443E-01
    .235257E-01
    .226030E-01
    .217315E-01
    .208835E-01
    .199834E-01
    .189297E-01
    .176095E-01
    .160196E-01
    .143101E-01
    .125887E-01
    .108819E-01
    .926958E-02
    .784188E-02
    .660715E-02
    .550369E-02
    .446185E-02
    .347935E-02
    .261610E-02
    .193785E-02
    .148257E-02
    .124484E-02
    .118159E-02
    .122795E-02
    .131795E-02
    .140010E-02
    .144605E-02
    .144967E-02
    .142122E-02
    .137773E-02
    .133592E-02
    .129730E-02
    .120203E-02
    .985523E-03
    .706719E-03
    .453717E-03
    .215949E-03
   -.439768E-04
   -.343103E-03
   -.729401E-03
   -.124172E-02
   -.185058E-02
   -.252207E-02
   -.325277E-02
   -.400300E-02
   -.472162E-02
   -.541322E-02
   -.608740E-02
   -.671998E-02
   -.732921E-02
   -.798796E-02
   -.876501E-02
   -.965724E-02
   -.105789E-01
   -.114652E-01
   -.122997E-01
   -.130508E-01
   -.137051E-01
   -.143100E-01
   -.148980E-01
   -.154617E-01
   -.160253E-01
   -.166181E-01
   -.172188E-01
   -.178148E-01
   -.184316E-01
   -.190573E-01
   -.196596E-01
   -.202520E-01
   -.208448E-01
   -.214087E-01
   -.219481E-01
   -.224716E-01
   -.228866E-01
   -.230734E-01
   -.229966E-01
   -.227067E-01
   -.223012E-01
   -.218785E-01
   -.214746E-01
   -.210403E-01
   -.205334E-01
   -.199572E-01
   -.192914E-01
   -.184865E-01
   -.175117E-01
   -.164145E-01
   -.152952E-01
   -.141535E-01
   -.129277E-01
   -.116410E-01
   -.103139E-01
   -.889221E-02
   -.740307E-02
   -.596598E-02
   -.465360E-02
   -.346233E-02
   -.234877E-02
   -.131213E-02
   -.407309E-03
    .303910E-03
    .787004E-03
    .105590E-02
    .121380E-02
    .143192E-02
    .186831E-02
    .261434E-02
    .366915E-02
    .491383E-02
    .614300E-02
    .716301E-02
    .788383E-02
    .837096E-02
    .879209E-02
    .930661E-02
    .990257E-02
    .104457E-01
    .108774E-01
    .111734E-01
    .112772E-01
    .112812E-01
    .114184E-01
    .118134E-01
    .124227E-01
    .131118E-01
    .137297E-01
    .141643E-01
    .143706E-01
    .143698E-01
    .142278E-01
    .140246E-01
    .138287E-01
    .136814E-01
    .135939E-01
    .135545E-01
    .135400E-01
    .135267E-01
    .134985E-01
    .134491E-01
    .133812E-01
    .133025E-01
    .132217E-01
    .131471E-01
    .131033E-01
    .131648E-01
    .133984E-01
    .137773E-01
    .141577E-01
    .143630E-01
    .143680E-01
    .142835E-01
    .142134E-01
    .142095E-01
    .142747E-01
    .143803E-01
    .144838E-01
    .145494E-01
    .145575E-01
    .145088E-01
    .144157E-01
    .142748E-01
    .140186E-01
    .135082E-01
    .125955E-01
    .112920E-01
    .980070E-02
    .838749E-02
    .727344E-02
    .655504E-02
    .611017E-02
    .565986E-02
    .502790E-02
    .422282E-02
    .336030E-02
    .258647E-02
    .201499E-02
    .169078E-02
    .156268E-02
    .148194E-02
    .130403E-02
    .983745E-03
    .560920E-03
    .961500E-04
   -.403033E-03
   -.946782E-03
   -.150144E-02
   -.200457E-02
   -.240028E-02
   -.265870E-02
   -.278171E-02
   -.280425E-02
   -.282451E-02
   -.297411E-02
   -.330769E-02
   -.380569E-02
   -.444934E-02
   -.519024E-02
   -.592713E-02
   -.655068E-02
   -.698728E-02
   -.721611E-02
   -.726497E-02
   -.720063E-02
   -.715354E-02
   -.726617E-02
   -.758574E-02
   -.809021E-02
   -.875468E-02
   -.951137E-02
   -.102418E-01
   -.108336E-01
   -.112190E-01
   -.113958E-01
   -.114584E-01
   -.115632E-01
   -.117992E-01
   -.121503E-01
   -.125356E-01
   -.128155E-01
   -.128322E-01
   -.125336E-01
   -.120003E-01
   -.113754E-01
   -.108025E-01
   -.103877E-01
   -.102316E-01
   -.104223E-01
   -.109877E-01
   -.118539E-01
   -.128446E-01
   -.137546E-01
   -.144281E-01
   -.147924E-01
   -.148294E-01
   -.145280E-01
   -.138892E-01
   -.129566E-01
   -.118628E-01
   -.107968E-01
   -.992045E-02
   -.932425E-02
   -.900569E-02
   -.883657E-02
   -.860970E-02
   -.814955E-02
   -.740267E-02
   -.645732E-02
   -.542352E-02
   -.435879E-02
   -.328036E-02
   -.221457E-02
   -.123206E-02
   -.417580E-03
    .188438E-03
    .650420E-03
    .111282E-02
    .171127E-02
    .248333E-02
    .335808E-02
    .427162E-02
    .521268E-02
    .619892E-02
    .725548E-02
    .839975E-02
    .962993E-02
    .109038E-01
    .121169E-01
    .131781E-01
    .140794E-01
    .148314E-01
    .154421E-01
    .159741E-01
    .165004E-01
    .170363E-01
    .175934E-01
    .182037E-01
    .188486E-01
    .194847E-01
    .201141E-01
    .207369E-01
    .213076E-01
    .217661E-01
    .220686E-01
    .222040E-01
    .221936E-01
    .220717E-01
    .218224E-01
    .214019E-01
    .208311E-01
    .201966E-01
    .195998E-01
    .191193E-01
    .187919E-01
    .186063E-01
    .184843E-01
    .182894E-01
    .179298E-01
    .174043E-01
    .167243E-01
    .159134E-01
    .150569E-01
    .142712E-01
    .136395E-01
    .131362E-01
    .126667E-01
    .121736E-01
    .116192E-01
    .109555E-01
    .101947E-01
    .940122E-02
    .860207E-02
    .780731E-02
    .706363E-02
    .643285E-02
    .594126E-02
    .552752E-02
    .509985E-02
    .462080E-02
    .406614E-02
    .340247E-02
    .266148E-02
    .193895E-02
    .133404E-02
    .911174E-03
    .674623E-03
    .522567E-03
    .282474E-03
   -.190777E-03
   -.929343E-03
   -.183794E-02
   -.281274E-02
   -.380879E-02
   -.481957E-02
   -.582400E-02
   -.676772E-02
   -.768397E-02
   -.869052E-02
   -.980686E-02
   -.109580E-01
   -.120823E-01
   -.131132E-01
   -.139642E-01
   -.145730E-01
   -.149546E-01
   -.152219E-01
   -.154931E-01
   -.158097E-01
   -.161477E-01
   -.164526E-01
   -.166786E-01
   -.168432E-01
   -.170369E-01
   -.173182E-01
   -.176667E-01
   -.180151E-01
   -.182525E-01
   -.182447E-01
   -.179367E-01
   -.173956E-01
   -.167551E-01
   -.161550E-01
   -.156939E-01
   -.154116E-01
   -.152906E-01
   -.152781E-01
   -.153097E-01
   -.153319E-01
   -.153136E-01
   -.152297E-01
   -.149567E-01
   -.143400E-01
   -.133876E-01
   -.122647E-01
   -.111843E-01
   -.103181E-01
   -.971162E-02
   -.921117E-02
   -.860623E-02
   -.782531E-02
   -.693676E-02
   -.607424E-02
   -.535799E-02
   -.479400E-02
   -.422647E-02
   -.351197E-02
   -.265296E-02
   -.175145E-02
   -.911309E-03
   -.152066E-03
    .585870E-03
    .137965E-02
    .223197E-02
    .306200E-02
    .376994E-02
    .428075E-02
    .456921E-02
    .465939E-02
    .461064E-02
    .449354E-02
    .436993E-02
    .427905E-02
    .423525E-02
    .423214E-02
    .425253E-02
    .427692E-02
    .429126E-02
    .428906E-02
    .427145E-02
    .424388E-02
    .421348E-02
    .418579E-02
    .416394E-02
    .414797E-02
    .413628E-02
    .412626E-02
    .411580E-02
    .410341E-02
    .408890E-02
    .407266E-02
    .405570E-02
    .403875E-02
    .402215E-02
    .402073E-02
    .414904E-02
    .458705E-02
    .537155E-02
    .636165E-02
    .735061E-02
    .815309E-02
    .866239E-02
    .886466E-02
    .882269E-02
    .864445E-02
    .848187E-02
    .850951E-02
    .885964E-02
    .955793E-02
    .104881E-01
    .114473E-01
    .122457E-01
    .127652E-01
    .129815E-01
    .129477E-01
    .127618E-01
    .125257E-01
    .123195E-01
    .122130E-01
    .123521E-01
    .128727E-01
    .137339E-01
    .147477E-01
    .156918E-01
    .163912E-01
    .167372E-01
    .166728E-01
    .162710E-01
    .157615E-01
    .153654E-01
    .151883E-01
    .152275E-01
    .154071E-01
    .156408E-01
    .159606E-01
    .164947E-01
    .172695E-01
    .182042E-01
    .192236E-01
    .202858E-01
    .213601E-01
    .223714E-01
    .232124E-01
    .238031E-01
    .241167E-01
    .241825E-01
    .240685E-01
    .238573E-01
    .236169E-01
    .233502E-01
    .229893E-01
    .224970E-01
    .218921E-01
    .211784E-01
    .203689E-01
    .195189E-01
    .186091E-01
    .175412E-01
    .163125E-01
    .149815E-01
    .135429E-01
    .120246E-01
    .105329E-01
    .908736E-02
    .764185E-02
    .622261E-02
    .484269E-02
    .342968E-02
    .198830E-02
    .641623E-03
   -.481251E-03
   -.137778E-02
   -.220648E-02
   -.308773E-02
   -.400418E-02
   -.487432E-02
   -.567791E-02
   -.651919E-02
   -.746834E-02
   -.848313E-02
   -.951722E-02
   -.105647E-01
   -.116323E-01
   -.126836E-01
   -.136272E-01
   -.143721E-01
   -.148943E-01
   -.152740E-01
   -.156134E-01
   -.159642E-01
   -.163775E-01
   -.168764E-01
   -.173527E-01
   -.176488E-01
   -.176810E-01
   -.174086E-01
   -.168283E-01
   -.160338E-01
   -.151887E-01
   -.144485E-01
   -.139134E-01
   -.136106E-01
   -.135046E-01
   -.135234E-01
   -.135884E-01
   -.136374E-01
   -.136487E-01
   -.136829E-01
   -.138075E-01
   -.139658E-01
   -.140445E-01
   -.139839E-01
   -.137907E-01
   -.135143E-01
   -.132200E-01
   -.129644E-01
   -.127641E-01
   -.125015E-01
   -.119824E-01
   -.111535E-01
   -.101339E-01
   -.909734E-02
   -.810335E-02
   -.707573E-02
   -.599452E-02
   -.494418E-02
   -.402902E-02
   -.328217E-02
   -.263421E-02
   -.196944E-02
   -.120692E-02
   -.361788E-03
    .515561E-03
    .141369E-02
    .235294E-02
    .333972E-02
    .431930E-02
    .523079E-02
    .607269E-02
    .684066E-02
    .749489E-02
    .799288E-02
    .831377E-02
    .846654E-02
    .848583E-02
    .841977E-02
    .832045E-02
    .825907E-02
    .833891E-02
    .861713E-02
    .905144E-02
    .953596E-02
    .993213E-02
    .100836E-01
    .990327E-02
    .943749E-02
    .882273E-02
    .821526E-02
    .773586E-02
    .744279E-02
    .732219E-02
    .726331E-02
    .710829E-02
    .678314E-02
    .633984E-02
    .590784E-02
    .558221E-02
    .536761E-02
    .523330E-02
    .514783E-02
    .508438E-02
    .502510E-02
    .496321E-02
    .489702E-02
    .480404E-02
    .460514E-02
    .419620E-02
    .351420E-02
    .261123E-02
    .164177E-02
    .776522E-03
    .140142E-03
   -.220070E-03
   -.330928E-03
   -.269267E-03
   -.128031E-03
    .128695E-04
    .104156E-03
    .130908E-03
    .117733E-03
    .159628E-03
    .363502E-03
    .751522E-03
    .130288E-02
    .200312E-02
    .278321E-02
    .349614E-02
    .396145E-02
    .410157E-02
    .402662E-02
    .389804E-02
    .380347E-02
    .371071E-02
    .353896E-02
    .325952E-02
    .290419E-02
    .253464E-02
    .221372E-02
    .198414E-02
    .185914E-02
    .182410E-02
    .183507E-02
    .178689E-02
    .156825E-02
    .116980E-02
    .716812E-03
    .410154E-03
    .374815E-03
    .601885E-03
    .995104E-03
    .142569E-02
    .178218E-02
    .200000E-02
    .206919E-02
    .202241E-02
    .191346E-02
    .179537E-02
    .170525E-02
    .165856E-02
    .165166E-02
    .166940E-02
    .169366E-02
    .171025E-02
    .171190E-02
    .169861E-02
    .167482E-02
    .165307E-02
    .168840E-02
    .186584E-02
    .214991E-02
    .238907E-02
    .247252E-02
    .237845E-02
    .214336E-02
    .178272E-02
    .128495E-02
    .689983E-03
    .898200E-04
   -.423404E-03
   -.788718E-03
   -.989469E-03
   -.104826E-02
   -.101246E-02
   -.935098E-03
   -.860028E-03
   -.812971E-03
   -.801065E-03
   -.816999E-03
   -.852788E-03
   -.942899E-03
   -.116801E-02
   -.155542E-02
   -.204540E-02
   -.254695E-02
   -.301334E-02
   -.347691E-02
   -.396434E-02
   -.444932E-02
   -.488610E-02
   -.526728E-02
   -.565316E-02
   -.609130E-02
   -.656212E-02
   -.700821E-02
   -.736878E-02
   -.761201E-02
   -.778309E-02
   -.799591E-02
   -.831156E-02
   -.867617E-02
   -.894132E-02
   -.897289E-02
   -.874732E-02
   -.833725E-02
   -.786075E-02
   -.743114E-02
   -.712404E-02
   -.695536E-02
   -.684293E-02
   -.663065E-02
   -.617789E-02
   -.544234E-02
   -.451842E-02
   -.357819E-02
   -.278776E-02
   -.224703E-02
   -.194545E-02
   -.175344E-02
   -.153067E-02
   -.121935E-02
   -.839589E-03
   -.453024E-03
   -.126545E-03
    .944691E-04
    .197869E-03
    .202430E-03
    .145328E-03
    .673629E-04
    .450196E-06
   -.382098E-04
   -.465199E-04
   -.326108E-04
   -.925680E-05
    .121805E-04
    .244391E-04
    .261546E-04
    .327310E-04
    .121800E-03
    .410982E-03
    .975350E-03
    .174000E-02
    .247532E-02
    .297895E-02
    .319832E-02
    .324285E-02
    .327654E-02
    .339836E-02
    .362428E-02
    .391222E-02
    .419606E-02
    .441613E-02
    .453919E-02
    .456391E-02
    .451392E-02
    .442898E-02
    .437937E-02
    .447855E-02
    .483849E-02
    .549412E-02
    .629816E-02
    .702120E-02
    .756431E-02
    .793940E-02
    .818107E-02
    .832458E-02
    .840275E-02
    .844024E-02
    .845257E-02
    .844716E-02
    .842731E-02
    .839465E-02
    .835160E-02
    .830123E-02
    .824736E-02
    .819313E-02
    .814091E-02
    .809150E-02
    .804484E-02
    .799985E-02
    .795552E-02
    .791090E-02
    .786562E-02
    .781948E-02
    .777289E-02
    .772607E-02
    .767958E-02
    .763113E-02
    .755542E-02
    .737010E-02
    .696726E-02
    .628196E-02
    .536429E-02
    .436958E-02
    .346794E-02
    .274967E-02
    .218118E-02
    .169405E-02
    .124211E-02
    .755443E-03
    .172016E-03
   -.486785E-03
   -.113636E-02
   -.169435E-02
   -.216685E-02
   -.262142E-02
   -.309254E-02
   -.360428E-02
   -.420239E-02
   -.487830E-02
   -.555212E-02
   -.612938E-02
   -.654105E-02
   -.676393E-02
   -.681940E-02
   -.675913E-02
   -.664397E-02
   -.652605E-02
   -.644511E-02
   -.646923E-02
   -.669746E-02
   -.720116E-02
   -.793874E-02
   -.871460E-02
   -.935139E-02
   -.982179E-02
   -.101562E-01
   -.103803E-01
   -.105255E-01
   -.106620E-01
   -.109059E-01
   -.113638E-01
   -.120487E-01
   -.127995E-01
   -.133863E-01
   -.136623E-01
   -.135537E-01
   -.130514E-01
   -.122656E-01
   -.113892E-01
   -.106082E-01
   -.100446E-01
   -.972189E-02
   -.953390E-02
   -.932111E-02
   -.899885E-02
   -.857624E-02
   -.811842E-02
   -.770146E-02
   -.735774E-02
   -.703300E-02
   -.665535E-02
   -.620633E-02
   -.566368E-02
   -.497768E-02
   -.411395E-02
   -.310461E-02
   -.206723E-02
   -.115003E-02
   -.483914E-03
   -.187053E-03
   -.310650E-03
   -.772691E-03
   -.140188E-02
   -.201605E-02
   -.248124E-02
   -.273712E-02
   -.279531E-02
   -.271496E-02
   -.257288E-02
   -.243542E-02
   -.234387E-02
   -.230436E-02
   -.226021E-02
   -.210018E-02
   -.176558E-02
   -.127516E-02
   -.647212E-03
    .880392E-04
    .852277E-03
    .159617E-02
    .232655E-02
    .303071E-02
    .368981E-02
    .433476E-02
    .498592E-02
    .560770E-02
    .613882E-02
    .652832E-02
    .675540E-02
    .683319E-02
    .680039E-02
    .670652E-02
    .659716E-02
    .650397E-02
    .644113E-02
    .640765E-02
    .639322E-02
    .638475E-02
    .637153E-02
    .634809E-02
    .630648E-02
    .619193E-02
    .591911E-02
    .547459E-02
    .493157E-02
    .439405E-02
    .395350E-02
    .366133E-02
    .352263E-02
    .350465E-02
    .355588E-02
    .362500E-02
    .366595E-02
    .359562E-02
    .332730E-02
    .286594E-02
    .230306E-02
    .175619E-02
    .132224E-02
    .105119E-02
    .941919E-03
    .954658E-03
    .103226E-02
    .112057E-02
    .118266E-02
    .120315E-02
    .118589E-02
    .113886E-02
    .102649E-02
    .781647E-03
    .455605E-03
    .200256E-03
    .121461E-03
    .277872E-03
    .705776E-03
    .135462E-02
    .208587E-02
    .274937E-02
    .323487E-02
    .349920E-02
    .356165E-02
    .348457E-02
    .334336E-02
    .320362E-02
    .310511E-02
    .306097E-02
    .307638E-02
    .319829E-02
    .344988E-02
    .372945E-02
    .389889E-02
    .388401E-02
    .363076E-02
    .311762E-02
    .241464E-02
    .161748E-02
    .767870E-03
   -.141119E-03
   -.113582E-02
   -.223287E-02
   -.339403E-02
   -.450824E-02
   -.544569E-02
   -.613307E-02
   -.661773E-02
   -.701053E-02
   -.737989E-02
   -.773552E-02
   -.805382E-02
   -.830255E-02
   -.845898E-02
   -.852629E-02
   -.857224E-02
   -.871707E-02
   -.901758E-02
   -.943139E-02
   -.987545E-02
   -.103051E-01
   -.107484E-01
   -.112198E-01
   -.116820E-01
   -.120801E-01
   -.123688E-01
   -.125281E-01
   -.125662E-01
   -.125130E-01
   -.124081E-01
   -.122886E-01
   -.121743E-01
   -.120217E-01
   -.117266E-01
   -.111896E-01
   -.103883E-01
   -.941949E-02
   -.845077E-02
   -.763961E-02
   -.708206E-02
   -.679569E-02
   -.672595E-02
   -.674075E-02
   -.666127E-02
   -.638439E-02
   -.593160E-02
   -.539833E-02
   -.489867E-02
   -.451987E-02
   -.429972E-02
   -.420961E-02
   -.413227E-02
   -.393494E-02
   -.357715E-02
   -.310964E-02
   -.262633E-02
   -.221758E-02
   -.194120E-02
   -.180968E-02
   -.179771E-02
   -.185748E-02
   -.193916E-02
   -.200420E-02
   -.203370E-02
   -.202634E-02
   -.198534E-02
   -.186393E-02
   -.158777E-02
   -.114819E-02
   -.580123E-03
    .101433E-03
    .853295E-03
    .158230E-02
    .219540E-02
    .266501E-02
    .305928E-02
    .345709E-02
    .387483E-02
    .428492E-02
    .466981E-02
    .507076E-02
    .552787E-02
    .602009E-02
    .648627E-02
    .686367E-02
    .711241E-02
    .722538E-02
    .723308E-02
    .723719E-02
    .736971E-02
    .767817E-02
    .810925E-02
    .856371E-02
    .894386E-02
    .918687E-02
    .927666E-02
    .923864E-02
    .912188E-02
    .897945E-02
    .885228E-02
    .876185E-02
    .871039E-02
    .868112E-02
    .860915E-02
    .838985E-02
    .798136E-02
    .741821E-02
    .672764E-02
    .594641E-02
    .515249E-02
    .438804E-02
    .363904E-02
    .291861E-02
    .227906E-02
    .176502E-02
    .134824E-02
    .935194E-03
    .472261E-03
   -.503058E-04
   -.657905E-03
   -.134610E-02
   -.205547E-02
   -.276011E-02
   -.347183E-02
   -.416292E-02
   -.477093E-02
   -.523845E-02
   -.553935E-02
   -.570403E-02
   -.584403E-02
   -.607447E-02
   -.642412E-02
   -.684355E-02
   -.725119E-02
   -.757215E-02
   -.776366E-02
   -.782207E-02
   -.777685E-02
   -.768713E-02
   -.766852E-02
   -.783307E-02
   -.819213E-02
   -.866514E-02
   -.912861E-02
   -.941558E-02
   -.938388E-02
   -.902470E-02
   -.845060E-02
   -.782155E-02
   -.728060E-02
   -.691424E-02
   -.674073E-02
   -.672305E-02
   -.679476E-02
   -.688773E-02
   -.695203E-02
   -.696452E-02
   -.692666E-02
   -.685568E-02
   -.677385E-02
   -.669976E-02
   -.664024E-02
   -.656430E-02
   -.638610E-02
   -.604349E-02
   -.556343E-02
   -.502951E-02
   -.451273E-02
   -.400767E-02
   -.348362E-02
   -.295361E-02
   -.246426E-02
   -.206410E-02
   -.178365E-02
   -.162656E-02
   -.157281E-02
   -.158593E-02
   -.161070E-02
   -.153982E-02
   -.124383E-02
   -.643744E-03
    .222173E-03
    .120102E-02
    .210735E-02
    .279560E-02
    .319973E-02
    .333496E-02
    .326604E-02
    .302334E-02
    .260730E-02
    .206903E-02
    .150595E-02
    .101410E-02
    .657825E-03
    .457821E-03
    .395217E-03
    .425855E-03
    .506245E-03
    .651650E-03
    .926145E-03
    .133964E-02
    .182764E-02
    .229992E-02
    .267767E-02
    .291726E-02
    .301569E-02
    .300314E-02
    .292630E-02
    .283188E-02
    .275383E-02
    .270843E-02
    .269551E-02
    .270453E-02
    .272124E-02
    .273367E-02
    .273505E-02
    .272442E-02
    .270489E-02
    .268151E-02
    .265883E-02
    .263987E-02
    .262531E-02
    .261800E-02
    .265092E-02
    .279795E-02
    .305531E-02
    .330389E-02
    .349301E-02
    .364721E-02
    .372291E-02
    .365421E-02
    .343973E-02
    .313461E-02
    .281411E-02
    .254413E-02
    .236334E-02
    .227851E-02
    .227060E-02
    .230719E-02
    .235520E-02
    .239050E-02
    .240162E-02
    .238901E-02
    .236057E-02
    .232683E-02
    .229647E-02
    .227444E-02
    .226130E-02
    .225474E-02
    .225097E-02
    .224670E-02
    .223970E-02
    .222950E-02
    .221662E-02
    .220248E-02
    .218821E-02
    .217493E-02
    .216275E-02
    .215176E-02
    .214004E-02
    .210833E-02
    .197862E-02
    .164021E-02
    .102105E-02
    .158153E-03
   -.802614E-03
   -.168554E-02
   -.235343E-02
   -.274509E-02
   -.287655E-02
   -.281966E-02
   -.266767E-02
   -.250504E-02
   -.238689E-02
   -.233398E-02
   -.233829E-02
   -.237599E-02
   -.242011E-02
   -.245056E-02
   -.245797E-02
   -.244352E-02
   -.241488E-02
   -.238186E-02
   -.235244E-02
   -.233100E-02
   -.231790E-02
   -.231084E-02
   -.230627E-02
   -.230108E-02
   -.229319E-02
   -.228832E-02
   -.233783E-02
   -.254358E-02
   -.300093E-02
   -.373238E-02
   -.464119E-02
   -.555617E-02
   -.631545E-02
   -.681901E-02
   -.704700E-02
   -.704772E-02
   -.690801E-02
   -.671956E-02
   -.655305E-02
   -.644569E-02
   -.640215E-02
   -.640462E-02
   -.642629E-02
   -.644293E-02
   -.643980E-02
   -.641324E-02
   -.636849E-02
   -.630872E-02
   -.619323E-02
   -.592818E-02
   -.542120E-02
   -.464789E-02
   -.370067E-02
   -.274712E-02
   -.193843E-02
   -.131185E-02
   -.799306E-03
   -.342104E-03
    .716440E-04
    .436144E-03
    .789002E-03
    .120662E-02
    .170750E-02
    .223664E-02
    .271598E-02
    .308028E-02
    .329871E-02
    .337783E-02
    .335321E-02
    .327263E-02
    .318073E-02
    .311696E-02
    .316020E-02
    .339541E-02
    .382382E-02
    .440050E-02
    .509813E-02
    .585811E-02
    .657680E-02
    .715248E-02
    .748829E-02
    .749364E-02
    .716173E-02
    .659980E-02
    .596595E-02
    .540696E-02
    .500860E-02
    .474400E-02
    .449083E-02
    .416257E-02
    .375895E-02
    .333082E-02
    .294544E-02
    .264746E-02
    .239770E-02
    .212441E-02
    .185883E-02
    .165586E-02
    .147434E-02
    .125523E-02
    .972468E-03
    .580544E-03
    .478320E-04
   -.579474E-03
   -.120238E-02
   -.172256E-02
   -.207760E-02
   -.225362E-02
   -.227988E-02
   -.221066E-02
   -.210474E-02
   -.200849E-02
   -.194767E-02
   -.192699E-02
   -.193679E-02
   -.195173E-02
   -.189427E-02
   -.169043E-02
   -.140442E-02
   -.117915E-02
   -.110424E-02
   -.118963E-02
   -.138837E-02
   -.162766E-02
   -.183867E-02
   -.197682E-02
   -.202976E-02
   -.202569E-02
   -.206438E-02
   -.225715E-02
   -.262393E-02
   -.309637E-02
   -.358027E-02
   -.405048E-02
   -.453961E-02
   -.504525E-02
   -.552220E-02
   -.591734E-02
   -.619363E-02
   -.634041E-02
   -.637874E-02
   -.638415E-02
   -.649051E-02
   -.683141E-02
   -.746815E-02
   -.832776E-02
   -.923892E-02
   -.100250E-01
   -.105653E-01
   -.108220E-01
   -.108328E-01
   -.106824E-01
   -.104668E-01
   -.102647E-01
   -.101119E-01
   -.995146E-02
   -.968064E-02
   -.926664E-02
   -.875945E-02
   -.823765E-02
   -.772164E-02
   -.717553E-02
   -.659478E-02
   -.598732E-02
   -.532630E-02
   -.461218E-02
   -.389073E-02
   -.317079E-02
   -.243944E-02
   -.172854E-02
   -.110273E-02
   -.618882E-03
   -.303890E-03
   -.148982E-03
   -.117382E-03
   -.158687E-03
   -.224416E-03
   -.279099E-03
   -.305033E-03
   -.300641E-03
   -.275043E-03
   -.241262E-03
   -.210795E-03
   -.190272E-03
   -.181006E-03
   -.180283E-03
   -.183544E-03
   -.186446E-03
   -.186059E-03
   -.185235E-03
   -.220308E-03
   -.368709E-03
   -.627757E-03
   -.867812E-03
   -.973468E-03
   -.914183E-03
   -.723757E-03
   -.470749E-03
   -.227812E-03
   -.477301E-04
    .471369E-04
    .691475E-04
    .886635E-04
    .225500E-03
    .542893E-03
    .100174E-02
    .150676E-02
    .195564E-02
    .227622E-02
    .244228E-02
    .247164E-02
    .240998E-02
    .231118E-02
    .221977E-02
    .216175E-02
    .214315E-02
    .215534E-02
    .218247E-02
    .220924E-02
    .222527E-02
    .222717E-02
    .221485E-02
    .216885E-02
    .201833E-02
    .170293E-02
    .124617E-02
    .733929E-03
    .265410E-03
   -.846767E-04
   -.283822E-03
   -.343017E-03
   -.302029E-03
   -.197705E-03
   -.471601E-05
    .326347E-03
    .780466E-03
    .128281E-02
    .175428E-02
    .219352E-02
    .265431E-02
    .314706E-02
    .363055E-02
    .404809E-02
    .435735E-02
    .456408E-02
    .475516E-02
    .502793E-02
    .540261E-02
    .583003E-02
    .623404E-02
    .654743E-02
    .673354E-02
    .679249E-02
    .675346E-02
    .666002E-02
    .655439E-02
    .646684E-02
    .640445E-02
    .631419E-02
    .609351E-02
    .570038E-02
    .516264E-02
    .449887E-02
    .374344E-02
    .297455E-02
    .223156E-02
    .150117E-02
    .799795E-03
    .181009E-03
   -.303451E-03
   -.626210E-03
   -.791801E-03
   -.831816E-03
   -.792528E-03
   -.720827E-03
   -.652945E-03
   -.609145E-03
   -.593909E-03
   -.600631E-03
   -.617625E-03
   -.633790E-03
   -.641836E-03
   -.639560E-03
   -.628692E-03
   -.613264E-03
   -.597383E-03
   -.584081E-03
   -.574511E-03
   -.568388E-03
   -.564319E-03
   -.560825E-03
   -.556620E-03
   -.551181E-03
   -.544410E-03
   -.536854E-03
   -.528796E-03
   -.527661E-03
   -.588133E-03
   -.801455E-03
   -.118969E-02
   -.168420E-02
   -.218161E-02
   -.258823E-02
   -.284902E-02
   -.295569E-02
   -.293866E-02
   -.284888E-02
   -.273836E-02
   -.264575E-02
   -.258984E-02
   -.257105E-02
   -.257751E-02
   -.259330E-02
   -.260455E-02
   -.260440E-02
   -.260803E-02
   -.269086E-02
   -.293475E-02
   -.333710E-02
   -.382005E-02
   -.428188E-02
   -.463854E-02
   -.484668E-02
   -.490824E-02
   -.485925E-02
   -.475141E-02
   -.463355E-02
   -.453922E-02
   -.448236E-02
   -.445991E-02
   -.445878E-02
   -.446324E-02
   -.446110E-02
   -.444173E-02
   -.436545E-02
   -.415873E-02
   -.384092E-02
   -.355336E-02
   -.341264E-02
   -.344650E-02
   -.361600E-02
   -.384748E-02
   -.406496E-02
   -.421434E-02
   -.427422E-02
   -.425365E-02
   -.418077E-02
   -.408918E-02
   -.400626E-02
   -.394729E-02
   -.391472E-02
   -.390182E-02
   -.389775E-02
   -.389247E-02
   -.387954E-02
   -.385712E-02
   -.382695E-02
   -.379268E-02
   -.375822E-02
   -.372623E-02
   -.369773E-02
   -.367241E-02
   -.364900E-02
   -.362614E-02
   -.360267E-02
   -.357808E-02
   -.355237E-02
   -.352597E-02
   -.349932E-02
   -.347294E-02
   -.344699E-02
   -.342170E-02
   -.339195E-02
   -.331479E-02
   -.310330E-02
   -.271841E-02
   -.221195E-02
   -.167700E-02
   -.117257E-02
   -.677911E-03
   -.165059E-03
    .345350E-03
    .809621E-03
    .121503E-02
    .162375E-02
    .214115E-02
    .284714E-02
    .371513E-02
    .464427E-02
    .556817E-02
    .644083E-02
    .719778E-02
    .777856E-02
    .815502E-02
    .834302E-02
    .842660E-02
    .854916E-02
    .880647E-02
    .918968E-02
    .962881E-02
    .100688E-01
    .105149E-01
    .109276E-01
    .111978E-01
    .113162E-01
    .113530E-01
    .113046E-01
    .111358E-01
    .108593E-01
    .105273E-01
    .102020E-01
    .993359E-02
    .974830E-02
    .964625E-02
    .960799E-02
    .109031E-01
    .109194E-01
    .109229E-01
    .109052E-01
    .108663E-01
    .107960E-01
    .106304E-01
    .103016E-01
    .981585E-02
    .920075E-02
    .846587E-02
    .766847E-02
    .691520E-02
    .630277E-02
    .588667E-02
    .566976E-02
    .561558E-02
    .568821E-02
    .590204E-02
    .627079E-02
    .674493E-02
    .723360E-02
    .764809E-02
    .793026E-02
    .806360E-02
    .806876E-02
    .798924E-02
    .787384E-02
    .776241E-02
    .767778E-02
    .763225E-02
    .767178E-02
    .787324E-02
    .824604E-02
    .871361E-02
    .917089E-02
    .952697E-02
    .973213E-02
    .978289E-02
    .971347E-02
    .956544E-02
    .930287E-02
    .879031E-02
    .797410E-02
    .696166E-02
    .593000E-02
    .501372E-02
    .423045E-02
    .350556E-02
    .273265E-02
    .182793E-02
    .783707E-03
   -.303067E-03
   -.128375E-02
   -.203250E-02
   -.249189E-02
   -.270407E-02
   -.281534E-02
   -.297512E-02
   -.324223E-02
   -.359103E-02
   -.395197E-02
   -.425155E-02
   -.444048E-02
   -.450593E-02
   -.446796E-02
   -.436608E-02
   -.424317E-02
   -.413249E-02
   -.405156E-02
   -.400213E-02
   -.397528E-02
   -.395761E-02
   -.393736E-02
   -.390108E-02
   -.379754E-02
   -.354297E-02
   -.311940E-02
   -.259589E-02
   -.207304E-02
   -.164061E-02
   -.134987E-02
   -.120909E-02
   -.121015E-02
   -.136980E-02
   -.165889E-02
   -.194075E-02
   -.208117E-02
   -.201796E-02
   -.171463E-02
   -.117829E-02
   -.501779E-03
    .176915E-03
    .735783E-03
    .110526E-02
    .127650E-02
    .128979E-02
    .121019E-02
    .110346E-02
    .101764E-02
    .976188E-03
    .979353E-03
    .101288E-02
    .105697E-02
    .109522E-02
    .111816E-02
    .112450E-02
    .111839E-02
    .110685E-02
    .109604E-02
    .109018E-02
    .109021E-02
    .109505E-02
    .110828E-02
    .117652E-02
    .138849E-02
    .182194E-02
    .248451E-02
    .328791E-02
    .412505E-02
    .494654E-02
    .575285E-02
    .655100E-02
    .730207E-02
    .793517E-02
    .839765E-02
    .872001E-02
    .901046E-02
    .938596E-02
    .989796E-02
    .104969E-01
    .110732E-01
    .115190E-01
    .117680E-01
    .118099E-01
    .116826E-01
    .114514E-01
    .111947E-01
    .110218E-01
    .110266E-01
    .112096E-01
    .114916E-01
    .117600E-01
    .118732E-01
    .117152E-01
    .112828E-01
    .106737E-01
    .100232E-01
    .945000E-02
    .902406E-02
    .875825E-02
    .862014E-02
    .855390E-02
    .850343E-02
    .842839E-02
    .830774E-02
    .811573E-02
    .780296E-02
    .735059E-02
    .679722E-02
    .617085E-02
    .548544E-02
    .479060E-02
    .415910E-02
    .365013E-02
    .329046E-02
    .307195E-02
    .295637E-02
    .286460E-02
    .268861E-02
    .237270E-02
    .194563E-02
    .148195E-02
    .106198E-02
    .742077E-03
    .541737E-03
    .435023E-03
    .334429E-03
    .143330E-03
   -.165337E-03
   -.551043E-03
   -.943192E-03
   -.127556E-02
   -.150738E-02
   -.163160E-02
   -.166852E-02
   -.166011E-02
   -.168809E-02
   -.183994E-02
   -.213214E-02
   -.251079E-02
   -.289980E-02
   -.326820E-02
   -.363339E-02
   -.400026E-02
   -.436730E-02
   -.475873E-02
   -.518036E-02
   -.559496E-02
   -.594910E-02
   -.620068E-02
   -.633724E-02
   -.640340E-02
   -.649438E-02
   -.670752E-02
   -.710303E-02
   -.768535E-02
   -.838710E-02
   -.908340E-02
   -.964922E-02
   -.100186E-01
   -.102211E-01
   -.103333E-01
   -.104095E-01
   -.104680E-01
   -.104930E-01
   -.104256E-01
   -.102101E-01
   -.985260E-02
   -.941187E-02
   -.896481E-02
   -.857621E-02
   -.828243E-02
   -.807923E-02
   -.788395E-02
   -.755621E-02
   -.703703E-02
   -.638615E-02
   -.571249E-02
   -.509984E-02
   -.456354E-02
   -.406831E-02
   -.357151E-02
   -.306889E-02
   -.257433E-02
   -.208539E-02
   -.161208E-02
   -.118135E-02
   -.791333E-03
   -.424108E-03
   -.852733E-04
    .200476E-03
    .409849E-03
    .532267E-03
    .573375E-03
    .551790E-03
    .492552E-03
    .419675E-03
    .350996E-03
    .295706E-03
    .255164E-03
    .225361E-03
    .200282E-03
    .174454E-03
    .144628E-03
    .109968E-03
    .716160E-04
    .315821E-04
   -.810891E-05
   -.461705E-04
   -.821055E-04
   -.116224E-03
   -.149176E-03
   -.181738E-03
   -.214408E-03
   -.247469E-03
   -.280824E-03
   -.314312E-03
   -.347607E-03
   -.380562E-03
   -.411927E-03
   -.430097E-03
   -.401492E-03
   -.300801E-03
   -.137683E-03
    .744771E-04
    .328442E-03
    .595352E-03
    .830016E-03
    .994661E-03
    .107117E-02
    .106326E-02
    .991057E-03
    .882143E-03
    .762653E-03
    .651143E-03
    .556396E-03
    .478523E-03
    .412259E-03
    .350532E-03
    .287484E-03
    .219850E-03
    .147263E-03
    .712617E-04
   -.571913E-05
   -.813556E-04
   -.159902E-03
   -.283194E-03
   -.510364E-03
   -.846362E-03
   -.123789E-02
   -.161321E-02
   -.191222E-02
   -.210396E-02
   -.218945E-02
   -.219421E-02
   -.215468E-02
   -.210551E-02
   -.207717E-02
   -.212059E-02
   -.228204E-02
   -.254939E-02
   -.286230E-02
   -.315234E-02
   -.338304E-02
   -.354718E-02
   -.363110E-02
   -.362358E-02
   -.354063E-02
   -.343034E-02
   -.335535E-02
   -.336205E-02
   -.345175E-02
   -.357085E-02
   -.364329E-02
   -.361161E-02
   -.346773E-02
   -.324831E-02
   -.300820E-02
   -.279734E-02
   -.264174E-02
   -.251869E-02
   -.238064E-02
   -.220748E-02
   -.201250E-02
   -.182455E-02
   -.167191E-02
   -.157192E-02
   -.152588E-02
   -.151524E-02
   -.150516E-02
   -.146085E-02
   -.136456E-02
   -.122736E-02
   -.108081E-02
   -.958234E-03
   -.882252E-03
   -.859567E-03
   -.882537E-03
   -.934787E-03
   -.998103E-03
   -.105787E-02
   -.110591E-02
   -.114051E-02
   -.116462E-02
   -.118321E-02
   -.120099E-02
   -.122100E-02
   -.124419E-02
   -.126984E-02
   -.129636E-02
   -.132210E-02
   -.134587E-02
   -.136720E-02
   -.138622E-02
   -.140345E-02
   -.141946E-02
   -.143472E-02
   -.144944E-02
   -.146365E-02
   -.147721E-02
   -.148991E-02
   -.150160E-02
   -.151220E-02
   -.152170E-02
   -.153013E-02
   -.153758E-02
   -.154412E-02
   -.154978E-02
   -.155461E-02
   -.155857E-02
   -.156169E-02
   -.156393E-02
   -.156531E-02
   -.156479E-02
   -.155451E-02
   -.152436E-02
   -.147873E-02
   -.143540E-02
   -.141223E-02
   -.141718E-02
   -.144570E-02
   -.148580E-02
   -.152418E-02
   -.155092E-02
   -.156157E-02
   -.155708E-02
   -.154196E-02
   -.152307E-02
   -.150854E-02
   -.150357E-02
   -.150713E-02
   -.151416E-02
   -.151946E-02
   -.152135E-02
   -.152023E-02
   -.151566E-02
   -.150644E-02
   -.149170E-02
   -.147128E-02
   -.144589E-02
   -.141682E-02
   -.138557E-02
   -.135348E-02
   -.132150E-02
   -.129008E-02
   -.125928E-02
   -.122890E-02
   -.119864E-02
   -.116834E-02
   -.113894E-02
   -.111335E-02
   -.109364E-02
   -.107789E-02
   -.106014E-02
   -.103407E-02
   -.998670E-03
   -.958043E-03
   -.917691E-03
   -.881302E-03
   -.849565E-03
   -.820989E-03
   -.793194E-03
   -.764038E-03
   -.732309E-03
   -.697874E-03
   -.661428E-03
   -.624047E-03
   -.586761E-03
   -.550261E-03
   -.514899E-03
   -.481105E-03
   -.449353E-03
   -.419663E-03
   -.391119E-03
   -.361978E-03
   -.330890E-03
   -.297560E-03
   -.262542E-03
   -.226807E-03
   -.191361E-03
   -.157116E-03
   -.124616E-03
   -.935205E-04
   -.630656E-04
   -.328493E-04
   -.275331E-05
    .273035E-04
    .573578E-04
    .873863E-04
    .117315E-03
    .147048E-03
    .176492E-03
    .205573E-03
    .234246E-03
    .262492E-03
    .290313E-03
    .317723E-03
    .344738E-03
    .371373E-03
    .397637E-03
    .423536E-03
    .449072E-03
    .474246E-03
    .499060E-03
    .523517E-03
    .547620E-03
    .571379E-03
    .594816E-03
    .617965E-03
    .640839E-03
    .663417E-03
    .685648E-03
    .707479E-03
    .728886E-03
    .749881E-03
    .770502E-03
    .790810E-03
    .810845E-03
    .830617E-03
    .850113E-03
    .869316E-03
    .888221E-03
    .906831E-03
    .925161E-03
    .943222E-03
    .961022E-03
    .978563E-03
    .995840E-03
    .101285E-02
    .102960E-02
    .104608E-02
    .106229E-02
    .107824E-02
    .109392E-02
    .110933E-02
    .112447E-02
    .113933E-02
    .115392E-02
    .116822E-02
    .118225E-02
