    .0096501
    .0086621
    .0107799
    .0107682
    .0114477
    .0114135
    .0115960
    .0114387
    .0113618
    .0110423
    .0107678
    .0102289
    .0097372
    .0090587
    .0085410
    .0080429
    .0079524
    .0078452
    .0081765
    .0086477
    .0094176
    .0100563
    .0105445
    .0108145
    .0108120
    .0103725
    .0097785
    .0092689
    .0085838
    .0076124
    .0062500
    .0044883
    .0026492
    .0007463
   -.0010438
   -.0026536
   -.0036156
   -.0034500
   -.0021593
   -.0004452
    .0012806
    .0025590
    .0030719
    .0025247
    .0015525
    .0004694
   -.0003596
   -.0006771
   -.0001980
    .0005557
    .0014165
    .0014211
    .0010954
   -.0006040
   -.0034062
   -.0072506
   -.0111072
   -.0142580
   -.0155124
   -.0150317
   -.0130424
   -.0102186
   -.0071278
   -.0046439
   -.0023092
   -.0003487
    .0017868
    .0033925
    .0045479
    .0050339
    .0049535
    .0045155
    .0036037
    .0021728
    .0009466
    .0005301
    .0010389
    .0021806
    .0036216
    .0050511
    .0069359
    .0089533
    .0107955
    .0126835
    .0143281
    .0156216
    .0165340
    .0171176
    .0176735
    .0174425
    .0165682
    .0145050
    .0115288
    .0076933
    .0035230
   -.0002378
   -.0031885
   -.0054974
   -.0068277
   -.0066800
   -.0046132
   -.0007754
    .0048397
    .0121453
    .0201131
    .0277718
    .0339619
    .0365235
    .0345971
    .0301745
    .0252297
    .0216264
    .0200115
    .0204603
    .0218202
    .0230951
    .0238687
    .0246252
    .0254627
    .0262052
    .0263690
    .0255303
    .0233621
    .0199151
    .0159930
    .0119715
    .0076697
    .0026957
   -.0029357
   -.0090079
   -.0148557
   -.0201264
   -.0245507
   -.0283538
   -.0318923
   -.0355688
   -.0394086
   -.0429240
   -.0455836
   -.0469323
   -.0467193
   -.0444983
   -.0403248
   -.0343853
   -.0268135
   -.0179667
   -.0080224
    .0024963
    .0128377
    .0223157
    .0299353
    .0355809
    .0392046
    .0412309
    .0424622
    .0433963
    .0441607
    .0449585
    .0457295
    .0466084
    .0474876
    .0484701
    .0495623
    .0507471
    .0521373
    .0538288
    .0555701
    .0572419
    .0586832
    .0599833
    .0610845
    .0618347
    .0617339
    .0600025
    .0561540
    .0505640
    .0435478
    .0357666
    .0275639
    .0192719
    .0111088
    .0033441
   -.0037743
   -.0098166
   -.0149681
   -.0194316
   -.0235367
   -.0273004
   -.0305390
   -.0334422
   -.0362347
   -.0389460
   -.0414143
   -.0443239
   -.0481030
   -.0505157
   -.0527554
   -.0536397
   -.0529320
   -.0513153
   -.0497402
   -.0485944
   -.0464398
   -.0430439
   -.0387887
   -.0332684
   -.0257561
   -.0159681
   -.0038180
    .0105657
    .0257726
    .0402665
    .0526136
    .0622154
    .0693902
    .0743658
    .0777840
    .0803257
    .0821824
    .0838734
    .0850536
    .0854572
    .0847894
    .0828897
    .0800311
    .0765991
    .0730008
    .0693052
    .0654441
    .0614424
    .0574658
    .0537710
    .0503849
    .0468985
    .0429764
    .0378753
    .0318617
    .0262171
    .0213844
    .0178360
    .0153304
    .0135215
    .0120260
    .0107081
    .0094838
    .0084827
    .0079014
    .0079493
    .0083774
    .0091791
    .0105264
    .0118566
    .0124191
    .0119809
    .0102354
    .0076066
    .0043851
    .0013334
   -.0012098
   -.0032856
   -.0053129
   -.0075010
   -.0097721
   -.0115102
   -.0128970
   -.0137623
   -.0138575
   -.0127488
   -.0106280
   -.0075476
   -.0039615
    .0000331
    .0043596
    .0090431
    .0137395
    .0185138
    .0230746
    .0273216
    .0308289
    .0334370
    .0348099
    .0347014
    .0335254
    .0317692
    .0302409
    .0298240
    .0308365
    .0335615
    .0382904
    .0451262
    .0542591
    .0654766
    .0786958
    .0936990
    .1100678
    .1220557
    .1359719
    .1395141
    .1585484
    .1678107
    .1826144
    .1889728
    .2013629
    .2078711
    .2051539
    .2013093
    .1931238
    .1790954
    .1578301
    .1358442
    .0913881
    .0585373
    .0360892
    .0067662
   -.0294493
   -.0482700
   -.0564635
   -.0613738
   -.0552228
   -.0257754
   -.0151573
    .0000140
    .0233294
    .0321679
    .0397790
    .0635014
    .0759185
    .1078547
    .1090363
    .1074596
    .1055752
    .0981535
    .0972020
    .0980060
    .0877782
    .0769989
    .0691413
    .0522160
    .0545474
    .0363318
    .0168092
    .0065140
   -.0051875
   -.0073281
   -.0076177
   -.0029007
    .0035227
    .0283919
    .0492862
    .0630241
    .0837829
    .1162104
    .1321249
    .1248618
    .1275705
    .1251879
    .1281503
    .1182834
    .1118076
    .1025483
    .0939216
    .0682573
    .0533227
    .0310481
   -.0011816
   -.0303118
   -.0519573
   -.0667465
   -.0719215
   -.0750517
   -.0807958
   -.0810271
   -.0780253
   -.0469398
   -.0276406
   -.0119148
   -.0053445
   -.0008008
    .0166998
    .0248705
    .0228092
    .0179802
    .0161261
    .0125407
    .0109100
    .0059002
    .0017952
   -.0069230
   -.0238520
   -.0610420
   -.0804110
   -.0890518
   -.0950800
   -.0968725
   -.0982606
   -.0977812
   -.0936838
   -.0930360
   -.0887991
   -.0888474
   -.0883757
   -.0896797
   -.0945891
   -.0983422
   -.1016443
   -.1058693
   -.1101486
   -.1157150
   -.1201212
   -.1248591
   -.1280412
   -.1316383
   -.1356420
   -.1397919
   -.1460146
   -.1520000
   -.1585105
   -.1627304
   -.1670419
   -.1701380
   -.1730984
   -.1747723
   -.1767361
   -.1782141
   -.1789538
   -.1795312
   -.1773136
   -.1759307
   -.1770751
   -.1773147
   -.1757506
   -.1745914
   -.1717562
   -.1697345
   -.1667726
   -.1646470
   -.1639438
   -.1612312
   -.1597196
   -.1571289
   -.1538826
   -.1507468
   -.1474390
   -.1438398
   -.1405511
   -.1369856
   -.1345757
   -.1340760
   -.1349430
   -.1341232
   -.1341252
   -.1330049
   -.1317601
   -.1291558
   -.1278532
   -.1227369
   -.1173016
   -.1128930
   -.1098174
   -.1056951
   -.1011047
   -.0963667
   -.0906030
   -.0832861
   -.0773853
   -.0718870
   -.0671847
   -.0624672
   -.0579858
   -.0538697
   -.0503159
   -.0471759
   -.0420920
   -.0374764
   -.0313474
   -.0261509
   -.0185322
   -.0128501
   -.0049957
    .0023133
    .0096810
    .0172481
    .0249604
    .0339425
    .0482567
    .0615837
    .0719040
    .0865437
    .1026821
    .1177913
    .1308867
    .1427281
    .1540512
    .1649349
    .1734709
    .1805724
    .1878107
    .1886669
    .1880125
    .1849502
    .1811401
    .1801768
    .1817889
    .1831758
    .1883707
    .1923457
    .1951484
    .1980026
    .2017034
    .2022181
    .1993437
    .1986339
    .1984713
    .1982355
    .1962784
    .1888700
    .1807165
    .1721532
    .1604927
    .1459733
    .1291475
    .1116306
    .0946137
    .0747903
    .0535310
    .0320540
    .0109214
   -.0095040
   -.0300569
   -.0473918
   -.0659508
   -.0824948
   -.0973598
   -.1103391
   -.1209966
   -.1310914
   -.1395693
   -.1481431
   -.1585593
   -.1666297
   -.1730523
   -.1768068
   -.1833486
   -.1902470
   -.1948590
   -.1968178
   -.1970849
   -.1970077
   -.1965140
   -.1956512
   -.1952360
   -.1937470
   -.1965558
   -.1969508
   -.1961329
   -.1944154
   -.1909970
   -.1880628
   -.1831979
   -.1794429
   -.1746794
   -.1703769
   -.1626694
   -.1570527
   -.1480527
   -.1391763
   -.1314949
   -.1205375
   -.1128582
   -.1070562
   -.1017687
   -.0969938
   -.0906715
   -.0864540
   -.0830577
   -.0813885
   -.0801899
   -.0810962
   -.0830562
   -.0857188
   -.0924831
   -.0948137
   -.1013356
   -.1031756
   -.1068002
   -.1077054
   -.1106563
   -.1170997
   -.1192158
   -.1207189
   -.1230367
   -.1283283
   -.1317231
   -.1348496
   -.1365334
   -.1365126
   -.1355603
   -.1358864
   -.1354495
   -.1347028
   -.1341334
   -.1330591
   -.1334451
   -.1327541
   -.1335063
   -.1331964
   -.1289235
   -.1229375
   -.1150682
   -.1147783
   -.1160018
   -.1090176
   -.1032315
   -.0934767
   -.0893355
   -.0789296
   -.0730475
   -.0623771
   -.0547712
   -.0453251
   -.0392585
   -.0320415
   -.0272860
   -.0232501
   -.0205707
   -.0216334
   -.0260397
   -.0289411
   -.0331469
   -.0408021
   -.0446081
   -.0610687
   -.0652793
   -.0720840
   -.0878748
   -.0955862
   -.0995409
   -.1114921
   -.1155414
   -.1240601
   -.1238389
   -.1255653
   -.1200366
   -.1144125
   -.1102324
   -.1016302
   -.0934291
   -.0880584
   -.0819909
   -.0752219
   -.0700217
   -.0632919
   -.0594187
   -.0553763
   -.0494405
   -.0456898
   -.0333567
   -.0215785
   -.0157798
   -.0068577
    .0042085
    .0086821
    .0177264
    .0249334
    .0310435
    .0434941
    .0488520
    .0657987
    .0712526
    .0768064
    .0806564
    .0808675
    .0796584
    .0751093
    .0721725
    .0711663
    .0690391
    .0655545
    .0606380
    .0524427
    .0365864
    .0322180
    .0246307
    .0150387
    .0065925
    .0026721
   -.0047630
   -.0091398
   -.0142198
   -.0146350
   -.0161915
   -.0164992
   -.0175931
   -.0168060
   -.0151528
   -.0128332
   -.0110265
   -.0078621
   -.0038808
    .0012919
    .0041918
    .0075441
    .0090508
    .0134958
    .0184842
    .0219617
    .0252861
    .0261114
    .0267614
    .0289251
    .0288289
    .0341950
    .0375177
    .0391716
    .0428234
    .0458881
    .0490317
    .0534657
    .0561341
    .0584558
    .0592369
    .0599356
    .0612252
    .0613741
    .0612846
    .0591611
    .0574434
    .0521988
    .0497180
    .0465887
    .0431196
    .0327860
    .0215884
    .0129435
    .0060955
   -.0083909
   -.0158340
   -.0239947
   -.0338574
   -.0442869
   -.0497343
   -.0549647
   -.0628650
   -.0658221
   -.0698266
   -.0715895
   -.0722492
   -.0717518
   -.0705252
   -.0683833
   -.0650154
   -.0625066
   -.0587988
   -.0561306
   -.0533140
   -.0497025
   -.0459824
   -.0431937
   -.0375512
   -.0251602
   -.0231000
   -.0189948
   -.0150819
   -.0084407
   -.0062248
    .0006954
    .0020325
    .0046669
    .0070965
    .0093003
    .0113159
    .0111437
    .0095115
    .0078075
    .0030070
    .0000586
   -.0019044
   -.0074015
   -.0097371
   -.0164867
   -.0213310
   -.0296207
   -.0318794
   -.0376446
   -.0422065
   -.0510037
   -.0567198
   -.0614786
   -.0651781
   -.0681496
   -.0656220
   -.0666317
   -.0655188
   -.0628700
   -.0562179
   -.0504971
   -.0430572
   -.0393256
   -.0353072
   -.0306614
   -.0268989
   -.0188888
   -.0148200
   -.0119578
   -.0088659
   -.0078372
   -.0040712
   -.0028873
   -.0024337
   -.0048937
   -.0123412
   -.0150873
   -.0162224
   -.0178768
   -.0207341
   -.0218167
   -.0212859
   -.0186127
   -.0122556
   -.0049970
   -.0018812
   -.0014427
   -.0024500
    .0018882
    .0062185
    .0094173
    .0118550
    .0135906
    .0175543
    .0196842
    .0195551
    .0169511
    .0149894
    .0120626
    .0101989
    .0065672
    .0025962
    .0015527
    .0001626
   -.0071829
   -.0126729
   -.0158431
   -.0232108
   -.0268374
   -.0291284
   -.0298059
   -.0283275
   -.0270465
   -.0242710
   -.0203016
   -.0159416
   -.0128708
   -.0093375
   -.0061348
   -.0040372
   -.0020852
   -.0012747
   -.0003414
    .0001370
    .0016899
    .0026434
    .0038179
    .0041942
    .0047900
    .0056520
    .0069111
    .0082065
    .0098961
    .0112184
    .0122905
    .0131251
    .0136271
    .0140932
    .0137896
    .0132834
    .0127060
    .0122822
    .0117025
    .0110232
    .0092153
    .0084388
    .0071370
    .0063529
    .0045854
    .0041170
    .0027207
    .0023037
    .0024787
    .0028336
    .0031599
    .0031631
    .0026048
    .0025160
    .0016590
    .0000892
   -.0009036
   -.0024827
   -.0037053
   -.0048711
   -.0056798
   -.0056576
   -.0050631
   -.0047320
   -.0031624
   -.0004450
    .0008886
    .0032769
    .0055533
    .0065272
    .0091572
    .0115167
    .0130935
    .0135719
    .0132464
    .0119595
    .0103822
    .0096215
    .0091307
    .0091600
    .0071739
    .0046202
    .0038762
    .0043038
    .0052689
    .0058749
    .0061024
    .0069466
    .0074832
    .0071961
    .0079140
    .0090064
    .0100482
    .0108996
    .0090736
    .0085348
    .0091482
    .0074896
    .0070553
    .0073156
    .0068901
    .0062374
    .0037771
    .0013039
   -.0001349
   -.0035309
   -.0037330
   -.0042091
   -.0042152
   -.0036811
   -.0028124
   -.0007513
    .0016661
    .0039371
    .0057261
    .0073105
    .0090992
    .0101611
    .0117131
    .0148715
    .0164890
    .0216752
    .0280583
    .0318292
    .0334876
    .0345692
    .0319549
    .0300819
    .0308512
    .0270018
    .0216594
    .0161955
    .0143405
    .0100762
    .0062682
    .0057019
    .0051697
    .0048857
    .0043752
    .0040571
    .0053392
    .0060625
    .0056305
    .0106574
    .0140855
    .0160731
    .0173785
    .0182753
    .0159822
    .0170842
    .0185820
    .0186603
    .0180269
    .0169293
    .0137342
    .0108347
    .0051865
   -.0011552
   -.0096288
   -.0170134
   -.0212496
   -.0264868
   -.0307928
   -.0347605
   -.0370448
   -.0400659
   -.0407162
   -.0388076
   -.0372591
   -.0306417
   -.0198985
   -.0120055
   -.0072112
   -.0021946
    .0040136
    .0120768
    .0140396
    .0187011
    .0195889
    .0233175
    .0265716
    .0281714
    .0275623
    .0260219
    .0239977
    .0215257
    .0161539
    .0131034
    .0101358
    .0073517
    .0046370
    .0017529
   -.0012819
   -.0042129
   -.0066921
   -.0087541
   -.0109330
   -.0134322
   -.0163918
   -.0195974
   -.0219079
   -.0228855
   -.0223613
   -.0202251
   -.0165431
   -.0117154
   -.0064183
   -.0010968
    .0039311
    .0083376
    .0119650
    .0149681
    .0175377
    .0198315
    .0217804
    .0230580
    .0236501
    .0238035
    .0236529
    .0231912
    .0222970
    .0210259
    .0192625
    .0169625
    .0141826
    .0110240
    .0075938
    .0039701
    .0003634
   -.0029312
   -.0056559
   -.0078843
   -.0097420
   -.0112374
   -.0124274
   -.0134846
   -.0142806
   -.0146346
   -.0145478
   -.0141130
   -.0132857
   -.0119920
   -.0101589
   -.0078243
   -.0050658
   -.0020305
    .0009901
    .0038282
    .0063249
    .0083599
    .0098858
    .0109879
    .0116553
    .0118765
    .0117165
    .0113193
    .0103435
    .0086747
    .0066198
    .0044117
    .0022186
    .0001043
   -.0018372
   -.0034620
   -.0046010
   -.0052598
   -.0055903
   -.0057382
   -.0057960
   -.0058295
   -.0058107
   -.0056448
   -.0050862
   -.0039893
   -.0020650
    .0008541
    .0042175
    .0072839
    .0096265
    .0110557
    .0113146
    .0106001
    .0092627
    .0075215
    .0055361
    .0035555
    .0018579
    .0006421
   -.0002098
   -.0008010
   -.0012251
   -.0016750
   -.0021140
   -.0024369
   -.0028050
   -.0031077
   -.0033087
   -.0034477
   -.0034985
   -.0034423
   -.0032604
   -.0029344
   -.0024815
   -.0019681
   -.0014044
   -.0007702
   -.0000401
    .0007486
    .0016298
    .0026939
    .0040040
    .0052450
    .0061703
    .0067746
    .0072288
    .0076373
    .0081217
    .0087307
    .0094971
    .0103807
    .0113628
    .0122776
    .0130239
    .0136227
    .0141185
    .0144495
    .0145860
    .0146713
    .0148143
    .0149512
    .0150930
    .0153697
    .0157038
    .0159362
    .0160057
    .0157459
    .0147988
    .0128486
    .0100310
    .0066509
    .0029664
   -.0006985
   -.0040592
   -.0070412
   -.0094645
   -.0109693
   -.0114486
   -.0110967
   -.0102188
   -.0090976
   -.0078514
   -.0066197
   -.0055559
   -.0048137
   -.0044479
   -.0042152
   -.0039048
   -.0033893
   -.0023453
   -.0008703
    .0007247
    .0023395
    .0040096
    .0057275
    .0071557
    .0080658
    .0086675
    .0088627
    .0091914
    .0099066
    .0107970
    .0117800
    .0126888
    .0136498
    .0146914
    .0157658
    .0168950
    .0180392
    .0191754
    .0202989
    .0214208
    .0226320
    .0239220
    .0252779
    .0267519
    .0283707
    .0303393
    .0327911
    .0351074
    .0375171
    .0397300
    .0415616
    .0429069
    .0436611
    .0437060
    .0430695
    .0418774
    .0401853
    .0381847
    .0360864
    .0341447
    .0324292
    .0307042
    .0287777
    .0265964
    .0242439
    .0216208
    .0187052
    .0156567
    .0126471
    .0098410
    .0073796
    .0052853
    .0032213
    .0009696
   -.0015800
   -.0044322
   -.0076331
   -.0112013
   -.0150332
   -.0192732
   -.0233806
   -.0269984
   -.0298385
   -.0314836
   -.0320155
   -.0318632
   -.0314896
   -.0310547
   -.0305719
   -.0301160
   -.0295406
   -.0284519
   -.0266444
   -.0243732
   -.0217142
   -.0186308
   -.0153702
   -.0120471
   -.0087103
   -.0053381
   -.0019767
    .0014093
    .0048122
    .0081798
    .0113474
    .0141984
    .0166189
    .0185481
    .0199941
    .0210208
    .0217548
    .0222810
    .0227052
    .0231484
    .0236142
    .0241999
    .0250710
    .0260290
    .0267774
    .0272605
    .0275277
    .0275041
    .0270711
    .0262148
    .0248568
    .0227639
    .0200587
    .0170721
    .0141313
    .0115711
    .0094345
    .0072962
    .0048257
    .0015815
   -.0025351
   -.0066298
   -.0101072
   -.0126672
   -.0151518
   -.0171829
   -.0188000
   -.0200696
   -.0209942
   -.0215025
   -.0215442
   -.0211731
   -.0204176
   -.0194612
   -.0181822
   -.0164297
   -.0145097
   -.0130194
   -.0118804
   -.0107059
   -.0095149
   -.0083783
   -.0071283
   -.0057104
   -.0042592
   -.0028437
   -.0013932
    .0000428
    .0014152
    .0030039
    .0048683
    .0066438
    .0081073
    .0090504
    .0093409
    .0089977
    .0083138
    .0076234
    .0072844
    .0074852
    .0079482
    .0082784
    .0084597
    .0085553
    .0084381
    .0078652
    .0066699
    .0046708
    .0020090
   -.0009568
   -.0041000
   -.0073339
   -.0104832
   -.0132481
   -.0155020
   -.0172987
   -.0186621
   -.0193423
   -.0193026
   -.0186614
   -.0174457
   -.0157018
   -.0136783
   -.0117285
   -.0101837
   -.0091447
   -.0084716
   -.0080099
   -.0079295
   -.0079964
   -.0082474
   -.0085906
   -.0087837
   -.0087862
   -.0083967
   -.0076088
   -.0063844
   -.0046842
   -.0028971
   -.0008673
    .0014018
    .0037607
    .0060616
    .0081930
    .0102898
    .0125295
    .0150441
    .0178119
    .0207947
    .0240684
    .0275307
    .0309449
    .0342281
    .0373699
    .0402424
    .0426489
    .0444875
    .0457360
    .0463908
    .0466403
    .0466258
    .0463342
    .0458472
    .0451231
    .0441757
    .0430567
    .0416547
    .0398598
    .0376829
    .0352228
    .0325738
    .0294711
    .0262374
    .0232730
    .0205479
    .0177647
    .0148743
    .0120069
    .0091956
    .0064730
    .0040243
    .0020061
    .0004937
   -.0005413
   -.0010985
   -.0010848
   -.0008102
   -.0010394
   -.0022264
   -.0044225
   -.0078454
   -.0123084
   -.0169384
   -.0206690
   -.0227557
   -.0234274
   -.0238527
   -.0239353
   -.0237715
   -.0242633
   -.0249856
   -.0254978
   -.0256728
   -.0254260
   -.0247279
   -.0235140
   -.0217409
   -.0194135
   -.0162490
   -.0121373
   -.0073486
   -.0022987
    .0026156
    .0071813
    .0110784
    .0143079
    .0170895
    .0197834
    .0224979
    .0249017
    .0267313
    .0280351
    .0290388
    .0298463
    .0305005
    .0310093
    .0312670
    .0312389
    .0310447
    .0307501
    .0303238
    .0296252
    .0284183
    .0264410
    .0237042
    .0206054
    .0173056
    .0135352
    .0092811
    .0049517
    .0007251
   -.0034009
   -.0073291
   -.0107709
   -.0136628
   -.0159347
   -.0177498
   -.0189001
   -.0191211
   -.0180591
   -.0156206
   -.0114992
   -.0063719
   -.0014903
    .0032755
    .0076637
    .0110017
    .0137057
    .0161528
    .0184758
    .0207736
    .0230461
    .0251171
    .0267887
    .0279447
    .0286138
    .0290189
    .0293689
    .0298163
    .0305492
    .0314144
    .0320130
    .0323059
    .0327636
    .0339084
    .0352209
    .0365476
    .0382456
    .0389334
    .0383149
    .0372607
    .0364108
    .0359980
    .0361699
    .0369457
    .0380574
    .0391803
    .0399408
    .0400762
    .0395612
    .0386706
    .0369205
    .0342356
    .0309740
    .0274665
    .0239405
    .0205784
    .0176447
    .0153100
    .0134570
    .0119669
    .0108278
    .0100290
    .0095256
    .0091072
    .0086699
    .0082376
    .0079031
    .0077026
    .0074612
    .0071158
    .0066644
    .0061661
    .0055217
    .0045559
    .0031630
    .0013849
   -.0006959
   -.0028979
   -.0049304
   -.0067114
   -.0083348
   -.0097223
   -.0109059
   -.0120238
   -.0131049
   -.0139950
   -.0147097
   -.0153483
   -.0159643
   -.0164122
   -.0167272
   -.0171299
   -.0173658
   -.0172328
   -.0165811
   -.0152835
   -.0132852
   -.0106974
   -.0076030
   -.0041200
   -.0004484
    .0030938
    .0062543
    .0087531
    .0107189
    .0123284
    .0134553
    .0139184
    .0139096
    .0137479
    .0133601
    .0124909
    .0108911
    .0087195
    .0064259
    .0045075
    .0033443
    .0026441
    .0022165
    .0021840
    .0021738
    .0024140
    .0028427
    .0036855
    .0047752
    .0062609
    .0076944
    .0083778
    .0084324
    .0081736
    .0080084
    .0082201
    .0090049
    .0104482
    .0123404
    .0142152
    .0155010
    .0154570
    .0139555
    .0113733
    .0081402
    .0044654
    .0006011
   -.0031006
   -.0062869
   -.0087609
   -.0105086
   -.0113938
   -.0110990
   -.0094359
   -.0064949
   -.0025977
    .0017098
    .0059244
    .0097345
    .0130361
    .0157887
    .0179017
    .0192111
    .0195922
    .0190468
    .0178540
    .0164376
    .0150891
    .0135219
    .0120987
    .0107395
    .0092529
    .0075820
    .0057941
    .0038957
    .0017738
   -.0002587
   -.0020421
   -.0036451
   -.0051616
   -.0066637
   -.0081884
   -.0098315
   -.0115634
   -.0130183
   -.0145850
   -.0159392
   -.0164242
   -.0162783
   -.0158983
   -.0153933
   -.0147380
   -.0139719
   -.0130132
   -.0117769
   -.0103172
   -.0087043
   -.0069226
   -.0049495
   -.0028122
   -.0005289
    .0019433
    .0044602
    .0068954
    .0089996
    .0106944
    .0121867
    .0133327
    .0143321
    .0153798
    .0164400
    .0175747
    .0186210
    .0188043
    .0191486
    .0193871
    .0189868
    .0183531
    .0173265
    .0163462
    .0155715
    .0148831
    .0140714
    .0130880
    .0120017
    .0108556
    .0094697
    .0077473
    .0057052
    .0034831
    .0011859
   -.0010726
   -.0030934
   -.0045842
   -.0056700
   -.0067416
   -.0081781
   -.0100819
   -.0122906
   -.0145747
   -.0164112
   -.0172375
   -.0168129
   -.0155300
   -.0141662
   -.0129303
   -.0117307
   -.0105297
   -.0094293
   -.0084119
   -.0074206
   -.0064704
   -.0056298
   -.0049366
   -.0044044
   -.0039696
   -.0035945
   -.0032128
   -.0026971
   -.0019832
   -.0011531
   -.0003487
    .0004488
    .0013476
    .0023358
    .0034257
    .0045243
    .0058094
    .0074812
    .0094366
    .0114539
    .0130051
    .0136097
    .0135674
    .0126050
    .0115513
    .0106276
    .0096833
    .0087899
    .0077640
    .0066039
    .0052299
    .0036952
    .0020637
    .0002896
   -.0015137
   -.0030265
   -.0041216
   -.0049458
   -.0055542
   -.0058296
   -.0057410
   -.0054479
   -.0049458
   -.0041517
   -.0029281
   -.0011326
    .0011108
    .0035229
    .0058601
    .0080659
    .0101417
    .0118859
    .0130841
    .0134970
    .0130571
    .0118412
    .0100799
    .0078843
    .0054950
    .0032979
    .0016661
    .0005731
   -.0003073
   -.0011724
   -.0020316
   -.0027211
   -.0030367
   -.0030436
   -.0029699
   -.0027940
   -.0023086
   -.0015894
   -.0007316
    .0001897
    .0012065
    .0022078
    .0031680
    .0040663
    .0048512
    .0054729
    .0059481
    .0062661
    .0065609
    .0069151
    .0076681
    .0089573
    .0105598
    .0120464
    .0128298
    .0126616
    .0117329
    .0103642
    .0086996
    .0068113
    .0048235
    .0027993
    .0008203
   -.0009907
   -.0025708
   -.0036686
   -.0037800
   -.0030676
   -.0015319
    .0008026
    .0037563
    .0071187
    .0103494
    .0128590
    .0144732
    .0152978
    .0154823
    .0152437
    .0147889
    .0141957
    .0135260
    .0129635
    .0125216
    .0121405
    .0117699
    .0113876
    .0108425
    .0099116
    .0085044
    .0067642
    .0049669
    .0035199
    .0027444
    .0025408
    .0029783
    .0039843
    .0053842
    .0068705
    .0083439
    .0097424
    .0109067
    .0116033
    .0118918
    .0118784
    .0116743
    .0114065
    .0111037
    .0107048
    .0102790
    .0100234
    .0100665
    .0102597
    .0106025
    .0111287
    .0115661
    .0117196
    .0116320
    .0112559
    .0105230
    .0094766
    .0082556
    .0070368
    .0059650
    .0051575
    .0046882
    .0044876
    .0042329
    .0034291
    .0020349
    .0003101
   -.0015144
   -.0030254
   -.0038746
   -.0041645
   -.0039191
   -.0030627
   -.0017113
    .0000551
    .0021921
    .0044613
    .0060520
    .0068083
    .0068968
    .0064076
    .0057895
    .0055458
    .0055280
    .0050573
    .0037861
    .0017671
   -.0007573
   -.0035403
   -.0063348
   -.0089841
   -.0114772
   -.0138114
   -.0158306
   -.0174609
   -.0186802
   -.0195652
   -.0199970
   -.0198013
   -.0188685
   -.0172639
   -.0149880
   -.0121943
   -.0092274
   -.0065857
   -.0045060
   -.0028860
   -.0015848
   -.0004547
    .0006282
    .0016491
    .0024737
    .0029095
    .0029169
    .0024453
    .0014395
   -.0000733
   -.0020136
   -.0043578
   -.0071731
   -.0104434
   -.0140571
   -.0177664
   -.0212795
   -.0245854
   -.0277237
   -.0302743
   -.0315770
   -.0315490
   -.0306073
   -.0290772
   -.0271613
   -.0253000
   -.0237913
   -.0223354
   -.0211594
   -.0205011
   -.0196553
   -.0184253
   -.0167452
   -.0145367
   -.0119414
   -.0091845
   -.0064523
   -.0038935
   -.0015503
    .0006552
    .0026719
    .0045176
    .0060035
    .0068133
    .0068909
    .0061265
    .0046898
    .0029384
    .0011268
   -.0006745
   -.0020092
   -.0026832
   -.0022251
   -.0006032
    .0018763
    .0044663
    .0063606
    .0065853
    .0050083
    .0025327
   -.0010844
   -.0052091
   -.0091917
   -.0128525
   -.0160908
   -.0191302
   -.0220580
   -.0250346
   -.0276385
   -.0297054
   -.0310705
   -.0313164
   -.0308393
   -.0296572
   -.0277708
   -.0253880
   -.0226709
   -.0198793
   -.0170606
   -.0141804
   -.0114717
   -.0092527
   -.0075910
   -.0063046
   -.0053803
   -.0049247
   -.0046152
   -.0041010
   -.0031375
   -.0017133
    .0000527
    .0019930
    .0040586
    .0062271
    .0083962
    .0103598
    .0120549
    .0134715
    .0147307
    .0159478
    .0171397
    .0183012
    .0192690
    .0197866
    .0196137
    .0187341
    .0174206
    .0158525
    .0142113
    .0126517
    .0112991
    .0101119
    .0090448
    .0081283
    .0075196
    .0072847
    .0076864
    .0084790
    .0092653
    .0097061
    .0096589
    .0090662
    .0077606
    .0060978
    .0046305
    .0031311
    .0018939
    .0008275
    .0001889
   -.0000897
    .0002369
    .0012070
    .0027792
    .0047124
    .0066297
    .0083686
    .0098255
    .0109145
    .0115907
    .0119057
    .0119860
    .0117325
    .0111945
    .0102811
    .0090531
    .0077488
    .0066206
    .0058637
    .0055781
    .0057408
    .0060427
    .0064963
    .0072931
    .0080227
    .0083911
    .0084165
    .0082028
    .0075368
    .0067885
    .0061305
    .0055900
    .0053506
    .0054027
    .0057757
    .0064692
    .0074247
    .0084169
    .0094471
    .0103360
    .0109290
    .0112214
    .0112833
    .0111553
    .0108542
    .0104842
    .0101632
    .0099068
    .0103145
    .0113644
    .0127402
    .0140483
    .0150250
    .0159738
    .0170437
    .0183404
    .0197304
    .0210939
    .0222209
    .0229789
    .0232480
    .0230555
    .0224224
    .0211817
    .0194100
    .0173241
    .0150585
    .0127638
    .0103836
    .0080306
    .0058226
    .0038387
    .0021495
    .0007824
   -.0004991
   -.0016518
   -.0028174
   -.0041216
   -.0056642
   -.0073284
   -.0089516
   -.0103649
   -.0115638
   -.0124406
   -.0129135
   -.0127790
   -.0120447
   -.0106008
   -.0086195
   -.0061811
   -.0035190
   -.0009244
    .0014090
    .0034495
    .0050915
    .0063335
    .0072937
    .0079745
    .0083945
    .0085652
    .0083070
    .0076491
    .0065611
    .0051694
    .0033051
    .0012985
   -.0008383
   -.0029977
   -.0050539
   -.0069162
   -.0085753
   -.0099506
   -.0111931
   -.0122015
   -.0130024
   -.0134770
   -.0136719
   -.0135959
   -.0132400
   -.0125571
   -.0115333
   -.0097986
   -.0072441
   -.0040199
   -.0004815
    .0029664
    .0060224
    .0086562
    .0108860
    .0127409
    .0141201
    .0150144
    .0153184
    .0151274
    .0144409
    .0132421
    .0115162
    .0095285
    .0074962
    .0054594
    .0034605
    .0015806
   -.0001493
   -.0017514
   -.0033081
   -.0048228
   -.0063183
   -.0077254
   -.0090363
   -.0101555
   -.0109736
   -.0115173
   -.0118026
   -.0119175
   -.0118998
   -.0114482
   -.0103472
   -.0086880
   -.0066334
   -.0042762
   -.0016599
    .0010890
    .0037508
    .0061471
    .0082563
    .0101152
    .0115555
    .0125866
    .0133988
    .0140888
    .0146317
    .0150573
    .0154511
    .0156042
    .0153955
    .0147384
    .0135788
    .0119446
    .0099092
    .0075832
    .0053965
    .0038229
    .0033252
    .0041002
    .0054870
    .0069809
    .0079618
    .0085189
    .0086848
    .0088008
    .0087498
    .0087080
    .0085120
    .0085185
    .0083947
    .0082412
    .0082041
    .0081239
    .0078546
    .0074664
    .0072920
    .0073703
    .0075386
    .0078347
    .0079345
    .0076363
    .0069625
    .0056086
    .0038404
    .0016970
   -.0006508
   -.0028685
   -.0045595
   -.0053638
   -.0052865
   -.0044877
   -.0033341
   -.0019721
   -.0003493
    .0016613
    .0040914
    .0068814
    .0100154
    .0133544
    .0166852
    .0197567
    .0223816
    .0245234
    .0261252
    .0271021
    .0274586
    .0273967
    .0270420
    .0263720
    .0253882
    .0241107
    .0226491
    .0209997
    .0193471
    .0177337
    .0162810
    .0150013
    .0138854
    .0129004
    .0120777
    .0114172
    .0108636
    .0103403
    .0097665
    .0091319
    .0084829
    .0079175
    .0074489
    .0071516
    .0070109
    .0069201
    .0070742
    .0074897
    .0080951
    .0087404
    .0094131
    .0101198
    .0109076
    .0115337
    .0116786
    .0111624
    .0101884
    .0088410
    .0075237
    .0063534
    .0055138
    .0049584
    .0046512
    .0041684
    .0038025
    .0033100
    .0027957
    .0021575
    .0015583
    .0024369
    .0034766
    .0045405
    .0058501
    .0070738
    .0083273
    .0094149
    .0102153
    .0108221
    .0113203
    .0117430
    .0121491
    .0123678
    .0124247
    .0122600
    .0119516
    .0117763
    .0114999
    .0108098
    .0101584
    .0096346
    .0094290
    .0095333
    .0099994
    .0106155
    .0114578
    .0122375
    .0131155
    .0138996
    .0147768
    .0154431
    .0160286
    .0159652
    .0156849
    .0154958
    .0147754
    .0142976
    .0137398
    .0133336
    .0124838
    .0120645
    .0118109
    .0116828
    .0118387
    .0116188
    .0115524
    .0112886
    .0109664
    .0106271
    .0100732
    .0101530
    .0103372
    .0103107
    .0103219
    .0102346
    .0101592
    .0100189
    .0100018
    .0097110
    .0096793
    .0093457
    .0090855
    .0090224
    .0085219
    .0084442
    .0086093
    .0087690
    .0090729
    .0091392
    .0092260
    .0092688
    .0093416
    .0094483
    .0094756
    .0093468
    .0094100
    .0093509
    .0095237
    .0095527
    .0095424
    .0096278
    .0095937
    .0095992
    .0095381
    .0092943
    .0092589
    .0095330
    .0094712
    .0099658
    .0103074
    .0101809
    .0104945
    .0105702
    .0105203
    .0103920
    .0102741
    .0103480
    .0104937
    .0102558
    .0101897
    .0101018
    .0101579
    .0101269
    .0104408
    .0102178
    .0104435
    .0104903
    .0105263
    .0103715
    .0103986
    .0104109
    .0105317
    .0101143
    .0102142
    .0098081
    .0098837
    .0095501
    .0096176
    .0093874
    .0093092
    .0090020
    .0089367
    .0085810
    .0084252
    .0080939
    .0076854
    .0074246
    .0070914
    .0061815
    .0060754
    .0058044
    .0058281
    .0055317
    .0056277
    .0052904
    .0054642
    .0062100
    .0056827
    .0057495
    .0061660
    .0063986
    .0068717
    .0068589
    .0077331
    .0074317
    .0100519