    .0096501
    .0086621
    .0107799
    .0107682
    .0114477
    .0114135
    .0115960
    .0114387
    .0113618
    .0110423
    .0107678
    .0102289
    .0097372
    .0090587
    .0085410
    .0080429
    .0079524
    .0078452
    .0081765
    .0086477
    .0094176
    .0100563
    .0105445
    .0108145
    .0108120
    .0103725
    .0097785
    .0092689
    .0085838
    .0076124
    .0062500
    .0044883
    .0026492
    .0007463
   -.0010438
   -.0026536
   -.0036156
   -.0034500
   -.0021593
   -.0004452
    .0012806
    .0025590
    .0030719
    .0025247
    .0015525
    .0004694
   -.0003596
   -.0006771
   -.0001980
    .0005557
    .0014165
    .0014211
    .0010954
   -.0006040
   -.0034062
   -.0072506
   -.0111072
   -.0142580
   -.0155124
   -.0150317
   -.0130424
   -.0102186
   -.0071278
   -.0046439
   -.0023092
   -.0003487
    .0017868
    .0033925
    .0045479
    .0050339
    .0049535
    .0045155
    .0036037
    .0021728
    .0009466
    .0005301
    .0010389
    .0021806
    .0036216
    .0050511
    .0069359
    .0089533
    .0107955
    .0126835
    .0143281
    .0156216
    .0165340
    .0171176
    .0176735
    .0174425
    .0165682
    .0145050
    .0115288
    .0076933
    .0035230
   -.0002378
   -.0031885
   -.0054974
   -.0068277
   -.0066800
   -.0046132
   -.0007754
    .0048397
    .0121453
    .0201131
    .0277718
    .0339619
    .0365235
    .0345971
    .0301745
    .0252297
    .0216264
    .0200115
    .0204603
    .0218202
    .0230951
    .0238687
    .0246252
    .0254627
    .0262052
    .0263690
    .0255303
    .0233621
    .0199151
    .0159930
    .0119715
    .0076697
    .0026957
   -.0029357
   -.0090079
   -.0148557
   -.0201264
   -.0245507
   -.0283538
   -.0318923
   -.0355688
   -.0394086
   -.0429240
   -.0455836
   -.0469323
   -.0467193
   -.0444983
   -.0403248
   -.0343853
   -.0268135
   -.0179667
   -.0080224
    .0024963
    .0128377
    .0223157
    .0299353
    .0355809
    .0392046
    .0412309
    .0424622
    .0433963
    .0441607
    .0449585
    .0457295
    .0466084
    .0474876
    .0484701
    .0495623
    .0507471
    .0521373
    .0538288
    .0555701
    .0572419
    .0586832
    .0599833
    .0610845
    .0618347
    .0617339
    .0600025
    .0561540
    .0505640
    .0435478
    .0357666
    .0275639
    .0192719
    .0111088
    .0033441
   -.0037743
   -.0098166
   -.0149681
   -.0194316
   -.0235367
   -.0273004
   -.0305390
   -.0334422
   -.0362347
   -.0389460
   -.0414143
   -.0443239
   -.0481030
   -.0505157
   -.0527554
   -.0536397
   -.0529320
   -.0513153
   -.0497402
   -.0485944
   -.0464398
   -.0430439
   -.0387887
   -.0332684
   -.0257561
   -.0159681
   -.0038180
    .0105657
    .0257726
    .0402665
    .0526136
    .0622154
    .0693902
    .0743658
    .0777840
    .0803257
    .0821824
    .0838734
    .0850536
    .0854572
    .0847894
    .0828897
    .0800311
    .0765991
    .0730008
    .0693052
    .0654441
    .0614424
    .0574658
    .0537710
    .0503849
    .0468985
    .0429764
    .0378753
    .0318617
    .0262171
    .0213844
    .0178360
    .0153304
    .0135215
    .0120260
    .0107081
    .0094838
    .0084827
    .0079014
    .0079493
    .0083774
    .0091791
    .0105264
    .0118566
    .0124191
    .0119809
    .0102354
    .0076066
    .0043851
    .0013334
   -.0012098
   -.0032856
   -.0053129
   -.0075010
   -.0097721
   -.0115102
   -.0128970
   -.0137623
   -.0138575
   -.0127488
   -.0106280
   -.0075476
   -.0039615
    .0000331
    .0043596
    .0090431
    .0137395
    .0185138
    .0230746
    .0273216
    .0308289
    .0334370
    .0348099
    .0347014
    .0335254
    .0317692
    .0302409
    .0298240
    .0308365
    .0335615
    .0382904
    .0451262
    .0542591
    .0654766
    .0786958
    .0936990
    .1100678
    .1232307
    .1381215
    .1565609
    .1662433
    .1826947
    .1920449
    .2034277
    .2112383
    .2108111
    .2088353
    .2049203
    .1912263
    .1767469
    .1684188
    .1469010
    .1033466
    .0664964
    .0481972
    .0220974
   -.0056986
   -.0188555
   -.0317165
   -.0393291
   -.0450742
   -.0422980
   -.0332931
   -.0108800
   -.0116130
   -.0016799
    .0082601
    .0206214
    .0337286
    .0472430
    .0654902
    .0717873
    .0804200
    .0847361
    .0873940
    .0943616
    .0931929
    .0874322
    .0845526
    .0839716
    .0852536
    .0646134
    .0622538
    .0482338
    .0364723
    .0062650
   -.0033536
   -.0097152
   -.0123410
   -.0087476
    .0111508
    .0349407
    .0832331
    .1226462
    .1307991
    .1357642
    .1358559
    .1405729
    .1375878
    .1362345
    .1283634
    .1170995
    .0973153
    .0815453
    .0640785
    .0552674
    .0395672
    .0144050
   -.0081680
   -.0303228
   -.0412503
   -.0458469
   -.0606896
   -.0716548
   -.0820847
   -.0864747
   -.0884304
   -.0906642
   -.0902657
   -.0801594
   -.0655215
   -.0587614
   -.0480101
   -.0388354
   -.0284935
   -.0270960
   -.0213180
   -.0119499
   -.0138939
   -.0063998
   -.0016064
   -.0013371
   -.0084861
   -.0191492
   -.0321595
   -.0418504
   -.0492177
   -.0629466
   -.0788308
   -.0888955
   -.0936908
   -.0986358
   -.1004550
   -.1009009
   -.0998112
   -.0991631
   -.1007649
   -.1028119
   -.1048153
   -.1069902
   -.1101383
   -.1145601
   -.1203266
   -.1250756
   -.1304504
   -.1346365
   -.1373970
   -.1407833
   -.1436333
   -.1495313
   -.1543621
   -.1592927
   -.1621174
   -.1664941
   -.1700333
   -.1730046
   -.1732580
   -.1742699
   -.1745923
   -.1750022
   -.1752509
   -.1761449
   -.1762039
   -.1750507
   -.1733646
   -.1721680
   -.1691951
   -.1661514
   -.1644029
   -.1632697
   -.1620878
   -.1616548
   -.1570860
   -.1532768
   -.1497826
   -.1458675
   -.1417634
   -.1371836
   -.1347043
   -.1320513
   -.1296334
   -.1282575
   -.1264785
   -.1261882
   -.1237646
   -.1204283
   -.1174031
   -.1133561
   -.1085954
   -.1036558
   -.0991436
   -.0949553
   -.0910915
   -.0865050
   -.0817727
   -.0749699
   -.0681555
   -.0643215
   -.0612857
   -.0569599
   -.0531229
   -.0501956
   -.0467826
   -.0433190
   -.0388542
   -.0337814
   -.0298894
   -.0235878
   -.0180780
   -.0132899
   -.0072321
   -.0013465
    .0052568
    .0123882
    .0202780
    .0290627
    .0400661
    .0538436
    .0632009
    .0772513
    .0899989
    .1012199
    .1201781
    .1368543
    .1497941
    .1619901
    .1718097
    .1794413
    .1871926
    .1926526
    .1940938
    .1937718
    .1834064
    .1825402
    .1852213
    .1862051
    .1873778
    .1887529
    .1916576
    .1946414
    .1968941
    .2013455
    .2039848
    .2009571
    .1987542
    .1979479
    .1959752
    .1880107
    .1788676
    .1671370
    .1526127
    .1375729
    .1218277
    .1027498
    .0860993
    .0659604
    .0477810
    .0270467
    .0065275
   -.0116295
   -.0315464
   -.0482461
   -.0621804
   -.0743151
   -.0861298
   -.0965490
   -.1046336
   -.1117088
   -.1196195
   -.1302166
   -.1390329
   -.1469119
   -.1547011
   -.1600021
   -.1669229
   -.1739477
   -.1786758
   -.1844607
   -.1881923
   -.1901371
   -.1935385
   -.1954098
   -.1968808
   -.1973579
   -.1993011
   -.1992189
   -.1986486
   -.1964278
   -.1945708
   -.1915177
   -.1898669
   -.1870359
   -.1826223
   -.1779065
   -.1718532
   -.1670316
   -.1586345
   -.1474876
   -.1399345
   -.1350742
   -.1286260
   -.1209141
   -.1137782
   -.1080671
   -.1009912
   -.0941054
   -.0892058
   -.0835343
   -.0807451
   -.0798726
   -.0795444
   -.0806380
   -.0831047
   -.0862014
   -.0889809
   -.0917985
   -.0927774
   -.0978208
   -.0992439
   -.0994980
   -.1000133
   -.1056118
   -.1089187
   -.1108144
   -.1131083
   -.1139570
   -.1137352
   -.1155663
   -.1218557
   -.1240861
   -.1275411
   -.1304471
   -.1321295
   -.1346914
   -.1365429
   -.1361649
   -.1335761
   -.1292239
   -.1253338
   -.1229588
   -.1187562
   -.1169085
   -.1129868
   -.1116987
   -.1004100
   -.0971391
   -.0912469
   -.0806439
   -.0696429
   -.0559793
   -.0501038
   -.0415079
   -.0335803
   -.0298377
   -.0237781
   -.0206014
   -.0197079
   -.0197982
   -.0230584
   -.0282067
   -.0335996
   -.0423078
   -.0503067
   -.0609568
   -.0700726
   -.0776608
   -.0820605
   -.0902133
   -.0937057
   -.1002468
   -.1053973
   -.1040910
   -.1100713
   -.1063548
   -.1034410
   -.1075737
   -.1059637
   -.1057266
   -.1019426
   -.0983796
   -.0891525
   -.0802879
   -.0726143
   -.0634199
   -.0589656
   -.0505795
   -.0431895
   -.0416910
   -.0361252
   -.0330561
   -.0282721
   -.0257239
   -.0164881
   -.0104075
   -.0057914
   -.0029868
    .0025588
    .0182648
    .0266026
    .0324168
    .0460002
    .0572074
    .0684499
    .0750132
    .0801217
    .0801588
    .0804761
    .0795820
    .0785109
    .0771260
    .0747686
    .0686591
    .0598771
    .0552108
    .0419465
    .0372101
    .0284101
    .0171653
    .0118927
    .0071038
    .0000237
   -.0064869
   -.0115821
   -.0166937
   -.0167533
   -.0155241
   -.0148369
   -.0148840
   -.0144606
   -.0113767
   -.0090524
   -.0067257
   -.0030610
   -.0001108
    .0035010
    .0075615
    .0144999
    .0234006
    .0309177
    .0346749
    .0429607
    .0501079
    .0510792
    .0515621
    .0558996
    .0601297
    .0600464
    .0622368
    .0627693
    .0634260
    .0623516
    .0612399
    .0601258
    .0590729
    .0582844
    .0557619
    .0527757
    .0477239
    .0431661
    .0336687
    .0264081
    .0215755
    .0166831
    .0027300
   -.0049163
   -.0183164
   -.0258880
   -.0353565
   -.0450146
   -.0507346
   -.0579109
   -.0621429
   -.0664465
   -.0702599
   -.0715823
   -.0723861
   -.0711468
   -.0692768
   -.0643777
   -.0528322
   -.0472905
   -.0371845
   -.0332245
   -.0298302
   -.0230817
   -.0188404
   -.0144007
   -.0126505
   -.0112198
   -.0069595
   -.0045214
   -.0024104
    .0003459
    .0024525
    .0055113
    .0072085
    .0111148
    .0114753
    .0120481
    .0118396
    .0106874
    .0081889
    .0065112
    .0046449
   -.0003323
   -.0037044
   -.0111206
   -.0158650
   -.0218383
   -.0279596
   -.0328250
   -.0413478
   -.0420576
   -.0450286
   -.0466784
   -.0489519
   -.0502364
   -.0512658
   -.0525709
   -.0557515
   -.0588742
   -.0622630
   -.0658605
   -.0674001
   -.0688875
   -.0691368
   -.0689464
   -.0677880
   -.0658539
   -.0644988
   -.0611626
   -.0560560
   -.0536786
   -.0491880
   -.0431519
   -.0340606
   -.0288358
   -.0210774
   -.0122446
   -.0040932
   -.0005692
    .0022309
    .0046171
    .0066050
    .0074817
    .0066471
    .0026425
    .0042217
    .0059830
    .0003466
   -.0013572
   -.0033798
   -.0072865
   -.0092435
   -.0109776
   -.0154692
   -.0182788
   -.0190906
   -.0206908
   -.0215395
   -.0210227
   -.0209221
   -.0188779
   -.0191251
   -.0141123
   -.0108524
   -.0006401
   -.0007606
    .0028160
    .0061817
    .0091453
    .0094149
    .0084965
    .0084458
    .0066185
    .0045428
    .0022555
   -.0017114
   -.0041657
   -.0087729
   -.0117560
   -.0147203
   -.0186710
   -.0181828
   -.0168783
   -.0151676
   -.0132516
   -.0109024
   -.0083712
   -.0064103
   -.0045519
   -.0031233
   -.0005981
    .0010371
    .0022003
    .0029014
    .0033541
    .0047059
    .0066407
    .0081539
    .0093635
    .0111891
    .0122747
    .0136354
    .0150088
    .0160649
    .0164577
    .0162297
    .0162254
    .0156933
    .0143328
    .0134737
    .0129258
    .0116310
    .0103744
    .0089178
    .0075429
    .0065663
    .0050959
    .0039122
    .0036316
    .0040621
    .0039319
    .0030193
    .0028511
    .0020689
    .0003833
   -.0006683
   -.0025947
   -.0039484
   -.0050895
   -.0058197
   -.0057286
   -.0051278
   -.0051604
   -.0048036
   -.0032482
   -.0006548
    .0015587
    .0045409
    .0054523
    .0070761
    .0065952
    .0063143
    .0074837
    .0079094
    .0067591
    .0063579
    .0057875
    .0056353
    .0047824
    .0048933
    .0045515
    .0041603
    .0046368
    .0049729
    .0053649
    .0050514
    .0067967
    .0080386
    .0087123
    .0086852
    .0096194
    .0091602
    .0089737
    .0094653
    .0081046
    .0076770
    .0068568
    .0064056
    .0061200
    .0067151
    .0044278
    .0006787
    .0001993
   -.0018529
   -.0036233
   -.0039341
   -.0043557
   -.0041781
   -.0037526
   -.0012584
    .0021433
    .0054965
    .0080468
    .0099096
    .0136376
    .0149968
    .0166543
    .0181556
    .0240534
    .0269916
    .0322903
    .0355300
    .0386628
    .0422591
    .0456378
    .0434664
    .0426446
    .0282920
    .0181262
    .0152924
    .0136475
    .0096184
    .0083534
    .0069168
    .0054772
    .0047822
    .0044731
    .0045305
    .0039065
    .0056908
    .0115010
    .0117659
    .0222712
    .0227823
    .0220823
    .0231308
    .0230794
    .0241422
    .0244353
    .0226321
    .0208022
    .0177973
    .0112183
    .0068386
   -.0003545
   -.0078636
   -.0165057
   -.0260952
   -.0271100
   -.0351838
   -.0419661
   -.0437253
   -.0442280
   -.0433860
   -.0411472
   -.0395281
   -.0329371
   -.0267187
   -.0212773
   -.0199738
   -.0095302
   -.0012428
    .0040698
    .0062248
    .0132406
    .0207209
    .0233137
    .0251632
    .0226671
    .0210869
    .0189426
    .0165384
    .0146448
    .0114669
    .0095980
    .0034200
    .0005143
   -.0019684
   -.0041227
   -.0063192
   -.0086417
   -.0108178
   -.0125334
   -.0135074
   -.0140198
   -.0147563
   -.0157297
   -.0168443
   -.0176524
   -.0170317
   -.0148163
   -.0111551
   -.0062917
   -.0006530
    .0051264
    .0105014
    .0151693
    .0189261
    .0215095
    .0230532
    .0239606
    .0244457
    .0246352
    .0244010
    .0234402
    .0218678
    .0199966
    .0179501
    .0156974
    .0131425
    .0103206
    .0071919
    .0037997
    .0002635
   -.0032998
   -.0067892
   -.0100381
   -.0128351
   -.0148334
   -.0159717
   -.0166134
   -.0169280
   -.0168623
   -.0164680
   -.0159270
   -.0150638
   -.0137150
   -.0119341
   -.0098388
   -.0074149
   -.0046402
   -.0015368
    .0017775
    .0051226
    .0082702
    .0110070
    .0132110
    .0148041
    .0156875
    .0159710
    .0158313
    .0152418
    .0141955
    .0127854
    .0111541
    .0089821
    .0062803
    .0034166
    .0006313
   -.0019327
   -.0041941
   -.0060304
   -.0073104
   -.0080347
   -.0083925
   -.0085330
   -.0085481
   -.0084617
   -.0082953
   -.0079276
   -.0072175
   -.0059023
   -.0039225
   -.0011159
    .0023861
    .0058111
    .0084706
    .0101795
    .0108714
    .0104665
    .0093338
    .0078212
    .0060880
    .0042902
    .0026676
    .0013993
    .0005791
   -.0000155
   -.0004943
   -.0009135
   -.0014181
   -.0019377
   -.0023110
   -.0027894
   -.0032686
   -.0035914
   -.0038030
   -.0039023
   -.0039432
   -.0038902
   -.0036206
   -.0031688
   -.0027542
   -.0022997
   -.0016929
   -.0009254
   -.0001183
    .0007010
    .0015416
    .0024053
    .0031425
    .0036479
    .0040053
    .0043936
    .0048782
    .0055987
    .0065543
    .0077231
    .0090160
    .0103917
    .0116822
    .0128189
    .0138478
    .0148064
    .0156352
    .0163242
    .0169793
    .0176500
    .0182773
    .0188722
    .0193976
    .0196940
    .0196384
    .0191933
    .0181355
    .0161431
    .0131276
    .0094530
    .0054986
    .0015821
   -.0019774
   -.0049910
   -.0074654
   -.0091929
   -.0099072
   -.0097222
   -.0089856
   -.0080428
   -.0071179
   -.0062707
   -.0056002
   -.0051742
   -.0050346
   -.0050847
   -.0050058
   -.0046503
   -.0038848
   -.0025193
   -.0008536
    .0008183
    .0024632
    .0041144
    .0056350
    .0066913
    .0073014
    .0077325
    .0079854
    .0086864
    .0097284
    .0107943
    .0117692
    .0126646
    .0135779
    .0144822
    .0153347
    .0162131
    .0170868
    .0179650
    .0188779
    .0198772
    .0210173
    .0223206
    .0237060
    .0253392
    .0272102
    .0295202
    .0322679
    .0349029
    .0374768
    .0396724
    .0414640
    .0426354
    .0431738
    .0430487
    .0423894
    .0413045
    .0398970
    .0383417
    .0367946
    .0353732
    .0339401
    .0322087
    .0300658
    .0275365
    .0247686
    .0217347
    .0185788
    .0155685
    .0129376
    .0107410
    .0089453
    .0073307
    .0054702
    .0031700
    .0003428
   -.0029227
   -.0066448
   -.0107328
   -.0150591
   -.0194849
   -.0233484
   -.0265281
   -.0287932
   -.0300144
   -.0305325
   -.0308232
   -.0311841
   -.0315556
   -.0318169
   -.0318778
   -.0314201
   -.0300758
   -.0278425
   -.0251365
   -.0220531
   -.0186756
   -.0152733
   -.0119112
   -.0085861
   -.0053061
   -.0020579
    .0012215
    .0044728
    .0076097
    .0104497
    .0129077
    .0149138
    .0164717
    .0176649
    .0186281
    .0194826
    .0203025
    .0211839
    .0221913
    .0232735
    .0245122
    .0259433
    .0272601
    .0282204
    .0288323
    .0290797
    .0288443
    .0280636
    .0267748
    .0249292
    .0224496
    .0196403
    .0168648
    .0144086
    .0124245
    .0107403
    .0088161
    .0062608
    .0026328
   -.0017439
   -.0059398
   -.0094051
   -.0120077
   -.0145753
   -.0166925
   -.0184338
   -.0198579
   -.0209276
   -.0215581
   -.0217792
   -.0216001
   -.0210669
   -.0202555
   -.0189621
   -.0171862
   -.0153154
   -.0138459
   -.0127250
   -.0115722
   -.0103921
   -.0092611
   -.0080176
   -.0066045
   -.0051479
   -.0037269
   -.0022360
   -.0006897
    .0009067
    .0027631
    .0046964
    .0063219
    .0075123
    .0081766
    .0083124
    .0080980
    .0079124
    .0079982
    .0085291
    .0093893
    .0101102
    .0104257
    .0104568
    .0101761
    .0094079
    .0079580
    .0058071
    .0030177
   -.0000722
   -.0031522
   -.0060954
   -.0088413
   -.0111587
   -.0128074
   -.0138173
   -.0143601
   -.0145251
   -.0142150
   -.0135146
   -.0125373
   -.0113126
   -.0100365
   -.0089596
   -.0083905
   -.0084918
   -.0091451
   -.0100790
   -.0111114
   -.0123080
   -.0134478
   -.0144717
   -.0152063
   -.0155665
   -.0153860
   -.0144710
   -.0130978
   -.0111691
   -.0086711
   -.0061311
   -.0032855
   -.0001495
    .0031098
    .0063628
    .0095379
    .0127609
    .0161583
    .0197786
    .0235600
    .0274376
    .0313364
    .0350542
    .0384733
    .0416008
    .0443982
    .0466257
    .0481535
    .0490272
    .0493297
    .0491079
    .0486146
    .0479776
    .0471395
    .0461573
    .0449641
    .0435560
    .0419572
    .0400505
    .0377340
    .0350179
    .0320060
    .0288262
    .0254750
    .0222472
    .0192564
    .0163679
    .0135390
    .0109080
    .0084575
    .0061654
    .0041158
    .0025535
    .0015549
    .0010980
    .0010823
    .0014419
    .0020603
    .0023538
    .0015787
   -.0004293
   -.0035810
   -.0078858
   -.0127353
   -.0170689
   -.0200477
   -.0214373
   -.0219824
   -.0227569
   -.0231755
   -.0238014
   -.0250519
   -.0261676
   -.0268171
   -.0269089
   -.0264282
   -.0254007
   -.0238060
   -.0216426
   -.0188892
   -.0153622
   -.0112302
   -.0068696
   -.0026965
    .0010550
    .0043569
    .0071450
    .0096659
    .0123046
    .0153962
    .0187711
    .0219172
    .0245866
    .0268643
    .0289182
    .0307409
    .0322899
    .0335161
    .0343398
    .0347916
    .0349495
    .0348109
    .0343044
    .0332197
    .0313811
    .0286295
    .0251630
    .0214725
    .0176530
    .0134196
    .0088090
    .0041810
   -.0003448
   -.0047636
   -.0089671
   -.0127318
   -.0159493
   -.0185737
   -.0204620
   -.0213567
   -.0209937
   -.0190675
   -.0157343
   -.0109803
   -.0058678
   -.0013090
    .0031973
    .0070793
    .0099729
    .0124849
    .0149199
    .0173693
    .0198602
    .0223772
    .0246454
    .0263640
    .0274097
    .0280438
    .0285154
    .0289906
    .0294338
    .0299626
    .0306260
    .0311985
    .0317596
    .0328230
    .0344283
    .0356855
    .0369598
    .0379976
    .0376459
    .0364193
    .0354299
    .0351718
    .0356325
    .0367102
    .0381660
    .0395994
    .0406149
    .0409414
    .0404459
    .0392451
    .0375664
    .0350493
    .0318758
    .0284715
    .0251620
    .0220360
    .0192765
    .0170962
    .0155321
    .0143622
    .0134536
    .0127808
    .0122928
    .0118584
    .0113162
    .0106647
    .0099532
    .0093081
    .0087111
    .0079511
    .0070105
    .0059128
    .0046953
    .0032533
    .0014759
   -.0006456
   -.0029983
   -.0054058
   -.0075473
   -.0092316
   -.0106683
   -.0119845
   -.0129575
   -.0136867
   -.0143863
   -.0150499
   -.0154658
   -.0156770
   -.0158056
   -.0158926
   -.0157774
   -.0154856
   -.0151650
   -.0145572
   -.0135030
   -.0119269
   -.0098082
   -.0072359
   -.0043576
   -.0013255
    .0016998
    .0044700
    .0066733
    .0082181
    .0089692
    .0092356
    .0092340
    .0088801
    .0081383
    .0072390
    .0063293
    .0052384
    .0037566
    .0019452
    .0001692
   -.0010613
   -.0014294
   -.0007797
    .0002621
    .0014653
    .0029545
    .0043701
    .0059478
    .0076343
    .0095371
    .0114198
    .0131231
    .0142237
    .0146267
    .0146572
    .0146716
    .0149039
    .0155188
    .0165286
    .0178887
    .0190332
    .0194547
    .0186979
    .0162709
    .0124615
    .0079174
    .0031519
   -.0015490
   -.0058628
   -.0094305
   -.0120037
   -.0135780
   -.0142256
   -.0138005
   -.0120581
   -.0090284
   -.0050046
   -.0004197
    .0041952
    .0084432
    .0121411
    .0152431
    .0176747
    .0193480
    .0201596
    .0201336
    .0193516
    .0180461
    .0164895
    .0154250
    .0141545
    .0128222
    .0114279
    .0098583
    .0081406
    .0063030
    .0044104
    .0024904
    .0006285
   -.0010651
   -.0026745
   -.0042925
   -.0059727
   -.0077345
   -.0096047
   -.0114056
   -.0128994
   -.0144673
   -.0154736
   -.0156307
   -.0154349
   -.0151961
   -.0148664
   -.0144063
   -.0138189
   -.0129863
   -.0118445
   -.0104628
   -.0088838
   -.0070832
   -.0050352
   -.0027958
   -.0003868
    .0021880
    .0047520
    .0071636
    .0092309
    .0108575
    .0122327
    .0134642
    .0145318
    .0155964
    .0166320
    .0176774
    .0187083
    .0190527
    .0194352
    .0195044
    .0189827
    .0182346
    .0172315
    .0164524
    .0158469
    .0151813
    .0142961
    .0131958
    .0119978
    .0106872
    .0090960
    .0072234
    .0051812
    .0031278
    .0011350
   -.0007124
   -.0022724
   -.0034693
   -.0046421
   -.0061727
   -.0082539
   -.0106911
   -.0131011
   -.0151043
   -.0161815
   -.0160673
   -.0149764
   -.0136462
   -.0126742
   -.0119524
   -.0113003
   -.0106773
   -.0101525
   -.0096619
   -.0091516
   -.0086387
   -.0081688
   -.0077358
   -.0072897
   -.0067596
   -.0061102
   -.0052769
   -.0041345
   -.0027033
   -.0011492
    .0003602
    .0018428
    .0033734
    .0049162
    .0064645
    .0080144
    .0097205
    .0115546
    .0131979
    .0145483
    .0149600
    .0142511
    .0130415
    .0112588
    .0096709
    .0083300
    .0070688
    .0058285
    .0045056
    .0030481
    .0015151
   -.0000135
   -.0014771
   -.0029933
   -.0043176
   -.0050823
   -.0053137
   -.0052800
   -.0050491
   -.0045124
   -.0036674
   -.0026493
   -.0014250
    .0000837
    .0019602
    .0041517
    .0064165
    .0084353
    .0100633
    .0113885
    .0123770
    .0127865
    .0124751
    .0113561
    .0095513
    .0072838
    .0048213
    .0023382
    .0001674
   -.0013714
   -.0020693
   -.0022426
   -.0023471
   -.0024974
   -.0026092
   -.0024804
   -.0019618
   -.0011867
   -.0003655
    .0005288
    .0016218
    .0028146
    .0040248
    .0051901
    .0062913
    .0072760
    .0081419
    .0088194
    .0092871
    .0096255
    .0098039
    .0098036
    .0099157
    .0101141
    .0108669
    .0120570
    .0131132
    .0135514
    .0129580
    .0114185
    .0093588
    .0071474
    .0049327
    .0027990
    .0008493
   -.0008624
   -.0022461
   -.0031525
   -.0035675
   -.0032335
   -.0018050
    .0003823
    .0031724
    .0063933
    .0098358
    .0130812
    .0155418
    .0168504
    .0172062
    .0169202
    .0162053
    .0152889
    .0143449
    .0134155
    .0125325
    .0118084
    .0112093
    .0106462
    .0100390
    .0093121
    .0083342
    .0069974
    .0053942
    .0037798
    .0024363
    .0018137
    .0019952
    .0026778
    .0038589
    .0053620
    .0069341
    .0083389
    .0095685
    .0105420
    .0111387
    .0112480
    .0110752
    .0107796
    .0104889
    .0102706
    .0101016
    .0099061
    .0098359
    .0100564
    .0105673
    .0111494
    .0117808
    .0123490
    .0125919
    .0124521
    .0120512
    .0113481
    .0103531
    .0091960
    .0080738
    .0071307
    .0064436
    .0060343
    .0058474
    .0056579
    .0050644
    .0037321
    .0018880
   -.0000963
   -.0018845
   -.0030966
   -.0035794
   -.0035789
   -.0031237
   -.0022264
   -.0009712
    .0004962
    .0022000
    .0038165
    .0047667
    .0052685
    .0055141
    .0056398
    .0060076
    .0067184
    .0071953
    .0067658
    .0053177
    .0030954
    .0003846
   -.0025881
   -.0056204
   -.0085935
   -.0114580
   -.0141132
   -.0163673
   -.0181611
   -.0195016
   -.0203833
   -.0206231
   -.0200931
   -.0187937
   -.0168711
   -.0144110
   -.0116761
   -.0090565
   -.0069299
   -.0052859
   -.0038968
   -.0025794
   -.0011973
    .0002760
    .0017136
    .0028953
    .0036130
    .0038086
    .0033930
    .0023802
    .0008089
   -.0012401
   -.0037725
   -.0068581
   -.0103929
   -.0141718
   -.0179109
   -.0214106
   -.0247306
   -.0277848
   -.0300115
   -.0309231
   -.0307027
   -.0298044
   -.0284644
   -.0269235
   -.0255489
   -.0243144
   -.0228538
   -.0216024
   -.0204713
   -.0188895
   -.0168962
   -.0145238
   -.0118724
   -.0091572
   -.0066074
   -.0043725
   -.0024966
   -.0009113
    .0005210
    .0017444
    .0027393
    .0033115
    .0032493
    .0025689
    .0013373
   -.0000859
   -.0012081
   -.0019287
   -.0021930
   -.0016060
   -.0002144
    .0021180
    .0050334
    .0078899
    .0097816
    .0101875
    .0083827
    .0048942
    .0008550
   -.0038175
   -.0084394
   -.0125646
   -.0161420
   -.0193265
   -.0221539
   -.0248135
   -.0274211
   -.0292675
   -.0303978
   -.0307603
   -.0300845
   -.0288487
   -.0270951
   -.0249028
   -.0224992
   -.0200807
   -.0177945
   -.0155784
   -.0133674
   -.0114802
   -.0101274
   -.0092279
   -.0085720
   -.0081223
   -.0077578
   -.0071010
   -.0058833
   -.0040484
   -.0017746
    .0007068
    .0032132
    .0056948
    .0080808
    .0102149
    .0120016
    .0134311
    .0145580
    .0155645
    .0165345
    .0174065
    .0181188
    .0184723
    .0182646
    .0174324
    .0161538
    .0147249
    .0133393
    .0121010
    .0111553
    .0105204
    .0100714
    .0097492
    .0095953
    .0097355
    .0101898
    .0109570
    .0116293
    .0118283
    .0113663
    .0102659
    .0086227
    .0064924
    .0043792
    .0025901
    .0011555
    .0001970
   -.0005144
   -.0005417
   -.0000982
    .0010028
    .0026588
    .0046842
    .0067478
    .0086057
    .0101151
    .0112464
    .0119367
    .0121935
    .0121280
    .0118652
    .0112877
    .0104354
    .0092846
    .0080268
    .0068801
    .0060689
    .0056702
    .0057114
    .0061203
    .0065545
    .0070726
    .0077637
    .0082013
    .0082572
    .0080766
    .0077281
    .0071313
    .0067327
    .0064499
    .0062802
    .0063478
    .0066261
    .0070484
    .0076591
    .0082746
    .0087239
    .0091446
    .0094006
    .0094119
    .0092586
    .0090623
    .0089322
    .0088833
    .0090931
    .0096463
    .0105094
    .0120661
    .0139914
    .0158422
    .0173246
    .0185327
    .0196736
    .0209100
    .0221549
    .0231645
    .0238678
    .0240729
    .0237225
    .0227819
    .0213541
    .0195104
    .0172192
    .0146549
    .0120441
    .0094988
    .0070504
    .0047417
    .0026812
    .0009787
   -.0004462
   -.0015039
   -.0022392
   -.0030130
   -.0037055
   -.0044515
   -.0053421
   -.0064067
   -.0074429
   -.0082479
   -.0086693
   -.0087311
   -.0083617
   -.0075245
   -.0061185
   -.0042219
   -.0018833
    .0006916
    .0033114
    .0056465
    .0075051
    .0088688
    .0097985
    .0101917
    .0101261
    .0098008
    .0091994
    .0083386
    .0072221
    .0056982
    .0038410
    .0016840
   -.0006342
   -.0031134
   -.0055280
   -.0078120
   -.0098356
   -.0115145
   -.0128615
   -.0138969
   -.0144994
   -.0149647
   -.0151035
   -.0149694
   -.0144438
   -.0136085
   -.0124750
   -.0110186
   -.0091668
   -.0068666
   -.0039034
   -.0003783
    .0033777
    .0069184
    .0099036
    .0121835
    .0139767
    .0152775
    .0161294
    .0164261
    .0162165
    .0154423
    .0142515
    .0126694
    .0107307
    .0085038
    .0062498
    .0040992
    .0020934
    .0002666
   -.0013164
   -.0027266
   -.0040009
   -.0052487
   -.0064142
   -.0075072
   -.0084274
   -.0091756
   -.0096639
   -.0098222
   -.0097145
   -.0093689
   -.0088311
   -.0080621
   -.0068490
   -.0051541
   -.0031439
   -.0009570
    .0013454
    .0036614
    .0058408
    .0076562
    .0090477
    .0101328
    .0110239
    .0115776
    .0118801
    .0121426
    .0124274
    .0126785
    .0128800
    .0130117
    .0129038
    .0124661
    .0116825
    .0106145
    .0093271
    .0080212
    .0068591
    .0063171
    .0067080
    .0081393
    .0103031
    .0123972
    .0138178
    .0145713
    .0146662
    .0142711
    .0140075
    .0133813
    .0127032
    .0117167
    .0109186
    .0098787
    .0087714
    .0077883
    .0068130
    .0057679
    .0047557
    .0040214
    .0035191
    .0030634
    .0025850
    .0018382
    .0007125
   -.0007912
   -.0025928
   -.0045615
   -.0065420
   -.0081991
   -.0092288
   -.0093180
   -.0083143
   -.0064810
   -.0041103
   -.0015689
    .0010738
    .0039039
    .0070056
    .0103470
    .0138282
    .0173386
    .0206593
    .0235541
    .0258679
    .0274604
    .0284750
    .0288879
    .0286803
    .0279325
    .0268945
    .0256716
    .0242295
    .0225854
    .0207872
    .0189495
    .0171243
    .0154448
    .0139601
    .0126952
    .0116176
    .0106902
    .0099568
    .0094047
    .0089764
    .0085528
    .0080331
    .0074237
    .0068274
    .0063181
    .0059985
    .0057988
    .0058128
    .0059917
    .0062026
    .0066860
    .0074266
    .0083309
    .0092505
    .0101692
    .0110584
    .0118547
    .0122447
    .0120056
    .0111400
    .0099304
    .0085370
    .0073779
    .0063229
    .0055988
    .0050808
    .0048003
    .0042347
    .0037783
    .0031004
    .0027123
    .0021792
    .0017931
    .0025090
    .0034616
    .0042608
    .0052662
    .0064190
    .0076271
    .0088356
    .0098021
    .0106447
    .0113708
    .0119757
    .0124707
    .0127198
    .0127228
    .0125134
    .0121480
    .0118874
    .0113724
    .0105285
    .0097881
    .0092903
    .0092034
    .0094087
    .0099429
    .0105682
    .0113995
    .0121514
    .0130095
    .0137568
    .0146501
    .0152953
    .0159269
    .0157944
    .0155502
    .0154222
    .0146169
    .0142256
    .0137092
    .0133519
    .0124145
    .0120327
    .0117997
    .0116580
    .0118223
    .0115887
    .0115436
    .0112321
    .0108975
    .0106283
    .0100103
    .0101281
    .0103262
    .0102974
    .0103110
    .0102235
    .0101537
    .0100148
    .0100036
    .0097119
    .0096887
    .0093119
    .0090205
    .0090325
    .0084840
    .0084736
    .0086549
    .0087998
    .0090787
    .0091372
    .0092249
    .0092914
    .0093913
    .0094963
    .0095172
    .0094046
    .0094517
    .0094061
    .0095681
    .0096431
    .0097203
    .0097532
    .0096058
    .0095343
    .0094838
    .0093242
    .0095007
    .0096579
    .0097082
    .0101572
    .0103922
    .0103054
    .0105494
    .0106393
    .0106408
    .0104855
    .0103924
    .0104682
    .0105639
    .0103885
    .0103225
    .0102340
    .0102835
    .0103218
    .0105016
    .0104016
    .0105386
    .0106317
    .0107076
    .0105502
    .0105463
    .0106285
    .0106607
    .0104080
    .0102982
    .0100989
    .0100092
    .0098333
    .0097756
    .0096496
    .0095873
    .0093655
    .0091789
    .0089760
    .0086244
    .0084836
    .0078047
    .0078345
    .0073813
    .0065354
    .0064574
    .0062198
    .0062517
    .0060636
    .0061701
    .0059905
    .0062877
    .0071497
    .0065468
    .0066942
    .0069144
    .0071229
    .0073462
    .0070825
    .0075468
    .0066280
    .0076724