    .0037991
    .0037070
    .0038007
    .0037432
    .0037075
    .0036219
    .0035925
    .0035864
    .0036007
    .0036774
    .0038011
    .0038714
    .0038363
    .0037484
    .0036868
    .0036072
    .0034856
    .0034835
    .0035802
    .0036249
    .0037688
    .0036183
    .0035075
    .0030197
    .0023859
    .0019754
    .0019738
    .0022995
    .0029093
    .0032582
    .0032279
    .0031870
    .0035472
    .0022513
    .0015107
    .0012732
    .0019340
    .0035467
    .0056170
    .0071224
    .0082034
    .0083978
    .0075977
    .0066599
    .0056698
    .0045301
    .0033854
    .0021833
    .0015362
    .0024407
    .0044757
    .0059931
    .0061073
    .0052294
    .0039564
    .0026794
    .0028064
    .0032741
    .0018521
   -.0001880
   -.0013329
   -.0017500
   -.0035300
   -.0038257
   -.0006917
    .0050694
    .0114479
    .0154620
    .0143511
    .0107255
    .0085242
    .0084030
    .0104520
    .0121777
    .0110830
    .0060008
   -.0005571
   -.0051639
   -.0053290
   -.0022644
    .0042851
    .0116753
    .0177485
    .0205346
    .0206443
    .0177583
    .0114003
    .0036436
   -.0043608
   -.0110048
   -.0144265
   -.0146724
   -.0112331
   -.0032812
    .0060986
    .0118267
    .0121120
    .0092619
    .0052827
    .0024023
   -.0006111
   -.0036057
   -.0053730
   -.0056874
   -.0036391
   -.0000126
    .0037275
    .0061866
    .0046817
   -.0011383
   -.0094155
   -.0173771
   -.0234904
   -.0242174
   -.0182105
   -.0059408
    .0072163
    .0168667
    .0226239
    .0215125
    .0132629
    .0035977
   -.0048710
   -.0113423
   -.0167787
   -.0188456
   -.0154504
   -.0081794
   -.0001872
    .0057650
    .0084981
    .0062000
   -.0001108
   -.0079201
   -.0145419
   -.0164725
   -.0129045
   -.0048237
    .0045782
    .0132645
    .0200130
    .0235940
    .0228152
    .0187024
    .0152302
    .0132531
    .0110856
    .0100563
    .0124834
    .0171613
    .0207711
    .0188623
    .0121115
    .0031544
   -.0054333
   -.0110637
   -.0115406
   -.0076831
   -.0031309
    .0019536
    .0063545
    .0089614
    .0083243
    .0063172
    .0046509
    .0029832
    .0013723
    .0008791
    .0032782
    .0103648
    .0199093
    .0293120
    .0353293
    .0370043
    .0346325
    .0309872
    .0250501
    .0186195
    .0100590
    .0001769
   -.0107701
   -.0215841
   -.0293830
   -.0323036
   -.0298335
   -.0220293
   -.0129086
   -.0053841
    .0006481
    .0052315
    .0088857
    .0121879
    .0147948
    .0173901
    .0185735
    .0175756
    .0147946
    .0123382
    .0137778
    .0171927
    .0171985
    .0113859
    .0016809
   -.0090962
   -.0166988
   -.0162785
   -.0053923
    .0150749
    .0379613
    .0577456
    .0680295
    .0681692
    .0580814
    .0346680
    .0044550
   -.0250729
   -.0480976
   -.0570279
   -.0533678
   -.0363551
   -.0119506
    .0112766
    .0270573
    .0309865
    .0205092
   -.0007583
   -.0243691
   -.0411287
   -.0477333
   -.0429019
   -.0285058
   -.0033137
    .0206220
    .0338342
    .0396601
    .0364908
    .0252355
    .0116346
    .0002097
   -.0057768
   -.0073827
   -.0085559
   -.0120293
   -.0192797
   -.0314385
   -.0451593
   -.0567722
   -.0614075
   -.0559901
   -.0377724
   -.0146894
    .0053809
    .0190150
    .0302828
    .0396485
    .0445925
    .0449773
    .0377413
    .0211963
    .0024823
   -.0100424
   -.0127627
   -.0071035
    .0024869
    .0091938
    .0069128
    .0004888
   -.0012819
    .0056810
    .0175058
    .0279899
    .0296254
    .0208886
    .0045506
   -.0171957
   -.0381401
   -.0565798
   -.0678914
   -.0719277
   -.0667316
   -.0538964
   -.0241447
    .0144632
    .0494536
    .0708854
    .0794851
    .0772704
    .0663079
    .0489453
    .0270371
    .0049839
   -.0118204
   -.0192238
   -.0190291
   -.0109493
    .0019532
    .0136930
    .0216238
    .0240372
    .0229476
    .0208622
    .0163233
    .0100811
    .0019789
   -.0058888
   -.0122419
   -.0180379
   -.0244606
   -.0322109
   -.0400694
   -.0452722
   -.0457318
   -.0419843
   -.0309609
   -.0135364
    .0054954
    .0205156
    .0288171
    .0295348
    .0231552
    .0131277
    .0012798
   -.0110089
   -.0188380
   -.0183697
   -.0090468
    .0052130
    .0200140
    .0300164
    .0319241
    .0278187
    .0237117
    .0241465
    .0291070
    .0361601
    .0416068
    .0437000
    .0404332
    .0278292
    .0083154
   -.0095367
   -.0195500
   -.0195161
   -.0076296
    .0125842
    .0304015
    .0424595
    .0465909
    .0403299
    .0284066
    .0172803
    .0093837
    .0068650
    .0078380
    .0083150
    .0079227
    .0068761
    .0032492
   -.0056928
   -.0193008
   -.0354462
   -.0484784
   -.0561626
   -.0640477
   -.0707301
   -.0740036
   -.0810335
   -.0887440
   -.0916619
   -.0900719
   -.0882256
   -.0855134
   -.0808818
   -.0787254
   -.0831364
   -.0934960
   -.1071861
   -.1181602
   -.1208444
   -.1086975
   -.0812956
   -.0426173
   -.0071027
    .0164001
    .0278709
    .0290141
    .0218682
    .0109817
    .0019889
    .0017954
    .0112719
    .0260156
    .0372940
    .0463312
    .0538204
    .0613173
    .0665723
    .0763190
    .0924580
    .1185554
    .1499878
    .1707209
    .1649562
    .1229832
    .0307645
   -.0465301
   -.0917488
   -.1207938
   -.1310780
   -.1311348
   -.1140977
   -.0888505
   -.0694226
   -.0641680
   -.0730384
   -.0922167
   -.1104190
   -.1251085
   -.1357347
   -.1426795
   -.1354499
   -.0917328
    .0247540
    .1020851
    .1908028
    .2375697
    .2354366
    .1510793
    .1056839
    .0351465
   -.0310565
   -.0506052
   -.0836311
   -.0920274
   -.1420591
   -.1406069
   -.1474399
   -.1141612
   -.1148726
   -.1091308
   -.1094675
   -.1231681
   -.0902587
   -.0267430
    .0192923
    .0517317
    .0871577
    .1430094
    .1925316
    .2314915
    .2600202
    .2715542
    .2697412
    .2553962
    .1942062
    .1189605
    .0347959
    .0087532
   -.0220908
   -.0722043
   -.1248050
   -.1285385
   -.1385564
   -.1210943
   -.0931165
   -.0694149
   -.0358907
   -.0094313
    .1131683
    .1687187
    .1945935
    .2140876
    .2593902
    .2868483
    .3164027
    .3424340
    .3526077
    .3555093
    .3534246
    .3430246
    .3244543
    .2994167
    .2539109
    .2104865
    .1542700
    .1292714
    .1025949
    .0749722
    .0441904
    .0090211
   -.0073866
   -.0266616
   -.0055661
   -.0081562
   -.0623238
   -.0969474
   -.1242482
   -.1086693
   -.1234945
   -.1262897
   -.0878535
   -.0912443
   -.0859366
   -.0925351
   -.0980059
   -.1000326
   -.1122998
   -.1312590
   -.1736510
   -.1905354
   -.2041606
   -.1910802
   -.1598486
   -.1487779
   -.1465027
   -.1460113
   -.1402087
   -.1454867
   -.1361356
   -.1280402
   -.0969979
   -.0759129
   -.0413120
   -.0091063
    .0478302
    .0842368
    .1471609
    .1821004
    .2107549
    .2370656
    .2607609
    .2738566
    .2843381
    .2977791
    .3140541
    .3259939
    .3339674
    .3390589
    .3417673
    .3271472
    .3023891
    .2811051
    .2701730
    .2496178
    .2220918
    .1815745
    .1532906
    .1370946
    .1114363
    .0955555
    .0754071
    .0912021
    .0907099
    .1127062
    .0976373
    .0855696
    .0421421
    .0186598
   -.0181572
   -.0960328
   -.1418900
   -.2044067
   -.2445122
   -.2775714
   -.2841301
   -.2791216
   -.2710820
   -.2352520
   -.1901219
   -.1483684
   -.1521328
   -.1632174
   -.1684232
   -.1634250
   -.2459592
   -.2942947
   -.3628100
   -.3839551
   -.3781128
   -.3240860
   -.2857642
   -.1750113
   -.1094260
   -.0491335
    .0436681
    .1040570
    .0977549
    .0251492
   -.0618032
   -.0516293
   -.0830946
   -.1124192
   -.1382591
   -.1334375
   -.0822653
    .0051404
    .0785084
    .1301845
    .1327436
    .1094582
   -.0687425
   -.1899608
   -.2255883
   -.2522702
   -.2543634
   -.2275510
   -.1801405
   -.0978837
   -.0341343
   -.0039973
    .0067088
   -.0029811
   -.0118603
   -.0387802
   -.1348204
   -.2537431
   -.2342370
   -.1129867
   -.0942198
   -.0901520
   -.0900349
   -.0882276
   -.1058585
   -.1271728
   -.1361247
   -.1512801
   -.1642027
   -.1796571
   -.2001598
   -.1894670
   -.1578562
   -.1035815
   -.0362223
    .0117146
    .0415835
    .0734064
    .1080072
    .1501717
    .1672734
    .1984957
    .2389585
    .2864896
    .3184640
    .3347546
    .3526058
    .3632417
    .3676123
    .3629585
    .3612339
    .3501471
    .3354788
    .3161395
    .2979089
    .2672989
    .2425131
    .2270405
    .2086279
    .1958986
    .1818450
    .1495240
    .1099177
    .0825660
    .0447965
    .0302994
    .0100045
    .0080019
   -.0023680
   -.0110589
    .0070305
    .0039125
   -.0073656
   -.0189110
   -.0544723
   -.0764576
   -.0994985
   -.1135411
   -.1303936
   -.1438598
   -.1518862
   -.1576641
   -.1631143
   -.1635759
   -.1641364
   -.1604070
   -.1497773
   -.1422066
   -.1234938
   -.0932770
   -.0714726
   -.0575852
   -.0340166
   -.0186069
   -.0135644
   -.0061864
   -.0055388
   -.0066274
   -.0032622
    .0012667
    .0264460
    .0988327
    .1851206
    .2875780
    .3039960
    .3442826
    .3513527
    .3076767
    .2387722
    .1685463
    .1519451
    .1151271
    .0897555
    .0603056
    .0514634
    .0198309
   -.0411064
   -.0310732
   -.0485256
   -.0896068
   -.1171759
   -.1426656
   -.1866202
   -.1722446
   -.1637725
   -.1408460
   -.1142911
   -.0754791
   -.0167434
    .0049974
   -.0091744
   -.0250583
   -.0421965
   -.0529079
   -.0958388
   -.1120012
   -.1161776
   -.1504339
   -.1452375
   -.1495629
   -.1433897
   -.1436037
   -.1431046
   -.1434305
   -.1428262
   -.1186103
   -.0986269
   -.0835781
   -.0191839
    .0807327
    .1047481
    .1704100
    .2285048
    .2584657
    .2874035
    .2814623
    .2376695
    .1849422
    .1231485
    .0742758
    .0498670
    .0499231
    .0700389
    .0725101
    .0644294
    .0674729
    .0603024
    .0185419
   -.0305120
   -.0766989
   -.1234143
   -.1509827
   -.1695747
   -.1253805
   -.0659836
   -.0051741
    .1216087
    .1848359
    .1922766
    .1921462
    .1196697
    .0574172
    .0172606
   -.0295932
   -.0676337
   -.1041827
   -.0615962
   -.1041591
   -.0672534
   -.0876547
   -.0870588
   -.1217398
   -.2207571
   -.2395209
   -.2469458
   -.2416414
   -.2278040
   -.1895590
   -.1419027
   -.0900956
   -.0429342
    .0109884
    .0424255
    .0760766
    .0794341
    .0861127
    .0863022
    .0677772
    .0667339
    .0643383
    .0649054
    .0698745
    .0596900
    .0611348
    .0586310
    .0425838
    .0176278
   -.0087637
   -.0205615
   -.0414928
   -.0623533
   -.0734236
   -.0793214
   -.0685669
   -.0229970
   -.0044521
    .0367640
    .0437185
    .0523994
    .0538779
    .0635107
    .0475848
    .0291679
    .0108387
   -.0128494
   -.0423896
   -.0545431
   -.0646261
   -.0638182
   -.0426285
   -.0586133
   -.0809699
   -.1377926
   -.1564377
   -.1599022
   -.1543456
   -.1157552
   -.0954405
   -.0461669
   -.0276622
    .0013869
    .0201645
    .0427461
    .0181217
   -.0271575
   -.0354760
   -.0445543
   -.0572136
   -.0621871
   -.0449908
   -.0398709
   -.0179479
    .0104577
    .0713613
    .1290308
    .1263238
    .0194086
   -.0617316
   -.1026033
   -.1172793
   -.0933095
   -.0324534
   -.0068840
    .0458879
    .0887979
    .0922194
    .1110842
    .1088983
    .1032835
    .1038923
    .0395688
   -.0008571
   -.0173371
   -.0564591
   -.0584135
   -.0354055
    .0260616
    .0428908
    .0593569
    .1345670
    .1446091
    .1482870
    .1470793
    .1250833
    .0884259
    .0084721
   -.0429826
   -.0644162
   -.0887805
   -.0968778
   -.0932233
   -.0799275
   -.0630038
   -.0224302
   -.0013183
    .0013323
    .0026298
    .0072428
    .0135177
    .0188700
    .0184090
    .0335345
    .0321421
    .0312357
    .0342193
    .0430560
    .0599400
    .0693472
    .0979711
    .1458551
    .1618150
    .1653455
    .1544611
    .1328077
    .1171393
    .0975955
    .0772416
    .0550537
    .0332657
    .0180042
   -.0093363
   -.0101522
   -.0047513
    .0024758
    .0169956
    .0282952
    .0257795
    .0233402
    .0143066
    .0056706
   -.0009567
   -.0045739
   -.0026101
   -.0014292
   -.0029340
    .0002476
   -.0021345
   -.0067679
   -.0156110
   -.0205830
   -.0309515
   -.0451209
   -.0607945
   -.0723326
   -.0813163
   -.0943706
   -.1021338
   -.1049610
   -.1024346
   -.0898891
   -.0812012
   -.0728861
   -.0601342
   -.0531859
   -.0479681
   -.0447054
   -.0364797
   -.0308060
   -.0223499
   -.0131587
   -.0032652
    .0083291
    .0295099
    .0381774
    .0443123
    .0465866
    .0450335
    .0395528
    .0311519
    .0284907
    .0257969
    .0215510
    .0177690
    .0162622
    .0168152
    .0166039
    .0122837
    .0083475
    .0048033
    .0014324
    .0021907
    .0018965
   -.0031204
   -.0014883
   -.0078547
   -.0119410
   -.0100326
   -.0010562
    .0087996
    .0230299
    .0359716
    .0368145
    .0324670
    .0237436
    .0032415
   -.0158544
   -.0464982
   -.0606699
   -.0709642
   -.0796123
   -.0850369
   -.0752615
   -.0779201
   -.0640423
   -.0609073
   -.0627452
   -.0584212
   -.0528959
   -.0481438
   -.0529531
   -.0547433
   -.0561017
   -.0537890
   -.0371525
   -.0119112
    .0139249
    .0373407
    .0608440
    .0654460
    .0634035
    .0534433
    .0445082
    .0381515
    .0357625
    .0177795
    .0070620
   -.0127920
   -.0279162
   -.0496066
   -.0512543
   -.0328462
   -.0057801
    .0105025
    .0308313
    .0672171
    .0784474
    .0853783
    .0886089
    .0888512
    .0866066
    .0819067
    .0739545
    .0610940
    .0441848
    .0300450
    .0200734
    .0162262
    .0219455
    .0317982
    .0392101
    .0442789
    .0471200
    .0481487
    .0489068
    .0508121
    .0542945
    .0582634
    .0600100
    .0568521
    .0486885
    .0339025
    .0151948
   -.0049897
   -.0247281
   -.0408885
   -.0522254
   -.0571689
   -.0533627
   -.0404948
   -.0210418
    .0009605
    .0169209
    .0250116
    .0253413
    .0153148
    .0015420
   -.0110687
   -.0195169
   -.0195733
   -.0094851
    .0073831
    .0268597
    .0462501
    .0623301
    .0733498
    .0817843
    .0867152
    .0887031
    .0912078
    .0906321
    .0892415
    .0879949
    .0851229
    .0778530
    .0666279
    .0508522
    .0320747
    .0151490
    .0064229
    .0057601
    .0107295
    .0156357
    .0195866
    .0215377
    .0192999
    .0107924
   -.0027704
   -.0172753
   -.0287867
   -.0346905
   -.0367055
   -.0356020
   -.0329529
   -.0289402
   -.0259120
   -.0246929
   -.0252738
   -.0267630
   -.0289586
   -.0295990
   -.0283786
   -.0273692
   -.0287534
   -.0311942
   -.0316578
   -.0327671
   -.0350737
   -.0398019
   -.0476937
   -.0568226
   -.0640383
   -.0662797
   -.0617861
   -.0478796
   -.0269066
   -.0083840
    .0031967
    .0045878
   -.0033325
   -.0151421
   -.0258402
   -.0292445
   -.0210024
   -.0035167
    .0174766
    .0358389
    .0474100
    .0503393
    .0442923
    .0331704
    .0195317
    .0066577
   -.0040480
   -.0111920
   -.0182338
   -.0240551
   -.0300744
   -.0355496
   -.0398374
   -.0420160
   -.0412393
   -.0391499
   -.0371563
   -.0345440
   -.0338690
   -.0352631
   -.0374570
   -.0401330
   -.0403693
   -.0383513
   -.0326343
   -.0237412
   -.0150288
   -.0084444
   -.0055273
   -.0076028
   -.0129674
   -.0195981
   -.0247745
   -.0265109
   -.0243363
   -.0175723
   -.0070588
    .0042743
    .0148643
    .0237623
    .0309205
    .0338838
    .0318195
    .0272481
    .0226229
    .0187858
    .0174832
    .0189095
    .0217094
    .0245757
    .0261832
    .0263495
    .0252810
    .0231129
    .0204048
    .0184986
    .0169117
    .0154376
    .0142528
    .0132982
    .0090572
    .0046903
    .0005558
    .0001662
    .0030165
    .0050109
    .0056732
    .0057321
    .0054691
    .0048669
    .0054209
    .0058106
    .0058817
    .0079999
    .0099983
    .0112660
    .0076871
    .0010914
   -.0041733
   -.0080461
   -.0116443
   -.0146349
   -.0181082
   -.0225271
   -.0282409
   -.0348061
   -.0400006
   -.0427704
   -.0420292
   -.0383631
   -.0329929
   -.0272167
   -.0214690
   -.0140050
   -.0046698
    .0065354
    .0192746
    .0346799
    .0505822
    .0636256
    .0737393
    .0800733
    .0805208
    .0758121
    .0683587
    .0592051
    .0494862
    .0396365
    .0303406
    .0239040
    .0202219
    .0186532
    .0181873
    .0182541
    .0175756
    .0152595
    .0115565
    .0075838
    .0029150
   -.0017671
   -.0054613
   -.0084481
   -.0101341
   -.0104434
   -.0110131
   -.0118761
   -.0136271
   -.0161939
   -.0203610
   -.0267682
   -.0345007
   -.0416898
   -.0453786
   -.0459455
   -.0422227
   -.0351102
   -.0279568
   -.0237750
   -.0229672
   -.0247501
   -.0274324
   -.0304867
   -.0335989
   -.0355387
   -.0355983
   -.0321217
   -.0253798
   -.0156352
   -.0058442
    .0008919
    .0060747
    .0112289
    .0172733
    .0222435
    .0265172
    .0307831
    .0337384
    .0358194
    .0361834
    .0349887
    .0335559
    .0329587
    .0331115
    .0337092
    .0324533
    .0295321
    .0249039
    .0204019
    .0166611
    .0148429
    .0133439
    .0101578
    .0044665
   -.0025649
   -.0090258
   -.0155328
   -.0219030
   -.0280712
   -.0324676
   -.0347650
   -.0359211
   -.0349426
   -.0314139
   -.0262315
   -.0214793
   -.0168803
   -.0128044
   -.0093776
   -.0043830
   -.0000826
    .0041240
    .0076010
    .0112982
    .0158505
    .0203980
    .0255414
    .0298979
    .0323910
    .0325085
    .0299111
    .0247777
    .0193335
    .0160068
    .0158287
    .0179442
    .0221664
    .0290469
    .0355577
    .0414438
    .0426870
    .0369973
    .0267929
    .0170652
    .0101965
    .0078791
    .0104005
    .0143145
    .0175412
    .0188487
    .0180081
    .0162043
    .0120739
    .0081347
    .0052848
    .0040858
    .0027599
    .0029798
    .0049771
    .0094831
    .0155788
    .0216262
    .0258790
    .0273618
    .0249135
    .0200065
    .0142229
    .0079568
    .0022324
   -.0020063
   -.0053923
   -.0058316
   -.0029765
    .0015421
    .0059748
    .0078040
    .0058475
   -.0006811
   -.0090357
   -.0162921
   -.0222836
   -.0266640
   -.0289474
   -.0303060
   -.0287516
   -.0242065
   -.0174841
   -.0124554
   -.0113170
   -.0143267
   -.0191010
   -.0235098
   -.0269006
   -.0284677
   -.0263680
   -.0194862
   -.0086324
    .0037073
    .0150736
    .0234904
    .0278308
    .0278452
    .0254766
    .0210122
    .0155299
    .0106346
    .0060206
    .0021132
    .0002923
   -.0002194
    .0009589
    .0027651
    .0046037
    .0058477
    .0070681
    .0069288
    .0063600
    .0059122
    .0055619
    .0061673
    .0067879
    .0076133
    .0089416
    .0115092
    .0159729
    .0231474
    .0309062
    .0371307
    .0401843
    .0392456
    .0347077
    .0277755
    .0205284
    .0148978
    .0108536
    .0091895
    .0089562
    .0088794
    .0083888
    .0085066
    .0087669
    .0106996
    .0137508
    .0182346
    .0219355
    .0241992
    .0248767
    .0245605
    .0246734
    .0247251
    .0243324
    .0229078
    .0199358
    .0170846
    .0148762
    .0130121
    .0103555
    .0079974
    .0079245
    .0084241
    .0076423
    .0038954
   -.0000478
   -.0033942
   -.0051716
   -.0043920
   -.0038215
   -.0042303
   -.0054303
   -.0051964
   -.0030158
    .0005447
    .0061286
    .0112471
    .0137752
    .0120211
    .0078574
    .0017591
   -.0044510
   -.0086302
   -.0104176
   -.0115642
   -.0111488
   -.0099516
   -.0072806
   -.0055019
   -.0051789
   -.0048741
   -.0064203
   -.0102722
   -.0147291
   -.0184585
   -.0210586
   -.0214890
   -.0195664
   -.0164051
   -.0134502
   -.0122531
   -.0122260
   -.0135756
   -.0144538
   -.0158154
   -.0178907
   -.0204660
   -.0219002
   -.0217736
   -.0212963
   -.0202517
   -.0176466
   -.0135699
   -.0086534
   -.0053068
   -.0042747
   -.0041536
   -.0062844
   -.0116369
   -.0182552
   -.0246430
   -.0303646
   -.0327351
   -.0310629
   -.0264030
   -.0194304
   -.0118010
   -.0064459
   -.0038702
   -.0023834
   -.0027292
   -.0046294
   -.0076337
   -.0099700
   -.0112875
   -.0104462
   -.0075634
   -.0030219
    .0033127
    .0099519
    .0154063
    .0190578
    .0192760
    .0174971
    .0145485
    .0113461
    .0093847
    .0086976
    .0090614
    .0098999
    .0092713
    .0080802
    .0047707
    .0019190
   -.0005444
   -.0028654
   -.0044219
   -.0058959
   -.0077878
   -.0103558
   -.0121655
   -.0123072
   -.0101203
   -.0080015
   -.0078129
   -.0062958
   -.0025492
    .0018224
    .0049481
    .0048110
    .0031244
    .0016440
    .0004326
   -.0007997
   -.0001295
    .0010527
    .0017613
    .0004802
   -.0012138
   -.0029491
   -.0035820
   -.0035573
   -.0016697
    .0001835
    .0016179
    .0026131
    .0031111
    .0041565
    .0057264
    .0084867
    .0103595
    .0125577
    .0159724
    .0195395
    .0229133
    .0242206
    .0246182
    .0240786
    .0243380
    .0245302
    .0243693
    .0260221
    .0282915
    .0299528
    .0310543
    .0315659
    .0301523
    .0277450
    .0242529
    .0188709
    .0138567
    .0112969
    .0117271
    .0142668
    .0192960
    .0256089
    .0304471
    .0322131
    .0302608
    .0238600
    .0139065
    .0033828
   -.0038606
   -.0079547
   -.0099159
   -.0108745
   -.0110747
   -.0100925
   -.0080587
   -.0056014
   -.0045998
   -.0054168
   -.0066723
   -.0098596
   -.0137640
   -.0168470
   -.0189490
   -.0196800
   -.0187645
   -.0173063
   -.0149398
   -.0126489
   -.0102496
   -.0077420
   -.0053265
   -.0030243
    .0004206
    .0037638
    .0077529
    .0119092
    .0141554
    .0161096
    .0169826
    .0171244
    .0164760
    .0165210
    .0169619
    .0169057
    .0166624
    .0162522
    .0167658
    .0176020
    .0166604
    .0132965
    .0091170
    .0049586
    .0011896
   -.0015391
   -.0025196
   -.0023476
   -.0012993
    .0000286
    .0015670
    .0015093
   -.0004065
   -.0039933
   -.0087398
   -.0133056
   -.0163425
   -.0161121
   -.0137011
   -.0098265
   -.0047799
   -.0004004
    .0017301
    .0017404
    .0013606
    .0028778
    .0051351
    .0078523
    .0102188
    .0127192
    .0135314
    .0115024
    .0067157
    .0008386
   -.0036878
   -.0066466
   -.0082705
   -.0090794
   -.0098088
   -.0102803
   -.0103304
   -.0109034
   -.0124000
   -.0144442
   -.0165478
   -.0183474
   -.0184195
   -.0175022
   -.0170184
   -.0166182
   -.0168457
   -.0178105
   -.0179604
   -.0165217
   -.0119340
   -.0052294
    .0029965
    .0109896
    .0191018
    .0243385
    .0275145
    .0275626
    .0252781
    .0220239
    .0194223
    .0174110
    .0172030
    .0191742
    .0230334
    .0272057
    .0306335
    .0321234
    .0319070
    .0302197
    .0283207
    .0264815
    .0250120
    .0239170
    .0232474
    .0230009
    .0234390
    .0237708
    .0247142
    .0269344
    .0287822
    .0301821
    .0304462
    .0296210
    .0266316
    .0218247
    .0169335
    .0146769
    .0139063
    .0134172
    .0136324
    .0145126
    .0158598
    .0163150
    .0149415
    .0129430
    .0110279
    .0087504
    .0059410
    .0030332
   -.0006900
   -.0040380
   -.0066898
   -.0084587
   -.0102812
   -.0102635
   -.0093594
   -.0100241
   -.0125525
   -.0141747
   -.0157982
   -.0175512
   -.0191349
   -.0211149
   -.0244481
   -.0279894
   -.0314073
   -.0346263
   -.0379160
   -.0380774
   -.0373978
   -.0368681
   -.0357687
   -.0340306
   -.0322558
   -.0298206
   -.0276699
   -.0260156
   -.0244353
   -.0227154
   -.0201078
   -.0175935
   -.0155552
   -.0134567
   -.0109527
   -.0073843
   -.0031091
    .0005628
    .0018747
    .0008727
   -.0007305
   -.0028721
   -.0046806
   -.0062849
   -.0076472
   -.0083231
   -.0082005
   -.0075683
   -.0062430
   -.0047221
   -.0028761
   -.0003931
    .0019327
    .0033333
    .0024607
   -.0004803
   -.0029621
   -.0031185
   -.0015186
   -.0004759
    .0004409
    .0001662
    .0002653
    .0011642
    .0023785
    .0032423
    .0037275
    .0036491
    .0039752
    .0058876
    .0097542
    .0135901
    .0161268
    .0187643
    .0212867
    .0217825
    .0224649
    .0236948
    .0241353
    .0225847
    .0215877
    .0194328
    .0164630
    .0147741
    .0139540
    .0127489
    .0120382
    .0128409
    .0136675
    .0139719
    .0150774
    .0167170
    .0169155
    .0161902
    .0153044
    .0140403
    .0130099
    .0120676
    .0109745
    .0096816
    .0074796
    .0054245
    .0036218
    .0028139
    .0021605
    .0023137
    .0038353
    .0054432
    .0059406
    .0063254
    .0066267
    .0065317
    .0061044
    .0063717
    .0075501
    .0083093
    .0088512
    .0090048
    .0083327
    .0073735
    .0068237
    .0065031
    .0063382
    .0057013
    .0048747
    .0041825
    .0032959
    .0023762
    .0007473
   -.0005765
   -.0017417
   -.0028590
   -.0039540
   -.0041664
   -.0040005
   -.0038993
   -.0033791
   -.0028477
   -.0026598
   -.0028547
   -.0030843
   -.0029627
   -.0026394
   -.0020523
   -.0015243
   -.0011393
   -.0001689
    .0007981
    .0012860
    .0016455
    .0019806
    .0025030
    .0028594
    .0031715
    .0032783
    .0032359
    .0031433
    .0031756
    .0031931
    .0033722
    .0032939
    .0033412
    .0033814
    .0035284
    .0036009
    .0037428
    .0037681
    .0038551
    .0038618
    .0039534
    .0039014
    .0039124
    .0038189
    .0038328
    .0037463
    .0037780
    .0037063
    .0037448
    .0036518
    .0036600
    .0035613
    .0036033
    .0035414
    .0035872
    .0034845
    .0035060
    .0033937
    .0033989
    .0032535
    .0032340
    .0030740
    .0030505
    .0028841
    .0028523
    .0026852
    .0026981
    .0025477
    .0025289
    .0024087
    .0024217
    .0023124
    .0023281
    .0022366
    .0022632
    .0021963
    .0022329
    .0021994
    .0022465
    .0022676
    .0023339
    .0024745
    .0025215
    .0030214