    .776213E-05
    .778665E-05
    .768812E-05
    .770879E-05
    .760578E-05
    .754231E-05
    .753285E-05
    .752345E-05
    .741778E-05
    .732976E-05
    .725556E-05
    .734345E-05
    .725852E-05
    .695538E-05
    .694288E-05
    .686706E-05
    .703805E-05
    .662871E-05
    .675131E-05
    .616835E-05
    .654966E-05
    .630294E-05
    .603425E-05
    .627835E-05
    .593083E-05
   -.159075E-03
    .101276E-04
    .486890E-05
    .911224E-05
    .462889E-05
    .942199E-05
    .270001E-05
    .916432E-05
    .330884E-05
    .922625E-05
    .219187E-05
    .926083E-05
    .953630E-06
    .113497E-04
    .108696E-06
    .119237E-04
    .257271E-06
    .105421E-04
   -.212139E-05
    .134740E-04
   -.234355E-05
    .135462E-04
   -.455298E-05
    .105078E-04
   -.726836E-05
    .147813E-04
   -.595777E-05
    .128398E-04
   -.351410E-05
    .105534E-04
   -.689053E-05
    .632480E-06
    .425720E-05
    .158659E-05
    .320726E-05
   -.168554E-05
   -.232120E-05
    .209760E-05
    .561165E-05
   -.163585E-05
    .716780E-05
   -.224762E-05
    .304202E-06
   -.261925E-05
    .460810E-05
   -.682584E-05
    .263024E-05
   -.771778E-05
    .419411E-05
   -.497434E-05
    .213360E-05
   -.575363E-05
    .768400E-07
   -.124439E-04
    .454419E-05
   -.754651E-05
    .382206E-05
   -.498750E-05
   -.422795E-05
   -.122151E-04
   -.546829E-05
   -.322844E-04
    .150194E-04
   -.223816E-04
    .174817E-04
   -.252962E-04
    .186658E-04
   -.271066E-04
    .199073E-04
   -.346480E-04
    .189193E-04
   -.396275E-04
    .206235E-04
   -.292778E-04
    .225463E-04
   -.389518E-04
    .320258E-04
   -.295609E-04
    .127200E-04
   -.399552E-04
    .307428E-04
   -.396315E-04
    .260313E-04
   -.457427E-04
    .200759E-04
   -.360097E-04
    .246940E-04
   -.408442E-04
    .285396E-04
   -.625668E-04
    .339235E-04
   -.455054E-04
    .253411E-04
    .627417E-06
   -.212387E-04
    .653118E-05
   -.264004E-04
    .139914E-04
   -.265184E-04
   -.909167E-05
   -.229056E-04
   -.725015E-06
   -.283034E-04
    .281247E-05
   -.130511E-04
    .809887E-05
   -.336568E-04
   -.183959E-05
   -.283316E-04
   -.657179E-05
   -.303175E-04
    .180609E-04
   -.370836E-04
   -.878605E-05
   -.161689E-04
    .167915E-04
   -.234324E-04
   -.614521E-06
   -.599804E-04
    .336144E-04
   -.410116E-04
    .340197E-05
   -.323895E-04
    .365158E-04
   -.756137E-04
    .431058E-04
   -.583445E-04
    .307039E-04
   -.784990E-04
    .379988E-04
   -.733129E-04
    .757565E-04
   -.864016E-04
    .492203E-04
   -.933271E-04
    .485144E-04
   -.748320E-04
    .563480E-04
   -.926085E-04
    .549765E-04
   -.953304E-04
    .496782E-04
   -.586786E-04
    .516646E-04
   -.963087E-04
    .541560E-04
   -.101696E-03
    .390357E-04
   -.753825E-04
    .481459E-04
   -.722692E-04
    .426894E-04
   -.959248E-04
   -.735993E-04
    .197623E-04
   -.491633E-04
    .206438E-05
   -.524637E-04
    .836836E-05
   -.684529E-04
    .373781E-04
   -.557226E-04
    .240837E-05
   -.658871E-04
    .198600E-04
   -.417380E-04
   -.614473E-05
   -.698766E-04
    .470756E-05
   -.543682E-04
    .283427E-05
   -.321965E-04
   -.496885E-05
   -.418920E-04
    .349323E-05
   -.501650E-04
    .121364E-04
   -.355190E-04
    .330620E-05
   -.730072E-04
    .266157E-04
   -.615442E-04
    .305740E-04
   -.499322E-04
    .505899E-04
   -.106069E-03
    .706167E-04
   -.107582E-03
    .820989E-04
   -.108296E-03
    .525114E-04
   -.839842E-04
    .806049E-04
   -.111210E-03
    .869968E-04
   -.966681E-04
    .448274E-04
   -.116562E-03
    .604286E-04
   -.850479E-04
    .766161E-04
   -.141123E-03
    .926648E-04
   -.102046E-03
    .704693E-04
   -.126309E-03
    .651943E-04
   -.106825E-03
    .512723E-04
   -.954963E-04
    .756404E-04
   -.139935E-03
    .959519E-04
   -.101515E-03
   -.462911E-04
    .375801E-04
   -.463729E-04
    .448644E-04
   -.521565E-04
    .521612E-04
   -.502895E-04
    .333873E-04
   -.799885E-04
    .459511E-04
   -.341696E-04
    .336519E-04
   -.495041E-04
    .634755E-04
   -.514652E-04
    .560810E-04
   -.787183E-04
    .646838E-04
   -.132499E-03
    .346049E-04
   -.606395E-04
    .589022E-04
   -.781123E-04
    .843453E-04
   -.770006E-04
    .255510E-04
   -.731631E-04
    .433299E-04
   -.972996E-04
    .265718E-04
   -.812694E-04
    .882131E-04
   -.108814E-03
    .821328E-04
   -.822703E-04
    .787478E-04
   -.121531E-03
    .589252E-04
   -.112370E-03
    .101891E-03
   -.108769E-03
    .817160E-04
   -.959554E-04
    .804727E-04
   -.140001E-03
    .887656E-04
   -.742334E-04
    .782369E-04
   -.113428E-03
    .102164E-03
   -.113763E-03
    .118932E-03
   -.963760E-04
    .567019E-04
   -.913356E-04
    .806273E-04
   -.518191E-04
    .949389E-04
   -.666188E-04
    .755033E-04
   -.592468E-04
   -.233793E-04
    .905649E-04
   -.694048E-04
    .463825E-04
   -.337006E-04
    .827044E-04
   -.803999E-04
    .814565E-04
   -.738776E-04
    .701521E-04
   -.244413E-04
    .782829E-04
   -.512189E-04
    .498171E-04
   -.594868E-04
    .555314E-04
   -.956180E-04
    .885560E-04
   -.452106E-04
    .639136E-04
   -.247915E-04
    .332586E-04
   -.100741E-03
    .106361E-03
   -.435077E-04
    .974562E-04
   -.732564E-04
    .581419E-04
   -.315925E-04
    .694184E-04
   -.640835E-04
    .107857E-03
   -.977450E-04
    .955783E-04
   -.900703E-04
    .125099E-03
   -.101761E-03
    .124632E-03
   -.794773E-04
    .103002E-03
   -.820320E-04
    .845902E-04
   -.664435E-04
    .920307E-04
   -.849208E-04
    .926844E-04
   -.345749E-04
    .113614E-03
   -.705200E-04
    .114895E-03
   -.872427E-04
    .138238E-03
   -.111044E-03
    .120870E-03
   -.104591E-03
    .747057E-04
   -.548087E-04
    .128936E-03
   -.589563E-04
    .891924E-04
   -.745664E-04
    .115842E-03
    .747695E-04
   -.566430E-04
    .105357E-03
   -.436890E-04
    .855930E-04
   -.484625E-04
    .839265E-04
   -.959732E-04
    .938074E-04
   -.316458E-04
    .107787E-03
   -.546950E-04
    .761271E-04
   -.453058E-04
    .525971E-04
   -.317246E-04
    .918551E-04
   -.416266E-04
    .100008E-03
   -.505373E-04
    .723691E-04
   -.361094E-04
    .945281E-04
   -.708952E-04
    .970119E-04
   -.625810E-04
    .874224E-04
   -.193603E-04
    .932891E-04
   -.801275E-04
    .118784E-03
   -.470749E-04
    .131668E-03
   -.652578E-04
    .102888E-03
   -.311488E-04
    .769026E-04
   -.498131E-04
    .100193E-03
   -.257736E-04
    .112976E-03
   -.101674E-03
    .111660E-03
   -.643722E-04
    .105874E-03
   -.561897E-04
    .108059E-03
   -.431735E-04
    .821706E-04
   -.548369E-04
    .855424E-04
   -.654504E-04
    .105943E-03
   -.562929E-04
    .111115E-03
   -.433261E-04
    .892245E-04
   -.680183E-04
    .125596E-03
   -.701359E-04
    .870841E-04
    .745103E-04
   -.855233E-05
    .855407E-04
   -.436487E-04
    .908253E-04
   -.425793E-04
    .101966E-03
   -.167713E-04
    .947494E-04
   -.428247E-04
    .978737E-04
   -.557736E-04
    .831924E-04
   -.295983E-04
    .911881E-04
   -.366236E-04
    .723370E-04
   -.532933E-04
    .108621E-03
   -.584828E-06
    .682490E-04
   -.612935E-04
    .112639E-03
   -.304525E-04
    .905472E-04
   -.164998E-04
    .116260E-03
   -.159347E-04
    .959298E-04
   -.529658E-04
    .871532E-04
   -.726306E-04
    .995963E-04
   -.455249E-04
    .946495E-04
   -.335115E-04
    .895797E-04
   -.703348E-04
    .122844E-03
   -.694057E-04
    .901140E-04
   -.143355E-04
    .778789E-04
   -.591573E-04
    .832615E-04
   -.548700E-04
    .111431E-03
   -.400309E-04
    .704664E-04
   -.546520E-04
    .109661E-03
   -.865956E-04
    .109118E-03
   -.273311E-05
    .107536E-03
   -.301089E-04
    .126235E-03
   -.624971E-04
    .102354E-03
   -.734163E-04
    .139663E-03
    .854182E-04
   -.392943E-04
    .976209E-04
   -.633818E-04
    .101897E-03
   -.643347E-04
    .104123E-03
   -.523751E-04
    .852737E-04
   -.544027E-05
    .530681E-04
   -.451306E-04
    .103242E-03
   -.671612E-04
    .158201E-03
   -.458525E-04
    .909184E-04
   -.318590E-04
    .153487E-03
   -.981652E-05
    .156546E-03
    .378968E-04
    .160014E-03
    .443013E-04
    .191271E-03
    .135887E-03
    .244061E-03
    .165233E-03
    .808852E-04
   -.675344E-04
    .162885E-03
   -.464683E-05
    .122841E-03
   -.364206E-04
   -.399143E-04
    .371741E-03
    .198394E-02
    .254798E-02
    .287560E-02
    .366272E-02
    .420584E-02
    .309380E-02
    .237991E-02
   -.268618E-03
   -.321388E-02
   -.481521E-02
   -.385768E-02
   -.239702E-02
   -.133066E-02
    .210309E-02
    .476068E-02
    .190105E-02
    .385545E-02
    .344654E-02
    .188041E-03
   -.444270E-02
   -.103851E-01
   -.132417E-01
   -.126767E-01
   -.112677E-01
   -.931913E-02
   -.832334E-02
   -.545143E-02
    .963650E-03
    .555692E-02
    .697716E-02
    .728538E-02
    .295858E-02
   -.120246E-01
   -.223274E-01
   -.194370E-01
   -.169936E-01
   -.227848E-01
   -.119285E-01
   -.127586E-02
    .102868E-01
    .312629E-01
    .308966E-01
    .250690E-02
   -.152594E-01
   -.265191E-01
   -.326953E-01
   -.282502E-01
   -.175349E-01
   -.115796E-01
   -.513206E-02
    .388751E-02
    .130811E-01
    .231353E-01
    .142840E-01
   -.105107E-01
   -.214939E-01
   -.218438E-01
   -.205820E-01
   -.152352E-01
    .442372E-02
    .120328E-01
    .111640E-03
   -.130885E-02
    .173118E-01
    .293201E-01
    .318636E-01
    .378079E-01
    .259074E-01
    .105055E-01
    .196805E-02
   -.809142E-02
   -.265863E-01
   -.403146E-01
   -.389519E-01
   -.227876E-01
    .117839E-01
    .392728E-01
    .506516E-01
    .514308E-01
    .643554E-01
    .603932E-01
    .237525E-01
    .148747E-03
   -.104666E-01
   -.212299E-01
   -.191158E-01
   -.151259E-01
   -.220928E-01
   -.255234E-01
   -.134277E-01
   -.832669E-02
    .635885E-02
    .834017E-02
   -.736866E-02
   -.142436E-01
   -.162199E-01
   -.164532E-01
   -.116378E-01
   -.174971E-01
   -.209725E-01
   -.635607E-02
    .144344E-01
    .376099E-01
    .486858E-01
    .482444E-01
    .594038E-01
    .628052E-01
    .371253E-01
    .846867E-02
   -.132000E-01
   -.255460E-01
   -.335612E-01
   -.405657E-01
   -.355774E-01
   -.242255E-01
   -.813605E-02
    .173908E-01
    .275265E-01
    .397709E-01
    .454231E-01
    .377779E-01
    .220702E-01
    .267512E-01
    .274765E-01
    .702339E-02
    .595009E-02
    .107739E-01
    .103433E-01
    .226747E-01
    .250649E-01
    .155897E-01
    .161061E-01
    .149141E-01
    .596275E-02
    .160752E-01
    .224820E-01
    .777755E-02
    .409255E-03
    .488549E-02
   -.328573E-02
   -.700445E-02
   -.332651E-02
   -.129970E-01
   -.171464E-01
   -.988001E-02
   -.180918E-01
   -.223078E-01
   -.196352E-01
   -.227895E-01
   -.324928E-01
   -.279113E-01
   -.233717E-01
   -.217017E-01
   -.111992E-01
    .250819E-02
    .332552E-02
    .116667E-01
    .155152E-01
    .343256E-02
    .460525E-02
    .131561E-01
    .179896E-01
    .216336E-01
    .270692E-01
    .318940E-01
    .353595E-01
    .241808E-01
    .211790E-02
   -.155151E-01
   -.271513E-01
   -.401790E-01
   -.479791E-01
   -.498931E-01
   -.431143E-01
   -.244903E-01
   -.730075E-02
    .123314E-01
    .224380E-01
    .241022E-01
    .320037E-01
    .334407E-01
    .139993E-01
   -.583924E-02
   -.997164E-02
   -.144526E-01
   -.114437E-01
    .292861E-02
    .963516E-02
    .116934E-01
    .250510E-01
    .261857E-01
    .244830E-01
    .316308E-01
    .149339E-01
   -.614100E-02
   -.720069E-02
   -.119124E-01
   -.240948E-01
   -.316207E-01
   -.421055E-01
   -.562721E-01
   -.587366E-01
   -.581969E-01
   -.450228E-01
   -.238562E-01
   -.394861E-02
    .185035E-01
    .293802E-01
    .285628E-01
    .278624E-01
    .232204E-01
    .699738E-02
   -.253056E-02
   -.112542E-01
   -.157374E-01
   -.117096E-01
   -.635843E-02
    .376144E-03
    .633831E-02
    .757501E-02
    .710878E-02
    .935945E-02
    .428866E-02
   -.781412E-03
    .286153E-02
    .430906E-02
    .116123E-01
    .191336E-01
    .253434E-01
    .237465E-01
    .245616E-01
    .286614E-01
    .208400E-01
    .487944E-02
   -.454950E-02
   -.258338E-01
   -.473673E-01
   -.462951E-01
   -.536222E-01
   -.583145E-01
   -.495215E-01
   -.479793E-01
   -.432296E-01
   -.192169E-01
    .138090E-01
    .265514E-01
    .259578E-01
    .280362E-01
    .227187E-01
    .174088E-01
    .129225E-01
   -.201319E-02
   -.105861E-01
   -.145036E-01
   -.209741E-01
   -.276145E-01
   -.266345E-01
   -.216306E-01
   -.179561E-01
    .142642E-02
    .205358E-01
    .197981E-01
    .129184E-01
    .204344E-01
    .163714E-01
    .870677E-02
    .115774E-01
   -.326020E-02
   -.153792E-01
   -.102284E-01
   -.123486E-01
   -.212041E-01
   -.151050E-01
   -.204084E-01
   -.251889E-01
   -.147208E-01
    .883415E-02
    .142224E-01
    .141914E-01
    .380153E-01
    .440051E-01
    .393428E-01
    .486589E-01
    .450690E-01
    .344059E-01
    .348842E-01
    .338108E-01
    .199920E-01
    .256416E-02
   -.854136E-02
   -.242058E-01
   -.272281E-01
   -.254121E-01
   -.313091E-01
   -.150122E-01
    .358923E-02
    .920721E-02
    .349439E-01
    .459557E-01
    .145554E-01
    .439361E-02
   -.460398E-02
   -.195010E-01
   -.169201E-01
   -.142670E-01
   -.186973E-01
   -.134769E-01
   -.105301E-01
   -.258594E-01
   -.210899E-01
   -.165421E-01
   -.344214E-01
   -.248087E-01
   -.123383E-01
   -.176915E-01
   -.181292E-01
   -.184217E-01
   -.214550E-01
   -.247105E-01
   -.287477E-01
   -.278175E-01
   -.242349E-01
   -.272438E-01
   -.181348E-01
   -.142455E-01
   -.190827E-01
   -.937230E-02
    .448491E-02
    .472197E-02
    .594312E-02
   -.108216E-01
   -.388386E-01
   -.385149E-01
   -.305594E-01
   -.222757E-01
   -.127619E-01
    .110226E-02
    .132304E-02
    .109976E-01
    .191680E-01
    .134016E-01
   -.355707E-02
   -.727109E-02
   -.197918E-02
    .746953E-02
    .127644E-01
    .976186E-02
    .999207E-02
    .159362E-02
   -.279391E-03
    .988297E-03
   -.175860E-02
   -.227684E-02
    .537791E-02
   -.328160E-02
   -.176421E-01
   -.201712E-01
   -.340009E-01
   -.499703E-01
   -.469381E-01
   -.542645E-01
   -.526974E-01
   -.330517E-01
   -.274717E-01
   -.121783E-01
    .113831E-01
    .438008E-01
    .286401E-01
    .411941E-01
    .565193E-01
    .317867E-01
    .686531E-02
   -.944399E-02
   -.231763E-01
   -.227624E-01
   -.107323E-01
   -.153701E-02
   -.117833E-01
   -.213912E-01
   -.211315E-01
   -.417993E-01
   -.580285E-01
   -.641571E-01
   -.827024E-01
   -.954730E-01
   -.876859E-01
   -.945350E-01
   -.112769E+00
   -.116211E+00
   -.117125E+00
   -.109373E+00
   -.109232E+00
   -.101119E+00
   -.100905E+00
   -.111295E+00
   -.102537E+00
   -.102686E+00
   -.116779E+00
   -.129490E+00
   -.140317E+00
   -.155754E+00
   -.163772E+00
   -.165516E+00
   -.176228E+00
   -.184472E+00
   -.185695E+00
   -.192112E+00
   -.195245E+00
   -.197148E+00
   -.201463E+00
   -.193489E+00
   -.158356E+00
   -.109120E+00
   -.419578E-01
    .390613E-01
    .715652E-01
    .776116E-01
    .128508E+00
    .162281E+00
    .179820E+00
    .213774E+00
    .229919E+00
    .224691E+00
    .235893E+00
    .276646E+00
    .299873E+00
    .296910E+00
    .298218E+00
    .314240E+00
    .288947E+00
    .247258E+00
    .239558E+00
    .199772E+00
    .149043E+00
    .123752E+00
    .818940E-01
    .537020E-01
    .663385E-01
    .411954E-01
    .110412E-01
   -.145881E-02
   -.131630E-01
   -.110171E-01
    .192275E-01
    .522249E-01
    .105820E+00
    .191943E+00
    .260296E+00
    .278138E+00
    .292896E+00
    .331620E+00
    .329305E+00
    .294689E+00
    .286208E+00
    .283324E+00
    .265688E+00
    .251359E+00
    .241758E+00
    .205985E+00
    .169359E+00
    .143930E+00
    .112889E+00
    .892014E-01
    .621951E-01
    .406533E-01
    .387320E-01
    .395446E-01
    .315790E-01
    .320622E-01
    .249749E-01
    .151476E-01
   -.234044E-02
   -.237716E-01
   -.282544E-01
   -.451137E-01
   -.649819E-01
   -.837585E-01
   -.115838E+00
   -.161099E+00
   -.201626E+00
   -.236701E+00
   -.279861E+00
   -.304615E+00
   -.315994E+00
   -.325384E+00
   -.321392E+00
   -.296814E+00
   -.280466E+00
   -.257986E+00
   -.224763E+00
   -.158333E+00
   -.129387E+00
   -.144688E+00
   -.127552E+00
   -.104289E+00
   -.126416E+00
   -.145485E+00
   -.145578E+00
   -.117653E+00
   -.713888E-01
   -.299744E-01
   -.792602E-02
   -.776939E-02
   -.150285E-01
   -.214298E-01
   -.234523E-01
   -.102354E-01
    .376101E-01
    .112571E+00
    .188211E+00
    .264514E+00
    .327805E+00
    .372551E+00
    .389003E+00
    .361955E+00
    .334642E+00
    .325349E+00
    .295287E+00
    .269265E+00
    .234977E+00
    .238847E+00
    .232431E+00
    .199766E+00
    .170045E+00
    .148153E+00
    .129651E+00
    .100159E+00
    .731266E-01
    .403703E-01
   -.201655E-01
   -.696458E-01
   -.994723E-01
   -.150804E+00
   -.226842E+00
   -.276384E+00
   -.322226E+00
   -.375387E+00
   -.412541E+00
   -.439961E+00
   -.474416E+00
   -.495907E+00
   -.498346E+00
   -.499210E+00
   -.497660E+00
   -.475300E+00
   -.415521E+00
   -.308591E+00
   -.129039E+00
   -.109974E-01
    .270349E+00
    .428890E+00
    .379261E+00
    .299183E+00
    .373918E+00
    .517233E+00
    .643582E+00
    .727581E+00
    .701234E+00
    .551197E+00
    .391025E+00
    .309288E+00
    .260249E+00
    .197584E+00
    .424891E-01
   -.122967E+00
   -.288242E+00
   -.418415E+00
   -.400762E+00
   -.323527E+00
   -.331157E+00
   -.395782E+00
   -.401022E+00
   -.347747E+00
   -.295746E+00
   -.270967E+00
   -.239897E+00
   -.208152E+00
   -.162351E+00
   -.912549E-01
   -.583683E-01
   -.195815E-01
    .211637E-01
    .887898E-01
    .137500E+00
    .125109E+00
    .725533E-01
   -.158157E-02
   -.109805E+00
   -.222214E+00
   -.291382E+00
   -.316704E+00
   -.331456E+00
   -.362185E+00
   -.383270E+00
   -.385084E+00
   -.381015E+00
   -.382214E+00
   -.384091E+00
   -.390943E+00
   -.396549E+00
   -.378638E+00
   -.331776E+00
   -.267676E+00
   -.200049E+00
   -.140365E+00
   -.761827E-01
   -.118817E-01
    .327262E-01
    .558168E-01
    .672410E-01
    .956335E-01
    .123315E+00
    .171959E+00
    .267407E+00
    .368277E+00
    .439564E+00
    .462289E+00
    .421024E+00
    .375349E+00
    .371059E+00
    .383828E+00
    .400042E+00
    .419930E+00
    .387116E+00
    .284549E+00
    .190739E+00
    .124524E+00
    .610653E-01
   -.386899E-02
   -.428583E-01
   -.505086E-01
   -.694515E-01
   -.611658E-01
   -.866530E-02
    .528095E-01
    .911738E-01
    .866183E-01
    .382345E-01
    .150100E-01
    .146708E-01
    .858713E-02
   -.111893E-01
   -.428742E-01
   -.100763E+00
   -.158673E+00
   -.178721E+00
   -.173564E+00
   -.165862E+00
   -.161077E+00
   -.160599E+00
   -.148756E+00
   -.131253E+00
   -.114887E+00
   -.841550E-01
   -.461104E-01
   -.115531E-01
    .240456E-01
    .514285E-01
    .518747E-01
    .419857E-01
    .371392E-01
    .264354E-01
    .419484E-02
   -.229569E-01
   -.492265E-01
   -.742526E-01
   -.100859E+00
   -.119810E+00
   -.126815E+00
   -.120432E+00
   -.116654E+00
   -.100760E+00
   -.531747E-01
    .308388E-01
    .128559E+00
    .207288E+00
    .275170E+00
    .321508E+00
    .353600E+00
    .398523E+00
    .440803E+00
    .440598E+00
    .419824E+00
    .402559E+00
    .383539E+00
    .368370E+00
    .353461E+00
    .332310E+00
    .278470E+00
    .198005E+00
    .937535E-01
   -.236837E-01
   -.122995E+00
   -.181041E+00
   -.196888E+00
   -.201625E+00
   -.225962E+00
   -.265188E+00
   -.257895E+00
   -.206488E+00
   -.170608E+00
   -.160301E+00
   -.148486E+00
   -.138799E+00
   -.134835E+00
   -.130228E+00
   -.124167E+00
   -.131252E+00
   -.145169E+00
   -.145858E+00
   -.148315E+00
   -.160693E+00
   -.172543E+00
   -.171900E+00
   -.169941E+00
   -.168875E+00
   -.141152E+00
   -.100087E+00
   -.580243E-01
   -.319393E-02
    .622484E-01
    .953304E-01
    .108644E+00
    .138169E+00
    .174028E+00
    .180004E+00
    .169419E+00
    .160518E+00
    .148170E+00
    .146532E+00
    .141422E+00
    .120108E+00
    .112791E+00
    .120870E+00
    .127351E+00
    .103969E+00
    .856494E-01
    .791217E-01
    .671647E-01
    .592517E-01
    .431347E-01
    .188795E-01
    .215705E-01
    .254587E-01
    .708876E-02
   -.672509E-02
   -.152200E-01
   -.382419E-01
   -.662749E-01
   -.806371E-01
   -.947508E-01
   -.115672E+00
   -.126170E+00
   -.125021E+00
   -.119545E+00
   -.111860E+00
   -.809434E-01
   -.301393E-01
    .168739E-01
    .657318E-01
    .104830E+00
    .112211E+00
    .105240E+00
    .967979E-01
    .907338E-01
    .708909E-01
    .430644E-01
    .114192E-01
   -.277031E-01
   -.651989E-01
   -.846476E-01
   -.108404E+00
   -.132119E+00
   -.145357E+00
   -.152224E+00
   -.148023E+00
   -.130886E+00
   -.103349E+00
   -.672853E-01
   -.155363E-01
    .485290E-01
    .977363E-01
    .118197E+00
    .140417E+00
    .176135E+00
    .187872E+00
    .177863E+00
    .170226E+00
    .151550E+00
    .115288E+00
    .688720E-01
    .298644E-01
    .409415E-02
   -.757184E-02
   -.270012E-01
   -.387314E-01
   -.362166E-01
   -.303646E-01
   -.129814E-01
    .263578E-01
    .585337E-01
    .674620E-01
    .654440E-01
    .655306E-01
    .703243E-01
    .810385E-01
    .797432E-01
    .628749E-01
    .488209E-01
    .579483E-01
    .707355E-01
    .652365E-01
    .691534E-01
    .700013E-01
    .691578E-01
    .882792E-01
    .109761E+00
    .111525E+00
    .104996E+00
    .106141E+00
    .103607E+00
    .876250E-01
    .581022E-01
    .435483E-01
    .286633E-01
    .135725E-01
   -.160108E-01
   -.465867E-01
   -.703281E-01
   -.840288E-01
   -.972038E-01
   -.111276E+00
   -.125906E+00
   -.127850E+00
   -.125667E+00
   -.100292E+00
   -.101078E+00
   -.824630E-01
   -.504363E-01
   -.608963E-01
   -.391593E-01
   -.516600E-02
    .223112E-01
    .552605E-01
    .850907E-01
    .116555E+00
    .137877E+00
    .146547E+00
    .149245E+00
    .131941E+00
    .117170E+00
    .960734E-01
    .649191E-01
    .325609E-01
    .177817E-01
   -.840855E-02
   -.304049E-01
   -.469795E-01
   -.505677E-01
   -.614415E-01
   -.809238E-01
   -.757976E-01
   -.692780E-01
   -.824599E-01
   -.891642E-01
   -.850545E-01
   -.935059E-01
   -.106245E+00
   -.106177E+00
   -.108062E+00
   -.100820E+00
   -.609985E-01
   -.402497E-01
   -.232100E-01
    .159407E-01
    .406499E-01
    .721017E-01
    .924381E-01
    .864905E-01
    .825140E-01
    .102992E+00
    .109051E+00
    .102119E+00
    .853991E-01
    .679706E-01
    .482268E-01
    .264723E-01
    .164315E-01
    .159350E-01
    .786751E-02
   -.162144E-01
   -.309046E-02
    .156651E-01
    .457740E-02
   -.348090E-02
    .151712E-02
   -.208107E-02
   -.493700E-02
   -.603903E-02
   -.227800E-01
   -.464183E-01
   -.618800E-01
   -.734513E-01
   -.929976E-01
   -.118193E+00
   -.128857E+00
   -.132370E+00
   -.131177E+00
   -.119632E+00
   -.106991E+00
   -.916951E-01
   -.657723E-01
   -.386922E-01
   -.274707E-01
   -.340239E-01
   -.340919E-01
   -.227977E-01
   -.226405E-01
   -.390638E-01
   -.468972E-01
   -.420507E-01
   -.279468E-01
    .123885E-02
    .361077E-01
    .733183E-01
    .112172E+00
    .134057E+00
    .145304E+00
    .159573E+00
    .160963E+00
    .142628E+00
    .104458E+00
    .543378E-01
   -.658289E-02
   -.699761E-01
   -.974147E-01
   -.110614E+00
   -.124677E+00
   -.139071E+00
   -.164219E+00
   -.172255E+00
   -.151825E+00
   -.135330E+00
   -.133937E+00
   -.128416E+00
   -.107441E+00
   -.810618E-01
   -.674688E-01
   -.584187E-01
   -.635555E-01
   -.683460E-01
   -.719738E-01
   -.805253E-01
   -.920263E-01
   -.107980E+00
   -.110082E+00
   -.101098E+00
   -.977563E-01
   -.970320E-01
   -.875119E-01
   -.766855E-01
   -.626777E-01
   -.597634E-01
   -.630195E-01
   -.637581E-01
   -.565676E-01
   -.582929E-01
   -.625978E-01
   -.643904E-01
   -.672922E-01
   -.739338E-01
   -.728109E-01
   -.602740E-01
   -.488510E-01
   -.363276E-01
   -.137203E-01
    .127200E-01
    .270625E-01
    .513748E-01
    .734679E-01
    .904071E-01
    .995662E-01
    .102724E+00
    .101798E+00
    .957710E-01
    .825691E-01
    .650768E-01
    .509172E-01
    .436755E-01
    .400430E-01
    .373468E-01
    .455936E-01
    .624294E-01
    .758125E-01
    .870993E-01
    .103907E+00
    .114397E+00
    .119018E+00
    .128250E+00
    .137255E+00
    .141478E+00
    .139568E+00
    .134009E+00
    .127366E+00
    .116900E+00
    .106258E+00
    .988365E-01
    .884606E-01
    .827739E-01
    .798264E-01
    .786411E-01
    .680639E-01
    .573868E-01
    .555259E-01
    .552007E-01
    .481226E-01
    .386771E-01
    .267274E-01
    .800085E-02
   -.119250E-01
   -.280746E-01
   -.446426E-01
   -.665747E-01
   -.868056E-01
   -.102748E+00
   -.112514E+00
   -.116849E+00
   -.117005E+00
   -.111925E+00
   -.979428E-01
   -.775959E-01
   -.583739E-01
   -.390949E-01
   -.183215E-01
    .430771E-02
    .233549E-01
    .383246E-01
    .534495E-01
    .611487E-01
    .735061E-01
    .713956E-01
    .559382E-01
    .457554E-01
    .444336E-01
    .332614E-01
    .209494E-01
    .182656E-01
    .169718E-01
    .139471E-01
    .193603E-01
    .268111E-01
    .353342E-01
    .453049E-01
    .461463E-01
    .440637E-01
    .445223E-01
    .443493E-01
    .399786E-01
    .325696E-01
    .248008E-01
    .102208E-01
   -.768207E-02
   -.210100E-01
   -.305221E-01
   -.424558E-01
   -.595862E-01
   -.695616E-01
   -.778728E-01
   -.837420E-01
   -.945144E-01
   -.104943E+00
   -.113960E+00
   -.120293E+00
   -.129820E+00
   -.135214E+00
   -.136356E+00
   -.140563E+00
   -.141086E+00
   -.131972E+00
   -.120628E+00
   -.117199E+00
   -.117351E+00
   -.116015E+00
   -.118419E+00
   -.121122E+00
   -.119938E+00
   -.117054E+00
   -.110934E+00
   -.954001E-01
   -.709298E-01
   -.464676E-01
   -.218467E-01
    .358621E-02
    .233670E-01
    .365578E-01
    .446764E-01
    .474133E-01
    .450553E-01
    .430154E-01
    .367625E-01
    .262511E-01
    .153654E-01
    .776448E-02
    .382424E-02
   -.223034E-02
   -.946403E-02
   -.938333E-02
   -.668104E-02
   -.924206E-02
   -.100814E-01
   -.652215E-02
    .143031E-02
    .118561E-01
    .172846E-01
    .171337E-01
    .177707E-01
    .164004E-01
    .718371E-02
   -.203016E-02
   -.647130E-02
   -.114748E-01
   -.209060E-01
   -.288267E-01
   -.369378E-01
   -.486079E-01
   -.579658E-01
   -.633846E-01
   -.762309E-01
   -.954727E-01
   -.106705E+00
   -.109400E+00
   -.117678E+00
   -.126181E+00
   -.128830E+00
   -.125490E+00
   -.118648E+00
   -.109137E+00
   -.947725E-01
   -.794890E-01
   -.641934E-01
   -.491084E-01
   -.392155E-01
   -.288613E-01
   -.156760E-01
   -.762010E-02
   -.346466E-02
    .453815E-02
    .116359E-01
    .134825E-01
    .135207E-01
    .104942E-01
    .102033E-01
    .135821E-01
    .118377E-01
    .123993E-01
    .219756E-01
    .273001E-01
    .243718E-01
    .233582E-01
    .284563E-01
    .305845E-01
    .315248E-01
    .302632E-01
    .283050E-01
    .252323E-01
    .203244E-01
    .112251E-01
   -.449545E-02
   -.227612E-01
   -.374287E-01
   -.519194E-01
   -.705141E-01
   -.781955E-01
   -.759276E-01
   -.776998E-01
   -.755278E-01
   -.619226E-01
   -.473165E-01
   -.349448E-01
   -.177233E-01
    .242261E-02
    .165846E-01
    .264942E-01
    .378978E-01
    .499382E-01
    .579776E-01
    .663189E-01
    .748462E-01
    .730813E-01
    .665407E-01
    .635205E-01
    .566048E-01
    .473440E-01
    .437840E-01
    .457206E-01
    .415667E-01
    .381892E-01
    .433677E-01
    .457614E-01
    .445013E-01
    .441080E-01
    .371812E-01
    .240627E-01
    .952200E-02
   -.614770E-02
   -.216723E-01
   -.319036E-01
   -.426492E-01
   -.523477E-01
   -.574996E-01
   -.610569E-01
   -.652712E-01
   -.692552E-01
   -.688200E-01
   -.675215E-01
   -.672731E-01
   -.624533E-01
   -.545091E-01
   -.456204E-01
   -.319575E-01
   -.156828E-01
   -.820233E-02
    .707418E-02
    .251659E-01
    .445663E-01
    .582620E-01
    .734080E-01
    .909974E-01
    .104820E+00
    .118116E+00
    .131503E+00
    .141541E+00
    .151181E+00
    .161487E+00
    .165496E+00
    .159032E+00
    .145431E+00
    .124991E+00
    .998967E-01
    .698262E-01
    .322772E-01
   -.871046E-02
   -.418323E-01
   -.562878E-01
   -.683586E-01
   -.879162E-01
   -.100653E+00
   -.101289E+00
   -.926881E-01
   -.842122E-01
   -.794631E-01
   -.766721E-01
   -.697715E-01
   -.607800E-01
   -.539390E-01
   -.473925E-01
   -.317465E-01
   -.976368E-02
    .132810E-01
    .387942E-01
    .599168E-01
    .780179E-01
    .954467E-01
    .115593E+00
    .128711E+00
    .132550E+00
    .143755E+00
    .158606E+00
    .163649E+00
    .162982E+00
    .163605E+00
    .161356E+00
    .156197E+00
    .152901E+00
    .147150E+00
    .135986E+00
    .124192E+00
    .113240E+00
    .990416E-01
    .828574E-01
    .684318E-01
    .534715E-01
    .456023E-01
    .304267E-01
    .125390E-01
   -.513363E-02
   -.186480E-01
   -.326967E-01
   -.445346E-01
   -.506557E-01
   -.563563E-01
   -.616540E-01
   -.620279E-01
   -.608564E-01
   -.623493E-01
   -.648633E-01
   -.619844E-01
   -.562560E-01
   -.466649E-01
   -.290680E-01
   -.149329E-01
   -.877522E-02
   -.775187E-03
    .675040E-02
    .938718E-02
    .130591E-01
    .175555E-01
    .197408E-01
    .226396E-01
    .267233E-01
    .332307E-01
    .415089E-01
    .468372E-01
    .469951E-01
    .458060E-01
    .476553E-01
    .467560E-01
    .408955E-01
    .363338E-01
    .352264E-01
    .308006E-01
    .246377E-01
    .211222E-01
    .181491E-01
    .120127E-01
    .479344E-02
   -.254015E-02
   -.118393E-01
   -.198987E-01
   -.285097E-01
   -.381049E-01
   -.482188E-01
   -.568033E-01
   -.615100E-01
   -.634636E-01
   -.652339E-01
   -.698597E-01
   -.759037E-01
   -.808518E-01
   -.866569E-01
   -.905111E-01
   -.910215E-01
   -.935038E-01
   -.953813E-01
   -.952194E-01
   -.954677E-01
   -.977922E-01
   -.100829E+00
   -.998973E-01
   -.952361E-01
   -.900338E-01
   -.864713E-01
   -.770511E-01
   -.598342E-01
   -.431667E-01
   -.254851E-01
   -.447470E-02
    .147278E-01
    .335405E-01
    .471756E-01
    .560308E-01
    .654236E-01
    .729527E-01
    .763818E-01
    .765187E-01
    .757886E-01
    .768526E-01
    .740436E-01
    .662253E-01
    .562069E-01
    .469320E-01
    .407006E-01
    .387767E-01
    .378134E-01
    .369190E-01
    .366560E-01
    .392586E-01
    .473866E-01
    .494458E-01
    .501699E-01
    .516593E-01
    .476240E-01
    .464913E-01
    .514920E-01
    .568644E-01
    .581792E-01
    .624945E-01
    .647810E-01
    .648802E-01
    .655027E-01
    .682855E-01
    .725350E-01
    .766813E-01
    .816557E-01
    .857771E-01
    .915189E-01
    .966571E-01
    .941967E-01
    .840526E-01
    .728681E-01
    .605246E-01
    .449561E-01
    .290330E-01
    .177599E-01
    .947588E-02
    .541946E-02
   -.473117E-03
   -.646032E-02
   -.148517E-01
   -.203457E-01
   -.221763E-01
   -.257585E-01
   -.315795E-01
   -.358372E-01
   -.399670E-01
   -.451434E-01
   -.432002E-01
   -.346335E-01
   -.273783E-01
   -.194198E-01
   -.529854E-02
    .637859E-02
    .141989E-01
    .227955E-01
    .314562E-01
    .393657E-01
    .476425E-01
    .540688E-01
    .583341E-01
    .617056E-01
    .619706E-01
    .572320E-01
    .496202E-01
    .364776E-01
    .163141E-01
   -.317215E-02
   -.123893E-01
   -.312618E-01
   -.522057E-01
   -.678426E-01
   -.763543E-01
   -.825475E-01
   -.857794E-01
   -.845355E-01
   -.820660E-01
   -.786272E-01
   -.733496E-01
   -.669120E-01
   -.576828E-01
   -.479133E-01
   -.350134E-01
   -.189997E-01
   -.392596E-02
    .540724E-02
    .116369E-01
    .183810E-01
    .239172E-01
    .255062E-01
    .181915E-01
    .896110E-02
    .319443E-02
   -.349644E-02
   -.135724E-01
   -.228208E-01
   -.340131E-01
   -.441977E-01
   -.512028E-01
   -.531876E-01
   -.562503E-01
   -.583820E-01
   -.575011E-01
   -.512617E-01
   -.456979E-01
   -.435825E-01
   -.421818E-01
   -.398435E-01
   -.398356E-01
   -.391483E-01
   -.356810E-01
   -.322086E-01
   -.280700E-01
   -.209731E-01
   -.128285E-01
   -.606754E-02
    .499997E-02
    .183317E-01
    .211821E-01
    .192078E-01
    .181855E-01
    .138958E-01
    .575334E-02
   -.352206E-02
   -.116165E-01
   -.210303E-01
   -.277901E-01
   -.321884E-01
   -.341854E-01
   -.336629E-01
   -.315635E-01
   -.288565E-01
   -.276769E-01
   -.268032E-01
   -.231451E-01
   -.175718E-01
   -.135166E-01
   -.140572E-01
   -.194336E-01
   -.260715E-01
   -.293912E-01
   -.303579E-01
   -.316446E-01
   -.313374E-01
   -.274049E-01
   -.194569E-01
   -.973147E-02
   -.156778E-02
    .495614E-02
    .131651E-01
    .197255E-01
    .189410E-01
    .154543E-01
    .127858E-01
    .476553E-02
   -.477318E-02
   -.145806E-01
   -.261318E-01
   -.378407E-01
   -.448083E-01
   -.492337E-01
   -.510129E-01
   -.521458E-01
   -.469368E-01
   -.366687E-01
   -.271364E-01
   -.195002E-01
   -.115890E-01
   -.616503E-02
   -.189585E-02
    .229080E-02
    .609080E-02
    .897596E-02
    .142960E-01
    .214230E-01
    .255860E-01
    .293417E-01
    .333115E-01
    .348876E-01
    .348519E-01
    .352679E-01
    .358535E-01
    .364551E-01
    .377051E-01
    .384894E-01
    .386888E-01
    .364906E-01
    .311754E-01
    .214690E-01
    .955814E-02
   -.157795E-02
   -.592530E-02
   -.138190E-01
   -.200362E-01
   -.273593E-01
   -.354861E-01
   -.403385E-01
   -.435453E-01
   -.476676E-01
   -.521832E-01
   -.550415E-01
   -.555256E-01
   -.543100E-01
   -.502332E-01
   -.445943E-01
   -.364178E-01
   -.253903E-01
   -.145043E-01
   -.467617E-02
    .306436E-02
    .820596E-02
    .101788E-01
    .878025E-02
    .435414E-02
   -.108490E-02
   -.432242E-02
   -.364033E-02
    .132174E-02
    .107969E-01
    .218555E-01
    .336445E-01
    .383301E-01
    .432841E-01
    .455329E-01
    .474302E-01
    .484079E-01
    .502294E-01
    .513549E-01
    .544853E-01
    .629811E-01
    .718281E-01
    .765498E-01
    .789205E-01
    .784883E-01
    .757800E-01
    .722653E-01
    .660005E-01
    .565064E-01
    .455545E-01
    .363807E-01
    .281382E-01
    .228661E-01
    .214930E-01
    .171309E-01
    .136847E-01
    .140120E-01
    .118277E-01
    .775253E-02
    .604042E-02
    .366451E-02
   -.380899E-03
   -.404467E-02
   -.538538E-02
   -.723006E-02
   -.923482E-02
   -.108061E-01
   -.134256E-01
   -.170042E-01
   -.189596E-01
   -.197558E-01
   -.181533E-01
   -.151876E-01
   -.149698E-01
   -.178406E-01
   -.200613E-01
   -.226682E-01
   -.263003E-01
   -.287133E-01
   -.294888E-01
   -.284552E-01
   -.246712E-01
   -.211641E-01
   -.182559E-01
   -.133309E-01
   -.853958E-02
   -.712963E-02
   -.299853E-02
    .430491E-02
    .740314E-02
    .952132E-02
    .115587E-01
    .109269E-01
    .983550E-02
    .711332E-02
    .336266E-02
   -.559475E-03
   -.356343E-02
   -.470938E-02
   -.244876E-02
    .448827E-02
    .122206E-01
    .196467E-01
    .268172E-01
    .332198E-01
    .368924E-01
    .343928E-01
    .275406E-01
    .188987E-01
    .760251E-02
   -.463432E-02
   -.124883E-01
   -.174577E-01
   -.203243E-01
   -.213140E-01
   -.189286E-01
   -.145040E-01
   -.710942E-02
    .305787E-02
    .897413E-02
    .115994E-01
    .134624E-01
    .118965E-01
    .486817E-02
    .136789E-03
   -.803132E-02
   -.183095E-01
   -.314870E-01
   -.438141E-01
   -.522237E-01
   -.587728E-01
   -.646295E-01
   -.666873E-01
   -.672796E-01
   -.669940E-01
   -.645382E-01
   -.611557E-01
   -.580678E-01
   -.546318E-01
   -.481064E-01
   -.408785E-01
   -.355182E-01
   -.276602E-01
   -.175580E-01
   -.960044E-02
   -.394642E-02
    .361378E-03
    .221282E-02
    .214689E-02
    .726103E-03
    .362724E-03
    .223674E-02
    .586393E-02
    .124673E-01
    .167916E-01
    .271646E-01
    .366461E-01
    .455985E-01
    .529602E-01
    .576397E-01
    .606378E-01
    .611068E-01
    .593065E-01
    .549696E-01
    .466999E-01
    .371343E-01
    .287603E-01
    .213919E-01
    .160371E-01
    .116934E-01
    .730702E-02
    .634612E-02
    .764468E-02
    .646082E-02
    .462787E-02
    .309286E-02
    .140345E-02
   -.131313E-03
   -.584265E-03
   -.670777E-03
   -.205476E-03
    .206477E-02
    .424667E-02
    .540558E-02
    .844290E-02
    .970987E-02
    .106236E-01
    .116507E-01
    .149199E-01
    .201518E-01
    .263124E-01
    .327649E-01
    .390108E-01
    .441070E-01
    .477027E-01
    .510836E-01
    .520165E-01
    .495966E-01
    .467026E-01
    .430909E-01
    .384522E-01
    .356445E-01
    .342509E-01
    .326019E-01
    .308083E-01
    .290169E-01
    .268148E-01
    .233150E-01
    .211950E-01
    .208854E-01
    .204676E-01
    .193081E-01
    .189851E-01
    .196151E-01
    .170367E-01
    .145836E-01
    .902488E-02
    .190711E-02
   -.783335E-02
   -.168393E-01
   -.261100E-01
   -.344520E-01
   -.418029E-01
   -.483461E-01
   -.530224E-01
   -.558425E-01
   -.567544E-01
   -.556912E-01
   -.549652E-01
   -.541449E-01
   -.512383E-01
   -.486117E-01
   -.474303E-01
   -.460668E-01
   -.434921E-01
   -.407814E-01
   -.380865E-01
   -.337155E-01
   -.291536E-01
   -.241552E-01
   -.169229E-01
   -.856313E-02
    .231149E-03
    .938607E-02
    .173612E-01
    .237472E-01
    .261250E-01
    .302679E-01
    .313903E-01
    .282587E-01
    .234331E-01
    .158637E-01
    .768623E-02
    .202706E-02
   -.290772E-02
   -.850658E-02
   -.122529E-01
   -.120839E-01
   -.117546E-01
   -.108055E-01
   -.797007E-02
   -.464711E-02
   -.927103E-03
    .216696E-02
    .561447E-02
    .735480E-02
    .590281E-02
    .415457E-02
    .520416E-02
    .698494E-02
    .810712E-02
    .102207E-01
    .102009E-01
    .913831E-02
    .569276E-02
    .113840E-02
   -.102852E-02
   -.667150E-02
   -.140930E-01
   -.168130E-01
   -.168529E-01
   -.180295E-01
   -.165394E-01
   -.137667E-01
   -.123227E-01
   -.108995E-01
   -.967747E-02
   -.100390E-01
   -.120163E-01
   -.137346E-01
   -.156451E-01
   -.189766E-01
   -.201162E-01
   -.189219E-01
   -.187491E-01
   -.188576E-01
   -.178866E-01
   -.159599E-01
   -.126715E-01
   -.964252E-02
   -.612368E-02
   -.110765E-02
    .476108E-02
    .787698E-02
    .111720E-01
    .136589E-01
    .106974E-01
    .916576E-02
    .884295E-02
    .661157E-02
    .291227E-02
    .393708E-02
    .554324E-02
    .486926E-02
    .605877E-02
    .911728E-02
    .108986E-01
    .118511E-01
    .146361E-01
    .178984E-01
    .187884E-01
    .192528E-01
    .191521E-01
    .161561E-01
    .104100E-01
    .414391E-02
   -.261260E-02
   -.779104E-02
   -.979665E-02
   -.105849E-01
   -.995403E-02
   -.608603E-02
   -.341468E-02
   -.171556E-02
    .174528E-02
    .315067E-02
    .388837E-02
    .449971E-02
    .354813E-02
    .279026E-02
    .507477E-02
    .740739E-02
    .804366E-02
    .108233E-01
    .134817E-01
    .121885E-01
    .987323E-02
    .753173E-02
    .386039E-02
    .218593E-03
   -.227260E-02
   -.332398E-02
   -.368420E-02
   -.189476E-02
    .123663E-02
    .277357E-02
    .389057E-02
    .529388E-02
    .531105E-02
    .333363E-02
    .830304E-03
   -.409900E-04
    .791493E-03
    .533587E-03
    .250712E-02
    .709752E-02
    .110378E-01
    .143476E-01
    .159486E-01
    .183924E-01
    .196864E-01
    .199471E-01
    .205343E-01
    .199180E-01
    .187900E-01
    .184057E-01
    .169216E-01
    .141351E-01
    .115902E-01
    .855066E-02
    .253347E-02
   -.577564E-02
   -.129329E-01
   -.192226E-01
   -.238335E-01
   -.265375E-01
   -.290402E-01
   -.294541E-01
   -.274713E-01
   -.252104E-01
   -.215874E-01
   -.161477E-01
   -.113191E-01
   -.732398E-02
   -.307305E-02
    .334354E-02
    .889697E-02
    .100752E-01
    .975664E-02
    .105320E-01
    .105494E-01
    .831858E-02
    .750666E-02
    .657091E-02
    .387925E-02
    .227611E-02
    .334492E-02
    .513706E-02
    .653379E-02
    .790513E-02
    .823694E-02
    .741849E-02
    .771603E-02
    .753010E-02
    .648530E-02
    .751928E-02
    .894437E-02
    .949223E-02
    .109450E-01
    .127140E-01
    .145986E-01
    .156584E-01
    .158410E-01
    .162592E-01
    .171001E-01
    .183871E-01
    .195012E-01
    .198297E-01
    .200205E-01
    .208012E-01
    .213638E-01
    .200944E-01
    .165805E-01
    .131963E-01
    .974663E-02
    .570927E-02
    .243853E-02
    .299925E-03
   -.824069E-03
   -.121355E-02
   -.290180E-02
   -.493674E-02
   -.638911E-02
   -.952639E-02
   -.134334E-01
   -.147402E-01
   -.152220E-01
   -.152059E-01
   -.137272E-01
   -.116356E-01
   -.101800E-01
   -.877783E-02
   -.604967E-02
   -.507148E-02
   -.622561E-02
   -.671097E-02
   -.751520E-02
   -.104867E-01
   -.120854E-01
   -.139894E-01
   -.151563E-01
   -.162161E-01
   -.168422E-01
   -.161555E-01
   -.168328E-01
   -.188528E-01
   -.198175E-01
   -.206434E-01
   -.222167E-01
   -.230902E-01
   -.236837E-01
   -.242729E-01
   -.239509E-01
   -.211435E-01
   -.171800E-01
   -.128445E-01
   -.777850E-02
   -.416474E-02
   -.220070E-02
    .592668E-03
    .286266E-02
    .402544E-02
    .452890E-02
    .502868E-02
    .564360E-02
    .482646E-02
    .432004E-02
    .561665E-02
    .588361E-02
    .554864E-02
    .475171E-02
    .336449E-02
    .753921E-03
   -.219172E-02
   -.439543E-02
   -.695083E-02
   -.102655E-01
   -.129219E-01
   -.145070E-01
   -.161044E-01
   -.167442E-01
   -.159557E-01
   -.142897E-01
   -.117437E-01
   -.847160E-02
   -.485204E-02
   -.203851E-02
    .160674E-04
    .251331E-02
    .440588E-02
    .522951E-02
    .735433E-02
    .917356E-02
    .958357E-02
    .106048E-01
    .115623E-01
    .990259E-02
    .605821E-02
    .136944E-02
   -.124160E-02
   -.637224E-02
   -.118461E-01
   -.157548E-01
   -.184784E-01
   -.202977E-01
   -.206127E-01
   -.189234E-01
   -.157875E-01
   -.115432E-01
   -.659146E-02
   -.540970E-03
    .410147E-02
    .684038E-02
    .948691E-02
    .946881E-02
    .819909E-02
    .782008E-02
    .697255E-02
    .527049E-02
    .405350E-02
    .193006E-02
   -.144739E-02
   -.340669E-02
   -.488572E-02
   -.534877E-02
   -.377940E-02
   -.764951E-04
    .366648E-02
    .805438E-02
    .143100E-01
    .170821E-01
    .206936E-01
    .235030E-01
    .266500E-01
    .283387E-01
    .293271E-01
    .305999E-01
    .304651E-01
    .305481E-01
    .312528E-01
    .309507E-01
    .308393E-01
    .307260E-01
    .288164E-01
    .258397E-01
    .235553E-01
    .213524E-01
    .174657E-01
    .146675E-01
    .123176E-01
    .833147E-02
    .423557E-02
    .155415E-02
   -.875821E-03
   -.194318E-02
   -.964427E-04
    .283449E-02
    .563671E-02
    .919335E-02
    .120824E-01
    .124570E-01
    .119933E-01
    .107239E-01
    .710265E-02
    .229946E-02
   -.163535E-02
   -.475715E-02
   -.693079E-02
   -.722163E-02
   -.685559E-02
   -.753462E-02
   -.761918E-02
   -.813641E-02
   -.889678E-02
   -.931426E-02
   -.107023E-01
   -.129731E-01
   -.150220E-01
   -.169457E-01
   -.192355E-01
   -.200674E-01
   -.208448E-01
   -.224747E-01
   -.235582E-01
   -.243721E-01
   -.271480E-01
   -.301645E-01
   -.318812E-01
   -.341909E-01
   -.356701E-01
   -.354834E-01
   -.344412E-01
   -.313387E-01
   -.266841E-01
   -.210876E-01
   -.151382E-01
   -.916260E-02
   -.297531E-02
    .272643E-02
    .671042E-02
    .932110E-02
    .108263E-01
    .111726E-01
    .107862E-01
    .109296E-01
    .120147E-01
    .135311E-01
    .159665E-01
    .181544E-01
    .201599E-01
    .220838E-01
    .235453E-01
    .240447E-01
    .234460E-01
    .222715E-01
    .218182E-01
    .218107E-01
    .218896E-01
    .224225E-01
    .233736E-01
    .246326E-01
    .250753E-01
    .260358E-01
    .259495E-01
    .237321E-01
    .202565E-01
    .177807E-01
    .146505E-01
    .885507E-02
    .283193E-02
   -.260756E-02
   -.825393E-02
   -.129630E-01
   -.169794E-01
   -.203714E-01
   -.224424E-01
   -.220597E-01
   -.200811E-01
   -.174514E-01
   -.147635E-01
   -.127722E-01
   -.121284E-01
   -.131447E-01
   -.143426E-01
   -.156634E-01
   -.179379E-01
   -.207425E-01
   -.232331E-01
   -.251527E-01
   -.264760E-01
   -.276021E-01
   -.291369E-01
   -.294917E-01
   -.299228E-01
   -.298379E-01
   -.291334E-01
   -.275221E-01
   -.259637E-01
   -.246661E-01
   -.238568E-01
   -.242205E-01
   -.251715E-01
   -.261186E-01
   -.273463E-01
   -.280985E-01
   -.275370E-01
   -.257734E-01
   -.231773E-01
   -.190976E-01
   -.136836E-01
   -.784435E-02
   -.271018E-02
    .265488E-02
    .619621E-02
    .790456E-02
    .916746E-02
    .976516E-02
    .896781E-02
    .744819E-02
    .546703E-02
    .287888E-02
    .462811E-03
   -.149485E-02
   -.241884E-02
   -.380211E-02
   -.428535E-02
   -.339836E-02
   -.821931E-03
    .160196E-02
    .324129E-02
    .511851E-02
    .616349E-02
    .588063E-02
    .477082E-02
    .279931E-02
    .176551E-03
   -.214411E-02
   -.361865E-02
   -.500398E-02
   -.623437E-02
   -.715748E-02
   -.785427E-02
   -.898886E-02
   -.103376E-01
   -.111542E-01
   -.110826E-01
   -.108337E-01
   -.105117E-01
   -.956026E-02
   -.787476E-02
   -.611649E-02
   -.542658E-02
   -.516429E-02
   -.529204E-02
   -.545253E-02
   -.460775E-02
   -.394263E-02
   -.229177E-02
    .430374E-03
    .394079E-02
    .737768E-02
    .103648E-01
    .127128E-01
    .141321E-01
    .139922E-01
    .124895E-01
    .110205E-01
    .912053E-02
    .673739E-02
    .456236E-02
    .168237E-02
   -.206154E-02
   -.502278E-02
   -.783625E-02
   -.105207E-01
   -.124001E-01
   -.136690E-01
   -.140773E-01
   -.134181E-01
   -.120582E-01
   -.111867E-01
   -.105716E-01
   -.106655E-01
   -.113367E-01
   -.116642E-01
   -.119699E-01
   -.123132E-01
   -.132550E-01
   -.137408E-01
   -.135709E-01
   -.137659E-01
   -.139589E-01
   -.134340E-01
   -.131872E-01
   -.128543E-01
   -.109591E-01
   -.711160E-02
   -.179073E-02
    .458246E-02
    .114180E-01
    .184869E-01
    .240858E-01
    .280114E-01
    .311723E-01
    .328507E-01
    .327063E-01
    .307496E-01
    .283071E-01
    .264530E-01
    .246605E-01
    .227283E-01
    .213708E-01
    .201917E-01
    .195028E-01
    .194520E-01
    .192334E-01
    .190939E-01
    .193472E-01
    .200422E-01
    .202111E-01
    .202032E-01
    .205560E-01
    .201701E-01
    .186849E-01
    .169088E-01
    .146668E-01
    .120834E-01
    .100639E-01
    .823823E-02
    .753733E-02
    .864253E-02
    .104693E-01
    .125241E-01
    .154124E-01
    .185809E-01
    .208474E-01
    .225106E-01
    .240429E-01
    .241236E-01
    .230717E-01
    .226922E-01
    .223063E-01
    .213553E-01
    .208329E-01
    .214284E-01
    .215447E-01
    .210637E-01
    .206340E-01
    .201519E-01
    .198278E-01
    .191940E-01
    .184369E-01
    .179687E-01
    .174962E-01
    .169170E-01
    .160201E-01
    .148797E-01
    .134893E-01
    .117528E-01
    .951085E-02
    .711338E-02
    .523860E-02
    .377775E-02
    .205560E-02
    .555257E-03
   -.307178E-03
   -.729603E-03
   -.146977E-02
   -.223341E-02
   -.262773E-02
   -.339228E-02
   -.395031E-02
   -.377925E-02
   -.345953E-02
   -.336124E-02
   -.258806E-02
   -.160343E-02
   -.943588E-03
   -.332977E-03
    .183268E-02
    .341724E-02
    .370871E-02
    .441202E-02
    .442902E-02
    .340558E-02
    .250117E-02
    .913760E-03
   -.186179E-02
   -.428792E-02
   -.603910E-02
   -.771584E-02
   -.852154E-02
   -.820835E-02
   -.786446E-02
   -.684735E-02
   -.522641E-02
   -.407372E-02
   -.294295E-02
   -.212506E-02
   -.263008E-02
   -.409937E-02
   -.634315E-02
   -.962721E-02
   -.132387E-01
   -.178703E-01
   -.226596E-01
   -.268366E-01
   -.306018E-01
   -.338349E-01
   -.357450E-01
   -.360183E-01
   -.356215E-01
   -.344910E-01
   -.337035E-01
   -.330306E-01
   -.316058E-01
   -.304158E-01
   -.298827E-01
   -.288069E-01
   -.266697E-01
   -.249416E-01
   -.230025E-01
   -.199349E-01
   -.166336E-01
   -.135338E-01
   -.104707E-01
   -.824447E-02
   -.853700E-02
   -.933359E-02
   -.955726E-02
   -.116447E-01
   -.143936E-01
   -.156178E-01
   -.162707E-01
   -.170440E-01
   -.159713E-01
   -.141382E-01
   -.124114E-01
   -.103227E-01
   -.797607E-02
   -.678670E-02
   -.697609E-02
   -.795170E-02
   -.818090E-02
   -.100793E-01
   -.132804E-01
   -.152820E-01
   -.174545E-01
   -.203170E-01
   -.216410E-01
   -.214319E-01
   -.203378E-01
   -.188133E-01
   -.155686E-01
   -.122916E-01
   -.920232E-02
   -.456559E-02
    .251298E-03
    .340121E-02
    .581230E-02
    .819429E-02
    .986395E-02
    .105590E-01
    .105017E-01
    .945789E-02
    .774391E-02
    .656745E-02
    .551867E-02
    .450801E-02
    .346677E-02
    .293784E-02
    .273675E-02
    .185136E-02
    .375975E-03
    .897639E-04
    .467354E-03
    .533292E-03
    .122760E-02
    .208648E-02
    .263858E-02
    .243303E-02
    .197972E-02
    .519574E-03
   -.854253E-03
   -.119195E-02
   -.166011E-02
   -.171818E-02
   -.794333E-03
   -.223557E-03
    .885193E-03
    .304859E-02
    .521723E-02
    .729041E-02
    .967476E-02
    .121455E-01
    .142334E-01
    .160239E-01
    .168512E-01
    .165232E-01
    .160823E-01
    .151815E-01
    .144064E-01
    .125034E-01
    .107343E-01
    .930853E-02
    .726109E-02
    .500239E-02
    .260905E-02
    .968212E-04
   -.157133E-02
   -.275116E-02
   -.435775E-02
   -.585543E-02
   -.636956E-02
   -.732670E-02
   -.897472E-02
   -.972327E-02
   -.977139E-02
   -.108206E-01
   -.122037E-01
   -.120817E-01
   -.119260E-01
   -.116942E-01
   -.102276E-01
   -.857804E-02
   -.644437E-02
   -.332913E-02
    .232670E-03
    .342973E-02
    .627208E-02
    .858563E-02
    .991280E-02
    .991880E-02
    .950849E-02
    .933169E-02
    .905418E-02
    .787120E-02
    .654611E-02
    .631181E-02
    .627813E-02
    .540490E-02
    .486074E-02
    .467425E-02
    .436811E-02
    .405205E-02
    .409747E-02
    .414347E-02
    .392957E-02
    .378912E-02
    .331221E-02
    .210858E-02
    .487673E-03
   -.140654E-02
   -.345224E-02
   -.514933E-02
   -.603189E-02
   -.677483E-02
   -.751698E-02
   -.725008E-02
   -.678787E-02
   -.707393E-02
   -.703358E-02
   -.670722E-02
   -.618467E-02
   -.618149E-02
   -.707184E-02
   -.757856E-02
   -.710714E-02
   -.678816E-02
   -.603773E-02
   -.438626E-02
   -.321329E-02
   -.156300E-02
    .812588E-03
    .208181E-02
    .298340E-02
    .387572E-02
    .339917E-02
    .230126E-02
    .233499E-02
    .209073E-02
    .114676E-02
    .827467E-03
    .701839E-03
    .526917E-03
    .836776E-03
    .152004E-02
    .263781E-02
    .443097E-02
    .577434E-02
    .678504E-02
    .772526E-02
    .811500E-02
    .797635E-02
    .729012E-02
    .596328E-02
    .504832E-02
    .475906E-02
    .538855E-02
    .725064E-02
    .952893E-02
    .123212E-01
    .151184E-01
    .166130E-01
    .165810E-01
    .160587E-01
    .152672E-01
    .141266E-01
    .126078E-01
    .111153E-01
    .101829E-01
    .104349E-01
    .113369E-01
    .109100E-01
    .102115E-01
    .104099E-01
    .942565E-02
    .802447E-02
    .647322E-02
    .491926E-02
    .363377E-02
    .192130E-02
    .554466E-03
    .301534E-03
   -.170985E-03
   -.856745E-03
   -.168568E-02
   -.306273E-02
   -.385783E-02
   -.386595E-02
   -.336535E-02
   -.193706E-02
   -.965415E-05
    .191429E-02
    .384524E-02
    .516173E-02
    .501761E-02
    .408695E-02
    .268989E-02
   -.144708E-03
   -.325089E-02
   -.595544E-02
   -.818531E-02
   -.936615E-02
   -.100380E-01
   -.106157E-01
   -.105838E-01
   -.100009E-01
   -.948360E-02
   -.914185E-02
   -.872562E-02
   -.870960E-02
   -.904093E-02
   -.917441E-02
   -.921146E-02
   -.882666E-02
   -.834917E-02
   -.785517E-02
   -.766064E-02
   -.773804E-02
   -.827538E-02
   -.942740E-02
   -.104749E-01
   -.105618E-01
   -.101058E-01
   -.937495E-02
   -.825032E-02
   -.700431E-02
   -.550384E-02
   -.442932E-02
   -.446529E-02
   -.396300E-02
   -.328917E-02
   -.361669E-02
   -.379923E-02
   -.327861E-02
   -.304848E-02
   -.295679E-02
   -.245751E-02
   -.278578E-02
   -.367764E-02
   -.444196E-02
   -.509948E-02
   -.533634E-02
   -.576482E-02
   -.582869E-02
   -.544447E-02
   -.486049E-02
   -.363536E-02
   -.208648E-02
   -.350065E-03
    .146297E-02
    .304370E-02
    .426974E-02
    .506376E-02
    .601281E-02
    .662409E-02
    .672151E-02
    .655551E-02
    .665435E-02
    .607967E-02
    .559839E-02
    .532669E-02
    .480026E-02
    .433637E-02
    .362833E-02
    .299605E-02
    .208389E-02
    .625074E-03
   -.375336E-03
   -.101140E-02
   -.184845E-02
   -.183951E-02
   -.166693E-02
   -.216109E-02
   -.248174E-02
   -.278198E-02
   -.245683E-02
   -.181889E-02
   -.690311E-03
    .119508E-02
    .387492E-02
    .643228E-02
    .927984E-02
    .124175E-01
    .150742E-01
    .177692E-01
    .200334E-01
    .218276E-01
    .237826E-01
    .248119E-01
    .244171E-01
    .232056E-01
    .215956E-01
    .195497E-01
    .172985E-01
    .158773E-01
    .148053E-01
    .139768E-01
    .138640E-01
    .136475E-01
    .131361E-01
    .126733E-01
    .118623E-01
    .102896E-01
    .927167E-02
    .752636E-02
    .617307E-02
    .474047E-02
    .261912E-02
    .153456E-02
    .108750E-02
    .227287E-04
   -.287281E-03
    .185183E-03
    .324779E-03
    .717742E-03
    .111420E-02
    .748719E-03
   -.290922E-03
   -.142947E-02
   -.260322E-02
   -.420524E-02
   -.566024E-02
   -.632960E-02
   -.637964E-02
   -.570604E-02
   -.459896E-02
   -.299497E-02
   -.156454E-02
   -.265887E-03
    .538557E-03
    .504861E-03
   -.348232E-03
   -.145646E-02
   -.214987E-02
   -.365876E-02
   -.495549E-02
   -.563689E-02
   -.601110E-02
   -.598981E-02
   -.565345E-02
   -.470674E-02
   -.360740E-02
   -.254106E-02
   -.128897E-02
    .314255E-04
    .111786E-02
    .224797E-02
    .356157E-02
    .434327E-02
    .441814E-02
    .416214E-02
    .281761E-02
    .401588E-03
   -.181186E-02
   -.392029E-02
   -.594655E-02
   -.738728E-02
   -.844485E-02
   -.963542E-02
   -.107419E-01
   -.121507E-01
   -.141928E-01
   -.162016E-01
   -.182772E-01
   -.191827E-01
   -.207639E-01
   -.215996E-01
   -.219858E-01
   -.218821E-01
   -.213337E-01
   -.206709E-01
   -.202772E-01
   -.197105E-01
   -.199750E-01
   -.200738E-01
   -.193375E-01
   -.186508E-01
   -.175933E-01
   -.160584E-01
   -.146639E-01
   -.132277E-01
   -.119751E-01
   -.115914E-01
   -.115494E-01
   -.115502E-01
   -.118101E-01
   -.123503E-01
   -.126628E-01
   -.126874E-01
   -.126949E-01
   -.126562E-01
   -.125452E-01
   -.126156E-01
   -.131702E-01
   -.134950E-01
   -.148054E-01
   -.164111E-01
   -.177657E-01
   -.186659E-01
   -.196878E-01
   -.206151E-01
   -.211192E-01
   -.212673E-01
   -.205890E-01
   -.193974E-01
   -.177329E-01
   -.155543E-01
   -.133732E-01
   -.111298E-01
   -.922616E-02
   -.777793E-02
   -.702763E-02
   -.651842E-02
   -.579223E-02
   -.528625E-02
   -.521080E-02
   -.514619E-02
   -.487906E-02
   -.473188E-02
   -.470103E-02
   -.445702E-02
   -.405618E-02
   -.356130E-02
   -.256752E-02
   -.165422E-02
   -.118794E-02
   -.780899E-04
    .104865E-02
    .203299E-02
    .284216E-02
    .396008E-02
    .507072E-02
    .619877E-02
    .784311E-02
    .943057E-02
    .109179E-01
    .124090E-01
    .137207E-01
    .148214E-01
    .166457E-01
    .186004E-01
    .203752E-01
    .220557E-01
    .238406E-01
    .252992E-01
    .260087E-01
    .264295E-01
    .263350E-01
    .257750E-01
    .249983E-01
    .242000E-01
    .234537E-01
    .221010E-01
    .208650E-01
    .199997E-01
    .193875E-01
    .184991E-01
    .182883E-01
    .187402E-01
    .187626E-01
    .190996E-01
    .205499E-01
    .215437E-01
    .226790E-01
    .239996E-01
    .246599E-01
    .251684E-01
    .255088E-01
    .250424E-01
    .242876E-01
    .233897E-01
    .224443E-01
    .214803E-01
    .209196E-01
    .208713E-01
    .213265E-01
    .220705E-01
    .223570E-01
    .222874E-01
    .221995E-01
    .210863E-01
    .192604E-01
    .171304E-01
    .142052E-01
    .108512E-01
    .762966E-02
    .609307E-02
    .316385E-02
    .764736E-03
   -.110505E-02
   -.246061E-02
   -.337332E-02
   -.405946E-02
   -.469731E-02
   -.562995E-02
   -.682746E-02
   -.804228E-02
   -.950434E-02
   -.108292E-01
   -.119963E-01
   -.129685E-01
   -.135792E-01
   -.136852E-01
   -.133951E-01
   -.131320E-01
   -.128314E-01
   -.127262E-01
   -.127736E-01
   -.126445E-01
   -.127745E-01
   -.129612E-01
   -.125616E-01
   -.118301E-01
   -.110085E-01
   -.102107E-01
   -.903728E-02
   -.814629E-02
   -.631837E-02
   -.443279E-02
   -.204383E-02
    .624463E-03
    .279505E-02
    .458855E-02
    .645055E-02
    .795126E-02
    .885796E-02
    .977778E-02
    .100157E-01
    .100248E-01
    .103306E-01
    .107442E-01
    .113112E-01
    .121656E-01
    .131008E-01
    .138328E-01
    .143246E-01
    .140831E-01
    .129667E-01
    .111677E-01
    .880794E-02
    .549458E-02
    .212706E-02
   -.643830E-03
   -.369353E-02
   -.603118E-02
   -.766009E-02
   -.950098E-02
   -.102753E-01
   -.111583E-01
   -.117180E-01
   -.123931E-01
   -.121545E-01
   -.115427E-01
   -.105367E-01
   -.909218E-02
   -.728345E-02
   -.530223E-02
   -.342923E-02
   -.183400E-02
   -.539316E-03
   -.123073E-03
   -.490202E-03
   -.994943E-03
   -.181505E-02
   -.331861E-02
   -.504659E-02
   -.659025E-02
   -.853391E-02
   -.106513E-01
   -.126699E-01
   -.146170E-01
   -.165084E-01
   -.177747E-01
   -.185669E-01
   -.191483E-01
   -.193265E-01
   -.189609E-01
   -.185078E-01
   -.180660E-01
   -.172216E-01
   -.161336E-01
   -.151850E-01
   -.138885E-01
   -.124978E-01
   -.114595E-01
   -.100825E-01
   -.893744E-02
   -.834261E-02
   -.790127E-02
   -.767734E-02
   -.820556E-02
   -.900984E-02
   -.975303E-02
   -.108056E-01
   -.116521E-01
   -.120113E-01
   -.123813E-01
   -.125306E-01
   -.125249E-01
   -.127375E-01
   -.124149E-01
   -.113345E-01
   -.100970E-01
   -.826542E-02
   -.570155E-02
   -.298024E-02
   -.154717E-03
    .272580E-02
    .389042E-02
    .571200E-02
    .725087E-02
    .869018E-02
    .988114E-02
    .110322E-01
    .116520E-01
    .122144E-01
    .129360E-01
    .133571E-01
    .131273E-01
    .128324E-01
    .123011E-01
    .111871E-01
    .100364E-01
    .957297E-02
    .901481E-02
    .798225E-02
    .743963E-02
    .745313E-02
    .723061E-02
    .713447E-02
    .733648E-02
    .701873E-02
    .655313E-02
    .673723E-02
    .727046E-02
    .781709E-02
    .775177E-02
    .739206E-02
    .781892E-02
    .821844E-02
    .884268E-02
    .860141E-02
    .868272E-02
    .917193E-02
    .928822E-02
    .921760E-02
    .985186E-02
    .104722E-01
    .102029E-01
    .925299E-02
    .875275E-02
    .849576E-02
    .724474E-02
    .603325E-02
    .501862E-02
    .324208E-02
    .198625E-02
    .167224E-02
    .570347E-03
   -.588412E-03
   -.119301E-02
   -.210099E-02
   -.275408E-02
   -.227583E-02
   -.162394E-02
   -.184072E-02
   -.157440E-02
   -.394008E-03
    .346574E-03
    .874920E-03
    .185911E-02
    .268481E-02
    .316446E-02
    .358130E-02
    .450561E-02
    .487465E-02
    .520271E-02
    .555438E-02
    .527624E-02
    .503258E-02
    .549426E-02
    .589081E-02
    .633998E-02
    .662369E-02
    .680918E-02
    .717527E-02
    .728926E-02
    .698173E-02
    .625536E-02
    .541057E-02
    .402855E-02
    .278969E-02
    .202433E-02
    .114694E-02
    .142270E-03
   -.546576E-03
   -.130865E-02
   -.207129E-02
   -.245012E-02
   -.257639E-02
   -.267353E-02
   -.252960E-02
   -.248482E-02
   -.168096E-02
   -.487102E-03
   -.448008E-04
    .954623E-03
    .199381E-02
    .227161E-02
    .177216E-02
    .136938E-02
    .698571E-03
   -.194977E-03
   -.107862E-02
   -.246720E-02
   -.415420E-02
   -.548563E-02
   -.642003E-02
   -.676870E-02
   -.695984E-02
   -.759668E-02
   -.802557E-02
   -.776872E-02
   -.756217E-02
   -.731715E-02
   -.664255E-02
   -.668695E-02
   -.665976E-02
   -.628966E-02
   -.785690E-02
   -.854915E-02
   -.734924E-02
   -.777289E-02
   -.952261E-02
   -.952071E-02
   -.878564E-02
   -.763765E-02
   -.724077E-02
   -.582467E-02
   -.456763E-02
   -.326679E-02
   -.175939E-02
   -.957246E-03
    .364299E-03
    .200003E-02
    .154473E-02
    .854260E-03
    .106557E-02
    .118991E-03
   -.867163E-03
   -.180002E-02
   -.388407E-02
   -.528247E-02
   -.577714E-02
   -.641789E-02
   -.666103E-02
   -.632502E-02
   -.639923E-02
   -.582823E-02
   -.455462E-02
   -.404540E-02
   -.393709E-02
   -.339784E-02
   -.338034E-02
   -.395781E-02
   -.412696E-02
   -.410451E-02
   -.441895E-02
   -.530150E-02
   -.534874E-02
   -.463849E-02
   -.463293E-02
   -.454755E-02
   -.428547E-02
   -.470458E-02
   -.504028E-02
   -.469252E-02
   -.498334E-02
   -.512435E-02
   -.496816E-02
   -.519810E-02
   -.506347E-02
   -.403057E-02
   -.310564E-02
   -.257500E-02
   -.139659E-02
   -.266710E-04
    .139455E-02
    .321007E-02
    .466517E-02
    .578459E-02
    .706964E-02
    .830706E-02
    .874709E-02
    .849719E-02
    .814344E-02
    .761099E-02
    .608984E-02
    .504168E-02
    .377325E-02
    .195783E-02
    .102636E-02
    .131346E-03
   -.810780E-03
   -.119391E-02
   -.146828E-02
   -.197756E-02
   -.290450E-02
   -.317251E-02
   -.220204E-02
   -.178553E-02
   -.201706E-02
   -.163136E-02
   -.118941E-02
   -.161779E-02
   -.179254E-02
   -.219508E-02
   -.338629E-02
   -.436195E-02
   -.456390E-02
   -.444809E-02
   -.381172E-02
   -.232160E-02
   -.920774E-03
    .193196E-03
    .215340E-02
    .302769E-02
    .400256E-02
    .502367E-02
    .612671E-02
    .661990E-02
    .715458E-02
    .782504E-02
    .786911E-02
    .734086E-02
    .708356E-02
    .644962E-02
    .575536E-02
    .622941E-02
    .745446E-02
    .830529E-02
    .943464E-02
    .111433E-01
    .123650E-01
    .131225E-01
    .138468E-01
    .141636E-01
    .137005E-01
    .129595E-01
    .123285E-01
    .111098E-01
    .916983E-02
    .738634E-02
    .614624E-02
    .463067E-02
    .364257E-02
    .341295E-02
    .321574E-02
    .286549E-02
    .282515E-02
    .280780E-02
    .321286E-02
    .394125E-02
    .394696E-02
    .361564E-02
    .434405E-02
    .468639E-02
    .490908E-02
    .572066E-02
    .604246E-02
    .600930E-02
    .670807E-02
    .777141E-02
    .809401E-02
    .846672E-02
    .901933E-02
    .903202E-02
    .976223E-02
    .102437E-01
    .938842E-02
    .896507E-02
    .798055E-02
    .625282E-02
    .456053E-02
    .264105E-02
    .568493E-03
   -.192114E-02
   -.315758E-02
   -.539797E-02
   -.687649E-02
   -.834929E-02
   -.914325E-02
   -.939541E-02
   -.100198E-01
   -.987166E-02
   -.882877E-02
   -.832823E-02
   -.776532E-02
   -.705760E-02
   -.678909E-02
   -.646404E-02
   -.571588E-02
   -.524487E-02
   -.556080E-02
   -.578519E-02
   -.569976E-02
   -.586106E-02
   -.597997E-02
   -.576333E-02
   -.552096E-02
   -.556644E-02
   -.548518E-02
   -.486712E-02
   -.365525E-02
   -.244902E-02
   -.119285E-02
   -.392627E-04
    .914636E-03
    .120670E-02
    .143627E-02
    .223922E-02
    .298452E-02
    .256507E-02
    .118385E-02
    .216353E-03
   -.784527E-04
   -.144422E-02
   -.315302E-02
   -.378723E-02
   -.442643E-02
   -.513913E-02
   -.532068E-02
   -.526589E-02
   -.482467E-02
   -.403125E-02
   -.331502E-02
   -.247459E-02
   -.120331E-02
   -.397504E-03
   -.105726E-02
   -.905000E-03
   -.581989E-03
   -.122185E-02
   -.127482E-02
   -.100138E-02
   -.139892E-02
   -.164761E-02
   -.165005E-02
   -.181125E-02
   -.280861E-02
   -.411523E-02
   -.484995E-02
   -.562484E-02
   -.677683E-02
   -.710230E-02
   -.696756E-02
   -.746985E-02
   -.779735E-02
   -.771995E-02
   -.783688E-02
   -.799911E-02
   -.817169E-02
   -.772105E-02
   -.696762E-02
   -.616169E-02
   -.520328E-02
   -.397862E-02
   -.273077E-02
   -.185751E-02
   -.989698E-03
   -.379809E-03
   -.236553E-03
   -.152855E-03
    .394532E-03
   -.154071E-03
   -.216478E-02
   -.278719E-02
   -.223283E-02
   -.188392E-02
   -.110331E-02
   -.348910E-03
    .785616E-03
    .148389E-02
    .282654E-03
   -.202881E-02
   -.469456E-02
   -.780483E-02
   -.107668E-01
   -.129142E-01
   -.137012E-01
   -.130356E-01
   -.120713E-01
   -.109178E-01
   -.930380E-02
   -.753061E-02
   -.547346E-02
   -.361336E-02
   -.176434E-02
    .215145E-03
    .193217E-02
    .219365E-02
    .290689E-02
    .447213E-02
    .470474E-02
    .440657E-02
    .507353E-02
    .603468E-02
    .628192E-02
    .739569E-02
    .835051E-02
    .969502E-02
    .103087E-01
    .108972E-01
    .103774E-01
    .870550E-02
    .732964E-02
    .641696E-02
    .435862E-02
    .318039E-02
    .386307E-02
    .437252E-02
    .522036E-02
    .746787E-02
    .934124E-02
    .105957E-01
    .128204E-01
    .148230E-01
    .155079E-01
    .167966E-01
    .181846E-01
    .180047E-01
    .178453E-01
    .178495E-01
    .170610E-01
    .164843E-01
    .165203E-01
    .160902E-01
    .150769E-01
    .143590E-01
    .131225E-01
    .123639E-01
    .115102E-01
    .109786E-01
    .106025E-01
    .105106E-01
    .104514E-01
    .103597E-01
    .101315E-01
    .889937E-02
    .605364E-02
    .289542E-02
   -.515674E-03
   -.474634E-02
   -.816024E-02
   -.947167E-02
   -.999505E-02
   -.101334E-01
   -.901767E-02
   -.772945E-02
   -.645766E-02
   -.530138E-02
   -.516322E-02
   -.598533E-02
   -.635223E-02
   -.641376E-02
   -.729628E-02
   -.746704E-02
   -.667251E-02
   -.680722E-02
   -.691844E-02
   -.655533E-02
   -.537992E-02
   -.446785E-02
   -.354460E-02
   -.184000E-02
   -.889353E-03
   -.104261E-02
   -.895295E-03
   -.122330E-02
   -.258128E-02
   -.435185E-02
   -.613777E-02
   -.733267E-02
   -.794968E-02
   -.856793E-02
   -.850139E-02
   -.793819E-02
   -.721912E-02
   -.647144E-02
   -.604156E-02
   -.585820E-02
   -.571824E-02
   -.569369E-02
   -.534037E-02
   -.474218E-02
   -.456986E-02
   -.432378E-02
   -.430094E-02
   -.523895E-02
   -.682594E-02
   -.851651E-02
   -.924288E-02
   -.101665E-01
   -.994585E-02
   -.899767E-02
   -.717934E-02
   -.518453E-02
   -.324920E-02
   -.843733E-03
    .491006E-03
    .933411E-03
    .113588E-02
    .130641E-02
    .157895E-02
    .233235E-02
    .336219E-02
    .427479E-02
    .482045E-02
    .462301E-02
    .399300E-02
    .334061E-02
    .290260E-02
    .255242E-02
    .255618E-02
    .299259E-02
    .409120E-02
    .518827E-02
    .541143E-02
    .547560E-02
    .510679E-02
    .332798E-02
    .191791E-02
    .100848E-02
    .277994E-03
    .144665E-03
    .578113E-03
    .134659E-02
    .232332E-02
    .508331E-02
    .791905E-02
    .934022E-02
    .105612E-01
    .108982E-01
    .970291E-02
    .855008E-02
    .716338E-02
    .442826E-02
    .205820E-02
    .116479E-02
    .593485E-03
    .110830E-02
    .258004E-02
    .413183E-02
    .524538E-02
    .574977E-02
    .627200E-02
    .651732E-02
    .613821E-02
    .554694E-02
    .495768E-02
    .490580E-02
    .528048E-02
    .550742E-02
    .541548E-02
    .523289E-02
    .503377E-02
    .463840E-02
    .424598E-02
    .390798E-02
    .361597E-02
    .342928E-02
    .353891E-02
    .385303E-02
    .452924E-02
    .541247E-02
    .555782E-02
    .531101E-02
    .499768E-02
    .469335E-02
    .428110E-02
    .395007E-02
    .400066E-02
    .376606E-02
    .403552E-02
    .422454E-02
    .441413E-02
    .465849E-02
    .436086E-02
    .353955E-02
    .237360E-02
    .109960E-02
   -.551365E-03
   -.176620E-02
   -.303148E-02
   -.448568E-02
   -.498776E-02
   -.536370E-02
   -.534818E-02
   -.529134E-02
   -.502533E-02
   -.459326E-02
   -.456557E-02
   -.495047E-02
   -.491280E-02
   -.474073E-02
   -.466537E-02
   -.455490E-02
   -.444727E-02
   -.457969E-02
   -.495103E-02
   -.572192E-02
   -.722775E-02
   -.887556E-02
   -.101402E-01
   -.118610E-01
   -.136440E-01
   -.143786E-01
   -.149189E-01
   -.160740E-01
   -.173552E-01
   -.184727E-01
   -.194182E-01
   -.198150E-01
   -.198586E-01
   -.198554E-01
   -.194433E-01
   -.182806E-01
   -.172069E-01
   -.158708E-01
   -.141808E-01
   -.127632E-01
   -.114882E-01
   -.103103E-01
   -.947014E-02
   -.874906E-02
   -.779389E-02
   -.700088E-02
   -.658309E-02
   -.597710E-02
   -.567195E-02
   -.588676E-02
   -.600477E-02
   -.563596E-02
   -.542724E-02
   -.521672E-02
   -.443278E-02
   -.335657E-02
   -.252602E-02
   -.176809E-02
   -.115344E-02
   -.120869E-02
   -.132392E-02
   -.934874E-03
   -.895285E-03
   -.512662E-03
    .323838E-03
    .750070E-03
    .155464E-02
    .253348E-02
    .337310E-02
    .401971E-02
    .412632E-02
    .411678E-02
    .424232E-02
    .413732E-02
    .395907E-02
    .418355E-02
    .449861E-02
    .472306E-02
    .543384E-02
    .621499E-02
    .662307E-02
    .708654E-02
    .744337E-02
    .786017E-02
    .840259E-02
    .879652E-02
    .865754E-02
    .830133E-02
    .813127E-02
    .801535E-02
    .811618E-02
    .843346E-02
    .882745E-02
    .911071E-02
    .952992E-02
    .965547E-02
    .948213E-02
    .934508E-02
    .911392E-02
    .827167E-02
    .762775E-02
    .779955E-02
    .793558E-02
    .790033E-02
    .840834E-02
    .862530E-02
    .855088E-02
    .863969E-02
    .852609E-02
    .832981E-02
    .816990E-02
    .810397E-02
    .876807E-02
    .968452E-02
    .100282E-01
    .103642E-01
    .105975E-01
    .105841E-01
    .102628E-01
    .966770E-02
    .883918E-02
    .767256E-02
    .667787E-02
    .595838E-02
    .533724E-02
    .477500E-02
    .441894E-02
    .377852E-02
    .356018E-02
    .376780E-02
    .358889E-02
    .348094E-02
    .387505E-02
    .391214E-02
    .402719E-02
    .435494E-02
    .412475E-02
    .335954E-02
    .258556E-02
    .191224E-02
    .104897E-02
    .757980E-03
    .581103E-03
   -.321006E-03
   -.465489E-03
   -.216199E-03
   -.577899E-03
   -.540336E-03
   -.230242E-03
   -.438981E-03
   -.418515E-03
    .234688E-03
    .348384E-03
    .233821E-03
    .446635E-03
    .216636E-03
   -.363342E-03
   -.694965E-03
   -.132104E-02
   -.245226E-02
   -.367758E-02
   -.452061E-02
   -.562378E-02
   -.654164E-02
   -.678643E-02
   -.711185E-02
   -.758910E-02
   -.770724E-02
   -.821938E-02
   -.917230E-02
   -.100910E-01
   -.112003E-01
   -.123967E-01
   -.132682E-01
   -.139270E-01
   -.140530E-01
   -.136446E-01
   -.125704E-01
   -.114858E-01
   -.101485E-01
   -.862068E-02
   -.736386E-02
   -.640166E-02
   -.535235E-02
   -.482928E-02
   -.427131E-02
   -.345907E-02
   -.323969E-02
   -.281988E-02
   -.229708E-02
   -.191496E-02
   -.207808E-02
   -.230922E-02
   -.239038E-02
   -.328683E-02
   -.459113E-02
   -.585821E-02
   -.725153E-02
   -.863604E-02
   -.960684E-02
   -.100919E-01
   -.102961E-01
   -.104192E-01
   -.103582E-01
   -.100050E-01
   -.979227E-02
   -.951122E-02
   -.885023E-02
   -.800107E-02
   -.734982E-02
   -.604340E-02
   -.430898E-02
   -.274392E-02
   -.753474E-03
    .900338E-03
    .220533E-02
    .376182E-02
    .444780E-02
    .550766E-02
    .643698E-02
    .695820E-02
    .734031E-02
    .759109E-02
    .775517E-02
    .773128E-02
    .763967E-02
    .738713E-02
    .670903E-02
    .644041E-02
    .676249E-02
    .673219E-02
    .641793E-02
    .646087E-02
    .642486E-02
    .594610E-02
    .535515E-02
    .529923E-02
    .519637E-02
    .535766E-02
    .596834E-02
    .653039E-02
    .673228E-02
    .709843E-02
    .729735E-02
    .676790E-02
    .638062E-02
    .644316E-02
    .614120E-02
    .589147E-02
    .607666E-02
    .630982E-02
    .619132E-02
    .641718E-02
    .608619E-02
    .547888E-02
    .533697E-02
    .534908E-02
    .497843E-02
    .452322E-02
    .396149E-02
    .326520E-02
    .248638E-02
    .225385E-02
    .169115E-02
    .112817E-02
    .110549E-03
   -.132568E-02
   -.172590E-02
   -.243070E-02
   -.441973E-02
   -.574493E-02
   -.547121E-02
   -.580480E-02
   -.601759E-02
   -.433123E-02
   -.318151E-02
   -.326547E-02
   -.242042E-02
   -.150124E-02
   -.895191E-03
   -.119988E-02
    .374874E-03
    .138807E-02
    .881572E-03
    .217248E-02
    .449504E-02
    .411206E-02
    .362920E-02
    .381448E-02
    .347072E-02
    .255699E-02
    .218467E-02
    .101701E-02
    .511540E-03
    .114888E-02
    .275946E-03
   -.221785E-03
   -.296339E-04
   -.874584E-03
   -.149607E-02
   -.889275E-03
   -.101525E-02
   -.116074E-02
   -.217886E-03
    .242329E-03
   -.104949E-02
   -.218197E-02
   -.205114E-02
   -.302043E-02
   -.362283E-02
   -.286468E-02
   -.141928E-02
   -.119859E-02
   -.397031E-03
    .438610E-03
   -.229709E-03
   -.143488E-03
   -.217102E-03
   -.208758E-02
   -.230168E-02
   -.156852E-02
   -.153577E-02
    .228897E-03
    .195284E-02
    .263136E-02
    .517268E-02
    .717312E-02
    .625955E-02
    .691626E-02
    .816867E-02
    .717924E-02
    .765158E-02
    .996418E-02
    .969548E-02
    .832947E-02
    .799150E-02
    .655195E-02
    .380779E-02
    .137298E-02
   -.784312E-04
   -.346356E-02
   -.500900E-02
   -.437146E-02
   -.529202E-02
   -.593877E-02
   -.494561E-02
   -.424873E-02
   -.424878E-02
   -.331000E-02
   -.230804E-02
   -.164634E-02
   -.166020E-02
   -.151223E-02
   -.106963E-02
   -.131443E-02
   -.116248E-02
   -.167590E-02
   -.269196E-02
   -.258782E-02
   -.254414E-02
   -.311158E-02
   -.313686E-02
   -.374399E-02
   -.491053E-02
   -.492143E-02
   -.580233E-02
   -.702246E-02
   -.634732E-02
   -.707485E-02
   -.813268E-02
   -.907432E-02
   -.875148E-02
   -.930368E-02
   -.929199E-02
   -.891752E-02
   -.970452E-02
   -.951718E-02
   -.760697E-02
   -.635733E-02
   -.518536E-02
   -.341654E-02
   -.192838E-02
   -.248978E-03
    .632440E-03
    .136984E-02
    .127711E-02
    .561470E-03
   -.277253E-04
   -.986146E-03
   -.134367E-02
   -.170562E-02
   -.352282E-02
   -.490096E-02
   -.529443E-02
   -.584187E-02
   -.658432E-02
   -.630678E-02
   -.547617E-02
   -.471591E-02
   -.430892E-02
   -.361121E-02
   -.296225E-02
   -.203024E-02
   -.241264E-02
   -.320564E-02
   -.169136E-02
   -.828327E-03
   -.154911E-02
   -.136893E-02
   -.128220E-02
   -.224078E-02
   -.219044E-02
   -.186879E-02
   -.253205E-02
   -.302210E-02
   -.242926E-02
   -.146463E-02
   -.122666E-02
    .641941E-04
    .181730E-02
    .211366E-02
    .196665E-02
    .280963E-02
    .371356E-02
    .313388E-02
    .266096E-02
    .254693E-02
    .201321E-02
    .191633E-02
    .182408E-02
    .124694E-02
    .114339E-02
    .108621E-02
    .921926E-03
    .309526E-03
   -.759321E-04
    .289708E-03
    .909543E-03
    .124073E-02
    .198779E-02
    .254304E-02
    .216715E-02
    .844948E-03
   -.251226E-03
    .205701E-03
    .455915E-03
   -.419842E-03
   -.516873E-03
    .122463E-02
    .335037E-02
    .408897E-02
    .410969E-02
    .477553E-02
    .525105E-02
    .401823E-02
    .483283E-02
    .724842E-02
    .610795E-02
    .399715E-02
    .437386E-02
    .411874E-02
    .337457E-02
    .262207E-02
    .247209E-02
    .188089E-02
    .155549E-02
    .149825E-02
    .219373E-02
    .273732E-02
    .177895E-02
    .195290E-02
    .432568E-02
    .555564E-02
    .561606E-02
    .720638E-02
    .751902E-02
    .640845E-02
    .594605E-02
    .522901E-02
    .390773E-02
    .260069E-02
    .123716E-02
    .537084E-03
    .926562E-03
    .283938E-03
    .116629E-03
    .202213E-02
    .305212E-02
    .250196E-02
    .288310E-02
    .305243E-02
    .189916E-02
    .136784E-02
    .715463E-03
   -.641802E-03
   -.214352E-02
   -.283568E-02
   -.265107E-02
   -.149426E-02
    .640364E-04
    .135877E-02
    .300108E-02
    .443626E-02
    .476529E-02
    .460015E-02
    .493500E-02
    .415582E-02
    .222605E-02
    .452736E-03
   -.163903E-02
   -.394724E-02
   -.589107E-02
   -.828924E-02
   -.113886E-01
   -.141000E-01
   -.161614E-01
   -.169626E-01
   -.154846E-01
   -.117842E-01
   -.623689E-02
    .220249E-02
    .111671E-01
    .186139E-01
    .213488E-01
    .251414E-01
    .261074E-01
    .257231E-01
    .237540E-01
    .195186E-01
    .150140E-01
    .106978E-01
    .619826E-02
    .207083E-02
   -.311342E-02
   -.862218E-02
   -.120408E-01
   -.138911E-01
   -.156978E-01
   -.162022E-01
   -.159677E-01
   -.155818E-01
   -.136803E-01
   -.122878E-01
   -.120859E-01
   -.115881E-01
   -.115530E-01
   -.122737E-01
   -.126048E-01
   -.122325E-01
   -.117459E-01
   -.110433E-01
   -.856699E-02
   -.596064E-02
   -.490513E-02
   -.324704E-02
   -.760482E-03
    .311400E-03
   -.769050E-03
   -.217010E-02
   -.362566E-02
   -.578011E-02
   -.720970E-02
   -.700772E-02
   -.628939E-02
   -.555062E-02
   -.449610E-02
   -.405966E-02
   -.442181E-02
   -.438013E-02
   -.439302E-02
   -.562594E-02
   -.655317E-02
   -.681869E-02
   -.743205E-02
   -.824382E-02
   -.808825E-02
   -.734671E-02
   -.634416E-02
   -.449354E-02
   -.178985E-02
    .121498E-02
    .383820E-02
    .571637E-02
    .629057E-02
    .644332E-02
    .477213E-02
    .311658E-02
    .831739E-03
   -.189903E-02
   -.303617E-02
   -.366401E-02
   -.409710E-02
   -.417548E-02
   -.465764E-02
   -.556961E-02
   -.609361E-02
   -.613166E-02
   -.613430E-02
   -.508554E-02
   -.324600E-02
   -.189699E-02
    .261866E-03
    .192525E-02
    .233720E-02
    .318828E-02
    .354961E-02
    .312104E-02
    .263700E-02
    .220893E-02
    .245600E-02
    .298513E-02
    .303121E-02
    .345469E-02
    .404074E-02
    .395418E-02
    .381013E-02
    .356529E-02
    .244984E-02
    .933714E-03
    .413993E-03
    .121405E-02
    .224754E-02
    .445236E-02
    .691524E-02
    .833815E-02
    .912668E-02
    .932345E-02
    .819897E-02
    .652274E-02
    .456864E-02
    .201420E-02
    .261296E-03
   -.623596E-03
   -.906393E-03
   -.282937E-03
    .147961E-03
    .273830E-03
    .123049E-03
   -.510170E-03
   -.125832E-02
   -.128321E-02
   -.705424E-03
   -.181917E-03
    .210707E-02
    .580356E-02
    .869462E-02
    .992750E-02
    .125840E-01
    .143911E-01
    .143416E-01
    .134156E-01
    .115549E-01
    .900863E-02
    .652794E-02
    .448506E-02
    .278459E-02
    .146904E-02
    .143046E-02
    .187667E-02
    .249087E-02
    .360698E-02
    .458356E-02
    .502189E-02
    .567025E-02
    .666517E-02
    .660001E-02
    .585218E-02
    .578524E-02
    .528656E-02
    .415008E-02
    .422792E-02
    .501134E-02
    .517788E-02
    .590073E-02
    .739328E-02
    .841840E-02
    .872241E-02
    .991819E-02
    .111152E-01
    .107943E-01
    .100950E-01
    .886634E-02
    .757481E-02
    .484234E-02
   -.765198E-04
   -.269794E-02
   -.500336E-02
   -.878751E-02
   -.993936E-02
   -.981987E-02
   -.106550E-01
   -.828149E-02
   -.572202E-02
   -.534996E-02
   -.373430E-02
   -.306104E-02
   -.480576E-02
   -.488980E-02
   -.514680E-02
   -.674827E-02
   -.555940E-02
   -.374496E-02
   -.358857E-02
   -.122232E-02
    .168270E-02
    .213125E-02
    .255905E-02
    .290839E-02
    .225218E-02
    .148133E-02
    .111136E-02
    .825355E-04
    .141264E-03
    .790430E-03
    .122086E-02
    .229571E-02
    .353468E-02
    .327041E-02
    .281251E-02
    .321767E-02
    .178422E-02
    .548026E-03
    .457065E-03
   -.771530E-03
   -.206268E-02
   -.211020E-02
   -.330272E-02
   -.467646E-02
   -.419456E-02
   -.433724E-02
   -.555604E-02
   -.455833E-02
   -.307808E-02
   -.322926E-02
   -.287086E-02
   -.167138E-02
   -.174581E-02
   -.210194E-02
   -.171112E-02
   -.575834E-03
   -.111598E-02
   -.843856E-03
    .716144E-04
    .431952E-04
    .342059E-03
    .900071E-03
    .127501E-02
    .114134E-02
    .570772E-03
    .241853E-03
   -.145593E-03
   -.180526E-03
   -.312413E-03
   -.371284E-03
    .900978E-04
   -.247806E-04
   -.251162E-03
   -.678080E-03
   -.171700E-02
   -.260882E-02
   -.342675E-02
   -.384314E-02
   -.404425E-02
   -.368872E-02
   -.318402E-02
   -.269998E-02
   -.236337E-02
   -.263737E-02
   -.376079E-02
   -.445256E-02
   -.466562E-02
   -.546250E-02
   -.605572E-02
   -.532733E-02
   -.448398E-02
   -.358529E-02
   -.248950E-02
   -.202847E-02
   -.173977E-02
   -.135723E-02
   -.863203E-03
   -.812594E-04
    .863348E-03
    .174293E-02
    .261114E-02
    .310034E-02
    .313640E-02
    .297484E-02
    .308467E-02
    .222069E-02
    .117056E-02
    .716067E-03
    .280919E-03
   -.119544E-02
   -.202514E-02
   -.217453E-02
   -.300263E-02
   -.331182E-02
   -.321961E-02
   -.310684E-02
   -.246580E-02
   -.196406E-02
   -.156731E-02
   -.127647E-02
   -.108329E-02
   -.339028E-03
   -.134630E-03
   -.551290E-03
   -.624938E-03
   -.206552E-03
   -.838357E-04
   -.623428E-03
   -.749901E-03
   -.526448E-03
   -.523310E-03
   -.452862E-03
    .210773E-03
    .863212E-03
    .166278E-02
    .260073E-02
    .278334E-02
    .215940E-02
    .104923E-02
   -.592030E-03
   -.241713E-02
   -.405848E-02
   -.559545E-02
   -.657762E-02
   -.657977E-02
   -.658447E-02
   -.661873E-02
   -.525924E-02
   -.272309E-02
   -.132169E-02
    .264774E-03
    .213453E-02
    .246207E-02
    .252068E-02
    .255623E-02
    .185130E-02
    .227956E-03
   -.867351E-03
   -.162086E-02
   -.253058E-02
   -.251622E-02
   -.244509E-02
   -.258825E-02
   -.159928E-02
   -.586529E-03
   -.268502E-03
    .438964E-03
    .753168E-03
    .140097E-03
   -.354106E-03
   -.117918E-02
   -.309900E-02
   -.410263E-02
   -.437874E-02
   -.469452E-02
   -.553776E-02
   -.454345E-02
   -.268450E-02
   -.199626E-02
   -.475617E-03
    .227626E-02
    .341961E-02
    .386626E-02
    .519913E-02
    .535255E-02
    .425116E-02
    .401171E-02
    .416650E-02
    .351617E-02
    .338403E-02
    .375427E-02
    .331056E-02
    .322765E-02
    .340118E-02
    .238860E-02
    .158408E-02
    .134165E-02
    .116372E-02
    .106229E-02
    .885683E-03
    .126667E-02
    .109979E-02
    .230577E-03
   -.146158E-03
   -.859738E-03
   -.158236E-02
   -.236085E-02
   -.219359E-02
   -.220434E-02
   -.174741E-02
   -.644715E-03
    .223918E-03
    .898119E-03
    .118352E-02
    .155494E-02
    .190835E-02
    .230660E-02
    .221508E-02
    .233098E-02
    .299000E-02
    .319455E-02
    .353449E-02
    .357909E-02
    .327598E-02
    .347493E-02
    .364271E-02
    .306154E-02
    .214141E-02
    .146320E-02
    .870701E-03
    .285557E-03
   -.499041E-03
   -.100866E-02
   -.135447E-02
   -.154791E-02
   -.167231E-02
   -.174513E-02
   -.158942E-02
   -.160206E-02
   -.238657E-02
   -.283372E-02
   -.246544E-02
   -.325704E-02
   -.412094E-02
   -.419570E-02
   -.454082E-02
   -.505896E-02
   -.447227E-02
   -.421511E-02
   -.450411E-02
   -.394745E-02
   -.318107E-02
   -.289657E-02
   -.193821E-02
   -.122115E-02
   -.121432E-02
   -.834918E-03
   -.511387E-03
   -.383114E-03
   -.224632E-03
   -.819030E-04
   -.746462E-04
    .414511E-03
    .697132E-03
    .747333E-03
    .834470E-03
    .790801E-03
    .508671E-03
    .385064E-03
    .280384E-03
    .348684E-03
    .616349E-03
    .778431E-03
    .995572E-03
    .106505E-02
    .475932E-03
    .221562E-03
   -.219142E-03
   -.106765E-02
   -.155324E-02
   -.183773E-02
   -.212370E-02
   -.225942E-02
   -.210186E-02
   -.157504E-02
   -.895762E-03
   -.474602E-03
    .130974E-03
    .707748E-03
    .113760E-02
    .149333E-02
    .222073E-02
    .256516E-02
    .222803E-02
    .232758E-02
    .220228E-02
    .192722E-02
    .173155E-02
    .107080E-02
    .467484E-03
   -.194021E-03
   -.964342E-03
   -.147124E-02
   -.210640E-02
   -.279507E-02
   -.296783E-02
   -.276898E-02
   -.264005E-02
   -.195895E-02
   -.127210E-02
   -.188351E-02
   -.274674E-02
   -.333128E-02
   -.412403E-02
   -.526442E-02
   -.581175E-02
   -.602324E-02
   -.650526E-02
   -.663671E-02
   -.635839E-02
   -.619765E-02
   -.562024E-02
   -.461039E-02
   -.367190E-02
   -.265647E-02
   -.125217E-02
    .159670E-03
    .103070E-02
    .126176E-02
    .156722E-02
    .170513E-02
    .142696E-02
    .131335E-02
    .134044E-02
    .125224E-02
    .116426E-02
    .889863E-03
    .644486E-03
    .393260E-03
    .568754E-03
    .109394E-02
    .971120E-03
    .952808E-03
    .169511E-02
    .193083E-02
    .192387E-02
    .255572E-02
    .270395E-02
    .225494E-02
    .248912E-02
    .231550E-02
    .172869E-02
    .224197E-02
    .280854E-02
    .259994E-02
    .334326E-02
    .446725E-02
    .445507E-02
    .470307E-02
    .502558E-02
    .532051E-02
    .498569E-02
    .537766E-02
    .534810E-02
    .488250E-02
    .520972E-02
    .551225E-02
    .529841E-02
    .554292E-02
    .586690E-02
    .593757E-02
    .616810E-02
    .655659E-02
    .672068E-02
    .712714E-02
    .759538E-02
    .764251E-02
    .761737E-02
    .781599E-02
    .744420E-02
    .687862E-02
    .647546E-02
    .542485E-02
    .415423E-02
    .303119E-02
    .178886E-02
    .658743E-03
   -.351358E-03
   -.137379E-02
   -.180539E-02
   -.237333E-02
   -.263705E-02
   -.302107E-02
   -.296828E-02
   -.245895E-02
   -.238004E-02
   -.218166E-02
   -.185162E-02
   -.204357E-02
   -.238997E-02
   -.272376E-02
   -.340520E-02
   -.404370E-02
   -.413758E-02
   -.392986E-02
   -.363944E-02
   -.310093E-02
   -.281706E-02
   -.266430E-02
   -.256415E-02
   -.269415E-02
   -.269746E-02
   -.259660E-02
   -.268334E-02
   -.252776E-02
   -.239707E-02
   -.265616E-02
   -.270880E-02
   -.306562E-02
   -.333498E-02
   -.374569E-02
   -.389035E-02
   -.415987E-02
   -.414558E-02
   -.395212E-02
   -.398023E-02
   -.369885E-02
   -.324389E-02
   -.330598E-02
   -.300070E-02
   -.250790E-02
   -.255121E-02
   -.218576E-02
   -.160009E-02
   -.149882E-02
   -.110724E-02
   -.568088E-03
   -.838853E-03
   -.979533E-03
   -.913900E-03
   -.143556E-02
   -.205589E-02
   -.232377E-02
   -.238001E-02
   -.248249E-02
   -.224840E-02
   -.168711E-02
   -.134725E-02
   -.111324E-02
   -.448634E-03
   -.938749E-04
    .255054E-04
    .636831E-04
    .105727E-03
   -.216162E-03
   -.341860E-03
   -.204919E-03
   -.371436E-03
   -.421229E-03
   -.376333E-03
   -.247459E-03
    .142725E-03
    .533350E-03
    .851932E-03
    .100577E-02
    .884799E-03
    .101152E-02
    .138152E-02
    .121013E-02
    .116073E-02
    .156124E-02
    .144550E-02
    .145644E-02
    .209011E-02
    .192051E-02
    .142162E-02
    .175454E-02
    .161057E-02
    .142122E-02
    .175286E-02
    .179790E-02
    .156945E-02
    .182196E-02
    .221948E-02
    .213396E-02
    .218981E-02
    .209285E-02
    .171695E-02
    .163028E-02
    .145756E-02
    .118505E-02
    .952873E-03
    .779680E-03
    .640529E-03
    .664616E-03
    .798767E-03
    .598027E-03
    .514418E-03
    .802062E-03
    .833458E-03
    .825922E-03
    .104407E-02
    .120120E-02
    .111605E-02
    .999759E-03
    .937463E-03
    .768467E-03
    .482962E-03
    .291499E-03
    .169948E-03
    .144696E-03
    .128962E-03
    .189091E-03
    .365744E-03
    .393076E-03
    .480759E-03
    .717572E-03
    .679315E-03
    .651757E-03
    .768572E-03
    .664832E-03
    .712903E-03
    .927109E-03
    .893936E-03
    .907741E-03
    .106447E-02
    .101723E-02
    .988817E-03
    .102108E-02
    .843273E-03
    .702425E-03
    .681500E-03
    .475859E-03
    .337741E-03
    .399382E-03
    .242802E-03
    .113181E-03
    .161625E-03
    .872666E-04
    .660058E-04
    .128093E-03
    .997500E-04
    .723573E-04
    .129727E-03
    .185311E-03
    .118308E-03
    .969877E-04
    .595409E-04
    .541453E-05
   -.272654E-04
   -.533714E-04
   -.958668E-04
   -.689928E-04
   -.135833E-04
    .187452E-04
    .125315E-03
    .177650E-03
    .211176E-03
    .265060E-03
    .268878E-03
    .253426E-03
    .224321E-03
    .184319E-03
    .150959E-03
    .115871E-03
    .815334E-04
    .454770E-04
   -.398475E-04
   -.117137E-03
   -.197807E-03
   -.285825E-03
   -.366443E-03
   -.390301E-03
   -.459831E-03
   -.546817E-03
   -.607356E-03
   -.620515E-03
   -.636147E-03
   -.637491E-03
   -.631081E-03
   -.609059E-03
   -.581198E-03
   -.562417E-03
   -.511985E-03
   -.451453E-03
   -.391446E-03
   -.316766E-03
   -.270542E-03
   -.243730E-03
   -.223487E-03
   -.193961E-03
   -.166751E-03
   -.130272E-03
   -.808348E-04
   -.464886E-04
   -.273598E-04
    .347428E-06
    .362111E-04
    .407665E-04
    .350747E-04
    .456914E-04
    .569044E-04
    .543773E-04
    .608569E-04
    .768186E-04
    .662594E-04
    .475664E-04
    .484733E-04
    .306684E-04
    .187740E-04
    .368272E-04
    .287914E-04
    .171693E-04
    .463651E-04
    .464489E-04
    .199536E-04
    .228070E-04
    .115964E-04
   -.180185E-04
   -.203164E-04
   -.171755E-04
   -.281252E-04
   -.310454E-04
   -.264131E-04
   -.289160E-04
   -.319891E-04
   -.364631E-04
   -.424604E-04
   -.547371E-04
   -.583800E-04
   -.565766E-04
   -.600742E-04
   -.606715E-04
   -.595477E-04
   -.579889E-04
   -.615532E-04
   -.607186E-04
   -.557244E-04
   -.597553E-04
   -.641359E-04
   -.612116E-04
   -.634705E-04
   -.599229E-04
   -.530883E-04
   -.508886E-04
   -.506060E-04
   -.513178E-04
   -.514911E-04
   -.552313E-04
   -.592749E-04
   -.609322E-04
   -.637848E-04
   -.671343E-04
   -.684815E-04
   -.681266E-04
   -.695664E-04
   -.696652E-04
   -.685026E-04
   -.662670E-04
   -.629529E-04
   -.580446E-04
   -.518852E-04
   -.463756E-04
   -.433809E-04
   -.425852E-04
   -.426577E-04
   -.455068E-04
   -.484939E-04
   -.500142E-04
   -.505218E-04
   -.495778E-04
   -.471793E-04
   -.445175E-04
   -.420350E-04
   -.391568E-04
   -.366849E-04
   -.347272E-04
   -.326719E-04
   -.310977E-04
   -.301471E-04
   -.293395E-04
   -.287014E-04
   -.284466E-04
   -.281342E-04
   -.275462E-04
   -.267458E-04
   -.256563E-04
   -.244175E-04
   -.231312E-04
   -.218332E-04
   -.205398E-04
   -.193418E-04
   -.182640E-04
   -.172568E-04
   -.163224E-04
   -.154211E-04
   -.145393E-04
   -.136577E-04
   -.127939E-04
   -.119147E-04
   -.110218E-04
   -.101357E-04
   -.925905E-05
   -.839593E-05
   -.755269E-05
   -.672868E-05
   -.592038E-05
   -.512745E-05
   -.434650E-05
   -.357530E-05
   -.281405E-05
   -.206250E-05
   -.132055E-05
   -.588279E-06
    .134282E-06
    .847111E-06
