   -.0000140
    .0005710
    .0000700
    .0001685
   -.0000961
    .0000155
   -.0001364
   -.0000485
   -.0001622
   -.0000916
   -.0001838
   -.0001262
   -.0002010
   -.0001526
   -.0002208
   -.0001846
   -.0002516
   -.0002302
   -.0002918
   -.0002677
   -.0003168
   -.0002953
   -.0003327
   -.0002983
   -.0003165
   -.0002827
   -.0003190
   -.0003308
   -.0004001
   -.0004122
   -.0004511
   -.0004471
   -.0004735
   -.0004524
   -.0004687
   -.0004810
   -.0005134
   -.0004541
   -.0004009
   -.0003439
   -.0003466
   -.0003727
   -.0004601
   -.0005404
   -.0006170
   -.0006528
   -.0006917
   -.0007107
   -.0007471
   -.0007728
   -.0007911
   -.0007261
   -.0005946
   -.0005051
   -.0004931
   -.0005775
   -.0007528
   -.0008527
   -.0008709
   -.0008743
   -.0008072
   -.0006738
   -.0005012
   -.0003713
   -.0003121
   -.0002828
   -.0001504
   -.0000349
   -.0000320
   -.0000314
   -.0001528
   -.0002638
   -.0004298
   -.0006807
   -.0009498
   -.0011361
   -.0012100
   -.0012472
   -.0011936
   -.0009958
   -.0006656
   -.0003810
   -.0002055
   -.0001881
   -.0001712
   -.0000756
   -.0000382
   -.0001904
   -.0005640
   -.0010894
   -.0013023
   -.0013225
   -.0009038
   -.0003038
    .0003978
    .0010655
    .0013776
    .0013374
    .0013434
    .0012583
    .0013435
    .0013873
    .0011832
    .0006346
    .0000901
   -.0002375
   -.0005097
   -.0007587
   -.0005161
   -.0002077
    .0000671
    .0003144
    .0009397
    .0014793
    .0018163
    .0019121
    .0020020
    .0020179
    .0019276
    .0018856
    .0019544
    .0016713
    .0011258
    .0008522
    .0009219
    .0010971
    .0013588
    .0017957
    .0019792
    .0013147
    .0000117
   -.0013646
   -.0022952
   -.0027247
   -.0025461
   -.0015164
    .0005364
    .0033509
    .0063231
    .0085719
    .0095708
    .0094087
    .0085902
    .0073606
    .0059519
    .0047231
    .0042977
    .0050161
    .0063242
    .0072370
    .0078790
    .0084930
    .0087137
    .0078330
    .0057661
    .0031474
    .0006871
   -.0017588
   -.0039865
   -.0053052
   -.0053037
   -.0042300
   -.0023835
   -.0000198
    .0026338
    .0047612
    .0059738
    .0069109
    .0079306
    .0089261
    .0097790
    .0099226
    .0096888
    .0100210
    .0113518
    .0132412
    .0148426
    .0155011
    .0155835
    .0154207
    .0150591
    .0143080
    .0136829
    .0134757
    .0134364
    .0131718
    .0118682
    .0097887
    .0080324
    .0067656
    .0058616
    .0054574
    .0055166
    .0057858
    .0064415
    .0077354
    .0097563
    .0119081
    .0134641
    .0140887
    .0139297
    .0130523
    .0117667
    .0104971
    .0096959
    .0094153
    .0094482
    .0097681
    .0108224
    .0126598
    .0148619
    .0168051
    .0183645
    .0198163
    .0212209
    .0218049
    .0208773
    .0193218
    .0176784
    .0172230
    .0164067
    .0153181
    .0151243
    .0159181
    .0173222
    .0178139
    .0173408
    .0174323
    .0186143
    .0204126
    .0204282
    .0173792
    .0136951
    .0111341
    .0097212
    .0091820
    .0094190
    .0106254
    .0135959
    .0186050
    .0233543
    .0273611
    .0286076
    .0268819
    .0233192
    .0185211
    .0130724
    .0080028
    .0039618
    .0013303
    .0008353
    .0026988
    .0065595
    .0116234
    .0170569
    .0221370
    .0265751
    .0303468
    .0329019
    .0335873
    .0329706
    .0318960
    .0301830
    .0281214
    .0265591
    .0251959
    .0228308
    .0194171
    .0157339
    .0119935
    .0087202
    .0065169
    .0051611
    .0043704
    .0046058
    .0054338
    .0058401
    .0056636
    .0054120
    .0053297
    .0052857
    .0051871
    .0050689
    .0049778
    .0050368
    .0055227
    .0067639
    .0088237
    .0112418
    .0131179
    .0139899
    .0142326
    .0149804
    .0166035
    .0181642
    .0182081
    .0160415
    .0126461
    .0093731
    .0069242
    .0056332
    .0059220
    .0075004
    .0098395
    .0132454
    .0172470
    .0196503
    .0193582
    .0172059
    .0140537
    .0103995
    .0073694
    .0057754
    .0056120
    .0066732
    .0088876
    .0117963
    .0148104
    .0177055
    .0204886
    .0228299
    .0240169
    .0233092
    .0201251
    .0150295
    .0092957
    .0040045
   -.0001498
   -.0028144
   -.0044563
   -.0057183
   -.0065352
   -.0060284
   -.0029038
    .0026347
    .0091788
    .0157717
    .0217519
    .0256638
    .0268204
    .0258395
    .0231466
    .0184500
    .0124756
    .0065888
    .0016761
   -.0022234
   -.0052170
   -.0072479
   -.0083200
   -.0087493
   -.0097749
   -.0125730
   -.0158258
   -.0174930
   -.0167133
   -.0130724
   -.0084295
   -.0039289
    .0007548
    .0043255
    .0046662
    .0021279
   -.0008655
   -.0044820
   -.0073974
   -.0097440
   -.0114970
   -.0123481
   -.0119459
   -.0105069
   -.0085067
   -.0059016
   -.0033723
   -.0017784
   -.0012064
   -.0013506
   -.0019947
   -.0033504
   -.0049999
   -.0057608
   -.0050312
   -.0033801
   -.0016332
   -.0001789
    .0007469
    .0006043
   -.0011181
   -.0044700
   -.0091372
   -.0140256
   -.0176261
   -.0192605
   -.0190416
   -.0170289
   -.0135674
   -.0096430
   -.0069585
   -.0069766
   -.0097598
   -.0138144
   -.0175677
   -.0209745
   -.0243721
   -.0267032
   -.0265531
   -.0233311
   -.0180819
   -.0124913
   -.0079056
   -.0048522
   -.0032569
   -.0030211
   -.0045031
   -.0078772
   -.0122472
   -.0156660
   -.0171969
   -.0172759
   -.0164856
   -.0147755
   -.0119042
   -.0087786
   -.0071455
   -.0070865
   -.0077326
   -.0092384
   -.0121628
   -.0164277
   -.0214286
   -.0265207
   -.0308695
   -.0336504
   -.0344474
   -.0330957
   -.0292527
   -.0228660
   -.0148036
   -.0066920
    .0000741
    .0047923
    .0072660
    .0076471
    .0064781
    .0044227
    .0015042
   -.0025421
   -.0077499
   -.0135610
   -.0191810
   -.0239034
   -.0274081
   -.0292306
   -.0291784
   -.0274155
   -.0241025
   -.0198983
   -.0157282
   -.0118245
   -.0091276
   -.0099707
   -.0153187
   -.0241065
   -.0347566
   -.0458483
   -.0555066
   -.0621108
   -.0646217
   -.0625580
   -.0552423
   -.0421396
   -.0254444
   -.0098606
    .0018128
    .0096861
    .0147689
    .0178574
    .0196057
    .0207997
    .0219666
    .0231939
    .0242490
    .0250072
    .0250590
    .0233342
    .0196828
    .0150600
    .0103078
    .0059710
    .0026006
    .0007312
    .0008951
    .0032946
    .0072318
    .0115840
    .0157657
    .0198223
    .0239151
    .0280512
    .0320615
    .0355872
    .0380886
    .0397655
    .0416894
    .0435285
    .0454090
    .0450170
    .0433805
    .0405177
    .0382574
    .0367944
    .0351921
    .0329797
    .0297770
    .0252256
    .0194625
    .0130768
    .0055770
   -.0042875
   -.0161538
   -.0286144
   -.0413698
   -.0550081
   -.0700307
   -.0861054
   -.1018692
   -.1154061
   -.1258376
   -.1330554
   -.1373336
   -.1389326
   -.1385202
   -.1369517
   -.1344211
   -.1314414
   -.1289292
   -.1273155
   -.1265905
   -.1268149
   -.1282943
   -.1313813
   -.1357481
   -.1411072
   -.1479152
   -.1564207
   -.1665231
   -.1777185
   -.1890708
   -.1994761
   -.2081521
   -.2147753
   -.2192551
   -.2213800
   -.2213328
   -.2184654
   -.2114297
   -.1999804
   -.1841781
   -.1646343
   -.1426843
   -.1199651
   -.0973192
   -.0737756
   -.0485457
   -.0227017
    .0015110
    .0230720
    .0425175
    .0603627
    .0754594
    .0880037
    .0991323
    .1102590
    .1214492
    .1309377
    .1372400
    .1423315
    .1470288
    .1584204
    .1837599
    .2054359
    .2119613
    .2102536
    .2048215
    .1980605
    .1782922
    .1550331
    .1312335
    .1183611
    .1098617
    .0940171
    .0748178
    .0561039
    .0411391
    .0277985
    .0127455
   -.0048536
   -.0248047
   -.0455798
   -.0643320
   -.0800976
   -.0919501
   -.0996589
   -.1054703
   -.1120173
   -.1162357
   -.1190504
   -.1179461
   -.1161858
   -.1179954
   -.1067340
   -.1034742
   -.1061966
   -.1096364
   -.1161077
   -.1216621
   -.1293436
   -.1358360
   -.1408357
   -.1472565
   -.1534467
   -.1702341
   -.2098108
   -.2183596
   -.2217659
   -.2310008
   -.2329643
   -.2393799
   -.2473816
   -.2522227
   -.2528392
   -.2544955
   -.2630281
   -.2656379
   -.2684193
   -.2649336
   -.2619943
   -.2209862
   -.1930306
   -.1564294
   -.1148094
   -.0897651
   -.0664029
   -.0526999
   -.0296113
   -.0121122
   -.0298146
   -.0092118
    .0270401
    .0399163
    .0564271
    .0783268
    .0928845
    .1377298
    .1457897
    .1485248
    .1538618
    .1515830
    .1487841
    .1401503
    .1263492
    .1132897
    .1032891
    .0653133
    .0493861
    .0235681
    .0030122
   -.0096981
   -.0211751
   -.0263706
   -.0337510
   -.0431949
   -.0547442
   -.0692974
   -.0943786
   -.1069298
   -.1227825
   -.1359316
   -.1535853
   -.1742209
   -.1904791
   -.1992750
   -.2132654
   -.2126265
   -.2075047
   -.2027037
   -.1960227
   -.1854615
   -.1779285
   -.1730214
   -.1672913
   -.1607531
   -.1517851
   -.1493477
   -.1506968
   -.1455699
   -.1218939
   -.1213883
   -.1299860
   -.1303143
   -.1343482
   -.1581844
   -.1571479
   -.1709412
   -.1497957
   -.1282950
   -.1031238
   -.0643603
   -.0259770
   -.0021891
    .0198716
    .0790517
    .0835789
    .0956659
    .1093547
    .0994602
    .1066366
    .1008216
    .1262331
    .1562250
    .1941129
    .2295392
    .2664304
    .2836640
    .2967431
    .2941212
    .2848293
    .2846919
    .2857944
    .2862369
    .2795894
    .2727228
    .2691586
    .2670612
    .2617936
    .2555782
    .2535534
    .2426309
    .2331413
    .2179635
    .1956969
    .1759958
    .1596540
    .1414236
    .1207565
    .0988320
    .0774082
    .0581600
    .0252717
   -.0073612
   -.0354198
   -.0682516
   -.1090288
   -.1552791
   -.1879458
   -.2088707
   -.2257783
   -.2383008
   -.2491101
   -.2541944
   -.2335386
   -.1977755
   -.2008711
   -.2064381
   -.2003413
   -.2030699
   -.2065174
   -.2128218
   -.2136590
   -.2175106
   -.2279652
   -.2436438
   -.2506722
   -.2496988
   -.2521683
   -.2537437
   -.2537336
   -.2554829
   -.2548166
   -.2704524
   -.2895850
   -.2883233
   -.2911205
   -.3343882
   -.3341514
   -.3371304
   -.3319100
   -.3243878
   -.3241421
   -.3100524
   -.2951015
   -.2688425
   -.2537182
   -.2265716
   -.2002283
   -.1693218
   -.1371667
   -.1053653
   -.0732270
   -.0489586
   -.0297651
   -.0098328
    .0075420
    .0221190
    .0358008
    .0456810
    .0564245
    .0646776
    .0737782
    .0827323
    .0902323
    .0953107
    .0898671
    .0948285
    .0896510
    .0796061
    .0707946
    .0642360
    .0428359
    .0290317
    .0340563
    .0294070
    .0356362
    .0385461
    .0427344
    .0435049
    .0477708
    .0562301
    .0933289
    .1041847
    .1241938
    .1310249
    .1448344
    .1660163
    .1739995
    .1829711
    .1961358
    .2140647
    .2291667
    .2376573
    .2419512
    .2420555
    .2368066
    .2044635
    .1849428
    .1539172
    .1392778
    .1153816
    .1124781
    .1012312
    .0848230
    .0802319
    .0482838
    .0402377
    .0180904
    .0100919
    .0040051
   -.0084132
   -.0220980
   -.0546087
   -.0750566
   -.1039719
   -.1170782
   -.1250338
   -.1066181
   -.1027778
   -.0847751
   -.0707593
   -.0643618
   -.0484583
   -.0344965
   -.0125967
    .0097650
    .0196940
    .0224518
   -.0298250
   -.0387372
   -.0235965
    .0468241
    .0930206
    .1043335
    .1098368
    .1137430
    .1249025
    .1139340
    .1054044
    .1122430
    .1141896
    .1390034
    .1635322
    .1973597
    .2197885
    .2355642
    .2488690
    .2618948
    .2697521
    .2760080
    .2895697
    .2979218
    .3065035
    .3196830
    .3301278
    .3363718
    .3417099
    .3590907
    .3632925
    .3623151
    .3584577
    .3519384
    .3443031
    .3260946
    .3133259
    .2993379
    .2840114
    .2681742
    .2511605
    .2311005
    .2085904
    .1850217
    .1601486
    .1339694
    .1043246
    .0685071
    .0381006
    .0086909
   -.0237393
   -.0519764
   -.0815467
   -.1107269
   -.1380919
   -.1649731
   -.1907546
   -.2143268
   -.2353420
   -.2542545
   -.2709334
   -.2859676
   -.2943433
   -.3031985
   -.3087001
   -.3163735
   -.3226100
   -.3307895
   -.3319402
   -.3265701
   -.3277845
   -.3300237
   -.3263759
   -.3241560
   -.3258720
   -.3277754
   -.3275640
   -.3325082
   -.3330363
   -.3320040
   -.3283572
   -.3236465
   -.3196704
   -.3092186
   -.3078569
   -.2975453
   -.2842029
   -.2740229
   -.2586354
   -.2474672
   -.2375484
   -.2278938
   -.2158534
   -.2075274
   -.2025229
   -.1967659
   -.1835602
   -.1731914
   -.1564393
   -.1364374
   -.1137356
   -.0881745
   -.0601719
   -.0386920
   -.0155877
    .0068378
    .0258103
    .0392685
    .0479356
    .0571289
    .0605539
    .0606967
    .0572667
    .0585973
    .0605534
    .0604823
    .0632024
    .0634856
    .0689233
    .0773723
    .0873886
    .1009677
    .1121997
    .1303376
    .1423259
    .1542929
    .1595093
    .1625739
    .1664316
    .1700998
    .1712544
    .1726873
    .1772136
    .1813028
    .1841642
    .1891468
    .1894473
    .1965080
    .2053908
    .2121254
    .2197791
    .2245217
    .2281364
    .2309541
    .2315801
    .2341962
    .2361908
    .2374106
    .2381439
    .2388963
    .2396732
    .2411590
    .2393033
    .2351793
    .2300374
    .2236499
    .2158856
    .2088762
    .2037725
    .1945419
    .1850558
    .1754842
    .1674963
    .1584074
    .1475082
    .1370082
    .1271457
    .1169696
    .1067892
    .0986755
    .0910083
    .0832886
    .0763286
    .0689359
    .0616487
    .0565696
    .0503228
    .0464620
    .0456901
    .0453230
    .0443979
    .0425810
    .0504747
    .0512294
    .0507944
    .0497608
    .0510733
    .0529430
    .0537105
    .0528160
    .0519497
    .0507660
    .0486548
    .0459476
    .0437291
    .0425854
    .0418640
    .0377586
    .0324362
    .0289583
    .0250777
    .0207228
    .0197224
    .0150775
    .0110654
    .0041635
   -.0053024
   -.0151876
   -.0234861
   -.0265045
   -.0299906
   -.0284711
   -.0236657
   -.0177697
   -.0120765
   -.0062934
    .0022303
    .0095724
    .0156431
    .0240299
    .0336237
    .0494717
    .0523727
    .0551651
    .0583153
    .0519357
    .0527949
    .0531315
    .0539534
    .0574009
    .0583979
    .0686659
    .0685325
    .0641931
    .0596050
    .0561947
    .0499498
    .0431041
    .0292462
    .0260012
    .0200503
    .0206711
    .0201291
    .0222134
    .0334151
    .0386535
    .0448030
    .0508923
    .0555954
    .0597043
    .0645912
    .0775163
    .0853780
    .0886509
    .0963896
    .1096560
    .1158883
    .1204803
    .1255681
    .1299652
    .1332676
    .1327384
    .1323184
    .1298569
    .1265413
    .1248055
    .1217344
    .1139866
    .1069688
    .1013341
    .0971468
    .0893363
    .0845117
    .0792748
    .0734562
    .0682497
    .0640390
    .0598031
    .0563933
    .0536956
    .0490593
    .0444778
    .0417296
    .0399150
    .0410562
    .0445315
    .0464754
    .0540194
    .0563406
    .0595238
    .0579454
    .0571296
    .0579248
    .0604003
    .0546462
    .0456427
    .0359257
    .0304844
    .0209104
    .0080454
   -.0015000
   -.0126026
   -.0226079
   -.0249614
   -.0264113
   -.0309846
   -.0328818
   -.0352304
   -.0348497
   -.0276267
   -.0288121
   -.0307419
   -.0365549
   -.0524090
   -.0529923
   -.0515845
   -.0490580
   -.0466286
   -.0407961
   -.0350151
   -.0233565
   -.0208672
   -.0225359
   -.0248416
   -.0279309
   -.0370842
   -.0413347
   -.0455241
   -.0495103
   -.0499514
   -.0500599
   -.0491380
   -.0505094
   -.0524508
   -.0580031
   -.0607002
   -.0678799
   -.0733413
   -.0799897
   -.0875437
   -.0931481
   -.0995906
   -.1058712
   -.1101380
   -.1108097
   -.1077484
   -.1020418
   -.0850254
   -.0755375
   -.0680935
   -.0603952
   -.0536319
   -.0475503
   -.0424361
   -.0359018
   -.0292071
   -.0149111
    .0041199
    .0227876
    .0461084
    .0667349
    .0904527
    .1106549
    .1305733
    .1463731
    .1688150
    .1835760
    .1938456
    .1990387
    .2007219
    .1971828
    .1938160
    .1868845
    .1854322
    .1821628
    .1817794
    .1788765
    .1692152
    .1588706
    .1412306
    .1331733
    .1237529
    .1191642
    .1105929
    .1018356
    .0873461
    .0751047
    .0632472
    .0510404
    .0404756
    .0323872
    .0220093
    .0113004
    .0039969
   -.0029197
   -.0117940
   -.0215670
   -.0297084
   -.0336978
   -.0410877
   -.0450459
   -.0558240
   -.0658336
   -.0776852
   -.0898666
   -.1017721
   -.1149484
   -.1277415
   -.1386487
   -.1489452
   -.1582064
   -.1647804
   -.1709534
   -.1731176
   -.1708675
   -.1673830
   -.1642938
   -.1623358
   -.1421102
   -.1454649
   -.1430265
   -.1399490
   -.1358722
   -.1316365
   -.1313583
   -.1295285
   -.1363727
   -.1291963
   -.1217753
   -.1051354
   -.0817312
   -.0669517
   -.0412115
   -.0206523
    .0004622
    .0198313
    .0361992
    .0477103
    .0568995
    .0667948
    .0740384
    .0693380
    .0748382
    .0810309
    .0870965
    .0915616
    .0971472
    .1016539
    .1049768
    .1074057
    .1099651
    .1135630
    .1128091
    .1132222
    .1123249
    .1119870
    .1115540
    .1104559
    .1114579
    .1127316
    .1147413
    .1172945
    .1212638
    .1270381
    .1322598
    .1387058
    .1465171
    .1559306
    .1655099
    .1770118
    .1833578
    .1893963
    .1901651
    .1883013
    .1882488
    .1912917
    .1940855
    .1960958
    .1999526
    .2080755
    .2108813
    .2091725
    .2065780
    .2014037
    .1891251
    .1790597
    .1589830
    .1454224
    .1311888
    .1134251
    .0969248
    .0790815
    .0640717
    .0514153
    .0418348
    .0387344
    .0270994
    .0135648
   -.0009534
   -.0150084
   -.0329050
   -.0362831
   -.0478763
   -.0598304
   -.0702460
   -.0794489
   -.0884814
   -.0931158
   -.0987408
   -.0977400
   -.0960623
   -.0940648
   -.0967301
   -.0997728
   -.1034228
   -.1079574
   -.1186971
   -.1233550
   -.1273344
   -.1341917
   -.1388587
   -.1452292
   -.1510361
   -.1565895
   -.1614987
   -.1665284
   -.1707958
   -.1774595
   -.1837823
   -.1904266
   -.1964565
   -.2013966
   -.2037861
   -.2054898
   -.2022532
   -.1941526
   -.1889990
   -.1786948
   -.1651293
   -.1491853
   -.1338162
   -.1159843
   -.0983205
   -.0798296
   -.0592522
   -.0426543
   -.0231765
   -.0060157
    .0125945
    .0293949
    .0465953
    .0607514
    .0719936
    .0814899
    .0883313
    .0902632
    .0872642
    .0876841
    .0855537
    .0833429
    .0722381
    .0645467
    .0506893
    .0366400
    .0185708
    .0011784
   -.0127987
   -.0281039
   -.0470221
   -.0551061
   -.0588907
   -.0625457
   -.0623918
   -.0396608
   -.0323826
   -.0217756
   -.0187800
   -.0189456
   -.0186658
   -.0163252
   -.0070567
   -.0040508
   -.0079119
   -.0112613
   -.0073352
   -.0106661
   -.0164371
   -.0234734
   -.0342154
   -.0467912
   -.0575012
   -.0664931
   -.0761004
   -.0882166
   -.0956515
   -.1028364
   -.1168494
   -.1266854
   -.1312027
   -.1446902
   -.1453101
   -.1451805
   -.1460307
   -.1482102
   -.1460125
   -.1430664
   -.1393363
   -.1337495
   -.1277039
   -.1223671
   -.1157851
   -.1030728
   -.0918561
   -.0817621
   -.0635407
   -.0497795
   -.0379257
   -.0253254
   -.0115529
    .0224985
    .0322739
    .0399401
    .0463266
    .0520799
    .0548892
    .0564687
    .0574386
    .0559297
    .0535582
    .0500922
    .0463133
    .0407344
    .0312324
    .0267021
    .0215847
    .0132591
    .0050782
   -.0051444
   -.0143681
   -.0213467
   -.0281150
   -.0353854
   -.0414693
   -.0496204
   -.0596652
   -.0649619
   -.0708181
   -.0764715
   -.0809624
   -.0849028
   -.0874467
   -.0878552
   -.0885514
   -.0869525
   -.0854774
   -.0805265
   -.0771268
   -.0733048
   -.0700547
   -.0612851
   -.0568208
   -.0507265
   -.0452613
   -.0395410
   -.0332515
   -.0271079
   -.0209022
   -.0147635
   -.0094086
   -.0051374
   -.0039244
    .0009025
    .0041250
    .0092735
    .0159617
    .0209906
    .0249497
    .0316065
    .0347883
    .0403786
    .0456951
    .0478330
    .0502012
    .0502363
    .0449824
    .0461618
    .0473334
    .0478257
    .0500809
    .0517000
    .0529116
    .0540325
    .0545784
    .0579869
    .0580308
    .0589108
    .0572269
    .0567368
    .0546248
    .0505537
    .0473300
    .0463091
    .0431066
    .0405742
    .0371282
    .0341784
    .0285845
    .0219688
    .0168601
    .0112058
    .0052343
    .0014757
    .0000218
   -.0101180
   -.0182931
   -.0242393
   -.0306381
   -.0376167
   -.0440330
   -.0528441
   -.0626820
   -.0700210
   -.0760227
   -.0809661
   -.0883954
   -.0949201
   -.1040951
   -.1062175
   -.1039840
   -.0950491
   -.0840706
   -.0594409
   -.0480013
   -.0375933
   -.0252477
   -.0162625
   -.0033858
    .0014226
    .0091474
    .0145512
    .0230216
    .0308972
    .0401210
    .0497369
    .0597628
    .0699651
    .0804025
    .0903006
    .1008877
    .1083171
    .1151854
    .1199600
    .1245164
    .1254595
    .1297114
    .1327721
    .1321499
    .1328181
    .1314377
    .1302939
    .1282130
    .1244435
    .1197148
    .1138626
    .1068156
    .1023450
    .0956798
    .0882487
    .0803068
    .0750071
    .0664056
    .0634141
    .0563709
    .0437963
    .0439704
    .0432756
    .0388985
    .0416299
    .0472721
    .0497136
    .0541951
    .0517842
    .0480124
    .0376743
    .0278025
    .0177275
    .0034135
   -.0345034
   -.0582272
   -.0794509
   -.0927683
   -.1058419
   -.1178204
   -.1253574
   -.1341834
   -.1207862
   -.1218858
   -.1147876
   -.1095052
   -.1077267
   -.1098970
   -.1136442
   -.1184026
   -.1331738
   -.1315474
   -.1260600
   -.1172324
   -.1023697
   -.0684777
   -.0309429
   -.0071703
    .0094396
    .0284657
    .0514394
    .0645212
    .0829260
    .1010638
    .1081569
    .1098633
    .1061911
    .1002886
    .0971391
    .0915044
    .0875571
    .0968296
    .0984112
    .1001699
    .1023257
    .1105541
    .1084688
    .1127508
    .1141366
    .1139642
    .1134166
    .1139424
    .1149407
    .1128040
    .1113695
    .1124426
    .1070459
    .1031499
    .1024821
    .1009067
    .1056920
    .1145275
    .1139149
    .1348241
    .1388629
    .1555414
    .1599254
    .1591497
    .1576297
    .1507071
    .1426486
    .1345172
    .1181045
    .1079849
    .1010532
    .0919008
    .0777736
    .0689767
    .0617146
    .0585483
    .0588731
    .0615188
    .0709193
    .0762997
    .0735338
    .0664541
    .0631795
    .0598965
    .0523761
    .0434376
    .0330386
    .0194962
    .0087200
   -.0095841
   -.0143058
   -.0238760
   -.0220669
   -.0155732
   -.0042907
    .0083765
    .0272789
    .0395231
    .0464352
    .0459722
    .0441575
    .0401492
    .0556622
    .0577903
    .0579380
    .0615351
    .0687667
    .0747024
    .0746748
    .0715730
    .0663788
    .0555049
    .0442971
    .0301662
    .0166101
   -.0102347
   -.0218221
   -.0310709
   -.0414990
   -.0513548
   -.0537172
   -.0584048
   -.0615388
   -.0673073
   -.0725717
   -.0789716
   -.0867568
   -.0952635
   -.1033643
   -.1121979
   -.1204382
   -.1286408
   -.1393084
   -.1443414
   -.1506769
   -.1568521
   -.1610888
   -.1642366
   -.1648099
   -.1620772
   -.1632143
   -.1670426
   -.1727005
   -.1774239
   -.1813387
   -.1849574
   -.1883352
   -.1905083
   -.1913225
   -.1905351
   -.1879047
   -.1838543
   -.1802706
   -.1752177
   -.1690358
   -.1639797
   -.1575412
   -.1490727
   -.1426010
   -.1342012
   -.1255228
   -.1192660
   -.1112853
   -.1037385
   -.0954624
   -.0877663
   -.0811657
   -.0759840
   -.0710751
   -.0665115
   -.0618837
   -.0576294
   -.0554820
   -.0528484
   -.0539428
   -.0531077
   -.0532654
   -.0568637
   -.0622908
   -.0656787
   -.0646107
   -.0666953
   -.0674736
   -.0703879
   -.0714658
   -.0753355
   -.0779442
   -.0806531
   -.0837719
   -.0860024
   -.0893291
   -.0921915
   -.0915344
   -.0899748
   -.0889847
   -.0845167
   -.0805265
   -.0806345
   -.0785872
   -.0753087
   -.0743626
   -.0757767
   -.0770255
   -.0783683
   -.0790497
   -.0816948
   -.0853692
   -.0871261
   -.0884666
   -.0898199
   -.0911301
   -.0949806
   -.0963358
   -.0940969
   -.0896616
   -.0972731
   -.1003786
   -.1028255
   -.1052582
   -.1059885
   -.1075621
   -.1095307
   -.1103751
   -.1101682
   -.1081234
   -.1067047
   -.1021215
   -.0938702
   -.0878658
   -.0791004
   -.0732983
   -.0703133
   -.0660635
   -.0626706
   -.0598912
   -.0587023
   -.0619958
   -.0620561
   -.0619195
   -.0617346
   -.0619195
   -.0630086
   -.0615142
   -.0575311
   -.0523245
   -.0516762
   -.0511247
   -.0533728
   -.0548374
   -.0561411
   -.0568741
   -.0605589
   -.0677398
   -.0689049
   -.0675009
   -.0639320
   -.0579008
   -.0504261
   -.0445209
   -.0379294
   -.0317444
   -.0246813
   -.0187748
   -.0147103
   -.0110730
   -.0060818
   -.0032186
   -.0047767
   -.0022957
    .0003746
    .0028336
    .0047977
    .0052584
    .0053487
    .0048226
    .0038260
    .0024235
    .0000614
   -.0030705
   -.0069535
   -.0128435
   -.0185793
   -.0245038
   -.0299850
   -.0339159
   -.0386182
   -.0438507
   -.0493919
   -.0582069
   -.0647418
   -.0711749
   -.0782799
   -.0852076
   -.0923892
   -.0987384
   -.1033447
   -.1079142
   -.1125918
   -.1168968
   -.1201114
   -.1220508
   -.1227303
   -.1220551
   -.1206550
   -.1184762
   -.1143226
   -.1111128
   -.1083740
   -.1054092
   -.1037306
   -.1021935
   -.1006831
   -.0981377
   -.0990195
   -.0965625
   -.0947685
   -.0897895
   -.0846302
   -.0789599
   -.0717600
   -.0653462
   -.0611693
   -.0586705
   -.0593358
   -.0582290
   -.0576863
   -.0586638
   -.0600997
   -.0578898
   -.0552059
   -.0530013
   -.0489696
   -.0422614
   -.0355679
   -.0269022
   -.0219575
   -.0178678
   -.0135532
   -.0094772
   -.0063593
   -.0046451
   -.0007937
    .0026774
    .0071360
    .0118263
    .0180086
    .0260897
    .0343246
    .0420545
    .0490776
    .0552417
    .0606740
    .0644281
    .0677323
    .0703108
    .0728371
    .0766371
    .0803976
    .0837359
    .0841863
    .0864792
    .0880065
    .0885272
    .0889171
    .0902719
    .0934139
    .0948203
    .0955449
    .0950624
    .0917522
    .0864405
    .0791838
    .0720195
    .0637959
    .0523127
    .0408088
    .0311360
    .0224839
    .0168056
    .0240440
    .0199536
    .0184834
    .0123593
    .0054707
   -.0013323
   -.0085235
   -.0167941
   -.0369635
   -.0438769
   -.0500470
   -.0570278
   -.0634734
   -.0680396
   -.0717479
   -.0759350
   -.0794535
   -.0809163
   -.0818391
   -.0850444
   -.0906973
   -.0924315
   -.0928132
   -.0935517
   -.0973812
   -.1007145
   -.1031293
   -.1080665
   -.1058652
   -.1032305
   -.1034021
   -.1046032
   -.1068225
   -.1107986
   -.1152485
   -.1220188
   -.1257175
   -.1297453
   -.1338127
   -.1371423
   -.1399184
   -.1410491
   -.1407803
   -.1405418
   -.1397876
   -.1378917
   -.1358147
   -.1299305
   -.1267922
   -.1227536
   -.1189666
   -.1110696
   -.1049403
   -.0954599
   -.0850560
   -.0748077
   -.0609143
   -.0481017
   -.0353389
   -.0224679
   -.0141716
   -.0052681
    .0007147
    .0036548
    .0046424
   -.0097137
   -.0128249
   -.0236407
   -.0149400
   -.0073232
   -.0028089
   -.0074623
   -.0057888
   -.0017449
    .0031492
    .0096493
    .0137094
    .0198828
    .0286088
    .0539994
    .0677895
    .0753379
    .0830004
    .0901975
    .1063451
    .1302910
    .1404009
    .1466432
    .1613877
    .1742164
    .1837624
    .1967914
    .1995407
    .2009985
    .2007628
    .1956241
    .1921376
    .1842957
    .1689223
    .1510400
    .1348875
    .1181560
    .1043462
    .0815680
    .0590153
    .0393742
    .0130341
    .0059043
   -.0114094
   -.0229032
   -.0332123
   -.0494653
   -.0747470
   -.0933179
   -.1049863
   -.1137719
   -.1224465
   -.1292784
   -.1350816
   -.1306786
   -.1283535
   -.1188985
   -.1059320
   -.0951062
   -.0836121
   -.0632204
   -.0252920
   -.0197046
   -.0053546
    .0111857
    .0205783
    .0328974
    .0591392
    .0595683
    .0604810
    .0551299
    .0519825
    .0478155
    .0465731
    .0448548
    .0447785
    .0357907
    .0372102
    .0255894
    .0226780
    .0194177
   -.0103990
   -.0477799
   -.0642937
   -.1025033
   -.1229665
   -.1336484
   -.1369979
   -.1501088
   -.1550710
   -.1561512
   -.1521774
   -.1486679
   -.1266060
   -.1179333
   -.1010274
   -.0847980
   -.0646281
   -.0432826
    .0047675
    .0167654
    .0223351
    .0214333
    .0270610
    .0230545
    .0293058
    .0320767
    .0410083
    .0633041
    .0676997
    .0813792
    .0931380
    .0972753
    .1020376
    .0938782
    .0815661
    .0641601
    .0503379
    .0378228
    .0189099
    .0028311
   -.0093698
   -.0253917
   -.0300132
   -.0382932
   -.0368666
   -.0411065
   -.0390672
   -.0456098
   -.0480971
   -.0510564
   -.0562123
   -.0610385
   -.0625317
   -.0622893
   -.0608924
   -.0589537
   -.0614500
   -.0605837
   -.0558044
   -.0498533
   -.0331610
   -.0229416
    .0166479
    .0281488
    .0404189
    .0609845
    .0811756
    .0910942
    .1138849
    .1309580
    .1502993
    .1665860
    .1743605
    .1764685
    .1748152
    .1735956
    .1771556
    .1750917
    .1735263
    .1698289
    .1694940
    .1637422
    .1541550
    .1564064
    .1596762
    .1682075
    .1783849
    .1765562
    .1644813
    .1596118
    .1414702
    .1243918
    .1197133
    .0723221
    .0615873
    .0523535
    .0890723
    .0969873
    .1561314
    .1647357
    .1811040
    .1877287
    .1674486
    .1441699
    .1478552
    .1242212
    .1248448
    .1229355
    .1307862
    .1431255
    .1577477
    .2106972
    .2436632
    .2635175
    .2728295
    .2711388
    .2542031
    .2334713
    .2218502
    .1954454
    .1355675
    .1192959
    .0831849
    .0578343
    .0397218
    .0296544
    .0165405
    .0189464
    .0002439
    .0038943
    .0070910
    .0113721
   -.0109097
   -.0346379
   -.0933098
   -.1297683
   -.1606209
   -.1862736
   -.2024058
   -.2143778
   -.2145777
   -.1367180
   -.1106169
   -.0467224
   -.0125962
    .0269287
    .0289377
    .0315356
    .0063613
   -.0122333
   -.0229769
   -.0392145
   -.0516742
   -.0797317
   -.0614318
   -.0365611
   -.0069031
    .0077719
    .0318735
    .0439158
    .0480105
    .0185508
   -.0167839
   -.0352423
   -.0770666
   -.1201231
   -.1437155
   -.1671333
   -.1859634
   -.2056787
   -.1881011
   -.1718049
   -.1739753
   -.1548686
   -.1312658
   -.0953867
   -.0854475
   -.0467920
   -.0133421
    .0010934
   -.0619820
   -.1403872
   -.1299424
   -.1065334
   -.0920490
   -.0480969
    .0075684
    .0735952
    .1264599
    .1644324
    .1925621
    .2100061
    .2322450
    .2425248
    .2420341
    .2367214
    .2287509
    .2166173
    .1942957
    .1777453
    .1648685
    .1520381
    .1390868
    .1168561
    .1007459
    .0952274
    .0853173
    .0585551
    .0449115
    .0293540
    .0273614
    .0035925
   -.0029761
   -.0134324
   -.0185047
   -.0203995
   -.0185362
   -.0098214
   -.0078903
   -.0075226
   -.0024487
    .0065326
    .0345530
    .0509183
    .0628141
    .0855499
    .1024547
    .1107757
    .1248800
    .1466502
    .1540578
    .1571571
    .1578656
    .1508328
    .1482536
    .1393767
    .1263385
    .1162518
    .0863923
    .0734378
    .0697560
    .0584852
    .0268346
   -.0013674
   -.0298447
   -.0586257
   -.0744348
   -.1029781
   -.1201142
   -.1274756
   -.1300112
   -.1331071
   -.1314311
   -.1245632
   -.1031029
   -.0961853
   -.0849035
   -.0766913
   -.0706650
   -.0656219
   -.0575821
   -.0500855
   -.0285436
   -.0207301
   -.0010816
    .0097718
    .0267741
    .0359775
    .0564921
    .0746638
    .0901100
    .1028482
    .1034900
    .1056959
    .0938272
    .0936284
    .0786866
    .0701496
    .0475643
    .0503792
    .0507614
    .0506389
    .0401348
    .0311036
   -.0013132
   -.0159423
   -.0282204
   -.0199133
   -.0277023
   -.0225531
   -.0230468
   -.0150707
   -.0106276
   -.0030848
    .0031457
    .0091116
    .0177115
    .0231916
    .0259370
    .0598286
    .0585384
    .0589102
    .0594869
    .0573019
    .0689529
    .0764907
    .0956313
    .0948094
    .0975715
    .0976428
    .0961156
    .0931253
    .0735173
    .0672877
    .0616841
    .0573245
    .0532998
    .0525936
    .0462444
    .0469354
    .0383213
    .0380502
    .0321817
    .0287493
    .0231716
    .0171364
    .0099240
   -.0002957
   -.0082255
   -.0239884
   -.0272325
   -.0275718
   -.0206664
   -.0224587
   -.0195581
   -.0191948
   -.0202448
   -.0214688
   -.0230972
   -.0248267
   -.0292019
   -.0315024
   -.0335576
   -.0362193
   -.0376229
   -.0382059
   -.0375287
   -.0360344
   -.0344774
   -.0310634
   -.0280660
   -.0252418
   -.0238586
   -.0248427
   -.0265575
   -.0295816
   -.0337026
   -.0359351
   -.0407387
   -.0433543
   -.0456590
   -.0460970
   -.0461410
   -.0442655
   -.0364312
   -.0312839
   -.0303209
   -.0365453
   -.0424574
   -.0493816
   -.0534232
   -.0603363
   -.0631159
   -.0605955
   -.0599161
   -.0536544
   -.0489300
   -.0432351
   -.0339883
   -.0234725
   -.0162818
   -.0076796
   -.0046352
   -.0030749
   -.0037386
   -.0065212
   -.0115854
   -.0136813
   -.0107241
   -.0034971
   -.0010974
    .0097317
    .0182330
    .0246274
    .0319000
    .0246935
    .0155914
    .0076192
    .0097817
    .0138503
    .0208520
    .0222193
    .0245017
    .0248196
    .0263783
    .0270992
    .0272726
    .0265355
    .0255504
    .0259549
    .0251716
    .0232624
    .0238788
    .0261382
    .0311094
    .0307411
    .0288446
    .0265680
    .0238951
    .0204507
    .0169231
    .0125897
    .0089501
    .0049635
    .0014104
   -.0028503
   -.0072755
   -.0116858
   -.0171394
   -.0212312
   -.0249845
   -.0291413
   -.0329115
   -.0352427
   -.0372580
   -.0397136
   -.0429301
   -.0451893
   -.0471923
   -.0492335
   -.0500614
   -.0517392
   -.0518888
   -.0508804
   -.0487850
   -.0455786
   -.0421911
   -.0381830
   -.0346483
   -.0323577
   -.0296624
   -.0262445
   -.0233027
   -.0199351
   -.0165794
   -.0125445
   -.0064959
   -.0019197
    .0028720
    .0077548
    .0114527
    .0147858
    .0174598
    .0194667
    .0210846
    .0222715
    .0235939
    .0249136
    .0265993
    .0272913
    .0286711
    .0289052
    .0284282
    .0280666
    .0262815
    .0225120
    .0199002
    .0175080
    .0154978
    .0126679
    .0093658
    .0070483
    .0041356
    .0001189
   -.0048502
   -.0089705
   -.0156619
   -.0184038
   -.0212209
   -.0225157
   -.0220804
   -.0199841
   -.0119954
   -.0116019
   -.0047100
    .0008621
    .0030643
   -.0015307
   -.0048255
   -.0106570
   -.0110495
   -.0169031
   -.0176895
   -.0178581
   -.0143328
   -.0036216
    .0071886
    .0124496
    .0178033
    .0207342
    .0217271
    .0205030
    .0184531
    .0012431
    .0023731
    .0011303
   -.0039489
   -.0163242
   -.0153696
   -.0036023
    .0040424
    .0121847
    .0200467
    .0275272
    .0308701
    .0325513
    .0313574
    .0287558
    .0254664
    .0245660
    .0249130
    .0259191
    .0284709
    .0310033
    .0347947
    .0358773
    .0371841
    .0413098
    .0414262
    .0441868
    .0412006
    .0373918
    .0319477
    .0257515
    .0190037
    .0117158
    .0051519
   -.0026712
   -.0117079
   -.0231452
   -.0295242
   -.0405848
   -.0459406
   -.0518433
   -.0555086
   -.0586621
   -.0623413
   -.0650447
   -.0655769
   -.0670765
   -.0685877
   -.0693069
   -.0679391
   -.0672463
   -.0693231
   -.0709847
   -.0715154
   -.0721927
   -.0723628
   -.0704638
   -.0713982
   -.0719002
   -.0722624
   -.0726121
   -.0735822
   -.0752082
   -.0754962
   -.0773208
   -.0793948
   -.0825668
   -.0847481
   -.0898713
   -.0936185
   -.0972158
   -.1027948
   -.1075859
   -.1130265
   -.1169669
   -.1185423
   -.1247405
   -.1284335
   -.1305503
   -.1319940
   -.1348393
   -.1374264
   -.1391289
   -.1398008
   -.1404974
   -.1412443
   -.1425753
   -.1426861
   -.1423466
   -.1418735
   -.1389249
   -.1321666
   -.1310172
   -.1306074
   -.1297226
   -.1294763
   -.1277325
   -.1279499
   -.1281286
   -.1275939
   -.1267867
   -.1263338
   -.1263150
   -.1263291
   -.1265726
   -.1276970
   -.1288011
   -.1293386
   -.1294434
   -.1293498
   -.1283423
   -.1254183
   -.1212755
   -.1169447
   -.1130188
   -.1085808
   -.1034750
   -.0982846
   -.0932955
   -.0886708
   -.0849415
   -.0821412
   -.0796648
   -.0770898
   -.0745660
   -.0722926
   -.0705702
   -.0698065
   -.0686788
   -.0677355
   -.0671767
   -.0672477
   -.0665857
   -.0660561
   -.0656405
   -.0658570
   -.0658120
   -.0649188
   -.0637535
   -.0622951
   -.0610263
   -.0598171
   -.0585309
   -.0570845
   -.0553800
   -.0534561
   -.0515894
   -.0499225
   -.0487839
   -.0482493
   -.0475192
   -.0459097
   -.0437664
   -.0414868
   -.0398129
   -.0377637
   -.0344313
   -.0304823
   -.0263103
   -.0226750
   -.0195120
   -.0161808
   -.0125113
   -.0086522
   -.0047058
   -.0018210
   -.0002746
    .0021543
    .0053363
    .0084818
    .0099094
    .0105040
    .0121329
    .0137837
    .0148385
    .0143606
    .0128677
    .0110736
    .0091880
    .0072732
    .0052691
    .0032442
    .0016126
   -.0000274
   -.0024497
   -.0059178
   -.0095916
   -.0129587
   -.0163229
   -.0186470
   -.0198219
   -.0208233
   -.0221903
   -.0240295
   -.0259383
   -.0269314
   -.0279942
   -.0292917
   -.0314757
   -.0329391
   -.0333987
   -.0334532
   -.0333290
   -.0317786
   -.0288223
   -.0264339
   -.0240592
   -.0222140
   -.0195294
   -.0165942
   -.0154427
   -.0145514
   -.0136414
   -.0127430
   -.0123846
   -.0130021
   -.0142835
   -.0158607
   -.0178510
   -.0206575
   -.0243028
   -.0281706
   -.0316367
   -.0340450
   -.0354447
   -.0369755
   -.0384483
   -.0387253
   -.0364663
   -.0327362
   -.0303204
   -.0278149
   -.0263594
   -.0238078
   -.0196737
   -.0150659
   -.0104250
   -.0055707
   -.0001319
    .0058701
    .0119748
    .0172041
    .0210195
    .0238099
    .0261840
    .0285107
    .0303817
    .0313662
    .0318758
    .0333188
    .0345067
    .0345594
    .0349615
    .0357654
    .0352610
    .0334517
    .0307680
    .0275743
    .0245194
    .0222192
    .0206706
    .0194368
    .0180503
    .0169969
    .0165800
    .0166976
    .0169643
    .0165466
    .0151795
    .0133571
    .0115622
    .0093813
    .0071814
    .0056141
    .0045058
    .0037091
    .0033243
    .0036566
    .0047487
    .0057461
    .0065315
    .0077617
    .0089725
    .0095378
    .0098003
    .0104730
    .0105393
    .0101586
    .0096811
    .0098248
    .0094155
    .0085278
    .0080657
    .0076737
    .0076600
    .0079233
    .0070512
    .0058731
    .0054416
    .0058213
    .0070740
    .0096258
    .0132817
    .0172412
    .0203246
    .0224019
    .0257280
    .0298939
    .0346175
    .0388725
    .0425050
    .0460761
    .0495089
    .0525283
    .0552934
    .0574552
    .0588452
    .0596492
    .0598554
    .0595370
    .0587837
    .0584502
    .0579490
    .0575049
    .0572826
    .0561465
    .0555480
    .0554363
    .0553462
    .0542756
    .0535303
    .0532903
    .0532031
    .0532847
    .0529210
    .0517888
    .0507880
    .0500685
    .0491465
    .0480061
    .0467189
    .0448503
    .0422626
    .0394962
    .0376512
    .0360539
    .0345938
    .0337904
    .0339756
    .0340828
    .0340455
    .0342384
    .0348463
    .0357534
    .0369449
    .0382589
    .0393994
    .0405219
    .0415218
    .0420281
    .0421026
    .0419771
    .0417701
    .0414515
    .0409996
    .0404936
    .0404066
    .0407899
    .0411392
    .0409571
    .0407646
    .0410439
    .0412223
    .0408570
    .0397111
    .0382509
    .0370202
    .0362242
    .0353344
    .0339409
    .0313514
    .0283789
    .0259355
    .0234340
    .0210205
    .0186354
    .0165789
    .0152265
    .0148715
    .0155890
    .0169464
    .0187734
    .0200801
    .0213111
    .0234985
    .0257993
    .0270965
    .0279429
    .0296931
    .0316837
    .0331651
    .0333140
    .0333001
    .0333886
    .0329735
    .0316957
    .0289171
    .0264298
    .0240698
    .0216479
    .0182648
    .0160711
    .0145269
    .0130878
    .0105617
    .0081212
    .0067209
    .0054851
    .0040754
    .0020969
   -.0001486
   -.0023780
   -.0041872
   -.0052496
   -.0058390
   -.0060568
   -.0061793
   -.0064740
   -.0067472
   -.0062858
   -.0052697
   -.0040572
   -.0033223
   -.0032925
   -.0027668
   -.0011898
    .0008323
    .0030791
    .0045647
    .0056542
    .0074068
    .0098034
    .0123672
    .0150398
    .0179646
    .0210894
    .0239381
    .0264612
    .0290230
    .0320052
    .0350246
    .0376864
    .0397317
    .0413318
    .0420749
    .0417517
    .0404536
    .0385000
    .0361487
    .0337634
    .0315108
    .0293080
    .0262091
    .0223013
    .0190773
    .0166426
    .0143313
    .0114583
    .0080801
    .0049697
    .0022045
   -.0004857
   -.0027083
   -.0041044
   -.0049792
   -.0058347
   -.0076307
   -.0089030
   -.0094845
   -.0098002
   -.0099597
   -.0102111
   -.0103551
   -.0102417
   -.0096872
   -.0089440
   -.0078022
   -.0072257
   -.0064958
   -.0047754
   -.0030378
   -.0019855
   -.0013441
   -.0003531
    .0005907
    .0013026
    .0020360
    .0029093
    .0041652
    .0062814
    .0088601
    .0115525
    .0134132
    .0157265
    .0189192
    .0223576
    .0254465
    .0279797
    .0306410
    .0336098
    .0364518
    .0391544
    .0417116
    .0437659
    .0450397
    .0459591
    .0461548
    .0458462
    .0455155
    .0453215
    .0444103
    .0431340
    .0420190
    .0409998
    .0404015
    .0401645
    .0402907
    .0404552
    .0394649
    .0380023
    .0369115
    .0361045
    .0351912
    .0340495
    .0327468
    .0312768
    .0296376
    .0278679
    .0259481
    .0233731
    .0196630
    .0155497
    .0121765
    .0093144
    .0068026
    .0034556
   -.0003910
   -.0031146
   -.0046937
   -.0056020
   -.0064511
   -.0075849
   -.0088111
   -.0102030
   -.0111424
   -.0112967
   -.0113271
   -.0125372
   -.0147920
   -.0158871
   -.0158332
   -.0151302
   -.0147607
   -.0152160
   -.0151578
   -.0141319
   -.0127732
   -.0111177
   -.0106079
   -.0104656
   -.0094498
   -.0087335
   -.0091342
   -.0120798
   -.0155409
   -.0173437
   -.0193618
   -.0230224
   -.0279108
   -.0311744
   -.0337859
   -.0359295
   -.0383997
   -.0409648
   -.0431439
   -.0450341
   -.0467301
   -.0481149
   -.0488785
   -.0495146
   -.0496297
   -.0501128
   -.0507556
   -.0509161
   -.0502744
   -.0490118
   -.0471471
   -.0447958
   -.0425507
   -.0399582
   -.0363825
   -.0325315
   -.0285244
   -.0252496
   -.0229613
   -.0206220
   -.0189849
   -.0178452
   -.0186341
   -.0192479
   -.0188480
   -.0182853
   -.0181153
   -.0191833
   -.0213124
   -.0237505
   -.0258080
   -.0273881
   -.0289762
   -.0304963
   -.0324484
   -.0343166
   -.0356342
   -.0365636
   -.0370623
   -.0369581
   -.0365261
   -.0355521
   -.0334919
   -.0308799
   -.0278134
   -.0251787
   -.0232454
   -.0210962
   -.0185970
   -.0161433
   -.0137065
   -.0123251
   -.0114307
   -.0094302
   -.0063190
   -.0026488
    .0001062
    .0016949
    .0035883
    .0066449
    .0103833
    .0141719
    .0179082
    .0211912
    .0235248
    .0248733
    .0259874
    .0267284
    .0268965
    .0259826
    .0234530
    .0200381
    .0161633
    .0125347
    .0098672
    .0078576
    .0061348
    .0043467
    .0023498
    .0000614
   -.0021843
   -.0038291
   -.0045751
   -.0048531
   -.0049434
   -.0047342
   -.0044620
   -.0042708
   -.0042559
   -.0045455
   -.0044443
   -.0033306
   -.0021558
   -.0004427
    .0006688
    .0011510
    .0016639
    .0028776
    .0043440
    .0058434
    .0074784
    .0093698
    .0121986
    .0153988
    .0184243
    .0209898
    .0237447
    .0269194
    .0292295
    .0307510
    .0325243
    .0339490
    .0343522
    .0344337
    .0344362
    .0333043
    .0313148
    .0294731
    .0273490
    .0244627
    .0209596
    .0170490
    .0129118
    .0088136
    .0049045
    .0011421
   -.0023803
   -.0054742
   -.0081363
   -.0105970
   -.0128934
   -.0147593
   -.0160322
   -.0169503
   -.0177654
   -.0185107
   -.0191199
   -.0196123
   -.0200260
   -.0203712
   -.0206291
   -.0207859
   -.0208263
   -.0207203
   -.0204141
   -.0198238
   -.0188538
   -.0175675
   -.0164378
   -.0160736
   -.0164526
   -.0171452
   -.0180199
   -.0189856
   -.0197520
   -.0200777
   -.0208549
   -.0223595
   -.0243144
   -.0266309
   -.0277793
   -.0287067
   -.0299628
   -.0320069
   -.0346084
   -.0346017
   -.0332410
   -.0328954
   -.0323292
   -.0310861
   -.0292664
   -.0281986
   -.0270302
   -.0257271
   -.0249275
   -.0247335
   -.0253358
   -.0260871
   -.0258963
   -.0252419
   -.0250419
   -.0252890
   -.0260183
   -.0268490
   -.0270835
   -.0266904
   -.0260202
   -.0252475
   -.0243470
   -.0232802
   -.0220147
   -.0205106
   -.0188129
   -.0175735
   -.0178103
   -.0185077
   -.0174893
   -.0162773
   -.0154363
   -.0151253
   -.0148112
   -.0134088
   -.0110710
   -.0085616
   -.0062699
   -.0044782
   -.0032040
   -.0023085
   -.0018037
   -.0017382
   -.0018219
   -.0015492
   -.0007684
    .0000336
    .0000793
   -.0009347
   -.0027343
   -.0049108
   -.0070527
   -.0091645
   -.0112101
   -.0127701
   -.0135854
   -.0140084
   -.0144238
   -.0144519
   -.0142551
   -.0139976
   -.0135950
   -.0129865
   -.0118953
   -.0097859
   -.0067899
   -.0037751
   -.0011379
    .0011514
    .0025941
    .0031191
    .0033462
    .0035067
    .0033098
    .0031030
    .0031197
    .0028446
    .0019952
    .0009882
    .0005843
    .0001930
   -.0004585
   -.0015162
   -.0031940
   -.0043221
   -.0041105
   -.0035977
   -.0036262
   -.0045497
   -.0053151
   -.0047112
   -.0045271
   -.0056850
   -.0075472
   -.0086714
   -.0099945
   -.0115212
   -.0136744
   -.0154768
   -.0177313
   -.0204822
   -.0237542
   -.0261386
   -.0285018
   -.0311735
   -.0342554
   -.0372376
   -.0395775
   -.0413708
   -.0431104
   -.0447977
   -.0464869
   -.0470174
   -.0460513
   -.0446957
   -.0430625
   -.0413435
   -.0392177
   -.0367782
   -.0345187
   -.0320364
   -.0297986
   -.0276237
   -.0258738
   -.0232287
   -.0207143
   -.0186511
   -.0172310
   -.0160894
   -.0151578
   -.0147018
   -.0143047
   -.0137511
   -.0136693
   -.0144086
   -.0157946
   -.0157738
   -.0150730
   -.0144919
   -.0141652
   -.0127569
   -.0097087
   -.0069204
   -.0048961
   -.0019296
    .0019411
    .0049079
    .0068200
    .0085734
    .0112918
    .0130480
    .0135593
    .0133322
    .0138228
    .0130184
    .0113852
    .0092906
    .0076239
    .0061317
    .0047555
    .0036916
    .0026864
    .0020584
    .0020709
    .0016570
    .0006608
   -.0009424
   -.0027219
   -.0033929
   -.0038341
   -.0049777
   -.0058156
   -.0072687
   -.0080134
   -.0080938
   -.0079877
   -.0079867
   -.0080613
   -.0080814
   -.0080252
   -.0079529
   -.0078734
   -.0078136
   -.0077800
   -.0078295
   -.0080027
   -.0084134
   -.0091395
   -.0101159
   -.0105634
   -.0098920
   -.0087416
   -.0080241
   -.0076907
   -.0069228
   -.0051980
   -.0028754
   -.0006847
    .0010052
    .0021236
    .0027366
    .0030701
    .0029125
    .0015672
   -.0009249
   -.0036599
   -.0065509
   -.0101423
   -.0142439
   -.0183642
   -.0224134
   -.0266348
   -.0311929
   -.0361369
   -.0412751
   -.0461955
   -.0500391
   -.0523703
   -.0539558
   -.0556236
   -.0569844
   -.0575499
   -.0574360
   -.0571284
   -.0568386
   -.0562585
   -.0553027
   -.0543170
   -.0534347
   -.0526316
   -.0522004
   -.0524381
   -.0532438
   -.0543124
   -.0551744
   -.0551973
   -.0542535
   -.0530646
   -.0515368
   -.0495097
   -.0467972
   -.0442479
   -.0420360
   -.0398007
   -.0372048
   -.0348419
   -.0324694
   -.0294599
   -.0262863
   -.0240203
   -.0226291
   -.0207466
   -.0187860
   -.0169086
   -.0152428
   -.0139776
   -.0135027
   -.0137780
   -.0142621
   -.0143249
   -.0138419
   -.0130349
   -.0120375
   -.0109810
   -.0102563
   -.0105230
   -.0120852
   -.0139475
   -.0152161
   -.0164360
   -.0176135
   -.0189064
   -.0206029
   -.0225024
   -.0238213
   -.0241373
   -.0238520
   -.0233736
   -.0230814
   -.0234215
   -.0242821
   -.0249704
   -.0246393
   -.0238089
   -.0229507
   -.0228268
   -.0223584
   -.0214003
   -.0203813
   -.0204099
   -.0212751
   -.0212569
   -.0209839
   -.0209855
   -.0220890
   -.0230653
   -.0227491
   -.0219524
   -.0212700
   -.0210319
   -.0195589
   -.0168910
   -.0136164
   -.0107038
   -.0083802
   -.0057372
   -.0023247
    .0014297
    .0047871
    .0066687
    .0069891
    .0082673
    .0103647
    .0121820
    .0125347
    .0136266
    .0153094
    .0169204
    .0172652
    .0174578
    .0184996
    .0198261
    .0208837
    .0208985
    .0205526
    .0207506
    .0215675
    .0226724
    .0239280
    .0252140
    .0260473
    .0261021
    .0258944
    .0265366
    .0275338
    .0281680
    .0274944
    .0271417
    .0279236
    .0291548
    .0303456
    .0313925
    .0323318
    .0330906
    .0335301
    .0336374
    .0339041
    .0347333
    .0355827
    .0358994
    .0347284
    .0322219
    .0298647
    .0273745
    .0249100
    .0217556
    .0180357
    .0147809
    .0117923
    .0089600
    .0061709
    .0030541
   -.0002432
   -.0029990
   -.0050419
   -.0066901
   -.0085387
   -.0113546
   -.0136069
   -.0150709
   -.0161104
   -.0183963
   -.0212423
   -.0223593
   -.0225718
   -.0220586
   -.0214475
   -.0206413
   -.0193749
   -.0176203
   -.0155291
   -.0130709
   -.0103734
   -.0076539
   -.0040134
   -.0001074
    .0043986
    .0077242
    .0109377
    .0151206
    .0190452
    .0224780
    .0241591
    .0243971
    .0245484
    .0238245
    .0227537
    .0206024
    .0172781
    .0131312
    .0084637
    .0038547
   -.0000581
   -.0030695
   -.0055484
   -.0080342
   -.0108246
   -.0137971
   -.0165576
   -.0189810
   -.0212063
   -.0233885
   -.0255482
   -.0276950
   -.0298526
   -.0320746
   -.0341804
   -.0359560
   -.0374978
   -.0388002
   -.0395976
   -.0394593
   -.0381127
   -.0354054
   -.0318843
   -.0290035
   -.0262633
   -.0221513
   -.0168246
   -.0113059
   -.0063019
   -.0021496
    .0011248
    .0042217
    .0072858
    .0102229
    .0131794
    .0161467
    .0189590
    .0213437
    .0237248
    .0262798
    .0284249
    .0302913
    .0319496
    .0331492
    .0332641
    .0318185
    .0297532
    .0272395
    .0240484
    .0197740
    .0152951
    .0109980
    .0066007
    .0018950
   -.0021522
   -.0049552
   -.0066778
   -.0084830
   -.0102696
   -.0123061
   -.0123733
   -.0109703
   -.0104861
   -.0101918
   -.0094504
   -.0077135
   -.0063130
   -.0047918
   -.0029835
   -.0017562
   -.0004641
    .0011463
    .0035881
    .0069645
    .0102286
    .0125480
    .0149362
    .0174646
    .0201491
    .0228921
    .0249355
    .0257891
    .0258872
    .0257429
    .0249359
    .0235992
    .0218701
    .0195139
    .0166864
    .0138246
    .0107474
    .0074866
    .0045422
    .0025473
    .0009144
   -.0014061
   -.0043019
   -.0068334
   -.0085669
   -.0097850
   -.0108092
   -.0117185
   -.0125855
   -.0136470
   -.0151197
   -.0163830
   -.0163719
   -.0151242
   -.0135390
   -.0130170
   -.0138672
   -.0140379
   -.0128643
   -.0112144
   -.0100437
   -.0098553
   -.0090540
   -.0079528
   -.0070217
   -.0066038
   -.0071603
   -.0083208
   -.0096839
   -.0111591
   -.0127520
   -.0144564
   -.0162631
   -.0182056
   -.0202216
   -.0217316
   -.0220034
   -.0213075
   -.0214566
   -.0231404
   -.0258334
   -.0281352
   -.0288121
   -.0290449
   -.0291647
   -.0285066
   -.0271859
   -.0253084
   -.0228796
   -.0198441
   -.0161290
   -.0116829
   -.0069876
   -.0028338
    .0003900
    .0028485
    .0046884
    .0059260
    .0065715
    .0065876
    .0063996
    .0063606
    .0053176
    .0033934
    .0002451
   -.0017726
   -.0025437
   -.0032009
   -.0035288
   -.0035608
   -.0022519
   -.0011575
    .0000033
    .0006592
    .0019145
    .0037348
    .0052145
    .0062120
    .0064012
    .0063993
    .0075937
    .0088245
    .0095365
    .0095448
    .0099697
    .0116315
    .0127541
    .0130396
    .0124585
    .0123219
    .0128153
    .0134384
    .0140414
    .0146242
    .0147976
    .0140721
    .0132606
    .0137962
    .0146923
    .0148133
    .0140106
    .0135801
    .0147239
    .0159290
    .0166390
    .0168467
    .0174526
    .0185418
    .0196253
    .0204304
    .0207449
    .0203033
    .0192673
    .0181817
    .0174525
    .0169822
    .0160871
    .0141940
    .0114580
    .0102168
    .0103351
    .0109820
    .0120236
    .0132362
    .0151508
    .0177973
    .0205208
    .0231238
    .0254543
    .0274063
    .0293079
    .0312481
    .0331830
    .0350951
    .0367823
    .0378349
    .0379539
    .0373398
    .0372301
    .0380356
    .0385420
    .0379634
    .0363319
    .0340888
    .0317740
    .0294029
    .0264543
    .0235148
    .0208026
    .0179667
    .0159046
    .0151173
    .0148325
    .0145647
    .0138515
    .0129900
    .0125219
    .0125116
    .0128490
    .0129634
    .0126089
    .0116974
    .0103037
    .0094421
    .0096055
    .0096698
    .0092202
    .0081162
    .0078295
    .0081564
    .0080890
    .0078497
    .0076288
    .0084425
    .0100919
    .0118909
    .0136901
    .0156273
    .0172765
    .0194052
    .0222125
    .0245066
    .0264259
    .0276888
    .0292907
    .0311140
    .0328033
    .0340618
    .0346926
    .0346953
    .0340812
    .0334727
    .0333373
    .0333494
    .0330987
    .0325312
    .0316786
    .0305476
    .0290785
    .0272171
    .0249022
    .0226378
    .0208867
    .0191900
    .0173755
    .0150898
    .0127265
    .0112402
    .0102330
    .0089860
    .0071299
    .0047422
    .0032845
    .0019214
    .0002386
   -.0019117
   -.0041328
   -.0059308
   -.0073751
   -.0086503
   -.0101695
   -.0122099
   -.0136052
   -.0137736
   -.0137314
   -.0140526
   -.0150612
   -.0151392
   -.0149106
   -.0155838
   -.0170133
   -.0169315
   -.0164618
   -.0162389
   -.0165488
   -.0161739
   -.0153693
   -.0149660
   -.0151390
   -.0149894
   -.0136776
   -.0122410
   -.0110929
   -.0104465
   -.0089459
   -.0074393
   -.0062961
   -.0057222
   -.0045724
   -.0039035
   -.0038685
   -.0048074
   -.0053510
   -.0057777
   -.0069748
   -.0092194
   -.0119317
   -.0136749
   -.0152238
   -.0172250
   -.0196063
   -.0214244
   -.0218415
   -.0215325
   -.0209982
   -.0204246
   -.0201336
   -.0203013
   -.0203208
   -.0191191
   -.0172525
   -.0156962
   -.0148261
   -.0143976
   -.0134289
   -.0118301
   -.0099163
   -.0080875
   -.0065987
   -.0056566
   -.0047847
   -.0028103
   -.0003875
    .0010274
    .0010812
   -.0000984
   -.0011725
   -.0015068
   -.0019167
   -.0024194
   -.0031029
   -.0034449
   -.0028698
   -.0021642
   -.0014699
   -.0009974
   -.0003845
    .0005546
    .0011300
    .0016459
    .0021872
    .0018445
    .0008269
   -.0009689
   -.0026737
   -.0044251
   -.0060639
   -.0072438
   -.0081928
   -.0095542
   -.0115778
   -.0140977
   -.0157921
   -.0177064
   -.0199326
   -.0225187
   -.0241934
   -.0250022
   -.0258539
   -.0271248
   -.0291722
   -.0313693
   -.0319734
   -.0324832
   -.0333261
   -.0342452
   -.0348105
   -.0340297
   -.0331822
   -.0327915
   -.0330643
   -.0330244
   -.0321754
   -.0315152
   -.0311599
   -.0307265
   -.0290139
   -.0272543
   -.0255921
   -.0243889
   -.0230448
   -.0214108
   -.0200495
   -.0191756
   -.0188481
   -.0189138
   -.0188867
   -.0190401
   -.0192553
   -.0191335
   -.0186605
   -.0183737
   -.0186071
   -.0197715
   -.0205833
   -.0211778
   -.0222326
   -.0236469
   -.0253683
   -.0271222
   -.0288348
   -.0303860
   -.0313527
   -.0315613
   -.0317159
   -.0317476
   -.0310794
   -.0304493
   -.0296256
   -.0288556
   -.0270195
   -.0252524
   -.0235282
   -.0221600
   -.0204749
   -.0183475
   -.0161287
   -.0143328
   -.0131801
   -.0130354
   -.0128866
   -.0118893
   -.0112278
   -.0117642
   -.0134647
   -.0154386
   -.0172482
   -.0189740
   -.0204769
   -.0224853
   -.0251893
   -.0283651
   -.0312075
   -.0330496
   -.0349004
   -.0364122
   -.0377758
   -.0383897
   -.0383621
   -.0382535
   -.0378432
   -.0369969
   -.0362379
   -.0354420
   -.0351773
   -.0343673
   -.0330062
   -.0317085
   -.0298320
   -.0275797
   -.0256183
   -.0243574
   -.0235755
   -.0227172
   -.0217039
   -.0205013
   -.0190268
   -.0179374
   -.0178796
   -.0189224
   -.0193427
   -.0191646
   -.0200306
   -.0219718
   -.0236603
   -.0243583
   -.0258454
   -.0280584
   -.0307735
   -.0318261
   -.0325876
   -.0340569
   -.0360834
   -.0382725
   -.0395782
   -.0402688
   -.0408491
   -.0414453
   -.0419833
   -.0425337
   -.0431693
   -.0440103
   -.0450848
   -.0461076
   -.0466628
   -.0468195
   -.0466063
   -.0456750
   -.0444578
   -.0434954
   -.0430100
   -.0428031
   -.0416481
   -.0398963
   -.0385865
   -.0375359
   -.0369537
   -.0363157
   -.0353161
   -.0341655
   -.0334690
   -.0331054
   -.0332180
   -.0325630
   -.0311466
   -.0302479
   -.0297021
   -.0298418
   -.0298190
   -.0291230
   -.0286436
   -.0286129
   -.0290669
   -.0295735
   -.0288710
   -.0282077
   -.0283489
   -.0293170
   -.0287444
   -.0274398
   -.0266782
   -.0265862
   -.0261282
   -.0243514
   -.0230846
   -.0226879
   -.0231127
   -.0232095
   -.0226887
   -.0214580
   -.0202455
   -.0197957
   -.0200471
   -.0202483
   -.0192675
   -.0179082
   -.0168834
   -.0161947
   -.0157309
   -.0155119
   -.0157845
   -.0166628
   -.0172407
   -.0162544
   -.0149351
   -.0146257
   -.0161699
   -.0174100
   -.0175663
   -.0181967
   -.0185029
   -.0186552
   -.0179549
   -.0176912
   -.0178963
   -.0189938
   -.0197990
   -.0196543
   -.0196910
   -.0203502
   -.0218141
   -.0234835
   -.0244717
   -.0249878
   -.0254099
   -.0258389
   -.0261720
   -.0265323
   -.0273464
   -.0288348
   -.0302066
   -.0308368
   -.0311096
   -.0317962
   -.0335666
   -.0352836
   -.0362590
   -.0368628
   -.0376739
   -.0393385
   -.0401748
   -.0398339
   -.0393912
   -.0396153
   -.0403300
   -.0408183
   -.0409683
   -.0408265
   -.0402942
   -.0391968
   -.0373332
   -.0349475
   -.0326261
   -.0303295
   -.0280284
   -.0258937
   -.0234766
   -.0205652
   -.0170663
   -.0136207
   -.0111316
   -.0093397
   -.0072015
   -.0036425
   -.0008091
    .0006890
    .0011803
    .0030002
    .0057257
    .0072680
    .0078804
    .0102346
    .0120739
    .0128861
    .0136199
    .0155182
    .0167627
    .0166283
    .0170863
    .0190977
    .0206710
    .0209535
    .0200323
    .0199787
    .0213998
    .0233696
    .0253188
    .0265334
    .0264226
    .0258863
    .0268054
    .0288471
    .0296869
    .0292329
    .0281004
    .0282478
    .0291777
    .0300288
    .0305308
    .0304957
    .0305103
    .0303692
    .0300371
    .0296865
    .0294027
    .0288029
    .0280013
    .0268838
    .0253629
    .0244500
    .0249307
    .0253686
    .0246066
    .0224752
    .0201054
    .0182067
    .0163787
    .0145959
    .0133805
    .0121707
    .0103369
    .0080450
    .0054261
    .0042804
    .0031779
    .0013905
   -.0011617
   -.0018961
   -.0018808
   -.0023052
   -.0031042
   -.0036234
   -.0028886
   -.0012128
    .0002113
    .0007882
    .0004349
    .0009804
    .0034878
    .0060593
    .0075568
    .0080491
    .0089356
    .0113275
    .0135043
    .0150443
    .0161781
    .0172774
    .0190801
    .0211936
    .0233837
    .0255569
    .0276219
    .0290715
    .0296288
    .0304841
    .0324053
    .0335879
    .0336583
    .0334567
    .0342506
    .0351793
    .0355700
    .0352607
    .0342188
    .0335192
    .0342795
    .0348309
    .0348160
    .0350010
    .0357919
    .0361118
    .0358264
    .0356422
    .0359141
    .0359684
    .0358807
    .0356610
    .0354682
    .0352223
    .0347881
    .0340367
    .0329637
    .0315200
    .0305586
    .0303342
    .0304019
    .0300281
    .0288259
    .0271847
    .0264658
    .0257469
    .0244573
    .0217288
    .0194779
    .0179909
    .0162393
    .0125090
    .0084405
    .0061513
    .0054039
    .0049693
    .0039508
    .0017628
   -.0002138
   -.0018956
   -.0028759
   -.0038061
   -.0026114
   -.0006596
    .0031495
    .0026222
   -.0009634
   -.0016865
   -.0014540
    .0004295
    .0020511
    .0050209
    .0081167
    .0106186
    .0120186
    .0133089
    .0147946
    .0170690
    .0194116
    .0216782
    .0230587
    .0243564
    .0249275
    .0264349
    .0282725
    .0294931
    .0305453
    .0312353
    .0316047
    .0329629
    .0343419
    .0348897
    .0346599
    .0338186
    .0347275
    .0357250
    .0355954
    .0349153
    .0343213
    .0343908
    .0344797
    .0344156
    .0344694
    .0346307
    .0345982
    .0344411
    .0338752
    .0331218
    .0320495
    .0304072
    .0284557
    .0268878
    .0257963
    .0250606
    .0244010
    .0239379
    .0236934
    .0233710
    .0226764
    .0216853
    .0206037
    .0197439
    .0191795
    .0189297
    .0189110
    .0193861
    .0202514
    .0210053
    .0212335
    .0214044
    .0209230
    .0207652
    .0216406
    .0228265
    .0233179
    .0233793
    .0226130
    .0227476
    .0236970
    .0238204
    .0237278
    .0228952
    .0225546
    .0231019
    .0238883
    .0245121
    .0247724
    .0245657
    .0238044
    .0238449
    .0245167
    .0246662
    .0242184
    .0231605
    .0223094
    .0219422
    .0222197
    .0231548
    .0232268
    .0229016
    .0214259
    .0212900
    .0218917
    .0211372
    .0200610
    .0188802
    .0191730
    .0196325
    .0193173
    .0189916
    .0186288
    .0182318
    .0177811
    .0172803
    .0167270
    .0162438
    .0157765
    .0153951
    .0150133
    .0147858
    .0145758
    .0146319
    .0143830
    .0137714
    .0133655
    .0133773
    .0136351
    .0132330
    .0128652
    .0131873
    .0139876
    .0140166
    .0133064
    .0126494
    .0123243
    .0121392
    .0114094
    .0105512
    .0098776
    .0091840
    .0080936
    .0072171
    .0079780
    .0095118
    .0093073
    .0081912
    .0061094
    .0055425
    .0055607
    .0054686
    .0051893
    .0048789
    .0044736
    .0038994
    .0031676
    .0024482
    .0014496
    .0006195
    .0002215
    .0000212
   -.0008411
   -.0014355
   -.0017151
   -.0026503
   -.0036989
   -.0041517
   -.0042255
   -.0045935
   -.0052052
   -.0055225
   -.0057212
   -.0058814
   -.0061833
   -.0064356
   -.0067225
   -.0069653
   -.0072661
   -.0075427
   -.0078855
   -.0082128
   -.0086512
   -.0091728
   -.0098046
   -.0105269
   -.0114703
   -.0123971
   -.0123225
   -.0118348
   -.0125089
   -.0135631
   -.0148040
   -.0151441
   -.0153514
   -.0164600
   -.0173769
   -.0178797
   -.0182128
   -.0184354
   -.0191980
   -.0197431
   -.0199399
   -.0196804
   -.0196132
   -.0199565
   -.0202380
   -.0203667
   -.0204831
   -.0202931
   -.0198952
   -.0198522
   -.0201109
   -.0205105
   -.0210620
   -.0207265
   -.0198366
   -.0191175
   -.0192369
   -.0186494
   -.0175345
   -.0172059
   -.0166872
   -.0169517
   -.0169538
   -.0164465
   -.0158222
   -.0154897
   -.0159969
   -.0160443
   -.0155607
   -.0151336
   -.0155526
   -.0157085
   -.0157381
   -.0157465
   -.0159891
   -.0162466
   -.0168137
   -.0176055
   -.0184318
   -.0190352
   -.0194831
   -.0197099
   -.0199403
   -.0202717
   -.0208721
   -.0211615
   -.0213571
   -.0213536
   -.0213392
   -.0211459
   -.0209301
   -.0205507
   -.0203752
   -.0205047
   -.0206188
   -.0205202
   -.0209317
   -.0214637
   -.0215409
   -.0211462
   -.0206726
   -.0213324
   -.0221290
   -.0224326
   -.0225411
   -.0225952
   -.0231700
   -.0239066
   -.0246662
   -.0250366
   -.0250885
   -.0251678
   -.0259886
   -.0267043
   -.0273876
   -.0278810
   -.0287473
   -.0294837
   -.0299803
   -.0301803
   -.0303430
   -.0304918
   -.0312146
   -.0318921
   -.0323030
   -.0321030
   -.0315675
   -.0312700
   -.0316199
   -.0316349
   -.0313816
   -.0308398
   -.0303133
   -.0302492
   -.0303714
   -.0301883
   -.0298826
   -.0293669
   -.0288877
   -.0282565
   -.0275926
   -.0268747
   -.0265230
   -.0260705
   -.0255503
   -.0250802
   -.0249046
   -.0245420
   -.0242637
   -.0242414
   -.0243520
   -.0241630
   -.0239242
   -.0236359
   -.0238199
   -.0241860
   -.0245287
   -.0243959
   -.0241117
   -.0240593
   -.0243741
   -.0244300
   -.0244919
   -.0244684
   -.0246087
   -.0245999
   -.0246518
   -.0245490
   -.0245300
   -.0243479
   -.0241741
   -.0237983
   -.0236122
   -.0233834
   -.0230968
   -.0225690
   -.0222006
   -.0218536
   -.0215958
   -.0212064
   -.0209115
   -.0205189
   -.0200739
   -.0193900
   -.0189287
   -.0186378
   -.0183711
   -.0179140
   -.0174957
   -.0169996
   -.0166051
   -.0163199
   -.0162104
   -.0159595
   -.0156154
   -.0151086
   -.0147261
   -.0144425
   -.0142627
   -.0139685
   -.0136305
   -.0131814
   -.0127878
   -.0124820
   -.0123257
   -.0121337
   -.0118764
   -.0115167
   -.0112445
   -.0110653
   -.0109701
   -.0108150
   -.0105999
   -.0102385
   -.0098698
   -.0096171
   -.0095295
   -.0094245
   -.0092640
   -.0090429
   -.0088294
   -.0085403
   -.0082015
   -.0079480
   -.0077695
   -.0074810
   -.0071373
   -.0068604
   -.0066469
   -.0064132
   -.0061485
   -.0058764
   -.0056039
   -.0053253
   -.0050367
   -.0047506
   -.0044604
   -.0041808
   -.0038878
   -.0036179
   -.0033931
   -.0032249
   -.0030349
   -.0028167
   -.0025657
   -.0023903
   -.0022431
   -.0020928
   -.0019119
   -.0017743
   -.0016203
   -.0014627
   -.0012628
   -.0010738
   -.0008579
   -.0007023
   -.0005645
   -.0004521
   -.0002958
   -.0001575
    .0000285
    .0001997
    .0003698
    .0004881
    .0006655
    .0008337
    .0010277
    .0011702
    .0013523
    .0015202
    .0017457
    .0019388
    .0021771
    .0023782
    .0026295
    .0028403
    .0031018
    .0033150
    .0035820
    .0038197
    .0041257
    .0043704
    .0046564
    .0048842
    .0051691
    .0053997
    .0056947
    .0059400
    .0062489
    .0064897
    .0067827
    .0070212
    .0073275
    .0075689
    .0078684
    .0081093
    .0084125
    .0086546
    .0089604
    .0092102
    .0095234
    .0097792
    .0100961
    .0103570
    .0106774
    .0109438
    .0112676
    .0115400
    .0118667
    .0121462
    .0124774
    .0127662
    .0131011
    .0133970
    .0137322
    .0140351
    .0143716
    .0146848
    .0150229
    .0153460
    .0156836
    .0160182
    .0163563
    .0167053
    .0170430
    .0174071
    .0177430
    .0181251
    .0184591
    .0188620
    .0191927
    .0196195
    .0199455
    .0204003
    .0207204
    .0212082
    .0215203
    .0220470
    .0223484
    .0229218
    .0232097
    .0238395
    .0241096
    .0248091
    .0250560
    .0258426
    .0260587
    .0269575
    .0271347
    .0281839
    .0283086
    .0295637
    .0296123
    .0311630
    .0310941
    .0331003
    .0328287
    .0356116
    .0348277
    .0390502
    .0367535
    .0495408