    .157557E-04
    .155801E-04
    .154789E-04
    .153222E-04
    .152011E-04
    .150363E-04
    .149407E-04
    .147728E-04
    .146614E-04
    .144934E-04
    .144041E-04
    .141638E-04
    .140630E-04
    .138926E-04
    .137827E-04
    .136202E-04
    .135162E-04
    .133533E-04
    .132310E-04
    .130666E-04
    .129661E-04
    .130627E-04
    .129611E-04
    .128111E-04
    .130610E-04
    .129394E-04
    .128799E-04
    .123373E-04
    .122565E-04
    .121130E-04
    .115168E-04
    .113654E-04
    .106868E-04
    .105029E-04
    .103804E-04
    .101945E-04
    .107830E-04
    .106278E-04
    .113247E-04
    .112052E-04
    .111474E-04
    .110211E-04
    .119109E-04
    .108005E-04
    .107306E-04
    .105927E-04
    .935964E-05
    .919675E-05
    .909161E-05
    .894195E-05
    .884222E-05
    .869861E-05
    .860526E-05
    .998183E-05
    .990498E-05
    .979874E-05
    .971722E-05
    .959991E-05
    .952813E-05
    .942249E-05
    .934539E-05
    .923996E-05
    .917644E-05
    .694665E-05
    .684859E-05
    .671014E-05
    .663171E-05
    .648946E-05
    .638080E-05
    .627253E-05
    .617156E-05
    .873234E-05
    .862102E-05
    .853458E-05
    .845722E-05
    .835452E-05
    .826868E-05
    .817294E-05
    .809282E-05
    .472656E-05
    .466710E-05
    .451996E-05
    .444526E-05
    .431144E-05
    .424660E-05
    .412278E-05
    .406261E-05
    .787186E-05
    .781770E-05
    .771607E-05
    .764131E-05
    .753058E-05
    .745445E-05
    .287442E-05
    .737079E-05
    .724134E-05
    .244932E-05
    .235477E-05
    .228946E-05
    .218253E-05
    .210341E-05
    .201068E-05
    .724389E-05
    .712416E-05
    .704995E-05
    .695120E-05
    .687822E-05
    .679541E-05
    .671009E-05
    .605135E-06
    .565309E-06
    .481743E-06
    .426853E-06
    .328377E-06
    .288174E-06
    .679158E-05
   -.156832E-08
   -.672221E-07
   -.122703E-06
   -.222857E-06
   -.265811E-06
   -.332742E-06
   -.371950E-06
    .702640E-05
    .692004E-05
    .681090E-05
    .673203E-05
    .662147E-05
    .651298E-05
    .638794E-05
   -.195299E-05
   -.198979E-05
   -.203071E-05
   -.209188E-05
   -.213719E-05
   -.219014E-05
   -.223152E-05
    .676528E-05
    .663888E-05
    .653415E-05
    .642509E-05
    .631132E-05
    .619443E-05
    .610241E-05
    .597661E-05
   -.413087E-05
   -.413525E-05
   -.418946E-05
   -.145711E-04
   -.144812E-04
   -.144248E-04
   -.143344E-04
   -.344624E-05
    .746455E-05
    .730192E-05
    .719575E-05
    .706260E-05
    .694781E-05
    .679682E-05
    .668239E-05
    .654307E-05
    .643921E-05
    .628230E-05
    .619153E-05
    .604281E-05
   -.654594E-05
   -.651396E-05
   -.653144E-05
   -.193499E-04
   -.191847E-04
   -.190490E-04
   -.569519E-05
    .759500E-05
    .746229E-05
    .729101E-05
    .716356E-05
    .700191E-05
    .684227E-05
    .669928E-05
    .653657E-05
   -.792523E-05
   -.788394E-05
   -.224869E-04
   -.369875E-04
   -.110887E-03
   -.169348E-03
   -.182543E-03
   -.210802E-03
   -.177536E-03
   -.826609E-04
   -.818968E-04
   -.650358E-04
   -.486202E-04
   -.176079E-03
   -.528445E-03
   -.780622E-03
   -.541471E-03
   -.436481E-03
   -.580078E-03
   -.169774E-03
    .506050E-03
    .481457E-03
   -.124126E-03
   -.106462E-02
   -.156970E-02
   -.882770E-03
   -.506427E-04
   -.388044E-03
   -.931975E-04
    .211549E-02
    .224323E-02
   -.115038E-02
   -.378566E-02
   -.330427E-02
   -.198346E-02
   -.225630E-02
   -.124010E-02
    .496059E-03
    .472397E-04
   -.253746E-02
   -.556562E-02
   -.312597E-02
    .226306E-02
    .363834E-02
    .343882E-02
    .657667E-02
    .943043E-02
    .562976E-02
    .448853E-02
    .262081E-02
   -.460977E-02
   -.765659E-02
    .427255E-03
    .104590E-01
    .139481E-02
   -.579468E-02
    .311400E-02
    .112117E-01
    .171470E-01
    .256707E-01
    .264638E-01
    .128408E-01
    .566504E-03
   -.339857E-02
   -.199759E-02
    .897136E-02
    .281917E-03
   -.323124E-01
   -.389722E-01
   -.280764E-01
   -.169515E-01
   -.725496E-02
   -.433802E-03
    .519944E-03
   -.157769E-01
   -.238120E-01
   -.183941E-01
   -.955065E-02
    .456117E-02
    .102516E-01
   -.325005E-03
   -.119891E-01
   -.114668E-01
   -.835669E-02
   -.592982E-02
   -.143837E-02
   -.102586E-02
   -.243967E-02
   -.874942E-02
   -.194396E-01
   -.140450E-01
    .234920E-01
    .574912E-01
    .392071E-01
    .164965E-02
   -.115946E-01
    .745670E-02
    .269593E-01
    .119180E-01
   -.100178E-01
   -.202176E-01
   -.236246E-01
   -.107587E-01
   -.762982E-02
   -.286663E-02
    .136497E-01
    .176733E-01
    .258871E-01
    .299378E-01
    .280661E-01
    .351219E-01
    .642401E-02
   -.222867E-01
   -.357639E-01
   -.235804E-01
    .246511E-01
    .188159E-01
    .790027E-02
    .132911E-01
    .115082E-01
    .219202E-01
    .496537E-02
   -.178152E-01
   -.232971E-01
   -.202726E-01
   -.123449E-01
   -.268869E-01
   -.263508E-01
   -.138694E-01
   -.130974E-01
    .741475E-02
    .221674E-01
    .210566E-01
    .152967E-01
   -.800688E-03
   -.423101E-02
    .152323E-01
    .236110E-01
    .166215E-01
    .148973E-01
    .144666E-01
   -.108300E-01
   -.252977E-01
   -.367681E-02
    .342901E-01
    .261741E-01
   -.236957E-01
   -.410874E-01
   -.141818E-01
    .346410E-02
   -.137826E-01
   -.254986E-01
    .121830E-01
    .411583E-01
   -.107545E-02
   -.601942E-01
   -.686550E-01
   -.119000E-01
    .256927E-01
   -.889847E-03
   -.716224E-02
    .239208E-01
    .459134E-01
    .302980E-01
   -.162056E-01
   -.210572E-01
    .452204E-01
    .861771E-01
    .482221E-01
    .125325E-01
    .397217E-01
    .879017E-01
    .770224E-01
    .757263E-02
   -.312393E-01
   -.901560E-02
    .167103E-01
    .360484E-02
   -.133273E-01
    .249302E-02
    .448460E-01
    .102265E+00
    .160263E+00
    .194929E+00
    .214628E+00
    .241968E+00
    .268309E+00
    .286049E+00
    .307667E+00
    .287129E+00
    .170892E+00
    .257810E-01
   -.922958E-01
   -.216873E+00
   -.383903E+00
   -.503768E+00
   -.537372E+00
   -.533984E+00
   -.529660E+00
   -.543626E+00
   -.584802E+00
   -.615895E+00
   -.529156E+00
   -.310370E+00
   -.891972E-01
    .481750E-01
    .117039E+00
    .184012E+00
    .224235E+00
    .220915E+00
    .215753E+00
    .206703E+00
    .176967E+00
    .124142E+00
    .560187E-01
    .137752E-01
    .383866E-01
    .854720E-01
    .118931E+00
    .153815E+00
    .181686E+00
    .204129E+00
    .221626E+00
    .235989E+00
    .263434E+00
    .316227E+00
    .382501E+00
    .434189E+00
    .448549E+00
    .435216E+00
    .419743E+00
    .416882E+00
    .411269E+00
    .353060E+00
    .216316E+00
    .333624E-01
   -.146827E+00
   -.290674E+00
   -.373445E+00
   -.421246E+00
   -.463744E+00
   -.505335E+00
   -.564401E+00
   -.636266E+00
   -.707608E+00
   -.779440E+00
   -.821327E+00
   -.796401E+00
   -.671634E+00
   -.473461E+00
   -.286244E+00
   -.140969E+00
   -.251371E-01
    .539556E-01
    .956018E-01
    .142510E+00
    .219703E+00
    .292309E+00
    .341648E+00
    .381750E+00
    .387353E+00
    .347617E+00
    .296134E+00
    .235896E+00
    .141660E+00
    .280408E-01
   -.514652E-01
   -.794750E-01
   -.959186E-01
   -.118355E+00
   -.129435E+00
   -.132808E+00
   -.146771E+00
   -.152222E+00
   -.135440E+00
   -.873393E-01
    .704527E-02
    .910225E-01
    .123119E+00
    .152003E+00
    .168402E+00
    .125365E+00
    .599483E-01
    .253511E-01
    .314494E-01
    .758670E-01
    .128685E+00
    .154593E+00
    .172061E+00
    .204584E+00
    .246232E+00
    .284351E+00
    .307274E+00
    .301916E+00
    .263859E+00
    .212153E+00
    .167006E+00
    .122328E+00
    .729175E-01
    .356530E-01
    .255551E-01
    .282584E-01
    .161420E-01
    .944892E-02
    .366826E-01
    .610490E-01
    .614524E-01
    .358506E-01
    .197814E-01
    .487728E-01
    .746690E-01
    .439159E-01
    .287900E-01
    .369355E-01
   -.331521E-01
   -.142430E+00
   -.171862E+00
   -.126623E+00
   -.705713E-01
   -.471685E-01
   -.279768E-01
    .330063E-02
    .314286E-02
    .425588E-02
    .795846E-01
    .178904E+00
    .230755E+00
    .208930E+00
    .134285E+00
    .620106E-01
   -.540276E-02
   -.786391E-01
   -.172152E+00
   -.286905E+00
   -.394795E+00
   -.476426E+00
   -.536296E+00
   -.594206E+00
   -.664551E+00
   -.719431E+00
   -.676227E+00
   -.486184E+00
   -.201113E+00
    .892322E-01
    .281121E+00
    .297402E+00
    .324333E+00
    .433560E+00
    .399932E+00
    .255196E+00
    .127903E+00
   -.439286E-02
   -.155527E+00
   -.268724E+00
   -.308888E+00
   -.292587E+00
   -.209520E+00
   -.729811E-01
    .737112E-01
    .208604E+00
    .318400E+00
    .430039E+00
    .503599E+00
    .537646E+00
    .572042E+00
    .578865E+00
    .529115E+00
    .445067E+00
    .347302E+00
    .248807E+00
    .153473E+00
    .245326E-01
   -.153331E+00
   -.299786E+00
   -.340860E+00
   -.286290E+00
   -.234838E+00
   -.251678E+00
   -.321084E+00
   -.365692E+00
   -.317623E+00
   -.192045E+00
   -.578894E-01
    .183929E-01
    .235391E-01
    .275166E-01
    .277082E-01
   -.104557E-02
   -.322513E-01
   -.587633E-01
   -.887247E-01
   -.984660E-01
   -.322541E-01
    .853449E-01
    .167620E+00
    .194967E+00
    .225691E+00
    .319983E+00
    .422659E+00
    .457224E+00
    .385076E+00
    .219860E+00
    .242314E-01
   -.161994E+00
   -.324925E+00
   -.456561E+00
   -.540754E+00
   -.539074E+00
   -.436942E+00
   -.326700E+00
   -.254644E+00
   -.186430E+00
   -.112812E+00
   -.470453E-01
    .213236E-01
    .306610E-01
   -.696231E-01
   -.193653E+00
   -.254747E+00
   -.212857E+00
   -.114392E+00
   -.407860E-01
    .463028E-01
    .176523E+00
    .311187E+00
    .399465E+00
    .421555E+00
    .417659E+00
    .396005E+00
    .365245E+00
    .333577E+00
    .296473E+00
    .258995E+00
    .199324E+00
    .874976E-01
   -.451506E-01
   -.168065E+00
   -.273822E+00
   -.357068E+00
   -.394813E+00
   -.353830E+00
   -.254460E+00
   -.167100E+00
   -.908991E-01
    .582435E-03
    .557624E-01
    .566904E-01
    .226880E-01
   -.259116E-01
   -.758757E-01
   -.118663E+00
   -.144887E+00
   -.168259E+00
   -.202992E+00
   -.235784E+00
   -.274489E+00
   -.276676E+00
   -.232051E+00
   -.181256E+00
   -.122279E+00
   -.729666E-01
   -.506201E-01
   -.301793E-01
    .206425E-01
    .950778E-01
    .173430E+00
    .244488E+00
    .296413E+00
    .318838E+00
    .297675E+00
    .237582E+00
    .179298E+00
    .151720E+00
    .136460E+00
    .115581E+00
    .103044E+00
    .109080E+00
    .115197E+00
    .120841E+00
    .126299E+00
    .125750E+00
    .128058E+00
    .133966E+00
    .130429E+00
    .102534E+00
    .435756E-01
   -.475496E-01
   -.156176E+00
   -.247077E+00
   -.281409E+00
   -.248603E+00
   -.188481E+00
   -.129559E+00
   -.770985E-01
   -.420743E-01
   -.105331E-01
    .255276E-01
    .671537E-01
    .969133E-01
    .924476E-01
    .660032E-01
    .547830E-01
    .655062E-01
    .798539E-01
    .103024E+00
    .135871E+00
    .148897E+00
    .113809E+00
    .478139E-01
   -.249645E-01
   -.983201E-01
   -.157609E+00
   -.191893E+00
   -.206130E+00
   -.192257E+00
   -.132461E+00
   -.464546E-01
    .259978E-01
    .746938E-01
    .110385E+00
    .136103E+00
    .146076E+00
    .136130E+00
    .107462E+00
    .578440E-01
   -.223707E-03
   -.500720E-01
   -.905905E-01
   -.120840E+00
   -.141104E+00
   -.160810E+00
   -.183028E+00
   -.182837E+00
   -.148314E+00
   -.107388E+00
   -.703848E-01
   -.210636E-01
    .407317E-01
    .103504E+00
    .161153E+00
    .199273E+00
    .209022E+00
    .192155E+00
    .143567E+00
    .772969E-01
    .240187E-01
   -.187278E-02
   -.840710E-02
   -.255458E-01
   -.679880E-01
   -.110020E+00
   -.131796E+00
   -.146557E+00
   -.163606E+00
   -.159509E+00
   -.110788E+00
   -.381959E-01
    .266288E-01
    .739872E-01
    .107627E+00
    .133589E+00
    .155448E+00
    .165399E+00
    .150443E+00
    .120630E+00
    .778676E-01
    .193863E-01
   -.184008E-01
   -.339352E-01
   -.430799E-01
   -.503977E-01
   -.526927E-01
   -.315407E-01
    .305572E-02
    .328524E-01
    .571678E-01
    .728056E-01
    .833545E-01
    .905162E-01
    .811316E-01
    .567910E-01
    .306460E-01
    .609937E-02
   -.262155E-01
   -.600055E-01
   -.786439E-01
   -.946625E-01
   -.113475E+00
   -.109773E+00
   -.950402E-01
   -.693000E-01
   -.302588E-01
    .220549E-02
    .284871E-01
    .518036E-01
    .639316E-01
    .621408E-01
    .614680E-01
    .737457E-01
    .798468E-01
    .676591E-01
    .563300E-01
    .528246E-01
    .516591E-01
    .469967E-01
    .388223E-01
    .217753E-01
    .173563E-02
   -.100574E-01
   -.341180E-01
   -.627668E-01
   -.660471E-01
   -.662426E-01
   -.749506E-01
   -.686070E-01
   -.597889E-01
   -.642210E-01
   -.720237E-01
   -.777794E-01
   -.812352E-01
   -.773745E-01
   -.753370E-01
   -.794878E-01
   -.706714E-01
   -.468001E-01
   -.283213E-01
   -.171419E-01
   -.252733E-02
    .241334E-01
    .533076E-01
    .752316E-01
    .849607E-01
    .873273E-01
    .855435E-01
    .675912E-01
    .401903E-01
    .170671E-01
   -.102210E-01
   -.501991E-01
   -.788052E-01
   -.890933E-01
   -.961455E-01
   -.886952E-01
   -.638373E-01
   -.441087E-01
   -.291265E-01
   -.684682E-02
    .172506E-01
    .279063E-01
    .398243E-01
    .664634E-01
    .848447E-01
    .814842E-01
    .636810E-01
    .369765E-01
    .472743E-02
   -.200056E-01
   -.346490E-01
   -.503388E-01
   -.692504E-01
   -.861022E-01
   -.962181E-01
   -.954222E-01
   -.806330E-01
   -.534569E-01
   -.298777E-01
   -.179531E-01
   -.320840E-02
    .194291E-01
    .364479E-01
    .343095E-01
    .250310E-01
    .296534E-01
    .430936E-01
    .454124E-01
    .355564E-01
    .319880E-01
    .288214E-01
    .202935E-01
    .164669E-01
    .131486E-01
    .100861E-03
   -.203917E-01
   -.359247E-01
   -.427136E-01
   -.474685E-01
   -.539392E-01
   -.605470E-01
   -.511637E-01
   -.167226E-01
    .282224E-01
    .664242E-01
    .950537E-01
    .112351E+00
    .108871E+00
    .892490E-01
    .706523E-01
    .551881E-01
    .332766E-01
    .377086E-02
   -.235779E-01
   -.416433E-01
   -.494026E-01
   -.560267E-01
   -.761018E-01
   -.935045E-01
   -.841268E-01
   -.574648E-01
   -.377458E-01
   -.271527E-01
   -.124038E-01
    .931557E-02
    .193309E-01
    .640669E-02
   -.174874E-01
   -.370704E-01
   -.459926E-01
   -.507232E-01
   -.565276E-01
   -.616888E-01
   -.678117E-01
   -.669896E-01
   -.508597E-01
   -.240315E-01
    .608270E-02
    .396441E-01
    .754421E-01
    .108989E+00
    .142480E+00
    .172089E+00
    .184857E+00
    .184015E+00
    .182692E+00
    .179693E+00
    .160582E+00
    .123947E+00
    .845638E-01
    .490625E-01
    .139276E-01
   -.195282E-01
   -.463807E-01
   -.613609E-01
   -.670415E-01
   -.658166E-01
   -.572890E-01
   -.479338E-01
   -.396502E-01
   -.267223E-01
   -.151376E-01
   -.188858E-01
   -.273771E-01
   -.272283E-01
   -.277204E-01
   -.388799E-01
   -.493922E-01
   -.459530E-01
   -.328505E-01
   -.252601E-01
   -.254893E-01
   -.112907E-01
    .259150E-01
    .683052E-01
    .975130E-01
    .114182E+00
    .121913E+00
    .114085E+00
    .910525E-01
    .579783E-01
    .176485E-01
   -.207734E-01
   -.487109E-01
   -.700336E-01
   -.917059E-01
   -.109149E+00
   -.112235E+00
   -.996098E-01
   -.764480E-01
   -.488227E-01
   -.156945E-01
    .177747E-01
    .454840E-01
    .648732E-01
    .716505E-01
    .730178E-01
    .784248E-01
    .802991E-01
    .681907E-01
    .489729E-01
    .333715E-01
    .222330E-01
    .155784E-01
    .152118E-01
    .151026E-01
    .535053E-02
   -.867713E-02
   -.165717E-01
   -.247677E-01
   -.372296E-01
   -.475500E-01
   -.593335E-01
   -.746960E-01
   -.860602E-01
   -.930217E-01
   -.886605E-01
   -.634577E-01
   -.418553E-01
   -.383848E-01
   -.350692E-01
   -.271672E-01
   -.197875E-01
   -.165199E-01
   -.236812E-01
   -.345210E-01
   -.313538E-01
   -.161591E-01
    .816614E-03
    .184967E-01
    .284065E-01
    .275527E-01
    .267842E-01
    .239288E-01
    .126963E-01
    .129393E-02
   -.402716E-02
   -.122884E-01
   -.239749E-01
   -.235695E-01
   -.154604E-01
   -.104817E-01
   -.534338E-02
    .288594E-03
    .102191E-01
    .239324E-01
    .307263E-01
    .303917E-01
    .261028E-01
    .113678E-01
   -.602411E-02
   -.152791E-01
   -.236334E-01
   -.298980E-01
   -.274023E-01
   -.269013E-01
   -.311580E-01
   -.296321E-01
   -.214797E-01
   -.168433E-01
   -.165477E-01
   -.133451E-01
   -.456475E-02
    .121399E-02
   -.216030E-04
    .421852E-04
    .175161E-02
    .107336E-02
    .960491E-03
    .111488E-02
   -.329328E-02
   -.124135E-01
   -.215492E-01
   -.262029E-01
   -.291096E-01
   -.305282E-01
   -.217093E-01
   -.112858E-02
    .208664E-01
    .354892E-01
    .379382E-01
    .251762E-01
    .362600E-02
   -.181472E-01
   -.356354E-01
   -.469999E-01
   -.548077E-01
   -.564563E-01
   -.442288E-01
   -.201953E-01
    .763208E-02
    .397934E-01
    .779673E-01
    .112530E+00
    .136497E+00
    .149543E+00
    .151362E+00
    .144011E+00
    .129132E+00
    .103402E+00
    .671720E-01
    .281844E-01
   -.124741E-01
   -.538357E-01
   -.874274E-01
   -.112649E+00
   -.132035E+00
   -.135805E+00
   -.118530E+00
   -.920295E-01
   -.670567E-01
   -.470284E-01
   -.198256E-01
    .177214E-01
    .497065E-01
    .684892E-01
    .773901E-01
    .688483E-01
    .388508E-01
    .450377E-02
   -.242564E-01
   -.496672E-01
   -.686829E-01
   -.826685E-01
   -.955344E-01
   -.994098E-01
   -.878472E-01
   -.637145E-01
   -.311134E-01
    .399361E-02
    .324858E-01
    .519288E-01
    .637418E-01
    .656442E-01
    .569114E-01
    .459340E-01
    .338354E-01
    .150242E-01
   -.454265E-02
   -.147286E-01
   -.168226E-01
   -.179590E-01
   -.153780E-01
   -.142152E-02
    .181109E-01
    .317793E-01
    .351304E-01
    .329673E-01
    .287474E-01
    .175908E-01
   -.141723E-02
   -.226965E-01
   -.408511E-01
   -.516445E-01
   -.471610E-01
   -.247231E-01
    .439886E-03
    .980874E-02
    .151623E-01
    .327257E-01
    .510803E-01
    .569365E-01
    .481681E-01
    .308968E-01
    .128584E-01
    .252544E-02
    .293429E-02
    .618802E-02
    .934856E-02
    .149786E-01
    .179412E-01
    .109019E-01
   -.111141E-02
   -.105226E-01
   -.141541E-01
   -.119214E-01
   -.136701E-01
   -.243384E-01
   -.324219E-01
   -.307535E-01
   -.225977E-01
   -.120225E-01
   -.385867E-02
   -.141937E-02
    .186532E-02
    .106956E-01
    .208424E-01
    .301245E-01
    .372491E-01
    .385646E-01
    .354200E-01
    .314565E-01
    .260157E-01
    .155256E-01
    .917050E-03
   -.159528E-01
   -.338042E-01
   -.423019E-01
   -.365635E-01
   -.287783E-01
   -.298451E-01
   -.367044E-01
   -.390211E-01
   -.328942E-01
   -.218428E-01
   -.817132E-02
    .762473E-02
    .199314E-01
    .273461E-01
    .317590E-01
    .328254E-01
    .310774E-01
    .251942E-01
    .158996E-01
    .121452E-01
    .142445E-01
    .123614E-01
    .100863E-01
    .125558E-01
    .128194E-01
    .818195E-02
    .459918E-02
    .687085E-02
    .789835E-02
    .596590E-02
    .700031E-02
    .357971E-02
   -.788893E-02
   -.157145E-01
   -.168933E-01
   -.157689E-01
   -.133485E-01
   -.705455E-02
   -.168986E-02
   -.406817E-02
   -.913931E-02
   -.104680E-01
   -.102412E-01
   -.104076E-01
   -.870011E-02
   -.869050E-02
   -.109012E-01
   -.882896E-02
   -.648826E-02
   -.674975E-02
   -.398267E-02
   -.275667E-02
   -.375628E-02
   -.279707E-02
   -.453279E-02
   -.114697E-01
   -.185360E-01
   -.212836E-01
   -.195899E-01
   -.138885E-01
   -.470389E-02
    .828454E-02
    .225378E-01
    .335641E-01
    .386564E-01
    .384789E-01
    .311946E-01
    .177578E-01
    .385875E-02
   -.954385E-02
   -.242584E-01
   -.364728E-01
   -.437374E-01
   -.437625E-01
   -.353416E-01
   -.246721E-01
   -.157258E-01
   -.558752E-02
    .569564E-02
    .142714E-01
    .188465E-01
    .210259E-01
    .208339E-01
    .178942E-01
    .105337E-01
    .973976E-04
   -.669678E-02
   -.971567E-02
   -.134927E-01
   -.155463E-01
   -.132757E-01
   -.926497E-02
   -.370419E-02
    .377069E-02
    .714448E-02
    .439760E-02
    .128942E-02
   -.272174E-03
    .973537E-04
    .135284E-02
    .854016E-04
   -.309058E-02
   -.562243E-02
   -.484605E-02
    .935552E-04
    .661565E-02
    .133286E-01
    .211879E-01
    .287165E-01
    .329272E-01
    .361327E-01
    .382107E-01
    .354681E-01
    .262200E-01
    .130829E-01
    .230550E-02
   -.531149E-02
   -.122009E-01
   -.177339E-01
   -.197059E-01
   -.177485E-01
   -.133155E-01
   -.824528E-02
   -.377033E-02
    .168034E-02
    .953302E-02
    .147285E-01
    .109360E-01
    .433372E-03
   -.104464E-01
   -.185346E-01
   -.195138E-01
   -.151899E-01
   -.118642E-01
   -.841392E-02
   -.192086E-02
    .527329E-02
    .982364E-02
    .106567E-01
    .993001E-02
    .682615E-02
   -.101999E-02
   -.754323E-02
   -.843144E-02
   -.705625E-02
   -.587819E-02
   -.285094E-02
    .956989E-03
    .229463E-02
    .380291E-02
    .602309E-02
    .614371E-02
    .263486E-02
   -.248186E-02
   -.433000E-02
   -.405589E-02
   -.199332E-02
    .418576E-02
    .922913E-02
    .991780E-02
    .699924E-02
    .414547E-02
    .297153E-02
    .245768E-02
    .365059E-02
    .592820E-02
    .985775E-02
    .160772E-01
    .217479E-01
    .250390E-01
    .264499E-01
    .230034E-01
    .127575E-01
   -.700186E-03
   -.142381E-01
   -.266599E-01
   -.352875E-01
   -.400246E-01
   -.462114E-01
   -.534557E-01
   -.544746E-01
   -.467292E-01
   -.332822E-01
   -.203199E-01
   -.918470E-02
    .270866E-02
    .132569E-01
    .219065E-01
    .290228E-01
    .325328E-01
    .305423E-01
    .244710E-01
    .165705E-01
    .825315E-02
    .636680E-03
   -.631007E-02
   -.986818E-02
   -.814345E-02
   -.295092E-02
    .540993E-02
    .140649E-01
    .166202E-01
    .154465E-01
    .149301E-01
    .132467E-01
    .112557E-01
    .952093E-02
    .539271E-02
   -.668874E-03
   -.584653E-02
   -.793741E-02
   -.628999E-02
   -.244634E-02
    .185277E-02
    .470953E-02
    .703829E-02
    .100626E-01
    .957320E-02
    .419764E-02
   -.307454E-02
   -.978334E-02
   -.153249E-01
   -.179693E-01
   -.145765E-01
   -.594257E-02
    .445091E-02
    .124772E-01
    .156323E-01
    .136120E-01
    .713830E-02
   -.213118E-02
   -.117449E-01
   -.201113E-01
   -.265569E-01
   -.294511E-01
   -.280822E-01
   -.239901E-01
   -.157801E-01
   -.326490E-02
    .780789E-02
    .151049E-01
    .211035E-01
    .246099E-01
    .249132E-01
    .230944E-01
    .180349E-01
    .108164E-01
    .541466E-02
    .519125E-02
    .737392E-02
    .591995E-02
    .631631E-03
   -.488708E-02
   -.656194E-02
   -.395602E-02
   -.110469E-02
    .123063E-03
   -.398700E-03
    .247757E-03
    .356409E-02
    .604930E-02
    .634433E-02
    .596799E-02
    .568910E-02
    .517117E-02
    .454338E-02
    .492724E-02
    .517807E-02
    .430121E-02
    .476785E-03
   -.870278E-02
   -.190976E-01
   -.244457E-01
   -.233124E-01
   -.197335E-01
   -.188626E-01
   -.194010E-01
   -.170928E-01
   -.108389E-01
   -.135977E-02
    .716269E-02
    .120503E-01
    .160143E-01
    .193866E-01
    .199389E-01
    .175986E-01
    .125979E-01
    .796344E-02
    .406288E-02
   -.283196E-03
   -.293320E-02
   -.345024E-02
   -.216909E-02
    .681095E-03
    .410777E-02
    .718126E-02
    .102027E-01
    .126221E-01
    .113813E-01
    .626831E-02
   -.718084E-03
   -.623491E-02
   -.835829E-02
   -.876595E-02
   -.102974E-01
   -.113853E-01
   -.100779E-01
   -.746114E-02
   -.232054E-02
    .206097E-02
    .152653E-02
    .844996E-03
    .375604E-02
    .394331E-02
    .246981E-02
    .302468E-02
    .319863E-02
    .179568E-02
    .154577E-02
    .272131E-02
    .404378E-02
    .537809E-02
    .513580E-02
    .142185E-02
   -.508032E-02
   -.922874E-02
   -.772018E-02
   -.539283E-02
   -.519996E-02
   -.492511E-02
   -.319021E-02
   -.866663E-03
    .540698E-03
    .159756E-03
   -.435625E-02
   -.109618E-01
   -.136895E-01
   -.127203E-01
   -.106986E-01
   -.684614E-02
   -.238784E-02
    .475377E-03
    .280072E-02
    .592456E-02
    .565399E-02
    .214648E-02
    .220056E-02
    .513198E-02
    .453988E-02
   -.204506E-02
   -.781510E-02
   -.767225E-02
   -.485139E-02
   -.148199E-02
    .816733E-03
    .114200E-02
    .195101E-02
    .530749E-02
    .813337E-02
    .818561E-02
    .711721E-02
    .555323E-02
    .245263E-02
   -.100347E-02
   -.548554E-03
    .215056E-02
    .310627E-02
    .347100E-02
    .463514E-02
    .602693E-02
    .801618E-02
    .945431E-02
    .776938E-02
    .371800E-02
   -.138758E-03
   -.376874E-02
   -.777775E-02
   -.991264E-02
   -.874134E-02
   -.527229E-02
   -.149191E-02
    .928895E-03
    .226268E-02
    .260744E-02
    .197060E-03
   -.297619E-02
   -.475277E-02
   -.638296E-02
   -.691534E-02
   -.634993E-02
   -.860672E-02
   -.127475E-01
   -.148600E-01
   -.148796E-01
   -.142309E-01
   -.127119E-01
   -.100815E-01
   -.722888E-02
   -.279349E-02
    .287137E-02
    .585103E-02
    .621149E-02
    .813315E-02
    .116473E-01
    .152382E-01
    .175998E-01
    .172840E-01
    .149138E-01
    .115387E-01
    .708774E-02
    .997169E-03
   -.587475E-02
   -.946077E-02
   -.932187E-02
   -.785251E-02
   -.448110E-02
   -.880298E-03
    .467984E-03
    .222863E-02
    .487873E-02
    .607849E-02
    .559844E-02
    .453279E-02
    .290041E-02
   -.265392E-03
   -.408107E-02
   -.674681E-02
   -.783263E-02
   -.633733E-02
   -.172313E-02
    .332995E-02
    .862555E-02
    .127666E-01
    .134805E-01
    .129692E-01
    .107753E-01
    .644612E-02
    .302441E-02
    .516724E-03
   -.887221E-03
    .464206E-03
    .353148E-02
    .550093E-02
    .465392E-02
    .359649E-02
    .394218E-02
    .438837E-02
    .383448E-02
    .312239E-02
    .323055E-02
    .239388E-02
    .940732E-03
    .375493E-03
   -.131231E-03
   -.241652E-02
   -.460792E-02
   -.388666E-02
   -.254863E-02
   -.160780E-02
    .113330E-02
    .239453E-02
   -.839342E-03
   -.339351E-02
   -.400084E-02
   -.474888E-02
   -.555937E-02
   -.458273E-02
   -.156697E-02
    .159668E-02
    .340284E-02
    .359657E-02
    .297110E-02
    .369253E-02
    .486883E-02
    .442370E-02
    .365839E-02
    .463436E-02
    .564624E-02
    .524193E-02
    .336202E-02
    .216932E-02
    .213913E-02
    .244159E-02
    .200724E-02
   -.840206E-04
   -.297091E-02
   -.718353E-02
   -.114662E-01
   -.127800E-01
   -.119285E-01
   -.104966E-01
   -.902288E-02
   -.885027E-02
   -.900905E-02
   -.791982E-02
   -.610620E-02
   -.547232E-02
   -.712116E-02
   -.874993E-02
   -.884105E-02
   -.896071E-02
   -.883195E-02
   -.812911E-02
   -.680092E-02
   -.378075E-02
    .348818E-03
    .473742E-02
    .830767E-02
    .104717E-01
    .111457E-01
    .106245E-01
    .101126E-01
    .939576E-02
    .733580E-02
    .319663E-02
   -.733553E-03
   -.240235E-02
   -.211002E-02
   -.470752E-03
    .120189E-02
    .324286E-03
   -.128578E-02
   -.499398E-03
    .567916E-03
   -.214151E-04
   -.120379E-02
   -.301776E-02
   -.325440E-02
   -.680642E-03
    .265600E-02
    .553004E-02
    .717225E-02
    .678005E-02
    .494282E-02
    .306212E-02
    .457613E-03
   -.476083E-02
   -.961135E-02
   -.100495E-01
   -.851495E-02
   -.761613E-02
   -.649917E-02
   -.415049E-02
   -.779525E-03
    .216806E-02
    .470472E-02
    .735926E-02
    .816871E-02
    .692199E-02
    .403306E-02
    .355814E-03
   -.339946E-02
   -.683342E-02
   -.846965E-02
   -.905309E-02
   -.871328E-02
   -.675148E-02
   -.313361E-02
   -.456503E-04
    .208273E-02
    .355198E-02
    .482030E-02
    .524141E-02
    .413985E-02
    .303209E-02
    .337169E-02
    .494255E-02
    .565067E-02
    .581035E-02
    .584383E-02
    .605931E-02
    .717687E-02
    .792579E-02
    .869951E-02
    .884782E-02
    .859977E-02
    .731986E-02
    .305656E-02
   -.130833E-02
   -.510249E-02
   -.860564E-02
   -.107029E-01
   -.118185E-01
   -.125253E-01
   -.123362E-01
   -.106118E-01
   -.649680E-02
   -.237962E-02
   -.142567E-02
   -.166621E-02
   -.144795E-02
   -.153708E-02
   -.141083E-02
   -.125835E-02
   -.174386E-02
   -.466773E-03
    .320337E-02
    .579566E-02
    .765112E-02
    .957815E-02
    .111000E-01
    .108386E-01
    .765295E-02
    .390966E-02
    .237373E-02
    .234813E-02
    .150282E-02
    .566052E-03
    .273415E-03
    .684572E-03
    .186242E-02
    .172076E-02
    .322016E-03
   -.571348E-03
   -.233372E-04
    .236446E-03
   -.809541E-03
   -.922245E-03
    .146823E-03
    .145606E-02
    .238343E-02
    .211003E-02
    .117626E-02
   -.487000E-03
   -.251857E-02
   -.389234E-02
   -.470262E-02
   -.434310E-02
   -.320581E-02
   -.382089E-02
   -.631851E-02
   -.909576E-02
   -.109747E-01
   -.101149E-01
   -.658811E-02
   -.365159E-02
   -.239637E-02
    .101318E-03
    .439303E-02
    .776572E-02
    .991010E-02
    .119085E-01
    .131362E-01
    .142582E-01
    .153516E-01
    .138715E-01
    .943202E-02
    .391096E-02
   -.225753E-02
   -.826766E-02
   -.119216E-01
   -.138675E-01
   -.155295E-01
   -.161024E-01
   -.144179E-01
   -.103313E-01
   -.441852E-02
    .804795E-03
    .304494E-02
    .434586E-02
    .569824E-02
    .563794E-02
    .448796E-02
    .194537E-02
   -.148224E-02
   -.344379E-02
   -.352961E-02
   -.358586E-02
   -.499500E-02
   -.828260E-02
   -.118618E-01
   -.141236E-01
   -.146498E-01
   -.128091E-01
   -.891418E-02
   -.418932E-02
    .961441E-04
    .297159E-02
    .449758E-02
    .523422E-02
    .386204E-02
    .318860E-03
   -.220792E-02
   -.166426E-02
    .247572E-03
    .161488E-02
    .279484E-02
    .471813E-02
    .622502E-02
    .671235E-02
    .673328E-02
    .554080E-02
    .435362E-02
    .317705E-02
    .127730E-02
    .621694E-03
    .260349E-02
    .514617E-02
    .640287E-02
    .496469E-02
    .103450E-02
   -.149772E-02
   -.161940E-02
   -.246014E-02
   -.476537E-02
   -.627179E-02
   -.520105E-02
   -.258987E-02
   -.760328E-03
   -.137866E-03
    .799905E-04
    .748724E-03
    .164439E-02
    .115559E-02
   -.146301E-02
   -.418549E-02
   -.538831E-02
   -.618436E-02
   -.656722E-02
   -.572953E-02
   -.418095E-02
   -.158160E-02
    .931185E-03
    .109928E-02
   -.661965E-03
   -.239437E-02
   -.294020E-02
   -.314330E-02
   -.375578E-02
   -.390750E-02
   -.118427E-02
    .443963E-02
    .100346E-01
    .124315E-01
    .117324E-01
    .103000E-01
    .827772E-02
    .557790E-02
    .265998E-02
    .224761E-03
   -.179794E-02
   -.251491E-02
   -.116777E-02
    .128166E-02
    .445911E-02
    .750773E-02
    .858394E-02
    .886319E-02
    .958885E-02
    .953805E-02
    .791116E-02
    .508412E-02
    .137459E-02
   -.228871E-02
   -.460388E-02
   -.515562E-02
   -.460574E-02
   -.300553E-02
   -.105596E-02
    .464483E-04
    .108809E-02
    .214729E-02
    .254873E-02
    .285128E-02
    .253952E-02
    .126481E-02
   -.488720E-03
   -.194253E-02
   -.269141E-02
   -.401239E-02
   -.596061E-02
   -.736212E-02
   -.809871E-02
   -.850578E-02
   -.836739E-02
   -.739140E-02
   -.566736E-02
   -.380539E-02
   -.194092E-02
   -.115465E-02
   -.856623E-03
   -.155758E-02
   -.466676E-02
   -.782777E-02
   -.881217E-02
   -.789801E-02
   -.567891E-02
   -.295935E-02
   -.815715E-04
    .337551E-02
    .767061E-02
    .116526E-01
    .137835E-01
    .141033E-01
    .136174E-01
    .125525E-01
    .106273E-01
    .744610E-02
    .352100E-02
   -.547477E-03
   -.429059E-02
   -.704760E-02
   -.784767E-02
   -.626798E-02
   -.327734E-02
   -.591646E-03
    .474031E-03
    .156691E-03
   -.395062E-03
   -.102743E-02
   -.230389E-02
   -.395596E-02
   -.375244E-02
   -.159747E-02
    .341899E-03
    .271703E-02
    .274411E-02
    .457405E-03
    .126771E-02
    .809918E-03
    .920134E-03
    .433006E-02
    .278467E-02
   -.532589E-03
    .146868E-03
    .457777E-02
    .763671E-02
   -.193414E-02
   -.106339E-01
   -.611925E-02
    .109817E-02
    .537174E-02
   -.103874E-02
   -.900726E-02
   -.733861E-02
   -.925534E-04
    .197117E-02
   -.399169E-02
   -.494388E-02
    .264354E-02
    .767793E-02
    .664531E-02
    .294384E-02
    .237489E-02
    .439973E-02
    .170169E-02
   -.304073E-02
   -.409740E-02
   -.120820E-02
    .131088E-02
   -.200248E-03
   -.267097E-02
   -.159458E-02
    .148278E-02
    .244314E-02
    .623302E-04
   -.377954E-02
   -.547879E-02
   -.503715E-02
   -.569790E-02
   -.706596E-02
   -.567482E-02
   -.260102E-02
   -.142861E-02
   -.139739E-02
   -.166871E-02
   -.941851E-03
    .138743E-03
   -.136896E-02
   -.366723E-02
   -.331072E-02
   -.221101E-02
   -.206745E-02
    .913984E-03
    .394772E-02
    .553023E-02
    .739198E-02
    .790029E-02
    .825995E-02
    .915240E-02
    .747635E-02
    .367663E-02
    .277722E-03
   -.226402E-02
   -.167975E-02
    .149012E-02
    .141819E-02
   -.108746E-02
   -.100273E-02
    .113405E-02
    .212470E-02
    .189306E-02
   -.102275E-02
   -.510421E-02
   -.672696E-02
   -.637999E-02
   -.516040E-02
   -.245845E-02
    .175331E-02
    .567317E-02
    .621746E-02
    .400878E-02
    .241283E-02
    .120776E-02
   -.268358E-02
   -.864014E-02
   -.117211E-01
   -.982047E-02
   -.403140E-02
    .211713E-02
    .252013E-02
   -.300603E-03
    .340800E-02
    .111238E-01
    .130979E-01
    .911053E-02
    .475577E-02
    .285048E-02
    .763710E-03
   -.279101E-02
   -.349171E-02
   -.346146E-02
   -.729956E-02
   -.114012E-01
   -.102329E-01
   -.473207E-02
   -.632142E-03
   -.987962E-03
   -.386234E-02
   -.210138E-02
    .704061E-02
    .159803E-01
    .170870E-01
    .116951E-01
    .635856E-02
    .335678E-02
   -.620770E-03
   -.586685E-02
   -.974137E-02
   -.119005E-01
   -.113242E-01
   -.635445E-02
    .102475E-02
    .763525E-02
    .115238E-01
    .124356E-01
    .112059E-01
    .667426E-02
   -.620748E-03
   -.814027E-02
   -.160732E-01
   -.217528E-01
   -.188849E-01
   -.610726E-02
    .127444E-01
    .287535E-01
    .337633E-01
    .268065E-01
    .131382E-01
   -.300002E-02
   -.183811E-01
   -.284251E-01
   -.322656E-01
   -.310650E-01
   -.242364E-01
   -.120198E-01
    .209523E-02
    .121605E-01
    .156605E-01
    .140102E-01
    .887123E-02
    .408212E-02
    .831335E-03
   -.695624E-03
    .959025E-03
    .347138E-02
    .306143E-02
    .128659E-03
   -.286286E-02
   -.474272E-02
   -.502773E-02
   -.329671E-02
    .348725E-04
    .359830E-02
    .484475E-02
    .375481E-02
    .105098E-02
   -.229309E-02
   -.590371E-02
   -.943686E-02
   -.993433E-02
   -.748537E-02
   -.424798E-02
   -.114260E-03
    .473151E-02
    .768630E-02
    .698595E-02
    .446495E-02
    .195532E-02
    .871928E-03
    .218253E-02
    .422947E-02
    .534525E-02
    .614628E-02
    .674698E-02
    .615105E-02
    .357614E-02
   -.733780E-03
   -.567092E-02
   -.930315E-02
   -.110131E-01
   -.108480E-01
   -.869573E-02
   -.570929E-02
   -.354115E-02
   -.240410E-02
   -.183505E-02
   -.218573E-02
   -.289120E-02
   -.393613E-02
   -.545287E-02
   -.596526E-02
   -.419375E-02
   -.101603E-02
    .179284E-02
    .394008E-02
    .562848E-02
    .596790E-02
    .498799E-02
    .359406E-02
    .225806E-02
    .129288E-02
    .142814E-02
    .224505E-02
    .284268E-02
    .315472E-02
    .267166E-02
    .181581E-02
    .102683E-02
   -.140707E-03
   -.169843E-02
   -.320259E-02
   -.315856E-02
   -.120795E-02
    .154059E-02
    .489970E-02
    .776303E-02
    .890076E-02
    .872231E-02
    .722238E-02
    .477368E-02
    .217131E-02
   -.833247E-03
   -.344253E-02
   -.560558E-02
   -.709624E-02
   -.700976E-02
   -.544033E-02
   -.324649E-02
   -.103631E-02
    .532713E-03
    .131341E-02
    .138084E-02
    .568775E-03
   -.498740E-03
   -.177730E-02
   -.297764E-02
   -.306143E-02
   -.177984E-02
    .677086E-03
    .344654E-02
    .649381E-02
    .971897E-02
    .114504E-01
    .102558E-01
    .723996E-02
    .518521E-02
    .404627E-02
    .208953E-02
   -.523103E-03
   -.271843E-02
   -.445571E-02
   -.569162E-02
   -.588164E-02
   -.555278E-02
   -.477453E-02
   -.371919E-02
   -.267377E-02
   -.105200E-02
    .127346E-02
    .311539E-02
    .393058E-02
    .403207E-02
    .349487E-02
    .269610E-02
    .212502E-02
    .102773E-02
   -.843670E-03
   -.221125E-02
   -.295572E-02
   -.326055E-02
   -.325628E-02
   -.346427E-02
   -.390900E-02
   -.428329E-02
   -.451754E-02
   -.436218E-02
   -.382541E-02
   -.262108E-02
   -.542770E-03
    .110780E-02
    .193819E-02
    .216557E-02
    .180285E-02
    .104327E-02
    .208878E-03
   -.578993E-03
   -.894104E-03
    .650162E-03
    .172941E-02
    .262062E-02
    .298184E-02
    .299855E-02
    .343019E-02
    .411091E-02
    .344488E-02
    .898190E-03
   -.147580E-02
   -.327392E-02
   -.454744E-02
   -.483422E-02
   -.430848E-02
   -.234906E-02
    .459526E-03
    .238621E-02
    .322092E-02
    .348413E-02
    .319398E-02
    .274391E-02
    .250227E-02
    .186378E-02
    .113798E-02
    .101372E-02
    .100032E-02
    .906847E-03
    .100076E-02
    .124140E-02
    .105497E-02
    .599915E-03
    .483527E-04
    .103280E-03
    .117853E-02
    .198241E-02
    .191732E-02
    .152228E-02
    .896970E-03
    .747559E-03
    .896317E-03
    .721109E-03
    .601524E-03
    .119233E-02
    .190819E-02
    .241602E-02
    .286530E-02
    .293905E-02
    .271452E-02
    .241441E-02
    .186129E-02
    .110681E-02
    .503658E-03
    .336755E-03
    .108631E-03
   -.297734E-03
   -.327479E-03
    .657762E-04
    .488979E-03
    .441428E-03
   -.396371E-03
   -.158131E-02
   -.229763E-02
   -.263435E-02
   -.299091E-02
   -.306995E-02
   -.279544E-02
   -.239311E-02
   -.195008E-02
   -.149439E-02
   -.115469E-02
   -.668231E-03
    .863027E-04
    .637807E-03
    .697623E-03
    .387876E-03
   -.775789E-05
   -.419469E-03
   -.822594E-03
   -.114084E-02
   -.116860E-02
   -.849059E-03
   -.494574E-03
   -.376489E-03
   -.289821E-03
   -.143800E-03
   -.845132E-04
   -.161481E-03
   -.366483E-03
   -.633094E-03
   -.775518E-03
   -.795470E-03
   -.750774E-03
   -.661607E-03
   -.561508E-03
   -.426362E-03
   -.303395E-03
   -.287893E-03
   -.400265E-03
   -.557668E-03
   -.697056E-03
   -.778144E-03
   -.794514E-03
   -.784750E-03
   -.742974E-03
   -.638951E-03
   -.485266E-03
   -.336790E-03
   -.226987E-03
   -.166881E-03
   -.137263E-03
   -.122071E-03
   -.127762E-03
   -.154910E-03
   -.188383E-03
   -.217294E-03
   -.238159E-03
   -.252700E-03
   -.264474E-03
   -.273905E-03
   -.280730E-03
