    .400786E-03
    .397143E-03
    .397154E-03
    .393730E-03
    .394082E-03
    .390755E-03
    .391129E-03
    .387920E-03
    .388486E-03
    .385301E-03
    .385726E-03
    .382629E-03
    .383243E-03
    .379887E-03
    .380482E-03
    .377838E-03
    .379320E-03
    .376673E-03
    .377920E-03
    .376144E-03
    .377717E-03
    .375072E-03
    .376909E-03
    .376017E-03
    .378008E-03
    .376277E-03
    .379744E-03
    .378493E-03
    .380987E-03
    .381429E-03
    .384528E-03
    .382720E-03
    .385170E-03
    .384131E-03
    .386773E-03
    .385655E-03
    .388453E-03
    .387524E-03
    .390421E-03
    .389556E-03
    .392610E-03
    .391866E-03
    .394995E-03
    .394391E-03
    .397643E-03
    .397108E-03
    .400500E-03
    .400073E-03
    .403536E-03
    .403233E-03
    .406829E-03
    .406608E-03
    .410288E-03
    .410123E-03
    .413948E-03
    .413853E-03
    .417708E-03
    .417732E-03
    .421688E-03
    .421703E-03
    .425842E-03
    .425873E-03
    .430166E-03
    .426590E-03
    .420432E-03
    .417658E-03
    .419771E-03
    .408702E-03
    .408697E-03
    .406399E-03
    .398496E-03
    .393467E-03
    .399987E-03
    .395021E-03
    .383839E-03
    .379673E-03
    .380686E-03
    .365582E-03
    .363522E-03
    .360197E-03
    .347751E-03
    .341262E-03
    .341126E-03
    .324023E-03
    .319963E-03
    .322649E-03
    .318822E-03
    .297609E-03
    .294959E-03
    .290300E-03
    .272991E-03
    .264288E-03
    .262650E-03
    .241066E-03
    .234514E-03
    .244881E-03
    .269268E-03
    .271137E-03
    .276726E-03
    .297628E-03
    .307154E-03
    .308835E-03
    .334030E-03
    .341299E-03
    .337579E-03
    .344449E-03
    .374812E-03
    .379913E-03
    .386485E-03
    .411556E-03
    .423811E-03
    .426544E-03
    .457139E-03
    .465569E-03
    .473556E-03
    .500416E-03
    .515008E-03
    .506405E-03
    .520162E-03
    .553107E-03
    .564682E-03
    .568310E-03
    .604398E-03
    .614766E-03
    .623119E-03
    .654795E-03
    .671116E-03
    .662580E-03
    .664706E-03
    .666752E-03
    .669835E-03
    .668521E-03
    .672101E-03
    .671428E-03
    .674722E-03
    .673867E-03
    .676857E-03
    .676340E-03
    .679055E-03
    .679104E-03
    .666442E-03
    .624655E-03
    .601346E-03
    .551471E-03
    .502593E-03
    .478660E-03
    .450081E-03
    .419443E-03
    .367849E-03
    .312478E-03
    .292468E-03
    .257376E-03
    .229250E-03
    .170870E-03
    .117968E-03
    .919432E-04
    .753483E-04
    .141191E-03
    .277841E-03
    .360076E-03
    .417380E-03
    .484938E-03
    .582379E-03
    .699977E-03
    .787427E-03
    .846140E-03
    .939320E-03
    .106614E-02
    .115412E-02
    .121516E-02
    .128638E-02
    .138867E-02
    .139866E-02
    .106777E-02
    .674809E-03
    .375905E-03
    .597063E-04
   -.328027E-03
   -.661387E-03
   -.989739E-03
   -.136145E-02
   -.170967E-02
   -.201325E-02
   -.235989E-02
   -.274065E-02
   -.308717E-02
   -.338868E-02
   -.374645E-02
   -.393812E-02
   -.356146E-02
   -.299637E-02
   -.256902E-02
   -.215579E-02
   -.170002E-02
   -.126993E-02
   -.893312E-03
   -.463610E-03
   -.671986E-05
    .444187E-03
    .876246E-03
    .143911E-02
    .219717E-02
    .261311E-02
    .257835E-02
    .255883E-02
    .261553E-02
    .268859E-02
    .273698E-02
    .275556E-02
    .278920E-02
    .281612E-02
    .287610E-02
    .293849E-02
    .295226E-02
    .298232E-02
    .300705E-02
    .306679E-02
    .312897E-02
    .304556E-02
    .273720E-02
    .239462E-02
    .209729E-02
    .180353E-02
    .149353E-02
    .119215E-02
    .891651E-03
    .593692E-03
    .293507E-03
   -.840322E-06
   -.296455E-03
   -.588446E-03
   -.880790E-03
   -.116937E-02
   -.147998E-02
   -.193146E-02
   -.262834E-02
   -.343312E-02
   -.417503E-02
   -.485775E-02
   -.558866E-02
   -.634523E-02
   -.659806E-02
   -.569837E-02
   -.447758E-02
   -.353220E-02
   -.261374E-02
   -.162361E-02
   -.647979E-03
    .260700E-03
    .116508E-02
    .212146E-02
    .304420E-02
    .396548E-02
    .486403E-02
    .577898E-02
    .665432E-02
    .756163E-02
    .809964E-02
    .779075E-02
    .722332E-02
    .681751E-02
    .647466E-02
    .611012E-02
    .576934E-02
    .551224E-02
    .527394E-02
    .501926E-02
    .479125E-02
    .461482E-02
    .438908E-02
    .412765E-02
    .390980E-02
    .374269E-02
    .352599E-02
    .317221E-02
    .256332E-02
    .188564E-02
    .129896E-02
    .759571E-03
    .336608E-03
    .344616E-03
    .457188E-03
    .525753E-03
    .591310E-03
    .710693E-03
    .394398E-03
   -.101590E-02
   -.270037E-02
   -.407671E-02
   -.545840E-02
   -.693773E-02
   -.789575E-02
   -.766853E-02
   -.712295E-02
   -.685557E-02
   -.660248E-02
   -.630133E-02
   -.602670E-02
   -.572028E-02
   -.542741E-02
   -.512342E-02
   -.484370E-02
   -.454151E-02
   -.429211E-02
   -.403824E-02
   -.374201E-02
   -.346545E-02
   -.289586E-02
   -.149391E-02
    .137958E-03
    .162903E-02
    .226030E-02
    .998689E-03
   -.887141E-03
   -.229552E-02
   -.362802E-02
   -.460496E-02
   -.420138E-02
   -.330678E-02
   -.279375E-02
   -.236499E-02
   -.181926E-02
   -.128528E-02
   -.766743E-03
   -.196596E-03
    .325021E-03
    .804333E-03
    .128700E-02
    .180531E-02
    .235037E-02
    .284610E-02
    .329637E-02
    .386153E-02
    .470151E-02
    .560505E-02
    .644187E-02
    .725510E-02
    .810405E-02
    .852753E-02
    .781404E-02
    .675733E-02
    .600073E-02
    .542020E-02
    .501715E-02
    .470852E-02
    .436218E-02
    .400956E-02
    .366764E-02
    .333658E-02
    .299463E-02
    .267040E-02
    .232659E-02
    .232715E-02
    .321677E-02
    .435190E-02
    .525883E-02
    .583753E-02
    .583013E-02
    .567448E-02
    .506163E-02
    .286818E-02
    .247002E-03
   -.207184E-02
   -.319381E-02
   -.157648E-02
    .101163E-02
    .129225E-02
   -.279225E-02
   -.774279E-02
   -.118566E-01
   -.143470E-01
   -.130016E-01
   -.103739E-01
   -.860220E-02
   -.703819E-02
   -.520322E-02
   -.390039E-02
   -.398791E-02
   -.442133E-02
   -.453814E-02
   -.463321E-02
   -.478096E-02
   -.476165E-02
   -.468809E-02
   -.464351E-02
   -.463225E-02
   -.421517E-02
   -.279335E-02
   -.115771E-02
    .507983E-03
    .267647E-02
    .510794E-02
    .567707E-02
    .182071E-02
   -.316041E-02
   -.720095E-02
   -.942551E-02
   -.748287E-02
   -.427653E-02
   -.200981E-02
   -.790805E-03
   -.159985E-02
   -.319528E-02
   -.356299E-02
   -.186571E-02
    .166966E-03
    .180973E-02
    .261908E-02
    .141966E-02
   -.511444E-03
   -.162653E-02
   -.167687E-02
   -.162595E-02
   -.173395E-02
   -.191201E-02
   -.822352E-03
    .325478E-02
    .829862E-02
    .101350E-01
    .521246E-02
   -.125556E-02
   -.638625E-02
   -.875208E-02
   -.493266E-02
    .100127E-02
    .378544E-02
    .189170E-02
   -.862044E-03
   -.267028E-02
   -.364369E-02
   -.290881E-02
   -.159041E-02
   -.619651E-03
    .287064E-03
    .132203E-02
    .228189E-02
    .335581E-02
    .490975E-02
    .661210E-02
    .715175E-02
    .497562E-02
    .215929E-02
   -.171476E-03
   -.109368E-02
    .126906E-02
    .478510E-02
    .578963E-02
    .242250E-02
   -.200403E-02
   -.430233E-02
   -.344433E-02
   -.203599E-02
   -.130896E-02
   -.541625E-03
   -.134016E-03
   -.147163E-02
   -.320637E-02
   -.466241E-02
   -.593262E-02
   -.799785E-02
   -.114326E-01
   -.155462E-01
   -.157843E-01
   -.718834E-02
    .404099E-02
    .964724E-02
    .582443E-02
    .213558E-03
   -.354025E-02
   -.456072E-02
    .579071E-03
    .794215E-02
    .118956E-01
    .105471E-01
    .822419E-02
    .700281E-02
    .631833E-02
    .676067E-02
    .766306E-02
    .831536E-02
    .860082E-02
    .803757E-02
    .716656E-02
    .643292E-02
    .595313E-02
    .585626E-02
    .586482E-02
    .581192E-02
    .523754E-02
    .331304E-02
    .102128E-02
   -.958076E-03
   -.286835E-02
   -.487955E-02
   -.683807E-02
   -.877027E-02
   -.106762E-01
   -.125917E-01
   -.143911E-01
   -.160022E-01
   -.176097E-01
   -.192232E-01
   -.208288E-01
   -.209013E-01
   -.168056E-01
   -.116788E-01
   -.742909E-02
   -.342514E-02
    .107152E-02
    .233212E-02
   -.422832E-02
   -.131810E-01
   -.178336E-01
   -.159587E-01
   -.128147E-01
   -.110646E-01
   -.934749E-02
   -.728800E-02
   -.530245E-02
   -.340176E-02
   -.149245E-02
    .352243E-03
    .223668E-02
    .410043E-02
    .600747E-02
    .704975E-02
    .603449E-02
    .438421E-02
    .438370E-02
    .755766E-02
    .114221E-01
    .145475E-01
    .175899E-01
    .208714E-01
    .239885E-01
    .271850E-01
    .274820E-01
    .200129E-01
    .103978E-01
    .252164E-02
   -.258508E-02
   -.179332E-02
    .993339E-03
    .240001E-02
    .363548E-02
    .499874E-02
    .541843E-02
    .552971E-02
    .586100E-02
    .650195E-02
    .788316E-02
    .947581E-02
    .108489E-01
    .121975E-01
    .136084E-01
    .150630E-01
    .163934E-01
    .177695E-01
    .177406E-01
    .140109E-01
    .925424E-02
    .537008E-02
    .163395E-02
   -.237926E-02
   -.626037E-02
   -.101128E-01
   -.129728E-01
   -.132851E-01
   -.127605E-01
   -.128185E-01
   -.129609E-01
   -.129786E-01
   -.129463E-01
   -.129616E-01
   -.129291E-01
   -.129701E-01
   -.129821E-01
   -.130679E-01
   -.116830E-01
   -.675939E-02
   -.739013E-03
    .302676E-02
    .312505E-02
    .245752E-02
    .256964E-02
    .269122E-02
    .257730E-02
    .252256E-02
    .253053E-02
    .249282E-02
    .247548E-02
    .197052E-02
    .159301E-03
   -.210107E-02
   -.300125E-02
   -.109071E-02
    .146713E-02
    .352503E-02
    .420434E-02
    .177090E-02
   -.161713E-02
   -.419928E-02
   -.682060E-02
   -.808657E-02
   -.529969E-02
   -.134717E-02
    .164270E-02
    .444693E-02
    .755123E-02
    .970874E-02
    .937739E-02
    .833714E-02
    .788576E-02
    .748121E-02
    .690609E-02
    .633205E-02
    .580426E-02
    .531599E-02
    .479931E-02
    .430746E-02
    .377514E-02
    .325185E-02
    .278173E-02
    .228538E-02
    .185060E-02
   -.583619E-03
   -.874904E-02
   -.153067E-01
   -.123683E-01
   -.684448E-02
   -.379137E-02
   -.791525E-03
    .896450E-03
   -.284625E-02
   -.825165E-02
   -.123446E-01
   -.161668E-01
   -.205531E-01
   -.224389E-01
   -.176936E-01
   -.112601E-01
   -.590741E-02
    .133734E-03
    .707519E-02
    .114226E-01
    .101818E-01
    .723008E-02
    .814495E-02
    .156253E-01
    .247926E-01
    .288569E-01
    .234499E-01
    .159546E-01
    .104954E-01
    .636082E-02
    .462152E-02
    .401481E-02
    .284527E-02
    .150209E-02
    .391550E-03
   -.685659E-03
   -.186785E-02
   -.303739E-02
   -.329835E-02
   -.109884E-02
    .173196E-02
    .398380E-02
    .612404E-02
    .848808E-02
    .101124E-01
    .983460E-02
    .900649E-02
    .819967E-02
    .625153E-02
    .376620E-02
    .261622E-02
    .420186E-02
    .648288E-02
    .590378E-02
   -.747859E-03
   -.870965E-02
   -.155246E-01
   -.194239E-01
   -.168391E-01
   -.120250E-01
   -.101497E-01
   -.119301E-01
   -.142674E-01
   -.157828E-01
   -.174037E-01
   -.197942E-01
   -.242562E-01
   -.261263E-01
   -.198555E-01
   -.112725E-01
   -.485222E-02
    .166508E-02
    .557541E-02
    .147495E-02
   -.519082E-02
   -.738183E-02
   -.306332E-02
    .243054E-02
    .532792E-02
    .513758E-02
    .446766E-02
    .430231E-02
    .420234E-02
    .383329E-02
    .369813E-02
    .339113E-02
    .589334E-02
    .154263E-01
    .272676E-01
    .331296E-01
    .277172E-01
    .197665E-01
    .140257E-01
    .791543E-02
    .667503E-03
   -.389975E-02
   -.232244E-02
    .818915E-03
    .251317E-02
    .414006E-02
    .615866E-02
    .810728E-02
    .956716E-02
    .101772E-01
    .104649E-01
    .110266E-01
    .103025E-01
    .608574E-02
    .982959E-03
   -.328503E-02
   -.688244E-02
   -.926090E-02
   -.109748E-01
   -.132835E-01
   -.161750E-01
   -.194482E-01
   -.184381E-01
   -.714112E-02
    .737548E-02
    .141638E-01
    .690230E-02
   -.637349E-02
   -.252908E-01
   -.413813E-01
   -.443755E-01
   -.397788E-01
   -.298512E-01
   -.175582E-01
   -.845014E-02
   -.489208E-02
   -.261991E-02
    .884016E-03
    .433102E-02
    .747550E-02
    .106431E-01
    .115955E-01
    .599026E-02
   -.111851E-02
   -.719361E-02
   -.954756E-02
   -.455331E-02
    .655264E-02
    .240898E-01
    .444326E-01
    .571865E-01
    .558232E-01
    .423822E-01
    .112837E-01
   -.259423E-01
   -.539324E-01
   -.688932E-01
   -.757251E-01
   -.702088E-01
   -.604514E-01
   -.532381E-01
   -.478457E-01
   -.444595E-01
   -.421516E-01
   -.392385E-01
   -.364558E-01
   -.306597E-01
   -.166651E-01
   -.459295E-03
    .139292E-01
    .240706E-01
    .241869E-01
    .212962E-01
    .205284E-01
    .221023E-01
    .283834E-01
    .362326E-01
    .431712E-01
    .464013E-01
    .407084E-01
    .323910E-01
    .261187E-01
    .201915E-01
    .136464E-01
    .532048E-02
   -.871642E-02
   -.194765E-01
   -.164381E-01
   -.968470E-02
   -.630056E-02
   -.318587E-02
    .113331E-02
    .217776E-02
   -.510675E-02
   -.143857E-01
   -.219417E-01
   -.263404E-01
   -.236710E-01
   -.188440E-01
   -.140920E-01
   -.563734E-02
    .443021E-02
    .132695E-01
    .220882E-01
    .269582E-01
    .206325E-01
    .110068E-01
    .631684E-02
    .832399E-02
    .110821E-01
    .127572E-01
    .134211E-01
    .124680E-01
    .104690E-01
    .102761E-01
    .126168E-01
    .161264E-01
    .135644E-01
   -.187014E-02
   -.212631E-01
   -.329244E-01
   -.332603E-01
   -.309482E-01
   -.341704E-01
   -.443035E-01
   -.563180E-01
   -.598244E-01
   -.459375E-01
   -.272144E-01
   -.141494E-01
   -.457922E-02
    .401431E-03
   -.573154E-02
   -.159537E-01
   -.173763E-01
   -.298113E-02
    .152322E-01
    .242074E-01
    .185556E-01
    .658083E-02
   -.118230E-01
   -.264080E-01
   -.235406E-01
   -.156039E-01
   -.116974E-01
   -.137147E-01
   -.293418E-01
   -.490589E-01
   -.659544E-01
   -.797889E-01
   -.899155E-01
   -.898056E-01
   -.685663E-01
   -.414125E-01
   -.189063E-01
    .338899E-02
    .275629E-01
    .473566E-01
    .577637E-01
    .580566E-01
    .402619E-01
    .171991E-01
   -.219946E-02
   -.143242E-01
   -.109207E-01
   -.250745E-02
    .243621E-02
    .179467E-02
   -.117567E-01
   -.250651E-01
   -.254253E-01
   -.178426E-01
   -.193124E-02
    .170935E-01
    .366709E-01
    .621433E-01
    .851175E-01
    .857141E-01
    .624550E-01
    .376837E-01
    .172410E-01
    .563365E-02
    .173963E-01
    .364605E-01
    .503953E-01
    .563377E-01
    .458818E-01
    .267383E-01
    .209907E-02
   -.195660E-01
   -.279140E-01
   -.322926E-01
   -.397104E-01
   -.476720E-01
   -.491072E-01
   -.364265E-01
   -.200208E-01
   -.108332E-01
   -.134451E-01
   -.177472E-01
   -.204475E-01
   -.143261E-01
    .124032E-01
    .460262E-01
    .684243E-01
    .759007E-01
    .752294E-01
    .646597E-01
    .477239E-01
    .276366E-01
    .607430E-02
   -.752280E-02
   -.244445E-02
    .965546E-02
    .224454E-01
    .360658E-01
    .501670E-01
    .574460E-01
    .480545E-01
    .314462E-01
    .100432E-01
   -.675447E-02
   -.798046E-02
    .462401E-02
    .352583E-01
    .723193E-01
    .981869E-01
    .105924E+00
    .103605E+00
    .892616E-01
    .702712E-01
    .567884E-01
    .516580E-01
    .477506E-01
    .421676E-01
    .366668E-01
    .277025E-01
    .744099E-02
   -.154686E-01
   -.361756E-01
   -.510898E-01
   -.544498E-01
   -.467819E-01
   -.246265E-01
    .265709E-02
    .173994E-01
    .727184E-02
   -.838807E-02
   -.189635E-01
   -.230600E-01
   -.132767E-01
    .168073E-02
    .839381E-02
    .211501E-02
   -.101247E-01
   -.292907E-01
   -.469343E-01
   -.525330E-01
   -.544556E-01
   -.594624E-01
   -.638781E-01
   -.660739E-01
   -.620880E-01
   -.430556E-01
   -.198358E-01
    .208741E-03
    .131382E-01
    .107751E-01
    .641232E-03
   -.134022E-01
   -.291134E-01
   -.427365E-01
   -.523113E-01
   -.610676E-01
   -.728838E-01
   -.917594E-01
   -.107447E+00
   -.110133E+00
   -.104441E+00
   -.892511E-01
   -.706630E-01
   -.536031E-01
   -.377278E-01
   -.289084E-01
   -.281639E-01
   -.282201E-01
   -.232987E-01
   -.991533E-02
    .519777E-02
    .187220E-01
    .285157E-01
    .299049E-01
    .283598E-01
    .290349E-01
    .296198E-01
    .343863E-01
    .512902E-01
    .720406E-01
    .862079E-01
    .913380E-01
    .891085E-01
    .733672E-01
    .537058E-01
    .364925E-01
    .281034E-01
    .391687E-01
    .567346E-01
    .616398E-01
    .448320E-01
    .236558E-01
    .702490E-02
   -.940460E-02
   -.276634E-01
   -.418396E-01
   -.476797E-01
   -.452973E-01
   -.304544E-01
   -.690748E-02
    .256646E-01
    .562940E-01
    .633889E-01
    .454484E-01
    .253448E-01
    .105395E-01
   -.507095E-02
   -.178012E-01
   -.188632E-01
   -.166431E-01
   -.170811E-01
   -.179575E-01
   -.176519E-01
   -.178528E-01
   -.134021E-01
    .362599E-02
    .244065E-01
    .367695E-01
    .264889E-01
   -.511426E-02
   -.387345E-01
   -.598507E-01
   -.603565E-01
   -.561177E-01
   -.542399E-01
   -.478307E-01
   -.386104E-01
   -.310130E-01
   -.253691E-01
   -.239076E-01
   -.233538E-01
   -.225880E-01
   -.167464E-01
    .147675E-03
    .210800E-01
    .322523E-01
    .263867E-01
    .111582E-01
   -.130229E-01
   -.411799E-01
   -.618345E-01
   -.687260E-01
   -.668621E-01
   -.540319E-01
   -.340589E-01
   -.767376E-02
    .200251E-01
    .469379E-01
    .659232E-01
    .668483E-01
    .563261E-01
    .343827E-01
    .719105E-02
   -.225054E-01
   -.434142E-01
   -.401578E-01
   -.262722E-01
   -.787602E-02
    .689027E-02
    .661162E-02
   -.106664E-02
   -.116859E-01
   -.237314E-01
   -.352748E-01
   -.465847E-01
   -.550468E-01
   -.557883E-01
   -.543395E-01
   -.544782E-01
   -.550555E-01
   -.528678E-01
   -.452193E-01
   -.360317E-01
   -.283248E-01
   -.207761E-01
   -.130577E-01
   -.425189E-02
    .722258E-02
    .195785E-01
    .310683E-01
    .424565E-01
    .537703E-01
    .651847E-01
    .758569E-01
    .857237E-01
    .913865E-01
    .877760E-01
    .813525E-01
    .760898E-01
    .676056E-01
    .579883E-01
    .459343E-01
    .265755E-01
    .424974E-02
   -.115283E-01
   -.169205E-01
   -.136915E-01
    .175236E-02
    .221328E-01
    .297669E-01
    .123649E-01
   -.181231E-01
   -.606870E-01
   -.107821E+00
   -.147663E+00
   -.167064E+00
   -.156822E+00
   -.109916E+00
   -.364396E-01
    .300035E-01
    .557004E-01
    .446798E-01
    .273641E-01
    .697450E-02
   -.136914E-01
   -.232965E-01
   -.292101E-01
   -.336262E-01
   -.279660E-01
   -.150810E-01
    .383561E-02
    .243098E-01
    .439218E-01
    .586056E-01
    .627863E-01
    .598173E-01
    .495583E-01
    .363882E-01
    .299806E-01
    .368586E-01
    .532590E-01
    .841606E-01
    .110681E+00
    .103272E+00
    .707661E-01
    .377193E-01
    .200617E-02
   -.318303E-01
   -.455651E-01
   -.297296E-01
    .656452E-02
    .446295E-01
    .704663E-01
    .767253E-01
    .712065E-01
    .454333E-01
   -.170842E-02
   -.503598E-01
   -.875891E-01
   -.980389E-01
   -.842018E-01
   -.612570E-01
   -.255325E-01
    .160611E-01
    .508019E-01
    .688222E-01
    .594085E-01
    .256219E-01
   -.129861E-01
   -.533491E-01
   -.918292E-01
   -.111670E+00
   -.100820E+00
   -.529868E-01
    .247432E-01
    .101887E+00
    .153732E+00
    .167369E+00
    .147618E+00
    .110571E+00
    .745143E-01
    .354239E-01
   -.191713E-01
   -.761032E-01
   -.113099E+00
   -.116649E+00
   -.871818E-01
   -.381916E-01
    .727490E-02
    .286141E-01
    .175314E-01
   -.128896E-01
   -.354304E-01
   -.376906E-01
   -.324883E-01
   -.226246E-01
   -.100875E-01
    .153407E-02
    .144774E-01
    .335596E-01
    .540022E-01
    .703929E-01
    .703448E-01
    .486539E-01
    .193168E-01
   -.139060E-01
   -.501366E-01
   -.772912E-01
   -.830674E-01
   -.801467E-01
   -.739802E-01
   -.661633E-01
   -.583403E-01
   -.517091E-01
   -.364278E-01
    .953719E-03
    .442641E-01
    .822301E-01
    .112090E+00
    .114817E+00
    .837001E-01
    .341200E-01
   -.933196E-02
   -.388715E-01
   -.579939E-01
   -.602439E-01
   -.501276E-01
   -.271211E-01
   -.671646E-03
    .236407E-01
    .379878E-01
    .291428E-01
    .106016E-01
   -.102776E-01
   -.288588E-01
   -.384749E-01
   -.395189E-01
   -.289368E-01
   -.147023E-01
   -.435044E-02
    .167020E-02
    .761483E-02
    .110691E-01
    .613072E-02
   -.123848E-02
   -.670551E-02
   -.116798E-01
   -.212571E-01
   -.413839E-01
   -.606393E-01
   -.586121E-01
   -.315107E-01
    .654891E-03
    .350047E-01
    .635753E-01
    .726045E-01
    .678002E-01
    .494577E-01
    .260241E-01
    .118792E-01
    .151061E-01
    .258474E-01
    .436965E-01
    .566418E-01
    .494069E-01
    .317609E-01
    .804775E-02
   -.184212E-01
   -.390695E-01
   -.373915E-01
   -.907266E-02
    .222875E-01
    .486275E-01
    .666991E-01
    .657679E-01
    .504168E-01
    .192630E-01
   -.168655E-01
   -.492333E-01
   -.804314E-01
   -.107413E+00
   -.114394E+00
   -.912160E-01
   -.436275E-01
    .212200E-02
    .258706E-01
    .179698E-01
   -.127177E-01
   -.406077E-01
   -.448817E-01
   -.273215E-01
   -.767513E-02
    .717436E-02
    .230302E-01
    .307990E-01
    .137405E-01
   -.388996E-02
    .111016E-02
    .159832E-01
    .378795E-01
    .571781E-01
    .606607E-01
    .551480E-01
    .435965E-01
    .297438E-01
    .168316E-01
    .930195E-02
    .148767E-01
    .237616E-01
    .302697E-01
    .280774E-01
    .558504E-02
   -.231953E-01
   -.423843E-01
   -.392403E-01
   -.112291E-01
    .199253E-01
    .462796E-01
    .638658E-01
    .520066E-01
    .145210E-01
   -.225753E-01
   -.526253E-01
   -.776398E-01
   -.102786E+00
   -.119830E+00
   -.116758E+00
   -.996121E-01
   -.676374E-01
   -.303157E-01
    .312146E-02
    .363666E-01
    .606639E-01
    .606241E-01
    .457700E-01
    .174181E-01
   -.155103E-01
   -.485140E-01
   -.885031E-01
   -.127739E+00
   -.148702E+00
   -.142699E+00
   -.110298E+00
   -.504820E-01
    .315183E-01
    .115553E+00
    .186105E+00
    .216792E+00
    .180558E+00
    .839806E-01
   -.368999E-01
   -.141570E+00
   -.195092E+00
   -.190170E+00
   -.152563E+00
   -.112771E+00
   -.691435E-01
   -.302352E-01
   -.147108E-01
   -.650245E-02
    .247802E-02
   -.262038E-03
   -.850875E-02
   -.717036E-02
    .179729E-01
    .598803E-01
    .944129E-01
    .946003E-01
    .629268E-01
    .280541E-01
    .752866E-02
    .487918E-02
    .118352E-01
    .288602E-01
    .544754E-01
    .898231E-01
    .127872E+00
    .159899E+00
    .174363E+00
    .159985E+00
    .112312E+00
    .432052E-01
   -.218082E-01
   -.621385E-01
   -.693775E-01
   -.549748E-01
   -.407450E-01
   -.300221E-01
   -.233671E-01
   -.284776E-01
   -.377633E-01
   -.434871E-01
   -.468041E-01
   -.505674E-01
   -.544613E-01
   -.584294E-01
   -.544186E-01
   -.290147E-01
   -.306299E-02
    .445544E-02
    .729992E-02
    .151550E-01
    .224617E-01
    .335690E-01
    .576317E-01
    .863062E-01
    .101568E+00
    .903229E-01
    .712483E-01
    .533223E-01
    .419748E-01
    .492425E-01
    .622809E-01
    .712462E-01
    .730314E-01
    .590489E-01
    .401894E-01
    .247873E-01
    .139922E-01
    .125236E-01
    .139061E-01
    .180759E-01
    .341858E-01
    .575491E-01
    .865715E-01
    .112154E+00
    .116042E+00
    .883533E-01
    .303519E-01
   -.456539E-01
   -.114893E+00
   -.155399E+00
   -.157346E+00
   -.132012E+00
   -.100213E+00
   -.607874E-01
   -.170976E-01
    .200837E-01
    .337801E-01
    .197775E-01
    .178811E-02
   -.102767E-01
   -.228108E-01
   -.325292E-01
   -.202722E-01
    .154783E-01
    .541297E-01
    .907281E-01
    .120786E+00
    .117242E+00
    .777644E-01
    .325301E-01
   -.124966E-01
   -.533897E-01
   -.622383E-01
   -.337964E-01
   -.155543E-02
    .212755E-01
    .412620E-01
    .542756E-01
    .342529E-01
   -.192165E-01
   -.752318E-01
   -.116593E+00
   -.131566E+00
   -.110406E+00
   -.602619E-01
   -.821184E-02
    .381681E-01
    .775250E-01
    .909952E-01
    .806015E-01
    .697583E-01
    .637532E-01
    .565037E-01
    .517507E-01
    .573160E-01
    .667584E-01
    .777795E-01
    .810645E-01
    .626156E-01
    .376547E-01
    .180645E-01
   -.923843E-03
   -.194315E-01
   -.327406E-01
   -.440170E-01
   -.566637E-01
   -.683582E-01
   -.772896E-01
   -.852842E-01
   -.943105E-01
   -.977249E-01
   -.873123E-01
   -.655046E-01
   -.265130E-01
    .122462E-01
    .334013E-01
    .464419E-01
    .552039E-01
    .639610E-01
    .799193E-01
    .928843E-01
    .810894E-01
    .436810E-01
    .349130E-02
   -.355404E-01
   -.651943E-01
   -.586823E-01
   -.230791E-01
    .591458E-02
    .156234E-01
    .230099E-01
    .341270E-01
    .430348E-01
    .504329E-01
    .583317E-01
    .668661E-01
    .682539E-01
    .519387E-01
    .308512E-01
    .139199E-01
   -.234060E-02
   -.200915E-01
   -.342438E-01
   -.408455E-01
   -.372836E-01
   -.140937E-01
    .163097E-01
    .474074E-01
    .690642E-01
    .662149E-01
    .523691E-01
    .355625E-01
    .167061E-01
    .129015E-02
   -.542510E-02
   -.990517E-02
   -.163974E-01
   -.227891E-01
   -.288450E-01
   -.274886E-01
   -.597915E-02
    .207620E-01
    .434429E-01
    .549507E-01
    .412569E-01
    .175362E-01
   -.635539E-02
   -.228833E-01
   -.173714E-01
   -.118366E-01
   -.272931E-01
   -.543810E-01
   -.918245E-01
   -.133638E+00
   -.167657E+00
   -.176679E+00
   -.151143E+00
   -.105118E+00
   -.639396E-01
   -.428630E-01
   -.396250E-01
   -.359659E-01
   -.243352E-01
   -.116930E-01
   -.412471E-02
   -.423415E-02
   -.598208E-02
   -.627336E-02
   -.494129E-02
   -.313844E-03
    .556568E-02
    .105402E-01
    .155014E-01
    .203557E-01
    .256196E-01
    .254267E-01
    .121877E-01
   -.802602E-02
   -.330793E-01
   -.602664E-01
   -.859291E-01
   -.111651E+00
   -.126517E+00
   -.112733E+00
   -.870176E-01
   -.575683E-01
   -.302238E-01
   -.131249E-01
   -.538697E-02
   -.168207E-01
   -.501495E-01
   -.777169E-01
   -.710495E-01
   -.269721E-01
    .478986E-01
    .143617E+00
    .234531E+00
    .296068E+00
    .311175E+00
    .289388E+00
    .259284E+00
    .223424E+00
    .177144E+00
    .117807E+00
    .558755E-01
   -.416012E-02
   -.625853E-01
   -.943634E-01
   -.854552E-01
   -.694824E-01
   -.664367E-01
   -.750992E-01
   -.779930E-01
   -.636866E-01
   -.396626E-01
   -.121646E-01
   -.581578E-02
   -.281993E-01
   -.549455E-01
   -.814204E-01
   -.979987E-01
   -.847138E-01
   -.615201E-01
   -.511432E-01
   -.559459E-01
   -.597050E-01
   -.417763E-01
    .458324E-02
    .550904E-01
    .997188E-01
    .132340E+00
    .122320E+00
    .713511E-01
    .227829E-01
    .677458E-03
   -.495833E-03
   -.694154E-02
   -.327880E-01
   -.620437E-01
   -.911102E-01
   -.132364E+00
   -.178019E+00
   -.214942E+00
   -.223397E+00
   -.196586E+00
   -.171660E+00
   -.174634E+00
   -.174775E+00
   -.139880E+00
   -.716723E-01
    .186264E-01
    .923994E-01
    .913286E-01
    .248425E-01
   -.357817E-01
   -.645575E-01
   -.860699E-01
   -.948076E-01
   -.722274E-01
   -.242205E-01
    .169348E-01
    .378824E-01
    .453550E-01
    .334105E-01
    .118477E-01
   -.103997E-01
   -.336063E-01
   -.508604E-01
   -.530134E-01
   -.465647E-01
   -.323616E-01
   -.157016E-01
    .460400E-02
    .375690E-01
    .795343E-01
    .131179E+00
    .185260E+00
    .237387E+00
    .282584E+00
    .306811E+00
    .302515E+00
    .268534E+00
    .197571E+00
    .949660E-01
   -.148678E-01
   -.120188E+00
   -.193789E+00
   -.208784E+00
   -.170744E+00
   -.993521E-01
   -.243411E-01
    .312812E-02
   -.402815E-01
   -.974826E-01
   -.115918E+00
   -.114258E+00
   -.102209E+00
   -.822132E-01
   -.470834E-01
    .105587E-01
    .725896E-01
    .123474E+00
    .149358E+00
    .152234E+00
    .145572E+00
    .125641E+00
    .997034E-01
    .834674E-01
    .856851E-01
    .914414E-01
    .937522E-01
    .873802E-01
    .599026E-01
    .210304E-01
   -.268460E-01
   -.700765E-01
   -.936815E-01
   -.103993E+00
   -.101439E+00
   -.888203E-01
   -.656029E-01
   -.389185E-01
   -.194402E-01
   -.123154E-01
   -.146371E-01
   -.420112E-01
   -.992309E-01
   -.146364E+00
   -.137691E+00
   -.773696E-01
   -.752732E-02
    .291277E-01
    .311036E-01
    .313041E-01
    .343141E-01
    .273261E-01
    .885407E-02
   -.134671E-01
   -.119040E-01
   -.322078E-02
   -.932500E-02
   -.172714E-01
   -.242869E-02
    .393663E-01
    .826404E-01
    .102915E+00
    .977373E-01
    .884808E-01
    .852585E-01
    .699412E-01
    .227138E-01
   -.283325E-01
   -.529918E-01
   -.552483E-01
   -.576582E-01
   -.577797E-01
   -.406272E-01
   -.179626E-01
    .155105E-03
    .176284E-01
    .362941E-01
    .547438E-01
    .664703E-01
    .536375E-01
    .172676E-01
   -.205101E-01
   -.480809E-01
   -.526980E-01
   -.294478E-01
   -.975957E-02
   -.202756E-01
   -.478853E-01
   -.618614E-01
   -.365909E-01
    .194399E-01
    .660892E-01
    .827503E-01
    .937960E-01
    .111438E+00
    .128722E+00
    .142807E+00
    .154292E+00
    .165577E+00
    .166686E+00
    .132682E+00
    .752093E-01
    .168221E-01
   -.452390E-01
   -.105817E+00
   -.139065E+00
   -.143095E+00
   -.138584E+00
   -.125930E+00
   -.107839E+00
   -.970165E-01
   -.100551E+00
   -.107486E+00
   -.108117E+00
   -.101682E+00
   -.937431E-01
   -.934058E-01
   -.108633E+00
   -.128101E+00
   -.141321E+00
   -.147664E+00
   -.152976E+00
   -.159933E+00
   -.157887E+00
   -.122490E+00
   -.468104E-01
    .552380E-01
    .148853E+00
    .199913E+00
    .195273E+00
    .146959E+00
    .790154E-01
    .193830E-01
   -.216219E-01
   -.529277E-01
   -.738004E-01
   -.832993E-01
   -.703856E-01
   -.364252E-01
   -.172087E-02
    .290248E-01
    .516755E-01
    .533534E-01
    .441895E-01
    .288867E-01
    .116119E-01
   -.732679E-02
   -.317771E-01
   -.585975E-01
   -.827468E-01
   -.105741E+00
   -.121855E+00
   -.121886E+00
   -.112755E+00
   -.978819E-01
   -.799740E-01
   -.701444E-01
   -.775277E-01
   -.941609E-01
   -.118657E+00
   -.146522E+00
   -.168075E+00
   -.168805E+00
   -.132623E+00
   -.647793E-01
    .548733E-02
    .682986E-01
    .131017E+00
    .188358E+00
    .229879E+00
    .258794E+00
    .272498E+00
    .274348E+00
    .261777E+00
    .245104E+00
    .231272E+00
    .218300E+00
    .201229E+00
    .170330E+00
    .122266E+00
    .725710E-01
    .263225E-01
   -.158539E-01
   -.502938E-01
   -.757421E-01
   -.824219E-01
   -.586200E-01
   -.899103E-02
    .433525E-01
    .832973E-01
    .946964E-01
    .578766E-01
   -.301711E-01
   -.128632E+00
   -.178264E+00
   -.163503E+00
   -.114684E+00
   -.735389E-01
   -.511155E-01
   -.311600E-01
   -.684093E-02
    .122948E-01
    .195467E-01
    .237747E-01
    .311181E-01
    .371166E-01
    .407822E-01
    .363201E-01
    .141584E-01
   -.200824E-01
   -.670212E-01
   -.109834E+00
   -.110444E+00
   -.641866E-01
   -.132068E-01
    .258842E-01
    .612899E-01
    .891655E-01
    .837162E-01
    .470339E-01
    .569204E-02
   -.385131E-01
   -.821064E-01
   -.105808E+00
   -.978620E-01
   -.605411E-01
   -.809077E-02
    .436262E-01
    .870370E-01
    .105849E+00
    .967340E-01
    .822511E-01
    .689155E-01
    .538212E-01
    .386246E-01
    .253146E-01
    .875334E-02
   -.179679E-01
   -.469841E-01
   -.739091E-01
   -.928248E-01
   -.931703E-01
   -.810727E-01
   -.545782E-01
   -.310708E-01
   -.298039E-01
   -.348918E-01
   -.342812E-01
   -.336212E-01
   -.317586E-01
   -.222345E-01
   -.987674E-02
   -.282572E-02
   -.466626E-02
   -.817351E-02
   -.113624E-01
   -.188848E-01
   -.280658E-01
   -.363154E-01
   -.391758E-01
   -.287629E-01
   -.148147E-01
   -.104722E-02
    .190562E-01
    .471476E-01
    .861557E-01
    .128275E+00
    .164114E+00
    .183469E+00
    .178286E+00
    .146429E+00
    .952843E-01
    .432784E-01
   -.515619E-02
   -.423663E-01
   -.390427E-01
   -.263739E-03
    .388177E-01
    .653837E-01
    .708643E-01
    .544622E-01
    .312122E-01
    .234201E-02
   -.293588E-01
   -.620403E-01
   -.996799E-01
   -.139365E+00
   -.174067E+00
   -.192903E+00
   -.180876E+00
   -.137755E+00
   -.901347E-01
   -.446905E-01
   -.770426E-02
    .567589E-02
    .514649E-02
   -.522588E-02
   -.192872E-01
   -.282702E-01
   -.272783E-01
   -.248732E-01
   -.157278E-01
    .164987E-01
    .554840E-01
    .891506E-01
    .112325E+00
    .106490E+00
    .719461E-01
    .214434E-01
   -.291606E-01
   -.772844E-01
   -.117875E+00
   -.133351E+00
   -.119603E+00
   -.867976E-01
   -.531548E-01
   -.225557E-01
   -.540686E-02
   -.347593E-01
   -.100363E+00
   -.159874E+00
   -.190403E+00
   -.198397E+00
   -.196610E+00
   -.165573E+00
   -.100035E+00
   -.314520E-01
    .239899E-01
    .559757E-01
    .639825E-01
    .658572E-01
    .667343E-01
    .653098E-01
    .642887E-01
    .631581E-01
    .702416E-01
    .981734E-01
    .134979E+00
    .173953E+00
    .209963E+00
    .226150E+00
    .210823E+00
    .161374E+00
    .870711E-01
    .106689E-01
   -.525062E-01
   -.843233E-01
   -.720934E-01
   -.272373E-01
    .189901E-01
    .527427E-01
    .597696E-01
    .396958E-01
    .948237E-02
   -.321288E-01
   -.753341E-01
   -.950563E-01
   -.847600E-01
   -.708310E-01
   -.599773E-01
   -.408756E-01
   -.134182E-01
    .231263E-01
    .560662E-01
    .603856E-01
    .353252E-01
    .826849E-02
   -.148319E-01
   -.445904E-01
   -.713923E-01
   -.750031E-01
   -.619952E-01
   -.499676E-01
   -.444425E-01
   -.465659E-01
   -.505900E-01
   -.565462E-01
   -.725452E-01
   -.871576E-01
   -.882970E-01
   -.808754E-01
   -.645941E-01
   -.448544E-01
   -.272643E-01
   -.996204E-02
    .220246E-02
   -.109443E-03
   -.100713E-01
   -.255015E-01
   -.426780E-01
   -.590873E-01
   -.688413E-01
   -.546592E-01
   -.153257E-01
    .252879E-01
    .612948E-01
    .897619E-01
    .999418E-01
    .100154E+00
    .964811E-01
    .903967E-01
    .904741E-01
    .103678E+00
    .129770E+00
    .176853E+00
    .226934E+00
    .255433E+00
    .254827E+00
    .224412E+00
    .170865E+00
    .115248E+00
    .700785E-01
    .498836E-01
    .646999E-01
    .101938E+00
    .133007E+00
    .139455E+00
    .111711E+00
    .526783E-01
   -.104210E-01
   -.593011E-01
   -.746649E-01
   -.533048E-01
   -.299037E-01
   -.287060E-01
   -.473448E-01
   -.596018E-01
   -.492075E-01
   -.340988E-01
   -.242792E-01
   -.161655E-01
   -.106251E-01
   -.989508E-02
   -.176321E-01
   -.218961E-01
   -.959783E-02
    .676387E-02
    .195316E-01
    .237246E-01
    .715472E-02
   -.155282E-01
   -.338285E-01
   -.451685E-01
   -.423164E-01
   -.316976E-01
   -.158378E-01
   -.501137E-02
   -.125929E-01
   -.279112E-01
   -.464196E-01
   -.615411E-01
   -.639870E-01
   -.621880E-01
   -.636499E-01
   -.658560E-01
   -.700294E-01
   -.674460E-01
   -.459413E-01
   -.183583E-01
   -.113923E-02
    .204393E-02
   -.227275E-02
   -.159145E-01
   -.335161E-01
   -.432571E-01
   -.372166E-01
   -.277455E-01
   -.215417E-01
   -.188172E-01
   -.234895E-01
   -.307410E-01
   -.375181E-01
   -.472430E-01
   -.585175E-01
   -.661240E-01
   -.605203E-01
   -.329795E-01
    .123018E-01
    .583958E-01
    .953214E-01
    .109337E+00
    .100934E+00
    .873122E-01
    .709126E-01
    .518042E-01
    .335289E-01
    .159231E-01
   -.161632E-02
   -.194657E-01
   -.333839E-01
   -.383963E-01
   -.362103E-01
   -.244571E-01
   -.960211E-02
    .316090E-02
    .153746E-01
    .282198E-01
    .408052E-01
    .531958E-01
    .653559E-01
    .777640E-01
    .857506E-01
    .827260E-01
    .765259E-01
    .724839E-01
    .669352E-01
    .663911E-01
    .826019E-01
    .103376E+00
    .120366E+00
    .130919E+00
    .119807E+00
    .792081E-01
    .229877E-01
   -.290501E-01
   -.610811E-01
   -.705921E-01
   -.729111E-01
   -.700982E-01
   -.676201E-01
   -.747997E-01
   -.849339E-01
   -.928180E-01
   -.955364E-01
   -.860413E-01
   -.730569E-01
   -.592156E-01
   -.364422E-01
   -.100104E-01
    .132878E-01
    .350004E-01
    .525012E-01
    .586321E-01
    .609421E-01
    .703878E-01
    .924503E-01
    .116547E+00
    .138312E+00
    .154176E+00
    .157674E+00
    .145701E+00
    .107154E+00
    .611040E-01
    .207822E-01
   -.107988E-01
   -.245605E-01
   -.292209E-01
   -.296295E-01
   -.320603E-01
   -.447462E-01
   -.602879E-01
   -.734935E-01
   -.804079E-01
   -.719210E-01
   -.626999E-01
   -.667889E-01
   -.743295E-01
   -.782095E-01
   -.822184E-01
   -.835030E-01
   -.749285E-01
   -.633396E-01
   -.542089E-01
   -.453630E-01
   -.358984E-01
   -.266358E-01
   -.176771E-01
   -.858005E-02
    .301000E-03
    .934364E-02
    .129183E-01
    .233571E-02
   -.120230E-01
   -.233588E-01
   -.299070E-01
   -.264402E-01
   -.179136E-01
   -.763176E-02
    .354962E-02
    .118221E-01
    .132867E-01
    .824661E-02
   -.826888E-02
   -.276974E-01
   -.454380E-01
   -.499140E-01
   -.224473E-01
    .144187E-01
    .435663E-01
    .668933E-01
    .700452E-01
    .472331E-01
    .236357E-01
    .214318E-01
    .403229E-01
    .612975E-01
    .763262E-01
    .871054E-01
    .976527E-01
    .108536E+00
    .119372E+00
    .127223E+00
    .127959E+00
    .126719E+00
    .125007E+00
    .117780E+00
    .108561E+00
    .100557E+00
    .933020E-01
    .788678E-01
    .460417E-01
    .141338E-01
    .112697E-02
   -.310192E-02
   -.915248E-03
    .405096E-02
    .837179E-02
    .564675E-02
   -.126502E-01
   -.356976E-01
   -.506922E-01
   -.540731E-01
   -.552815E-01
   -.604585E-01
   -.706127E-01
   -.766858E-01
   -.696718E-01
   -.573089E-01
   -.421851E-01
   -.311801E-01
   -.340346E-01
   -.476755E-01
   -.762615E-01
   -.103580E+00
   -.113821E+00
   -.111536E+00
   -.934882E-01
   -.701660E-01
   -.492293E-01
   -.265951E-01
   -.213736E-02
    .211201E-01
    .443476E-01
    .595097E-01
    .532672E-01
    .408936E-01
    .328671E-01
    .239643E-01
    .129325E-01
    .500708E-02
    .357810E-02
    .364077E-02
    .221580E-02
    .803680E-03
   -.162502E-03
   -.126098E-02
   -.233100E-02
   -.705331E-02
   -.220405E-01
   -.394287E-01
   -.550358E-01
   -.617804E-01
   -.477353E-01
   -.229826E-01
    .851348E-02
    .423104E-01
    .751221E-01
    .101669E+00
    .114878E+00
    .118925E+00
    .112708E+00
    .103094E+00
    .955554E-01
    .886830E-01
    .809020E-01
    .735822E-01
    .636648E-01
    .467898E-01
    .275886E-01
    .146023E-01
    .130927E-01
    .142698E-01
    .129492E-01
    .102049E-01
    .455059E-02
   -.223854E-02
   -.843052E-02
   -.120471E-01
   -.927887E-02
   -.908739E-02
   -.215398E-01
   -.391329E-01
   -.585698E-01
   -.790527E-01
   -.931565E-01
   -.811362E-01
   -.437932E-01
   -.429526E-02
    .244465E-01
    .414450E-01
    .508746E-01
    .501198E-01
    .428048E-01
    .303451E-01
    .164176E-01
    .322487E-02
   -.376446E-02
    .460044E-02
    .188380E-01
    .348962E-01
    .460386E-01
    .434273E-01
    .305479E-01
    .668151E-02
   -.214228E-01
   -.393023E-01
   -.313982E-01
   -.413523E-02
    .156754E-01
    .155628E-01
    .770685E-02
   -.554523E-02
   -.219435E-01
   -.369672E-01
   -.516776E-01
   -.594256E-01
   -.486628E-01
   -.288017E-01
   -.306035E-02
    .193533E-01
    .259603E-01
    .280532E-01
    .306424E-01
    .254712E-01
    .125961E-01
   -.897095E-02
   -.328377E-01
   -.554430E-01
   -.793005E-01
   -.982633E-01
   -.938467E-01
   -.686219E-01
   -.425353E-01
   -.246712E-01
   -.151176E-01
   -.127499E-01
   -.228916E-01
   -.368495E-01
   -.494245E-01
   -.648985E-01
   -.825831E-01
   -.940896E-01
   -.924896E-01
   -.851763E-01
   -.745760E-01
   -.624328E-01
   -.517877E-01
   -.444082E-01
   -.350630E-01
   -.185401E-01
   -.161852E-03
    .162357E-01
    .325156E-01
    .471607E-01
    .561493E-01
    .634478E-01
    .697669E-01
    .702047E-01
    .684713E-01
    .681620E-01
    .682464E-01
    .676458E-01
    .674098E-01
    .614392E-01
    .401566E-01
    .146485E-01
   -.287818E-02
    .985302E-03
    .275759E-01
    .576425E-01
    .762174E-01
    .787124E-01
    .747586E-01
    .663347E-01
    .557983E-01
    .461163E-01
    .370987E-01
    .262537E-01
    .114532E-01
   -.417577E-02
   -.188003E-01
   -.316124E-01
   -.401330E-01
   -.473061E-01
   -.536823E-01
   -.556220E-01
   -.559746E-01
   -.572743E-01
   -.589714E-01
   -.577460E-01
   -.503742E-01
   -.392512E-01
   -.244663E-01
   -.816712E-02
    .374941E-02
    .620082E-02
    .626719E-02
    .808203E-02
    .909000E-02
    .916704E-02
    .949247E-02
    .127339E-01
    .233150E-01
    .356027E-01
    .466451E-01
    .498817E-01
    .339931E-01
    .125640E-01
   -.450248E-02
   -.205943E-01
   -.384388E-01
   -.492318E-01
   -.422053E-01
   -.302035E-01
   -.225165E-01
   -.149907E-01
   -.109383E-01
   -.194061E-01
   -.316479E-01
   -.393153E-01
   -.420713E-01
   -.451455E-01
   -.396575E-01
   -.927348E-02
    .277885E-01
    .594132E-01
    .819575E-01
    .860564E-01
    .759173E-01
    .494207E-01
    .151802E-01
   -.238393E-01
   -.586149E-01
   -.794687E-01
   -.878711E-01
   -.785683E-01
   -.637411E-01
   -.524663E-01
   -.462276E-01
   -.498524E-01
   -.569558E-01
   -.586546E-01
   -.517849E-01
   -.434138E-01
   -.367492E-01
   -.318432E-01
   -.308884E-01
   -.312738E-01
   -.309482E-01
   -.280617E-01
   -.192506E-01
   -.855839E-02
   -.229272E-02
   -.407974E-02
   -.753987E-02
   -.923448E-02
   -.104002E-01
   -.122407E-01
   -.114392E-01
   -.397008E-02
    .523106E-02
    .130001E-01
    .148644E-01
    .172127E-02
   -.155781E-01
   -.308506E-01
   -.483055E-01
   -.680961E-01
   -.827503E-01
   -.881220E-01
   -.840160E-01
   -.652447E-01
   -.366708E-01
    .102668E-02
    .418979E-01
    .764504E-01
    .100115E+00
    .117397E+00
    .124609E+00
    .123421E+00
    .119976E+00
    .117796E+00
    .110464E+00
    .902465E-01
    .660020E-01
    .516401E-01
    .542921E-01
    .664750E-01
    .908795E-01
    .113774E+00
    .120491E+00
    .115606E+00
    .970827E-01
    .738765E-01
    .535038E-01
    .367970E-01
    .264603E-01
    .183505E-01
    .892726E-02
   -.504914E-03
   -.116248E-01
   -.285848E-01
   -.471418E-01
   -.641578E-01
   -.816436E-01
   -.102173E+00
   -.122849E+00
   -.143102E+00
   -.157833E+00
   -.159442E+00
   -.152211E+00
   -.135628E+00
   -.116052E+00
   -.953169E-01
   -.668374E-01
   -.330915E-01
    .588463E-02
    .413047E-01
    .643855E-01
    .759065E-01
    .709947E-01
    .545741E-01
    .256928E-01
   -.682249E-02
   -.331714E-01
   -.396706E-01
   -.223251E-01
   -.906784E-03
    .148987E-01
    .311989E-01
    .420191E-01
    .350334E-01
    .226798E-01
    .143489E-01
    .552662E-02
   -.480837E-02
   -.146412E-01
   -.239016E-01
   -.333763E-01
   -.441896E-01
   -.588237E-01
   -.741476E-01
   -.904521E-01
   -.110797E+00
   -.132980E+00
   -.150194E+00
   -.159146E+00
   -.159692E+00
   -.146531E+00
   -.125347E+00
   -.983103E-01
   -.692228E-01
   -.416456E-01
   -.143411E-01
    .810489E-02
    .171876E-01
    .223948E-01
    .304173E-01
    .390522E-01
    .409388E-01
    .276806E-01
    .107193E-01
   -.327117E-02
   -.919265E-02
    .337074E-02
    .218394E-01
    .344042E-01
    .431180E-01
    .464492E-01
    .357883E-01
    .168077E-01
   -.100801E-01
   -.347738E-01
   -.468592E-01
   -.507733E-01
   -.465378E-01
   -.392154E-01
   -.336905E-01
   -.285404E-01
   -.229183E-01
   -.173376E-01
   -.120758E-01
   -.663248E-02
   -.484199E-02
   -.133497E-01
   -.197581E-01
   -.115691E-01
    .650602E-02
    .380302E-01
    .689147E-01
    .851398E-01
    .907127E-01
    .837861E-01
    .704173E-01
    .548925E-01
    .386358E-01
    .243800E-01
    .146617E-01
    .604511E-02
   -.333168E-02
   -.132262E-01
   -.238325E-01
   -.350481E-01
   -.425221E-01
   -.413409E-01
   -.376511E-01
   -.361155E-01
   -.345314E-01
   -.338725E-01
   -.369028E-01
   -.414987E-01
   -.416233E-01
   -.332835E-01
   -.189333E-01
    .303651E-02
    .278178E-01
    .461596E-01
    .520233E-01
    .551072E-01
    .607779E-01
    .665040E-01
    .729424E-01
    .846761E-01
    .937285E-01
    .916653E-01
    .818845E-01
    .631628E-01
    .385325E-01
    .760230E-02
   -.203838E-01
   -.357492E-01
   -.423613E-01
   -.390250E-01
   -.321248E-01
   -.274063E-01
   -.229922E-01
   -.217691E-01
   -.308497E-01
   -.428881E-01
   -.533141E-01
   -.657574E-01
   -.795551E-01
   -.926160E-01
   -.105131E+00
   -.118131E+00
   -.125234E+00
   -.116977E+00
   -.104381E+00
   -.961615E-01
   -.905608E-01
   -.844611E-01
   -.768786E-01
   -.666041E-01
   -.508118E-01
   -.225935E-01
    .869489E-02
    .373524E-01
    .648350E-01
    .937688E-01
    .114905E+00
    .118315E+00
    .108595E+00
    .835773E-01
    .530226E-01
    .264034E-01
    .108935E-03
   -.206030E-01
   -.255125E-01
   -.193988E-01
   -.232316E-02
    .188441E-01
    .354688E-01
    .469882E-01
    .495958E-01
    .318912E-01
    .623862E-02
   -.206651E-01
   -.423193E-01
   -.497224E-01
   -.433468E-01
   -.165950E-01
    .159963E-01
    .445805E-01
    .638799E-01
    .633475E-01
    .527386E-01
    .372182E-01
    .196765E-01
    .483586E-02
   -.383648E-02
   -.115862E-01
   -.152726E-01
   -.543621E-02
    .874496E-02
    .195385E-01
    .307335E-01
    .380720E-01
    .321821E-01
    .223574E-01
    .154140E-01
    .779458E-02
   -.985334E-03
   -.948471E-02
   -.142161E-01
   -.101911E-01
   -.367696E-02
    .581648E-04
    .135607E-02
    .275552E-02
    .442767E-02
    .607395E-02
    .748872E-02
    .911405E-02
    .105662E-01
    .124289E-01
    .110093E-01
    .180755E-02
   -.989736E-02
   -.153793E-01
   -.982600E-02
   -.164425E-02
    .393556E-02
    .955658E-02
    .133581E-01
    .104886E-01
    .565090E-02
    .232554E-02
    .149605E-02
    .631219E-02
    .128097E-01
    .181737E-01
    .202602E-01
    .150687E-01
    .760470E-02
    .190903E-02
   -.392498E-02
   -.112426E-01
   -.186972E-01
   -.257850E-01
   -.327228E-01
   -.398346E-01
   -.437244E-01
   -.392265E-01
   -.324653E-01
   -.275614E-01
   -.230338E-01
   -.177143E-01
   -.128704E-01
   -.439400E-02
    .133146E-01
    .339760E-01
    .479694E-01
    .510540E-01
    .482881E-01
    .386823E-01
    .267054E-01
    .159587E-01
    .979173E-02
    .135756E-01
    .204429E-01
    .249798E-01
    .292449E-01
    .336274E-01
    .364599E-01
    .386296E-01
    .413115E-01
    .428344E-01
    .411867E-01
    .387449E-01
    .370224E-01
    .353371E-01
    .335239E-01
    .316551E-01
    .300004E-01
    .257596E-01
    .145973E-01
    .160048E-02
   -.967925E-02
   -.207047E-01
   -.312321E-01
   -.388816E-01
   -.456789E-01
   -.529406E-01
   -.602237E-01
   -.664787E-01
   -.729754E-01
   -.755990E-01
   -.687615E-01
   -.550767E-01
   -.337257E-01
   -.969837E-02
    .121790E-01
    .340648E-01
    .488004E-01
    .439000E-01
    .309512E-01
    .161425E-01
    .301219E-03
   -.157536E-01
   -.280953E-01
   -.333815E-01
   -.314135E-01
   -.184438E-01
   -.186970E-02
    .116422E-01
    .244628E-01
    .312969E-01
    .214364E-01
    .662805E-02
   -.409447E-02
   -.144740E-01
   -.234719E-01
   -.254787E-01
   -.252861E-01
   -.267683E-01
   -.284521E-01
   -.294835E-01
   -.306302E-01
   -.319075E-01
   -.331079E-01
   -.353725E-01
   -.404736E-01
   -.463846E-01
   -.493021E-01
   -.458121E-01
   -.409522E-01
   -.373221E-01
   -.340818E-01
   -.301051E-01
   -.286383E-01
   -.327444E-01
   -.388852E-01
   -.390717E-01
   -.281594E-01
   -.111305E-01
    .113967E-01
    .363446E-01
    .558458E-01
    .640000E-01
    .695758E-01
    .741964E-01
    .696442E-01
    .618627E-01
    .544838E-01
    .428620E-01
    .290453E-01
    .188763E-01
    .150131E-01
    .124505E-01
    .855771E-02
    .470559E-02
    .129131E-02
   -.220525E-02
   -.575215E-02
   -.924390E-02
   -.126112E-01
   -.161358E-01
   -.163814E-01
   -.794571E-02
    .277512E-02
    .116480E-01
    .199276E-01
    .292111E-01
    .327185E-01
    .216427E-01
    .633737E-02
   -.521310E-02
   -.166463E-01
   -.243894E-01
   -.197004E-01
   -.112783E-01
   -.484678E-02
    .385322E-02
    .141938E-01
    .236000E-01
    .327475E-01
    .396738E-01
    .397049E-01
    .379342E-01
    .355432E-01
    .279395E-01
    .179681E-01
    .130258E-01
    .174781E-01
    .240895E-01
    .285373E-01
    .330327E-01
    .363745E-01
    .349986E-01
    .322641E-01
    .291166E-01
    .216820E-01
    .127027E-01
    .479111E-02
   -.261033E-02
   -.106782E-01
   -.133116E-01
   -.182748E-02
    .133707E-01
    .255785E-01
    .312328E-01
    .215040E-01
    .492895E-02
   -.145227E-01
   -.296488E-01
   -.317162E-01
   -.249768E-01
   -.995384E-02
    .838631E-02
    .205826E-01
    .220707E-01
    .167458E-01
    .279000E-02
   -.142899E-01
   -.297892E-01
   -.466406E-01
   -.601232E-01
   -.624984E-01
   -.563224E-01
   -.391638E-01
   -.186608E-01
   -.310651E-03
    .133355E-01
    .170458E-01
    .177425E-01
    .185316E-01
    .139292E-01
    .708575E-02
    .170228E-02
   -.331960E-02
   -.885503E-02
   -.142644E-01
   -.194039E-01
   -.246802E-01
   -.280520E-01
   -.261860E-01
   -.228980E-01
   -.208510E-01
   -.188965E-01
   -.165764E-01
   -.142389E-01
   -.158012E-01
   -.274973E-01
   -.417363E-01
   -.539388E-01
   -.617088E-01
   -.602484E-01
   -.515361E-01
   -.340468E-01
   -.140124E-01
    .435531E-02
    .176754E-01
    .200537E-01
    .148781E-01
    .106226E-02
   -.152052E-01
   -.301078E-01
   -.380652E-01
   -.300918E-01
   -.172448E-01
   -.828356E-02
    .340526E-03
    .743348E-02
    .763079E-02
    .553444E-02
    .515471E-02
    .497790E-02
    .426712E-02
    .361764E-02
    .314885E-02
    .260090E-02
    .204841E-02
    .150251E-02
    .994111E-03
    .447213E-03
   -.521303E-04
   -.600145E-03
   -.105795E-02
   -.250472E-02
   -.644894E-02
   -.111251E-01
   -.152089E-01
   -.182369E-01
   -.189599E-01
   -.190346E-01
   -.195107E-01
   -.202216E-01
   -.185708E-01
   -.114150E-01
   -.276249E-02
    .444157E-02
    .116171E-01
    .169433E-01
    .163610E-01
    .139679E-01
    .129031E-01
    .121192E-01
    .986099E-02
    .484633E-02
   -.736285E-03
   -.574350E-02
   -.861310E-02
   -.613466E-02
   -.208652E-02
    .843797E-03
    .342467E-02
    .653877E-02
    .762079E-02
    .387796E-02
   -.145548E-02
   -.261957E-02
    .413405E-02
    .127858E-01
    .195870E-01
    .262747E-01
    .333822E-01
    .403965E-01
    .454044E-01
    .459048E-01
    .451293E-01
    .453833E-01
    .456945E-01
    .465158E-01
    .496718E-01
    .535186E-01
    .568831E-01
    .599791E-01
    .634113E-01
    .631632E-01
    .532050E-01
    .406534E-01
    .292912E-01
    .155680E-01
    .235919E-03
   -.107299E-01
   -.124828E-01
   -.119178E-01
   -.134327E-01
   -.149977E-01
   -.159967E-01
   -.157773E-01
   -.122471E-01
   -.763084E-02
   -.388586E-02
   -.151990E-03
    .105625E-02
   -.519810E-02
   -.135179E-01
   -.202041E-01
   -.246321E-01
   -.244925E-01
   -.227387E-01
   -.220474E-01
   -.214650E-01
   -.207028E-01
   -.185550E-01
   -.129628E-01
   -.645194E-02
   -.743040E-03
    .355459E-02
    .440278E-02
    .414355E-02
    .462765E-02
    .554166E-02
    .662966E-02
    .803182E-02
    .792332E-02
    .422111E-02
   -.561399E-03
   -.433880E-02
   -.820368E-02
   -.984467E-02
   -.520413E-02
    .129588E-02
    .624296E-02
    .110901E-01
    .161553E-01
    .214259E-01
    .214038E-01
    .800469E-02
   -.911989E-02
   -.226402E-01
   -.340668E-01
   -.463165E-01
   -.532361E-01
   -.461409E-01
   -.351041E-01
   -.274916E-01
   -.203590E-01
   -.123908E-01
   -.449627E-02
    .168888E-02
    .432618E-02
    .600202E-02
    .846182E-02
    .108827E-01
    .131302E-01
    .137724E-01
    .101668E-01
    .539103E-02
    .156160E-02
   -.202893E-02
   -.606489E-02
   -.807271E-02
   -.515197E-02
   -.792651E-03
    .557589E-03
   -.313365E-02
   -.777575E-02
   -.115155E-01
   -.124936E-01
   -.656787E-02
    .140625E-02
    .774434E-02
    .137533E-01
    .203639E-01
    .249912E-01
    .246532E-01
    .229838E-01
    .224377E-01
    .219361E-01
    .211270E-01
    .204284E-01
    .198147E-01
    .191321E-01
    .183936E-01
    .177365E-01
    .171086E-01
    .164809E-01
    .158088E-01
    .151335E-01
    .144668E-01
    .144251E-01
    .158391E-01
    .176356E-01
    .190902E-01
    .204933E-01
    .221889E-01
    .244160E-01
    .267127E-01
    .289561E-01
    .298118E-01
    .271111E-01
    .233435E-01
    .204610E-01
    .162329E-01
    .792042E-02
   -.122651E-02
   -.957310E-02
   -.145531E-01
   -.113782E-01
   -.573532E-02
   -.199367E-02
    .146779E-02
    .553272E-02
    .944000E-02
    .131878E-01
    .169091E-01
    .207182E-01
    .243247E-01
    .281369E-01
    .284637E-01
    .198495E-01
    .869306E-02
   -.273387E-03
   -.899491E-02
   -.182253E-01
   -.274206E-01
   -.335486E-01
   -.322749E-01
   -.289377E-01
   -.269831E-01
   -.247976E-01
   -.218154E-01
   -.206333E-01
   -.238076E-01
   -.280118E-01
   -.313593E-01
   -.317292E-01
   -.245247E-01
   -.152464E-01
   -.682635E-02
    .309575E-02
    .143309E-01
    .208941E-01
    .168640E-01
    .100146E-01
    .565337E-02
    .141300E-02
   -.335728E-02
   -.823461E-02
   -.895769E-02
    .596553E-03
    .130050E-01
    .227708E-01
    .310838E-01
    .401332E-01
    .444234E-01
    .363864E-01
    .224603E-01
    .492453E-02
   -.138827E-01
   -.322926E-01
   -.451925E-01
   -.451618E-01
   -.413892E-01
   -.400393E-01
   -.375395E-01
   -.336503E-01
   -.303393E-01
   -.273261E-01
   -.246563E-01
   -.236066E-01
   -.231078E-01
   -.222879E-01
   -.203776E-01
   -.158632E-01
   -.107140E-01
   -.501641E-02
    .338611E-02
    .128617E-01
    .184428E-01
    .156727E-01
    .108807E-01
    .779374E-02
    .693318E-02
    .105202E-01
    .157069E-01
    .197720E-01
    .237675E-01
    .278709E-01
    .321114E-01
    .331372E-01
    .263071E-01
    .172164E-01
    .100190E-01
    .354020E-02
   -.173690E-02
   -.664580E-02
   -.881933E-02
   -.380089E-02
    .347158E-02
    .769649E-02
    .832935E-02
    .847505E-02
    .937629E-02
    .101964E-01
    .114497E-01
    .144949E-01
    .179941E-01
    .211600E-01
    .219505E-01
    .167605E-01
    .997407E-02
    .450206E-02
   -.668777E-03
   -.644686E-02
   -.895036E-02
   -.345060E-02
    .438849E-02
    .101312E-01
    .159371E-01
    .187349E-01
    .124033E-01
    .326815E-02
   -.357144E-02
   -.102416E-01
   -.149843E-01
   -.130170E-01
   -.890804E-02
   -.652801E-02
   -.425274E-02
   -.334971E-02
   -.764272E-02
   -.135424E-01
   -.181193E-01
   -.224891E-01
   -.261732E-01
   -.260595E-01
   -.217682E-01
   -.143091E-01
   -.663414E-02
    .592045E-03
    .565210E-02
    .536259E-02
    .333116E-02
    .258276E-02
    .202090E-02
    .104019E-02
    .873800E-04
   -.664461E-03
   -.149539E-02
   -.231270E-02
   -.316835E-02
   -.398510E-02
   -.477432E-02
   -.588438E-02
   -.798154E-02
   -.102009E-01
   -.123571E-01
   -.123438E-01
   -.696500E-02
    .485787E-05
    .562156E-02
    .111194E-01
    .168420E-01
    .225894E-01
    .253948E-01
    .208326E-01
    .141336E-01
    .913865E-02
    .447262E-02
   -.816631E-03
   -.586873E-02
   -.108676E-01
   -.133194E-01
   -.915640E-02
   -.300401E-02
    .149387E-02
    .588394E-02
    .858063E-02
    .566010E-02
    .110110E-02
   -.216579E-02
   -.458975E-02
   -.582723E-02
   -.644507E-02
   -.740916E-02
   -.653431E-02
   -.658999E-03
    .647756E-02
    .125870E-01
    .158506E-01
    .122191E-01
    .655187E-02
    .240946E-02
   -.153449E-02
   -.616962E-02
   -.847903E-02
   -.504027E-02
   -.491877E-04
    .354994E-02
    .704822E-02
    .106821E-01
    .135803E-01
    .160986E-01
    .188404E-01
    .215348E-01
    .242380E-01
    .255380E-01
    .233328E-01
    .201392E-01
    .177735E-01
    .155389E-01
    .131011E-01
    .106878E-01
    .831707E-02
    .597210E-02
    .360277E-02
    .174731E-02
    .111549E-02
    .895826E-03
   -.750485E-03
   -.553952E-02
   -.109944E-01
   -.158737E-01
   -.181910E-01
   -.142767E-01
   -.850135E-02
   -.417478E-02
   -.116360E-03
    .448606E-02
    .693543E-02
    .381042E-02
   -.648960E-03
   -.392632E-02
   -.506974E-02
   -.144397E-02
    .377530E-02
    .779696E-02
    .117182E-01
    .143689E-01
    .127989E-01
    .999403E-02
    .814907E-02
    .652853E-02
    .320584E-02
   -.364192E-02
   -.113029E-01
   -.181154E-01
   -.247631E-01
   -.318095E-01
   -.360274E-01
   -.330899E-01
   -.281972E-01
   -.250354E-01
   -.215984E-01
   -.165172E-01
   -.112879E-01
   -.649780E-02
   -.170558E-02
    .170255E-02
    .104714E-02
   -.616954E-03
   -.166792E-02
    .878756E-03
    .118887E-01
    .254604E-01
    .367517E-01
    .480210E-01
    .550821E-01
    .494539E-01
    .401511E-01
    .328561E-01
    .234959E-01
    .122929E-01
    .497389E-02
    .596468E-02
    .886913E-02
    .100020E-01
    .109571E-01
    .125871E-01
    .118597E-01
    .523445E-02
   -.305300E-02
   -.976936E-02
   -.164708E-01
   -.209865E-01
   -.184839E-01
   -.138703E-01
   -.108509E-01
   -.815944E-02
   -.489034E-02
   -.282457E-02
   -.371468E-02
   -.542963E-02
   -.639438E-02
   -.735823E-02
   -.844593E-02
   -.934054E-02
   -.957308E-02
   -.979407E-02
   -.814812E-02
   -.159661E-02
    .647438E-02
    .132557E-01
    .199860E-01
    .242639E-01
    .213336E-01
    .163103E-01
    .122856E-01
    .651672E-02
   -.299081E-03
   -.657345E-02
   -.107824E-01
   -.104139E-01
   -.873320E-02
   -.792504E-02
   -.883159E-02
   -.133837E-01
   -.191142E-01
   -.240059E-01
   -.286691E-01
   -.335856E-01
   -.384111E-01
   -.432230E-01
   -.449256E-01
   -.383794E-01
   -.296372E-01
   -.216925E-01
   -.114213E-01
    .488889E-03
    .764123E-02
    .450835E-02
   -.131119E-02
   -.464268E-02
   -.801860E-02
   -.847667E-02
    .779506E-03
    .128109E-01
    .226982E-01
    .293850E-01
    .294954E-01
    .273830E-01
    .267770E-01
    .264316E-01
    .256498E-01
    .248623E-01
    .242053E-01
    .234912E-01
    .227940E-01
    .220585E-01
    .214509E-01
    .187241E-01
    .103309E-01
    .430165E-03
   -.831952E-02
   -.135238E-01
   -.103910E-01
   -.474531E-02
   -.855344E-03
    .301349E-02
    .771151E-02
    .102653E-01
    .762179E-02
    .358091E-02
    .839075E-03
   -.183464E-02
   -.484630E-02
   -.783632E-02
   -.872805E-02
   -.459596E-02
    .908476E-03
    .527748E-02
    .882368E-02
    .110109E-01
    .125807E-01
    .144014E-01
    .162980E-01
    .180737E-01
    .198348E-01
    .216027E-01
    .233587E-01
    .250719E-01
    .268017E-01
    .284639E-01
    .302093E-01
    .302692E-01
    .259568E-01
    .205186E-01
    .160934E-01
    .125691E-01
    .107373E-01
    .964760E-02
    .818451E-02
    .666391E-02
    .447608E-02
    .350210E-03
   -.436307E-02
   -.855679E-02
   -.126692E-01
   -.170045E-01
   -.216459E-01
   -.262673E-01
   -.308311E-01
   -.352807E-01
   -.398341E-01
   -.424267E-01
   -.400041E-01
   -.362547E-01
   -.326986E-01
   -.267640E-01
   -.197612E-01
   -.135023E-01
   -.738309E-02
   -.240650E-02
   -.978009E-03
   -.547249E-03
    .589724E-03
    .285147E-02
    .736592E-02
    .127121E-01
    .173414E-01
    .219898E-01
    .240118E-01
    .186747E-01
    .111879E-01
    .392751E-02
   -.727877E-02
   -.200250E-01
   -.318653E-01
   -.393992E-01
   -.368847E-01
   -.314231E-01
   -.281901E-01
   -.252984E-01
   -.215998E-01
   -.195579E-01
   -.213273E-01
   -.242227E-01
   -.244458E-01
   -.199567E-01
   -.144644E-01
   -.100684E-01
   -.571668E-02
   -.103304E-02
    .346878E-02
    .783462E-02
    .122146E-01
    .166617E-01
    .209255E-01
    .252399E-01
    .276937E-01
    .253211E-01
    .215042E-01
    .188003E-01
    .162803E-01
    .134369E-01
    .106111E-01
    .796035E-02
    .532104E-02
    .266233E-02
   -.314129E-04
   -.260399E-02
   -.521198E-02
   -.707870E-02
   -.694185E-02
   -.621886E-02
   -.596226E-02
   -.575781E-02
   -.539992E-02
   -.510420E-02
   -.485556E-02
   -.454892E-02
   -.421786E-02
   -.499444E-02
   -.886264E-02
   -.134216E-01
   -.174822E-01
   -.185455E-01
   -.125258E-01
   -.433233E-02
    .213689E-02
    .839258E-02
    .149605E-01
    .216463E-01
    .251616E-01
    .208740E-01
    .143696E-01
    .975999E-02
    .581095E-02
    .280364E-02
    .802625E-04
   -.219133E-04
    .692557E-02
    .160501E-01
    .233892E-01
    .306183E-01
    .350244E-01
    .307478E-01
    .239270E-01
    .191445E-01
    .146876E-01
    .953326E-02
    .516692E-02
    .258056E-02
    .502270E-03
   -.199150E-02
   -.451013E-02
   -.684627E-02
   -.103311E-01
   -.170372E-01
   -.244938E-01
   -.313817E-01
   -.355749E-01
   -.334273E-01
   -.293271E-01
   -.267390E-01
   -.243283E-01
   -.214577E-01
   -.186169E-01
   -.160024E-01
   -.133695E-01
   -.107435E-01
   -.812940E-02
   -.558119E-02
   -.300449E-02
   -.514256E-03
    .205835E-02
    .305927E-02
    .574966E-05
   -.415524E-02
   -.745220E-02
   -.931802E-02
   -.784566E-02
   -.531602E-02
   -.358199E-02
   -.196403E-02
   -.396203E-04
    .175954E-02
    .347529E-02
    .476021E-02
    .487897E-02
    .458628E-02
    .459904E-02
    .459374E-02
    .446555E-02
    .425381E-02
    .412254E-02
    .290433E-02
   -.123084E-02
   -.615212E-02
   -.104444E-01
   -.129685E-01
   -.113101E-01
   -.844175E-02
   -.647749E-02
   -.472562E-02
   -.255871E-02
   -.567563E-03
    .144954E-02
    .163390E-02
   -.273163E-02
   -.863228E-02
   -.110903E-01
   -.751082E-02
   -.260876E-02
    .959496E-03
    .449489E-02
    .829347E-02
    .120958E-01
    .144857E-01
    .134797E-01
    .115198E-01
    .104079E-01
    .930471E-02
    .826269E-02
    .805676E-02
    .827009E-02
    .608231E-02
   -.203969E-02
   -.116037E-01
   -.199708E-01
   -.246535E-01
   -.206177E-01
   -.139559E-01
   -.933734E-02
   -.505887E-02
   -.431510E-04
    .362819E-02
    .383982E-02
    .313541E-02
    .326161E-02
    .337648E-02
    .410711E-02
    .716278E-02
    .109555E-01
    .141284E-01
    .172418E-01
    .204133E-01
    .236547E-01
    .242757E-01
    .178512E-01
    .954492E-02
    .272859E-02
   -.940540E-03
    .221973E-02
    .763759E-02
    .113535E-01
    .149670E-01
    .169886E-01
    .136579E-01
    .865034E-02
    .580825E-02
    .544698E-02
    .533541E-02
    .478532E-02
    .425727E-02
    .391936E-02
    .288179E-02
    .187288E-03
   -.301533E-02
   -.570504E-02
   -.842244E-02
   -.100009E-01
   -.817706E-02
   -.539734E-02
   -.342944E-02
   -.151959E-02
    .595349E-03
    .262618E-02
    .463956E-02
    .662896E-02
    .864527E-02
    .105490E-01
    .125068E-01
    .135237E-01
    .119804E-01
    .976651E-02
    .746340E-02
    .317220E-02
   -.181292E-02
   -.635839E-02
   -.852779E-02
   -.510227E-02
   -.825400E-04
    .466929E-02
    .120603E-01
    .204469E-01
    .282376E-01
    .329117E-01
    .300979E-01
    .251137E-01
    .217747E-01
    .187349E-01
    .151059E-01
    .128001E-01
    .137124E-01
    .155651E-01
    .157079E-01
    .134075E-01
    .105904E-01
    .840777E-02
    .615394E-02
    .505404E-02
    .753662E-02
    .110793E-01
    .137602E-01
    .163096E-01
    .190998E-01
    .217564E-01
    .243920E-01
    .270302E-01
    .297008E-01
    .322351E-01
    .349100E-01
    .352447E-01
    .295899E-01
    .222780E-01
    .163714E-01
    .106341E-01
    .498245E-02
    .604616E-03
   -.335827E-02
   -.753012E-02
   -.118112E-01
   -.145214E-01
   -.135386E-01
   -.115115E-01
   -.103314E-01
   -.889123E-02
   -.640675E-02
   -.379440E-02
   -.134453E-02
    .903089E-05
   -.133424E-02
   -.340353E-02
   -.492815E-02
   -.567433E-02
   -.465769E-02
   -.301865E-02
   -.180332E-02
   -.666803E-03
    .592023E-03
    .183036E-02
    .301511E-02
    .420357E-02
    .539029E-02
    .655714E-02
    .771774E-02
    .885828E-02
    .100084E-01
    .111314E-01
    .123490E-01
    .119758E-01
    .771287E-02
    .241846E-02
   -.197573E-02
   -.626274E-02
   -.107252E-01
   -.151598E-01
   -.185453E-01
   -.194655E-01
   -.196552E-01
   -.203475E-01
   -.211203E-01
   -.216870E-01
   -.223009E-01
   -.229448E-01
   -.236615E-01
   -.237396E-01
   -.223740E-01
   -.205983E-01
   -.191930E-01
   -.178298E-01
   -.164431E-01
   -.150021E-01
   -.136182E-01
   -.117539E-01
   -.867457E-02
   -.519356E-02
   -.211179E-02
    .948264E-03
    .406920E-02
    .722155E-02
    .924857E-02
    .852142E-02
    .696170E-02
    .607638E-02
    .522950E-02
    .423844E-02
    .278910E-02
    .235554E-03
   -.264966E-02
   -.517581E-02
   -.781673E-02
   -.888407E-02
   -.581049E-02
   -.150942E-02
    .179015E-02
    .499659E-02
    .717074E-02
    .590018E-02
    .356369E-02
    .208181E-02
    .763108E-03
   -.871861E-03
   -.246890E-02
   -.397625E-02
   -.484972E-02
   -.418191E-02
   -.305070E-02
   -.228911E-02
   -.154914E-02
   -.646208E-03
   -.759509E-04
   -.265689E-03
   -.620807E-03
   -.781435E-03
   -.887010E-03
   -.110077E-02
   -.132500E-02
   -.153339E-02
   -.169857E-02
   -.184921E-02
   -.201163E-02
   -.260731E-02
   -.422378E-02
   -.620298E-02
   -.789854E-02
   -.955254E-02
   -.103287E-01
   -.853199E-02
   -.603977E-02
   -.409295E-02
   -.232810E-02
   -.219530E-03
   -.320343E-03
   -.597085E-02
   -.132006E-01
   -.190103E-01
   -.247644E-01
   -.293371E-01
   -.298802E-01
   -.291421E-01
   -.293579E-01
   -.289065E-01
   -.259718E-01
   -.224868E-01
   -.195857E-01
   -.167622E-01
   -.137485E-01
   -.108647E-01
   -.805788E-02
   -.524378E-02
   -.236643E-02
    .410322E-03
    .321639E-02
    .592345E-02
    .872910E-02
    .101793E-01
    .828514E-02
    .534308E-02
    .330816E-02
    .132572E-02
   -.792659E-03
   -.360207E-02
   -.786717E-02
   -.127879E-01
   -.144957E-01
   -.888397E-02
   -.128794E-02
    .455495E-02
    .995167E-02
    .149118E-01
    .196683E-01
    .218243E-01
    .172569E-01
    .106804E-01
    .577096E-02
    .107808E-02
   -.404566E-02
   -.924284E-02
   -.114810E-01
   -.649568E-02
    .396160E-03
    .562267E-02
    .105977E-01
    .164792E-01
    .228323E-01
    .295070E-01
    .330650E-01
    .290568E-01
    .228414E-01
    .185148E-01
    .142470E-01
    .112058E-01
    .126646E-01
    .156851E-01
    .159807E-01
    .118002E-01
    .679144E-02
    .273400E-02
   -.123832E-02
   -.551726E-02
   -.959930E-02
   -.137064E-01
   -.162825E-01
   -.150123E-01
   -.125906E-01
   -.110532E-01
   -.964861E-02
   -.800160E-02
   -.632588E-02
   -.518469E-02
   -.510643E-02
   -.534581E-02
   -.532262E-02
   -.529808E-02
   -.532895E-02
   -.537051E-02
   -.533868E-02
   -.532511E-02
   -.535852E-02
   -.537276E-02
   -.540520E-02
   -.470761E-02
   -.202257E-02
    .110810E-02
    .389265E-02
    .498428E-02
    .206636E-02
   -.208834E-02
   -.525320E-02
   -.833156E-02
   -.118376E-01
   -.156930E-01
   -.194161E-01
   -.232238E-01
   -.247827E-01
   -.206161E-01
   -.147684E-01
   -.102681E-01
   -.618480E-02
   -.244979E-02
    .107962E-02
    .322763E-02
    .175012E-02
   -.889910E-03
   -.260965E-02
   -.432086E-02
   -.531310E-02
   -.366529E-02
   -.119673E-02
    .525072E-03
    .227178E-02
    .275670E-02
   -.511002E-03
   -.488249E-02
   -.830410E-02
   -.116656E-01
   -.141152E-01
   -.134037E-01
   -.117481E-01
   -.108027E-01
   -.992768E-02
   -.884927E-02
   -.784299E-02
   -.683817E-02
   -.587042E-02
   -.490783E-02
   -.389544E-02
   -.358189E-02
   -.512661E-02
   -.710565E-02
   -.873340E-02
   -.939018E-02
   -.788116E-02
   -.560253E-02
   -.391170E-02
   -.272388E-02
   -.159528E-02
   -.417132E-03
    .732071E-03
    .185820E-02
    .301051E-02
    .416893E-02
    .524802E-02
    .634910E-02
    .742017E-02
    .853851E-02
    .962244E-02
    .106743E-01
    .116953E-01
    .127591E-01
    .132038E-01
    .120444E-01
    .103741E-01
    .905619E-02
    .785637E-02
    .665888E-02
    .548781E-02
    .434568E-02
    .321928E-02
    .220720E-02
    .125969E-02
    .266436E-03
   -.767826E-03
   -.173629E-02
   -.265665E-02
   -.361507E-02
   -.460887E-02
   -.554890E-02
   -.641960E-02
   -.785732E-02
   -.107728E-01
   -.139444E-01
   -.169097E-01
   -.177870E-01
   -.135361E-01
   -.778449E-02
   -.320116E-02
    .115382E-02
    .593375E-02
    .934855E-02
    .935332E-02
    .844449E-02
    .832141E-02
    .825802E-02
    .796581E-02
    .776392E-02
    .706946E-02
    .510214E-02
    .277262E-02
    .719413E-03
   -.123772E-02
   -.327780E-02
   -.507555E-02
   -.609038E-02
   -.679237E-02
   -.852433E-02
   -.125422E-01
   -.170869E-01
   -.210976E-01
   -.249420E-01
   -.291210E-01
   -.310896E-01
   -.276053E-01
   -.226404E-01
   -.189749E-01
   -.154419E-01
   -.115189E-01
   -.767803E-02
   -.406087E-02
   -.339984E-03
    .331191E-02
    .747902E-02
    .130505E-01
    .191434E-01
    .229223E-01
    .216224E-01
    .190216E-01
    .175235E-01
    .161319E-01
    .144331E-01
    .127869E-01
    .112208E-01
    .969750E-02
    .810932E-02
    .655717E-02
    .505699E-02
    .356859E-02
    .207797E-02
    .585608E-03
   -.921362E-03
   -.209185E-02
   -.261733E-02
   -.298115E-02
   -.346688E-02
   -.453559E-02
   -.712666E-02
   -.100758E-01
   -.127519E-01
   -.152889E-01
   -.179954E-01
   -.189217E-01
   -.152892E-01
   -.103411E-01
   -.650956E-02
   -.279376E-02
    .119330E-02
    .514725E-02
    .813197E-02
    .891699E-02
    .901128E-02
    .956401E-02
    .104013E-01
    .116840E-01
    .130716E-01
    .144520E-01
    .143063E-01
    .102787E-01
    .517123E-02
    .889767E-03
   -.160850E-02
   -.214691E-03
    .241767E-02
    .414868E-02
    .571988E-02
    .816724E-02
    .122670E-01
    .166928E-01
    .208180E-01
    .228000E-01
    .196012E-01
    .149658E-01
    .114740E-01
    .814975E-02
    .445133E-02
    .984372E-03
   -.254402E-02
   -.440471E-02
   -.189451E-02
    .198066E-02
    .468999E-02
    .734390E-02
    .895208E-02
    .704128E-02
    .398480E-02
    .178693E-02
   -.285230E-03
   -.253612E-02
   -.490502E-02
   -.551172E-02
   -.195917E-02
    .277842E-02
    .645620E-02
    .101250E-01
    .123368E-01
    .996008E-02
    .621786E-02
    .358050E-02
    .106461E-02
   -.182201E-02
   -.459208E-02
   -.680166E-02
   -.793488E-02
   -.878433E-02
   -.983777E-02
   -.108948E-01
   -.118060E-01
   -.127914E-01
   -.137987E-01
   -.148000E-01
   -.157502E-01
   -.167399E-01
   -.176636E-01
   -.186711E-01
   -.183485E-01
   -.146397E-01
   -.100440E-01
   -.628318E-02
   -.262417E-02
    .136728E-02
    .412819E-02
    .390869E-02
    .295896E-02
    .262980E-02
    .253246E-02
    .277337E-02
    .320254E-02
    .349709E-02
    .383634E-02
    .429373E-02
    .477353E-02
    .516941E-02
    .555142E-02
    .569170E-02
    .509128E-02
    .418744E-02
    .344561E-02
    .274350E-02
    .199789E-02
    .128227E-02
    .638528E-03
   -.602851E-04
   -.783414E-03
   -.149396E-02
   -.217753E-02
   -.288013E-02
   -.352549E-02
   -.415947E-02
   -.428275E-02
   -.303130E-02
   -.140725E-02
   -.634773E-04
    .124616E-02
    .267149E-02
    .353476E-02
    .302562E-02
    .220659E-02
    .170565E-02
    .117879E-02
    .577268E-03
   -.807086E-05
   -.540168E-03
   -.112369E-02
   -.121883E-02
   -.118558E-03
    .130296E-02
    .240517E-02
    .344002E-02
    .458748E-02
    .577363E-02
    .636680E-02
    .551483E-02
    .427495E-02
    .333646E-02
    .240368E-02
    .141240E-02
    .494378E-03
   -.412426E-03
   -.131782E-02
   -.225358E-02
   -.320530E-02
   -.411351E-02
   -.496565E-02
   -.583978E-02
   -.668953E-02
   -.756046E-02
   -.799651E-02
   -.734158E-02
   -.637112E-02
   -.563851E-02
   -.488953E-02
   -.412051E-02
   -.337731E-02
   -.260670E-02
   -.194726E-02
   -.156711E-02
   -.127965E-02
   -.893085E-03
   -.497380E-03
   -.183606E-03
    .179616E-03
    .553954E-03
    .869626E-03
    .122032E-02
    .158608E-02
    .188932E-02
    .223305E-02
    .258863E-02
    .287977E-02
    .322346E-02
    .327123E-02
    .243313E-02
    .141630E-02
    .599335E-03
   -.231079E-03
   -.111905E-02
   -.196821E-02
   -.290362E-02
   -.411116E-02
   -.539276E-02
   -.661090E-02
   -.785829E-02
   -.845513E-02
   -.751536E-02
   -.616257E-02
   -.514602E-02
   -.412487E-02
   -.304841E-02
   -.204057E-02
   -.102676E-02
    .347524E-04
    .104805E-02
    .182860E-02
    .213809E-02
    .768477E-03
    .104865E-02
    .131146E-02
    .149228E-02
    .172855E-02
    .200410E-02
    .226006E-02
    .250361E-02
    .275092E-02
    .297911E-02
    .290322E-02
    .218842E-02
    .132455E-02
    .604588E-03
   -.927732E-04
   -.834241E-03
   -.155276E-02
   -.225792E-02
   -.298014E-02
   -.374747E-02
   -.444771E-02
   -.508864E-02
   -.565650E-02
   -.624247E-02
   -.686174E-02
   -.743646E-02
   -.795513E-02
   -.851378E-02
   -.925421E-02
   -.103541E-01
   -.115006E-01
   -.126029E-01
   -.137057E-01
   -.147969E-01
   -.157978E-01
   -.168376E-01
   -.178287E-01
   -.189582E-01
   -.185250E-01
   -.142553E-01
   -.890575E-02
   -.455406E-02
   -.257796E-03
    .318016E-02
    .374588E-02
    .347345E-02
    .389205E-02
    .404852E-02
    .328760E-02
    .240095E-02
    .173515E-02
    .106686E-02
    .340368E-03
   -.350161E-03
   -.102339E-02
   -.169004E-02
   -.240376E-02
   -.323260E-02
   -.409048E-02
   -.490470E-02
   -.570432E-02
   -.650189E-02
   -.723787E-02
   -.782485E-02
   -.839164E-02
   -.902005E-02
   -.959201E-02
   -.101365E-01
   -.107260E-01
   -.112673E-01
   -.117799E-01
   -.123405E-01
   -.128447E-01
   -.133330E-01
   -.138948E-01
   -.145868E-01
   -.152823E-01
   -.160517E-01
   -.153765E-01
   -.110062E-01
   -.571257E-02
   -.133643E-02
    .285003E-02
    .735745E-02
    .106262E-01
    .107526E-01
    .100290E-01
    .100728E-01
    .101216E-01
    .993866E-02
    .984416E-02
    .977438E-02
    .965791E-02
    .958845E-02
    .948106E-02
    .937579E-02
    .929357E-02
    .921768E-02
    .844202E-02
    .595653E-02
    .302761E-02
    .528501E-03
   -.187285E-02
   -.438272E-02
   -.678406E-02
   -.918473E-02
   -.103887E-01
   -.853970E-02
   -.584245E-02
   -.387716E-02
   -.203027E-02
    .260983E-04
    .198231E-02
    .388781E-02
    .518179E-02
    .491997E-02
    .422193E-02
    .393023E-02
    .363592E-02
    .322524E-02
    .289276E-02
    .254617E-02
    .250694E-02
    .339875E-02
    .447803E-02
    .534888E-02
    .618778E-02
    .712528E-02
    .720668E-02
    .514069E-02
    .253775E-02
    .481935E-03
   -.153697E-02
   -.362903E-02
   -.562463E-02
   -.755850E-02
   -.952792E-02
   -.113876E-01
   -.132405E-01
   -.143664E-01
   -.135417E-01
   -.121480E-01
   -.112224E-01
   -.103619E-01
   -.939114E-02
   -.849607E-02
   -.761393E-02
   -.670639E-02
   -.581430E-02
   -.495500E-02
   -.410290E-02
   -.329023E-02
   -.252350E-02
   -.174086E-02
   -.934139E-03
   -.337087E-03
   -.236801E-03
   -.264649E-03
   -.190586E-03
   -.916019E-04
   -.251822E-03
   -.968744E-03
   -.181030E-02
   -.246066E-02
   -.314214E-02
   -.353671E-02
   -.303558E-02
   -.225861E-02
   -.167232E-02
   -.115853E-02
   -.611410E-03
   -.790522E-04
    .432409E-03
    .914000E-03
    .134175E-02
    .174061E-02
    .214545E-02
    .252025E-02
    .285428E-02
    .321355E-02
    .359228E-02
    .394889E-02
    .429301E-02
    .463081E-02
    .496217E-02
    .528088E-02
    .557676E-02
    .582743E-02
    .611802E-02
    .622503E-02
    .582714E-02
    .531565E-02
    .490335E-02
    .449126E-02
    .405661E-02
    .366401E-02
    .331433E-02
    .293882E-02
    .254711E-02
    .217883E-02
    .183877E-02
    .153716E-02
    .120560E-02
    .873917E-03
    .540872E-03
    .506933E-03
    .120293E-02
    .209128E-02
    .279193E-02
    .337840E-02
    .378487E-02
    .411794E-02
    .446103E-02
    .483074E-02
    .476417E-02
    .363919E-02
    .227270E-02
    .116500E-02
    .139153E-03
   -.993032E-03
   -.149215E-02
   -.389191E-03
    .112411E-02
    .223651E-02
    .327753E-02
    .441138E-02
    .547582E-02
    .650031E-02
    .720459E-02
    .713157E-02
    .681250E-02
    .665511E-02
    .654255E-02
    .639888E-02
    .625408E-02
    .612826E-02
    .599464E-02
    .586891E-02
    .572280E-02
    .557055E-02
    .542571E-02
    .552919E-02
    .616617E-02
    .692653E-02
    .754765E-02
    .815238E-02
    .871962E-02
    .932270E-02
    .928949E-02
    .767099E-02
    .567050E-02
    .410177E-02
    .258256E-02
    .102878E-02
   -.492527E-03
   -.125178E-02
   -.257352E-03
    .118066E-02
    .219077E-02
    .311285E-02
    .414686E-02
    .483865E-02
    .476066E-02
    .449917E-02
    .443759E-02
    .435926E-02
    .422917E-02
    .413407E-02
    .403758E-02
    .392761E-02
    .384292E-02
    .374382E-02
    .362914E-02
    .353477E-02
    .345517E-02
    .358919E-02
    .434732E-02
    .523715E-02
    .598123E-02
    .617575E-02
    .512632E-02
    .372503E-02
    .267219E-02
    .168482E-02
    .773962E-03
    .210150E-03
   -.206189E-03
   -.695068E-03
   -.100818E-02
   -.883455E-03
   -.657859E-03
   -.536662E-03
   -.424304E-03
   -.284954E-03
   -.158053E-03
   -.331412E-04
    .104049E-03
    .222348E-03
    .322673E-03
    .424439E-03
    .523731E-03
    .618315E-03
    .713929E-03
    .824661E-03
    .803304E-03
    .480293E-03
    .122199E-03
   -.156803E-03
   -.152418E-03
    .525956E-03
    .137551E-02
    .204635E-02
    .263625E-02
    .325073E-02
    .355563E-02
    .314658E-02
    .255501E-02
    .214425E-02
    .177706E-02
    .138812E-02
    .100727E-02
    .803479E-03
    .946815E-03
    .116390E-02
    .130238E-02
    .143390E-02
    .157684E-02
    .170440E-02
    .181761E-02
    .192046E-02
    .200569E-02
    .209368E-02
    .217730E-02
    .225498E-02
    .231567E-02
    .237905E-02
    .223749E-02
    .162867E-02
    .922121E-03
    .375802E-03
   -.138810E-03
   -.474100E-03
   -.297385E-03
    .173336E-04
    .202031E-03
    .356219E-03
    .525119E-03
    .662635E-03
    .782613E-03
    .897954E-03
    .100506E-02
    .108994E-02
    .116450E-02
    .122646E-02
    .128892E-02
    .133796E-02
    .139084E-02
    .134161E-02
    .106653E-02
    .741323E-03
    .493352E-03
    .265611E-03
    .125563E-03
    .219227E-03
    .375890E-03
    .469150E-03
    .549401E-03
    .639130E-03
    .719234E-03
    .787436E-03
    .851114E-03
    .908671E-03
    .959974E-03
    .993323E-03
    .991603E-03
    .981588E-03
    .979968E-03
    .974255E-03
    .961665E-03
    .950815E-03
    .917081E-03
    .825812E-03
    .726013E-03
    .650338E-03
    .578148E-03
    .525316E-03
    .528028E-03
    .545221E-03
    .547299E-03
    .547825E-03
    .524305E-03
    .432023E-03
    .331220E-03
    .251945E-03
    .213948E-03
    .257226E-03
    .320471E-03
    .358866E-03
    .390253E-03
    .422121E-03
    .449427E-03
    .471598E-03
    .488574E-03
    .500403E-03
    .508693E-03
    .513299E-03
    .514406E-03
    .512125E-03
    .506736E-03
    .498665E-03
    .481802E-03
    .447285E-03
    .408504E-03
    .373312E-03
    .340396E-03
    .306911E-03
    .273545E-03
    .241630E-03
    .210757E-03
    .179169E-03
    .149396E-03
    .114763E-03
    .668992E-04
    .191219E-04
   -.214732E-04
   -.545480E-04
   -.753877E-04
   -.931733E-04
   -.112816E-03
   -.132893E-03
   -.152440E-03
   -.172222E-03
   -.189765E-03
   -.201660E-03
   -.213238E-03
   -.228143E-03
   -.244207E-03
   -.261050E-03
   -.279147E-03
   -.299200E-03
   -.320050E-03
   -.341274E-03
   -.362739E-03
   -.384614E-03
   -.406933E-03
   -.429739E-03
   -.452574E-03
   -.476605E-03
   -.503002E-03
   -.529341E-03
   -.554194E-03
   -.578464E-03
   -.603053E-03
   -.628589E-03
   -.653240E-03
   -.676438E-03
   -.698706E-03
   -.720226E-03
   -.740907E-03
   -.760886E-03
   -.780271E-03
   -.799088E-03
   -.817462E-03
   -.834792E-03
   -.850227E-03
   -.865714E-03
   -.882091E-03
   -.898848E-03
   -.915757E-03
   -.932950E-03
   -.950281E-03
   -.967863E-03
   -.985734E-03
   -.100354E-02
   -.102106E-02
   -.103841E-02
   -.105559E-02
   -.107259E-02
   -.108938E-02
   -.110599E-02
   -.112239E-02
   -.113860E-02
   -.115460E-02
   -.117042E-02
   -.118602E-02
   -.120141E-02
   -.121658E-02
   -.123154E-02
   -.124630E-02
   -.126086E-02
   -.127522E-02
   -.128937E-02
   -.130331E-02
   -.131703E-02
   -.133052E-02
   -.134380E-02
   -.135685E-02
   -.136969E-02
   -.138231E-02
   -.139470E-02
