    .262811E-03
    .263862E-03
    .253104E-03
    .250115E-03
    .247520E-03
    .262148E-03
    .280818E-03
    .322294E-03
    .352759E-03
    .331819E-03
    .243225E-03
    .163928E-03
    .935995E-04
    .453489E-04
    .133682E-03
    .383579E-03
    .630210E-03
    .604962E-03
    .344461E-03
    .181626E-03
    .984957E-04
   -.584014E-04
   -.320897E-03
   -.291502E-03
    .929635E-04
    .546767E-03
    .671831E-03
    .586620E-03
    .539912E-03
    .627444E-03
    .758038E-03
    .842793E-03
    .426785E-03
   -.405337E-03
   -.112957E-02
   -.914411E-03
   -.139837E-04
    .846534E-03
    .128600E-02
    .831902E-03
   -.138440E-03
   -.735571E-03
   -.289688E-03
    .740181E-03
    .163281E-02
    .169402E-02
    .984392E-03
    .230041E-03
    .230053E-03
    .947194E-03
    .404122E-03
   -.118312E-02
   -.135383E-02
   -.197711E-03
    .485339E-03
   -.178125E-03
   -.143827E-02
   -.247805E-02
   -.318780E-02
   -.250484E-02
   -.767699E-03
    .970699E-03
    .248029E-02
    .324338E-02
    .293014E-02
    .191021E-02
    .245017E-03
   -.100427E-02
   -.274698E-04
    .232296E-02
    .391501E-02
    .201906E-02
   -.197549E-02
   -.298514E-02
   -.796436E-03
    .158676E-02
    .215308E-02
    .115208E-02
   -.970252E-04
   -.101621E-02
   -.785989E-03
    .534573E-03
    .148153E-02
    .855439E-03
   -.561404E-03
   -.535723E-03
    .255067E-02
    .412021E-02
    .225340E-02
   -.190945E-04
   -.153705E-02
   -.191038E-02
   -.133770E-02
    .161901E-03
    .306590E-02
    .366164E-02
   -.475284E-03
   -.777884E-03
    .413280E-02
    .869404E-02
    .615822E-02
   -.156963E-02
   -.862509E-02
   -.113373E-01
   -.769181E-02
   -.151576E-02
    .373534E-02
    .785707E-02
    .895792E-02
    .706075E-02
    .364358E-02
   -.807447E-04
   -.347175E-02
   -.474814E-02
   -.316925E-02
   -.663115E-03
    .141217E-02
    .328978E-02
    .529710E-02
    .716184E-02
    .627161E-02
    .169892E-02
   -.396859E-02
   -.895146E-02
   -.126888E-01
   -.112617E-01
   -.617030E-02
   -.287800E-02
   -.333534E-02
   -.488124E-02
   -.288604E-02
    .188622E-02
    .621762E-02
    .768523E-02
    .481522E-02
    .717906E-04
   -.379865E-02
   -.262776E-02
    .454560E-02
    .105550E-01
    .953446E-02
    .521860E-02
    .283690E-02
    .212771E-02
    .128397E-02
    .114718E-03
   -.910952E-03
   -.156743E-02
   -.285556E-03
    .366433E-02
    .842509E-02
    .122536E-01
    .931896E-02
    .678653E-03
   -.792494E-02
   -.150117E-01
   -.174164E-01
   -.110262E-01
   -.124990E-03
    .977340E-02
    .179581E-01
    .176972E-01
    .751656E-02
   -.481115E-02
   -.120863E-01
   -.101695E-01
   -.282804E-02
    .413386E-02
    .665408E-02
    .219156E-02
   -.520944E-02
   -.957091E-02
   -.988982E-02
   -.747072E-02
   -.272881E-02
    .401530E-02
    .109251E-01
    .117575E-01
    .554915E-02
   -.206280E-02
   -.822306E-02
   -.111554E-01
   -.829950E-02
   -.109533E-02
    .536047E-02
    .542497E-02
   -.227202E-03
   -.322639E-02
   -.111505E-02
    .198811E-02
    .351189E-02
    .447018E-02
    .573385E-02
    .610797E-02
    .405789E-02
    .931039E-03
   -.122963E-02
   -.225064E-02
   -.333792E-02
   -.568959E-02
   -.722602E-02
   -.464151E-02
    .352514E-04
    .389686E-02
    .324649E-02
   -.174447E-02
   -.757654E-02
   -.123235E-01
   -.131637E-01
   -.642070E-02
    .398670E-02
    .129911E-01
    .141970E-01
    .750251E-02
   -.381407E-04
    .151423E-02
    .541212E-02
   -.164880E-02
   -.149259E-01
   -.201121E-01
   -.102615E-01
    .455823E-02
    .643934E-02
   -.525686E-02
   -.179792E-01
   -.186570E-01
   -.812670E-02
    .346823E-02
    .996623E-02
    .122034E-01
    .943153E-02
    .344791E-02
   -.208525E-02
   -.556852E-02
   -.118083E-01
   -.175277E-01
   -.112620E-01
    .268542E-02
    .147925E-01
    .178448E-01
    .740885E-02
   -.301877E-02
   -.432260E-02
   -.280900E-02
   -.399945E-02
   -.728189E-02
   -.566814E-02
    .332453E-03
   -.378593E-03
   -.804157E-02
   -.123265E-01
   -.239378E-02
    .143985E-01
    .153955E-01
   -.172168E-02
   -.216841E-01
   -.364450E-01
   -.316098E-01
   -.565985E-02
    .231910E-01
    .275019E-01
    .607082E-02
   -.144632E-01
   -.126603E-01
    .145702E-02
    .108700E-01
    .817882E-02
   -.464553E-02
   -.175477E-01
   -.188813E-01
   -.756300E-02
    .551962E-02
    .154182E-01
    .891623E-02
   -.874086E-02
   -.211066E-01
   -.156209E-01
   -.129104E-02
    .511126E-02
    .221968E-03
   -.734954E-02
   -.123703E-01
   -.112640E-01
   -.441395E-02
    .306288E-02
    .208909E-02
   -.500489E-02
   -.112555E-01
   -.157418E-01
   -.171768E-01
   -.166296E-01
   -.188524E-01
   -.244072E-01
   -.305121E-01
   -.357444E-01
   -.398786E-01
   -.305111E-01
   -.916308E-02
    .123437E-01
    .312444E-01
    .474048E-01
    .345487E-01
   -.175874E-02
   -.260475E-01
   -.321924E-01
   -.320183E-01
   -.300539E-01
   -.271146E-01
   -.286429E-01
   -.323698E-01
   -.220751E-01
    .178042E-03
    .201037E-01
    .270070E-01
    .217201E-01
    .151828E-01
    .123079E-01
    .174383E-01
    .263925E-01
    .339407E-01
    .295518E-01
    .818427E-02
   -.118535E-01
    .164927E-02
    .364077E-01
    .654249E-01
    .681534E-01
    .507737E-01
    .336023E-01
    .307123E-01
    .403865E-01
    .501309E-01
    .431799E-01
    .249110E-01
    .137987E-01
    .232671E-01
    .435506E-01
    .548217E-01
    .483794E-01
    .340757E-01
    .245329E-01
    .176199E-01
    .984007E-02
    .100622E-02
   -.656900E-02
   -.874002E-02
   -.237124E-02
    .684629E-02
    .119761E-01
    .790450E-02
    .567925E-03
    .483423E-02
    .209481E-01
    .369346E-01
    .410888E-01
    .197019E-01
   -.139152E-01
   -.332908E-01
   -.304732E-01
   -.209896E-01
   -.157372E-01
   -.199977E-01
   -.310797E-01
   -.423136E-01
   -.484089E-01
   -.481062E-01
   -.455662E-01
   -.453483E-01
   -.465700E-01
   -.465587E-01
   -.332313E-01
    .128095E-02
    .424300E-01
    .604038E-01
    .599383E-01
    .533514E-01
    .422633E-01
    .294344E-01
    .205700E-01
    .233774E-01
    .319698E-01
    .316893E-01
    .223437E-01
    .154672E-01
    .183747E-01
    .257279E-01
    .309620E-01
    .314226E-01
    .287557E-01
    .261329E-01
    .233168E-01
    .142978E-01
    .195170E-03
   -.131834E-01
   -.245226E-01
   -.271604E-01
   -.217388E-01
   -.193206E-01
   -.227502E-01
   -.268126E-01
   -.293923E-01
   -.317426E-01
   -.349339E-01
   -.409987E-01
   -.482414E-01
   -.443542E-01
   -.288688E-01
   -.121182E-01
    .152090E-02
    .691487E-02
    .674774E-02
    .703049E-02
    .823236E-02
    .914715E-02
    .933701E-02
    .663445E-02
   -.399362E-02
   -.188361E-01
   -.289606E-01
   -.278631E-01
   -.213551E-01
   -.181276E-01
   -.185007E-01
   -.138044E-01
   -.229944E-02
    .976738E-02
    .202032E-01
    .297127E-01
    .327856E-01
    .172192E-01
   -.853126E-02
   -.254380E-01
   -.332787E-01
   -.310245E-01
   -.191235E-01
   -.569787E-02
    .151042E-02
   -.562181E-02
   -.200190E-01
   -.315211E-01
   -.251961E-01
   -.669418E-02
    .718381E-02
    .185566E-02
   -.143233E-01
   -.203253E-01
   -.162052E-01
   -.122096E-01
   -.148930E-01
   -.211716E-01
   -.227147E-01
   -.124473E-01
   -.155200E-02
    .872197E-03
    .600247E-02
    .166353E-01
    .162101E-01
    .252948E-02
   -.503508E-02
    .122660E-02
    .897805E-02
   -.140133E-02
   -.237325E-01
   -.424836E-01
   -.477510E-01
   -.453852E-01
   -.448301E-01
   -.454861E-01
   -.431126E-01
   -.334293E-01
   -.204772E-01
   -.858370E-02
    .224415E-02
    .130915E-01
    .221367E-01
    .257875E-01
    .261047E-01
    .256124E-01
    .178970E-01
    .436825E-02
   -.860752E-02
   -.200306E-01
   -.313826E-01
   -.420622E-01
   -.406226E-01
   -.265322E-01
   -.116350E-01
   -.846966E-02
   -.129446E-01
   -.114068E-01
   -.109793E-01
   -.185018E-01
   -.285618E-01
   -.353963E-01
   -.330889E-01
   -.252716E-01
   -.184780E-01
   -.132382E-01
   -.137035E-01
   -.219798E-01
   -.331265E-01
   -.428941E-01
   -.500285E-01
   -.520987E-01
   -.512835E-01
   -.507803E-01
   -.505665E-01
   -.471431E-01
   -.354269E-01
   -.192520E-01
   -.436563E-02
    .822604E-02
    .141459E-01
    .152834E-01
    .165730E-01
    .186995E-01
    .202354E-01
    .163825E-01
    .563710E-02
   -.709461E-02
   -.185411E-01
   -.265585E-01
   -.180187E-01
    .281575E-02
    .222138E-01
    .388106E-01
    .553541E-01
    .705786E-01
    .714782E-01
    .619428E-01
    .557669E-01
    .570965E-01
    .604856E-01
    .619684E-01
    .590446E-01
    .511401E-01
    .416885E-01
    .331296E-01
    .268859E-01
    .230049E-01
    .160075E-01
    .525154E-02
   -.561455E-02
   -.152397E-01
   -.229528E-01
   -.261678E-01
   -.265955E-01
   -.272115E-01
   -.266575E-01
   -.161100E-01
    .183617E-02
    .186925E-01
    .335876E-01
    .483992E-01
    .629529E-01
    .680451E-01
    .599890E-01
    .476657E-01
    .374445E-01
    .281228E-01
    .181665E-01
    .851378E-02
    .517480E-02
    .103949E-01
    .182623E-01
    .247945E-01
    .296911E-01
    .292104E-01
    .252408E-01
    .295298E-01
    .419652E-01
    .543839E-01
    .647638E-01
    .749791E-01
    .855865E-01
    .945142E-01
    .976822E-01
    .957459E-01
    .898525E-01
    .820918E-01
    .765220E-01
    .733027E-01
    .698547E-01
    .632894E-01
    .550327E-01
    .478024E-01
    .484803E-01
    .557191E-01
    .626026E-01
    .635895E-01
    .605696E-01
    .578752E-01
    .540593E-01
    .460880E-01
    .358476E-01
    .263462E-01
    .177385E-01
    .116123E-01
    .105929E-01
    .123058E-01
    .121721E-01
    .102519E-01
    .850723E-02
    .740428E-02
    .685638E-02
    .669682E-02
    .665591E-02
    .639709E-02
    .370910E-02
   -.116479E-02
   -.610588E-02
   -.103753E-01
   -.138725E-01
   -.170833E-01
   -.202639E-01
   -.226047E-01
   -.216461E-01
   -.186471E-01
   -.182443E-01
   -.272185E-01
   -.419433E-01
   -.554181E-01
   -.673842E-01
   -.782058E-01
   -.816257E-01
   -.789163E-01
   -.764935E-01
   -.731746E-01
   -.654866E-01
   -.550663E-01
   -.458176E-01
   -.423269E-01
   -.496270E-01
   -.619882E-01
   -.731180E-01
   -.818788E-01
   -.845244E-01
   -.824570E-01
   -.797251E-01
   -.769534E-01
   -.742065E-01
   -.716176E-01
   -.751407E-01
   -.839818E-01
   -.930034E-01
   -.100675E+00
   -.107736E+00
   -.107699E+00
   -.100937E+00
   -.936605E-01
   -.871658E-01
   -.719852E-01
   -.440769E-01
   -.158104E-01
   -.400797E-02
   -.266368E-02
    .429699E-03
    .404125E-02
    .313412E-02
   -.692689E-03
   -.365167E-02
   -.379039E-02
   -.168642E-02
    .677417E-03
    .268123E-02
    .469190E-02
    .680703E-02
    .928510E-02
    .129729E-01
    .175129E-01
    .218490E-01
    .251417E-01
    .182187E-01
    .200402E-02
   -.145390E-01
   -.288431E-01
   -.400666E-01
   -.409173E-01
   -.344284E-01
   -.285678E-01
   -.245080E-01
   -.246563E-01
   -.296993E-01
   -.361426E-01
   -.390817E-01
   -.307835E-01
   -.155477E-01
   -.215739E-02
    .313105E-02
    .263788E-02
    .247822E-02
    .297761E-02
    .817558E-03
   -.416748E-02
   -.902073E-02
   -.132765E-01
   -.172835E-01
   -.215209E-01
   -.252064E-01
   -.234707E-01
   -.149888E-01
   -.505556E-02
    .368147E-02
    .118753E-01
    .199612E-01
    .218393E-01
    .184582E-01
    .153268E-01
    .151848E-01
    .181319E-01
    .219625E-01
    .253212E-01
    .279933E-01
    .230690E-01
    .472361E-02
   -.189738E-01
   -.364428E-01
   -.431965E-01
   -.438829E-01
   -.422468E-01
   -.392509E-01
   -.361260E-01
   -.329995E-01
   -.294478E-01
   -.183482E-01
    .184627E-02
    .236726E-01
    .387649E-01
    .472104E-01
    .545945E-01
    .620736E-01
    .600162E-01
    .496201E-01
    .397135E-01
    .323775E-01
    .333920E-01
    .404400E-01
    .472058E-01
    .526733E-01
    .566491E-01
    .548700E-01
    .488831E-01
    .433962E-01
    .390968E-01
    .382782E-01
    .400609E-01
    .414649E-01
    .378011E-01
    .261582E-01
    .119824E-01
    .620567E-02
    .101482E-01
    .158061E-01
    .175713E-01
    .100303E-01
   -.275175E-02
   -.137996E-01
   -.162468E-01
   -.975398E-02
   -.148507E-02
    .550059E-02
    .114845E-01
    .105306E-01
    .252965E-03
   -.124971E-01
   -.230584E-01
   -.245878E-01
   -.199271E-01
   -.158037E-01
   -.129913E-01
   -.984707E-02
   -.618356E-02
   -.289277E-02
   -.201362E-02
   -.286128E-02
   -.357158E-02
   -.371929E-02
   -.140869E-02
    .389979E-02
    .997607E-02
    .149477E-01
    .124756E-01
    .422979E-02
   -.340667E-02
   -.766689E-02
   -.822460E-02
   -.764582E-02
   -.739301E-02
   -.748482E-02
   -.100478E-01
   -.153458E-01
   -.146473E-01
   -.775643E-02
   -.101778E-02
    .401764E-02
    .644899E-02
    .711279E-02
    .509090E-02
    .764970E-03
    .573581E-03
    .659270E-02
    .141056E-01
    .204164E-01
    .262262E-01
    .324182E-01
    .384186E-01
    .412196E-01
    .353137E-01
    .242267E-01
    .124486E-01
   -.114904E-02
   -.162219E-01
   -.306029E-01
   -.379041E-01
   -.337327E-01
   -.246919E-01
   -.170906E-01
   -.107252E-01
   -.719011E-02
   -.693174E-02
   -.757343E-02
   -.774594E-02
   -.772889E-02
   -.798937E-02
   -.822004E-02
   -.667211E-02
   -.317838E-02
    .480648E-03
    .336386E-02
    .138086E-02
   -.554676E-02
   -.132354E-01
   -.197979E-01
   -.229104E-01
   -.166952E-01
   -.484874E-02
    .601664E-02
    .151521E-01
    .191369E-01
    .162502E-01
    .163138E-01
    .219128E-01
    .274729E-01
    .316221E-01
    .355301E-01
    .395269E-01
    .384425E-01
    .328672E-01
    .275516E-01
    .259164E-01
    .291262E-01
    .340924E-01
    .380300E-01
    .365795E-01
    .280697E-01
    .193909E-01
    .183713E-01
    .218928E-01
    .244056E-01
    .258511E-01
    .275691E-01
    .296344E-01
    .291993E-01
    .250579E-01
    .205429E-01
    .234921E-01
    .317594E-01
    .391602E-01
    .452574E-01
    .507274E-01
    .473204E-01
    .334429E-01
    .178713E-01
    .628685E-02
    .995358E-02
    .188615E-01
    .222546E-01
    .239436E-01
    .264570E-01
    .230338E-01
    .116891E-01
   -.941530E-03
   -.120465E-01
   -.221930E-01
   -.290404E-01
   -.288801E-01
   -.258111E-01
   -.240847E-01
   -.235029E-01
   -.229448E-01
   -.228054E-01
   -.236847E-01
   -.258996E-01
   -.290539E-01
   -.381313E-01
   -.424180E-01
   -.346769E-01
   -.233561E-01
   -.143640E-01
   -.914012E-02
   -.113041E-01
   -.181752E-01
   -.243726E-01
   -.296229E-01
   -.350624E-01
   -.404176E-01
   -.407061E-01
   -.367420E-01
   -.329261E-01
   -.300572E-01
   -.265394E-01
   -.177844E-01
   -.649599E-02
   -.456485E-02
   -.102031E-01
   -.149917E-01
   -.175367E-01
   -.171808E-01
   -.151866E-01
   -.133688E-01
   -.115887E-01
   -.785977E-02
   -.279428E-02
    .980447E-03
    .836391E-03
   -.483305E-02
   -.133506E-01
   -.151150E-01
   -.865876E-02
   -.991947E-03
    .508209E-02
    .104520E-01
    .117937E-01
    .798417E-02
    .305913E-02
   -.110383E-02
   -.459867E-02
   -.431313E-02
    .232064E-02
    .112365E-01
    .178702E-01
    .124435E-01
   -.128038E-02
   -.125574E-01
   -.116811E-01
   -.476421E-02
   -.188215E-02
   -.139023E-02
   -.349937E-03
    .688146E-03
   -.116922E-02
   -.491201E-02
   -.376560E-02
    .294450E-02
    .232567E-02
   -.347711E-02
   -.286247E-02
    .303430E-02
    .805138E-02
    .111375E-01
    .113394E-01
    .114688E-01
    .144403E-01
    .186775E-01
    .222425E-01
    .239614E-01
    .243083E-01
    .244957E-01
    .232767E-01
    .195229E-01
    .148699E-01
    .131336E-01
    .173693E-01
    .246107E-01
    .306504E-01
    .315221E-01
    .218098E-01
    .666098E-02
   -.573629E-02
   -.366856E-02
    .790802E-02
    .151864E-01
    .160708E-01
    .162012E-01
    .211610E-01
    .284413E-01
    .325527E-01
    .304345E-01
    .257793E-01
    .221069E-01
    .188992E-01
    .152876E-01
    .101437E-01
    .180019E-02
   -.818317E-02
   -.174134E-01
   -.236921E-01
   -.259728E-01
   -.256652E-01
   -.228239E-01
   -.185591E-01
   -.144810E-01
   -.107384E-01
   -.699420E-02
   -.341597E-02
   -.247819E-02
   -.563356E-02
   -.998275E-02
   -.990494E-02
   -.351029E-02
    .482062E-02
    .119929E-01
    .178524E-01
    .221472E-01
    .254173E-01
    .285303E-01
    .298964E-01
    .271593E-01
    .234548E-01
    .232722E-01
    .251152E-01
    .264220E-01
    .268092E-01
    .268469E-01
    .268407E-01
    .264012E-01
    .197272E-01
    .517821E-02
   -.819730E-02
   -.118925E-01
   -.105292E-01
   -.101331E-01
   -.623975E-02
    .282523E-02
    .123486E-01
    .152399E-01
    .435572E-02
   -.134649E-01
   -.291456E-01
   -.369751E-01
   -.302537E-01
   -.159040E-01
   -.350817E-02
    .162083E-02
   -.515519E-02
   -.174943E-01
   -.285880E-01
   -.384420E-01
   -.477310E-01
   -.462430E-01
   -.336796E-01
   -.199248E-01
   -.863999E-02
   -.174542E-02
   -.398271E-02
   -.113680E-01
   -.135029E-01
   -.358448E-02
    .121111E-01
    .249249E-01
    .247690E-01
    .957625E-02
   -.947067E-02
   -.260503E-01
   -.384224E-01
   -.458645E-01
   -.424019E-01
   -.255690E-01
   -.882042E-02
   -.691552E-02
   -.130894E-01
   -.161403E-01
   -.145898E-01
   -.124948E-01
   -.115375E-01
   -.106107E-01
   -.876740E-02
   -.577398E-02
   -.288345E-02
   -.694306E-02
   -.200754E-01
   -.353402E-01
   -.443075E-01
   -.452796E-01
   -.437550E-01
   -.404301E-01
   -.300655E-01
   -.152035E-01
   -.122950E-02
    .113548E-01
    .239620E-01
    .357655E-01
    .344605E-01
    .155307E-01
   -.816882E-02
   -.255668E-01
   -.333135E-01
   -.367998E-01
   -.345019E-01
   -.258201E-01
   -.158520E-01
   -.699078E-02
    .133993E-02
    .988260E-02
    .168195E-01
    .159356E-01
    .975238E-02
    .734266E-02
    .893446E-02
    .688742E-02
   -.446551E-02
   -.150161E-01
   -.112694E-01
    .622106E-03
    .976712E-02
    .826825E-02
   -.371950E-02
   -.110581E-01
   -.709170E-02
    .216332E-03
    .519043E-02
    .940284E-02
    .143000E-01
    .185162E-01
    .195545E-01
    .188543E-01
    .184918E-01
    .180670E-01
    .117483E-01
    .730789E-02
    .137067E-01
    .247933E-01
    .339162E-01
    .387284E-01
    .416472E-01
    .451455E-01
    .488441E-01
    .521613E-01
    .549600E-01
    .525562E-01
    .329443E-01
   -.224911E-02
   -.230505E-01
   -.164123E-01
   -.163175E-02
    .816813E-02
    .129762E-01
    .128908E-01
    .356580E-02
   -.117851E-01
   -.267993E-01
   -.401662E-01
   -.498595E-01
   -.507597E-01
   -.491392E-01
   -.523126E-01
   -.577133E-01
   -.620411E-01
   -.655411E-01
   -.692495E-01
   -.717936E-01
   -.724388E-01
   -.722792E-01
   -.724129E-01
   -.725494E-01
   -.695670E-01
   -.500275E-01
   -.192728E-01
    .492532E-02
    .194838E-01
    .305035E-01
    .403245E-01
    .481117E-01
    .500717E-01
    .447834E-01
    .375034E-01
    .320298E-01
    .285882E-01
    .218715E-01
    .101305E-01
    .193738E-03
   -.182011E-02
   -.148793E-03
    .239417E-03
   -.305307E-02
   -.975023E-02
   -.168496E-01
   -.173037E-01
   -.548657E-02
    .120272E-01
    .277359E-01
    .420474E-01
    .565831E-01
    .702503E-01
    .688502E-01
    .500689E-01
    .278041E-01
    .126572E-01
    .575353E-02
   -.177297E-02
   -.106609E-01
   -.570539E-02
    .102470E-01
    .243366E-01
    .313516E-01
    .355272E-01
    .406431E-01
    .413506E-01
    .314048E-01
    .162240E-01
    .355056E-02
   -.275272E-02
   -.584992E-02
   -.951908E-02
   -.101656E-01
   -.330289E-02
    .734801E-02
    .168211E-01
    .250030E-01
    .299253E-01
    .280029E-01
    .223673E-01
    .174566E-01
    .123615E-01
    .366408E-02
   -.740286E-02
   -.178084E-01
   -.273582E-01
   -.368151E-01
   -.462351E-01
   -.536603E-01
   -.573232E-01
   -.590702E-01
   -.611703E-01
   -.635534E-01
   -.657141E-01
   -.683280E-01
   -.724047E-01
   -.772438E-01
   -.816312E-01
   -.839155E-01
   -.825439E-01
   -.788807E-01
   -.666095E-01
   -.358388E-01
    .292465E-02
    .236826E-01
    .234227E-01
    .170818E-01
    .945471E-02
   -.260446E-03
   -.108940E-01
   -.191894E-01
   -.154563E-01
   -.340550E-02
    .739124E-02
    .152582E-01
    .193920E-01
    .218864E-01
    .278126E-01
    .409860E-01
    .573030E-01
    .723666E-01
    .864177E-01
    .100484E+00
    .114068E+00
    .121196E+00
    .120453E+00
    .112760E+00
    .991361E-01
    .840503E-01
    .697904E-01
    .562906E-01
    .465697E-01
    .513242E-01
    .621077E-01
    .574759E-01
    .415124E-01
    .277364E-01
    .192919E-01
    .192415E-01
    .239701E-01
    .278900E-01
    .277848E-01
    .250332E-01
    .231719E-01
    .224969E-01
    .218555E-01
    .214104E-01
    .231748E-01
    .265449E-01
    .294542E-01
    .281918E-01
    .127233E-01
   -.119569E-01
   -.349798E-01
   -.550756E-01
   -.666750E-01
   -.610093E-01
   -.488938E-01
   -.503629E-01
   -.582389E-01
   -.612183E-01
   -.614102E-01
   -.628450E-01
   -.653992E-01
   -.698742E-01
   -.765792E-01
   -.837181E-01
   -.879443E-01
   -.867981E-01
   -.829948E-01
   -.799106E-01
   -.774103E-01
   -.763148E-01
   -.768141E-01
   -.779718E-01
   -.785296E-01
   -.742939E-01
   -.510368E-01
   -.153869E-01
    .167514E-01
    .300116E-01
    .341231E-01
    .460338E-01
    .625554E-01
    .771665E-01
    .893911E-01
    .984000E-01
    .103384E+00
    .107359E+00
    .109822E+00
    .960046E-01
    .690168E-01
    .433380E-01
    .216244E-01
    .103630E-01
    .653802E-02
    .463249E-02
    .930658E-02
    .194782E-01
    .292954E-01
    .373699E-01
    .382766E-01
    .274518E-01
    .114548E-01
   -.290682E-02
   -.160037E-01
   -.292933E-01
   -.426669E-01
   -.524264E-01
   -.496967E-01
   -.393513E-01
   -.380646E-01
   -.447025E-01
   -.505603E-01
   -.541057E-01
   -.579963E-01
   -.625383E-01
   -.650195E-01
   -.596799E-01
   -.494294E-01
   -.400304E-01
   -.318904E-01
   -.239474E-01
   -.200054E-01
   -.215667E-01
   -.246313E-01
   -.269024E-01
   -.287469E-01
   -.294147E-01
   -.240513E-01
   -.144355E-01
   -.548606E-02
    .236218E-02
    .102393E-01
    .183292E-01
    .257237E-01
    .272617E-01
    .243216E-01
    .245108E-01
    .289518E-01
    .340908E-01
    .376742E-01
    .343496E-01
    .240892E-01
    .130450E-01
    .325596E-02
   -.616099E-02
   -.159135E-01
   -.253624E-01
   -.344391E-01
   -.431888E-01
   -.512949E-01
   -.525706E-01
   -.482856E-01
   -.441540E-01
   -.417944E-01
   -.466443E-01
   -.558878E-01
   -.508994E-01
   -.275067E-01
   -.221714E-03
    .209930E-01
    .308858E-01
    .316777E-01
    .238395E-01
    .109825E-01
   -.102589E-02
   -.930752E-02
   -.123981E-01
   -.134282E-01
   -.121494E-01
   -.658646E-02
    .129407E-02
    .854798E-02
    .148096E-01
    .146984E-01
    .798510E-02
    .749491E-03
    .399134E-02
    .189249E-01
    .362632E-01
    .512564E-01
    .642521E-01
    .737798E-01
    .808457E-01
    .876669E-01
    .946724E-01
    .101364E+00
    .106011E+00
    .983561E-01
    .816661E-01
    .660487E-01
    .526572E-01
    .392241E-01
    .251799E-01
    .116100E-01
   -.273895E-03
    .829730E-03
    .124856E-01
    .235739E-01
    .324619E-01
    .413592E-01
    .502538E-01
    .492994E-01
    .400620E-01
    .316569E-01
    .317915E-01
    .373462E-01
    .419790E-01
    .451249E-01
    .444334E-01
    .380643E-01
    .294394E-01
    .235949E-01
    .240652E-01
    .278484E-01
    .305010E-01
    .283082E-01
    .139794E-01
   -.708401E-02
   -.216396E-01
   -.251089E-01
   -.247259E-01
   -.266084E-01
   -.305470E-01
   -.346207E-01
   -.378320E-01
   -.384322E-01
   -.342368E-01
   -.280940E-01
   -.248638E-01
   -.294517E-01
   -.379655E-01
   -.428483E-01
   -.387517E-01
   -.301434E-01
   -.234561E-01
   -.261003E-01
   -.353609E-01
   -.437934E-01
   -.507676E-01
   -.578882E-01
   -.655521E-01
   -.724866E-01
   -.747332E-01
   -.688004E-01
   -.593970E-01
   -.511759E-01
   -.459373E-01
   -.442778E-01
   -.440717E-01
   -.414009E-01
   -.347090E-01
   -.271414E-01
   -.275482E-01
   -.343813E-01
   -.406743E-01
   -.454276E-01
   -.502514E-01
   -.541312E-01
   -.532926E-01
   -.494350E-01
   -.460633E-01
   -.428045E-01
   -.305669E-01
   -.329623E-02
    .157884E-01
    .173589E-01
    .185536E-01
    .198787E-01
    .159881E-01
    .754407E-02
   -.173266E-02
   -.994300E-02
   -.174327E-01
   -.192385E-01
   -.159884E-01
   -.127455E-01
   -.110532E-01
   -.138693E-01
   -.197057E-01
   -.251721E-01
   -.296812E-01
   -.309728E-01
   -.287893E-01
   -.259564E-01
   -.234563E-01
   -.190215E-01
   -.120814E-01
   -.473705E-02
    .217890E-02
    .869416E-02
    .131783E-01
    .109944E-01
    .471397E-02
   -.724813E-03
   -.165281E-02
    .103668E-02
    .299229E-02
    .129586E-02
   -.222279E-02
   -.479028E-02
   -.269831E-02
    .567018E-02
    .161482E-01
    .254841E-01
    .321615E-01
    .366816E-01
    .403023E-01
    .380668E-01
    .289807E-01
    .185430E-01
    .970523E-02
    .547183E-02
    .721700E-02
    .112664E-01
    .145785E-01
    .174644E-01
    .207948E-01
    .269514E-01
    .356475E-01
    .420991E-01
    .417309E-01
    .378073E-01
    .347716E-01
    .324762E-01
    .299504E-01
    .280861E-01
    .280925E-01
    .298359E-01
    .329454E-01
    .364079E-01
    .397131E-01
    .428665E-01
    .453354E-01
    .420283E-01
    .343258E-01
    .270414E-01
    .211721E-01
    .191460E-01
    .218917E-01
    .247067E-01
    .255371E-01
    .261592E-01
    .273052E-01
    .283571E-01
    .267285E-01
    .213283E-01
    .146509E-01
    .881339E-02
    .491636E-02
    .332133E-02
    .261757E-02
    .180603E-02
    .534518E-03
   -.464523E-02
   -.160508E-01
   -.297010E-01
   -.417193E-01
   -.451473E-01
   -.364304E-01
   -.245075E-01
   -.254933E-01
   -.360911E-01
   -.450229E-01
   -.516062E-01
   -.585564E-01
   -.657017E-01
   -.631577E-01
   -.498074E-01
   -.344307E-01
   -.211801E-01
   -.915118E-02
   -.417513E-02
   -.666436E-02
   -.100834E-01
   -.944091E-02
   -.174756E-02
    .906297E-02
    .188447E-01
    .278108E-01
    .370555E-01
    .451160E-01
    .373638E-01
    .150551E-01
    .180630E-02
    .172656E-02
    .293393E-02
    .106338E-02
   -.894691E-03
   -.130393E-02
    .652383E-03
    .375943E-02
    .655486E-02
    .909860E-02
    .116884E-01
    .143767E-01
    .157725E-01
    .618535E-02
   -.110944E-01
   -.208674E-01
   -.235419E-01
   -.267399E-01
   -.316595E-01
   -.345346E-01
   -.338280E-01
   -.293024E-01
   -.209657E-01
   -.111247E-01
   -.185608E-02
    .696386E-02
    .157549E-01
    .242540E-01
    .296690E-01
    .306051E-01
    .291314E-01
    .211116E-01
    .630309E-02
   -.925285E-02
   -.225857E-01
   -.268097E-01
   -.247804E-01
   -.232704E-01
   -.224952E-01
   -.169016E-01
   -.725813E-02
    .191557E-02
    .990295E-02
    .177275E-01
    .245089E-01
    .297279E-01
    .328971E-01
    .362330E-01
    .406945E-01
    .439437E-01
    .438091E-01
    .419432E-01
    .405916E-01
    .391726E-01
    .328702E-01
    .218315E-01
    .105552E-01
    .396927E-03
   -.911101E-02
   -.144737E-01
   -.153607E-01
   -.166812E-01
   -.200476E-01
   -.212811E-01
   -.175424E-01
   -.120477E-01
   -.740874E-02
   -.349040E-02
   -.167591E-02
   -.296012E-02
   -.535925E-02
   -.879090E-02
   -.193526E-01
   -.348442E-01
   -.439920E-01
   -.427983E-01
   -.378794E-01
   -.332192E-01
   -.304794E-01
   -.316616E-01
   -.358600E-01
   -.408809E-01
   -.452524E-01
   -.495468E-01
   -.538483E-01
   -.572286E-01
   -.501946E-01
   -.351736E-01
   -.210789E-01
   -.953011E-02
    .143438E-02
    .127253E-01
    .237089E-01
    .341267E-01
    .442539E-01
    .539457E-01
    .597821E-01
    .604152E-01
    .594301E-01
    .591024E-01
    .591189E-01
    .584996E-01
    .550231E-01
    .461103E-01
    .347793E-01
    .261588E-01
    .281548E-01
    .371061E-01
    .449817E-01
    .509646E-01
    .524792E-01
    .503627E-01
    .480348E-01
    .462821E-01
    .444632E-01
    .424214E-01
    .408560E-01
    .399640E-01
    .392686E-01
    .385166E-01
    .375226E-01
    .336246E-01
    .257705E-01
    .167992E-01
    .856421E-02
    .109024E-02
   -.193011E-02
    .126150E-02
    .646792E-02
    .106584E-01
    .136058E-01
    .152976E-01
    .159802E-01
    .123810E-01
    .501600E-02
   -.234025E-02
   -.886319E-02
   -.152227E-01
   -.211537E-01
   -.234775E-01
   -.231351E-01
   -.229755E-01
   -.233950E-01
   -.241105E-01
   -.254234E-01
   -.271584E-01
   -.288549E-01
   -.303394E-01
   -.306936E-01
   -.300477E-01
   -.294131E-01
   -.294627E-01
   -.306227E-01
   -.322396E-01
   -.334946E-01
   -.319461E-01
   -.280223E-01
   -.241766E-01
   -.208817E-01
   -.175823E-01
   -.141249E-01
   -.109852E-01
   -.109295E-01
   -.149683E-01
   -.197277E-01
   -.211212E-01
   -.202640E-01
   -.198905E-01
   -.199583E-01
   -.192746E-01
   -.175290E-01
   -.156440E-01
   -.139758E-01
   -.124024E-01
   -.107996E-01
   -.100130E-01
   -.108547E-01
   -.125251E-01
   -.139593E-01
   -.150947E-01
   -.143486E-01
   -.977681E-02
   -.324442E-02
    .247571E-02
    .450457E-02
   -.174304E-03
   -.767889E-02
   -.100213E-01
   -.258645E-02
    .870101E-02
    .149957E-01
    .130368E-01
    .821089E-02
    .577033E-02
    .606116E-02
    .693424E-02
    .727357E-02
    .754796E-02
    .810395E-02
    .867278E-02
    .909472E-02
    .966320E-02
    .122322E-01
    .165744E-01
    .204672E-01
    .189415E-01
    .128827E-01
    .695119E-02
    .199333E-02
   -.257271E-02
   -.311360E-02
   -.466597E-03
   -.324052E-02
   -.108817E-01
   -.180201E-01
   -.237580E-01
   -.294448E-01
   -.336874E-01
   -.338982E-01
   -.318676E-01
   -.304271E-01
   -.307698E-01
   -.320508E-01
   -.328686E-01
   -.323522E-01
   -.311469E-01
   -.301342E-01
   -.292039E-01
   -.282764E-01
   -.277321E-01
   -.299870E-01
   -.330387E-01
   -.328380E-01
   -.306361E-01
   -.290309E-01
   -.288955E-01
   -.293716E-01
   -.287807E-01
   -.261800E-01
   -.229162E-01
   -.215467E-01
   -.225503E-01
   -.241422E-01
   -.249055E-01
   -.231317E-01
   -.197019E-01
   -.165604E-01
   -.144292E-01
   -.137117E-01
   -.134563E-01
   -.111675E-01
   -.607287E-02
   -.210861E-03
    .510967E-02
    .100327E-01
    .135334E-01
    .137586E-01
    .122293E-01
    .108159E-01
    .936672E-02
    .754515E-02
    .580331E-02
    .609992E-02
    .103853E-01
    .165488E-01
    .221663E-01
    .271926E-01
    .308873E-01
    .316337E-01
    .307152E-01
    .300440E-01
    .296780E-01
    .292832E-01
    .298312E-01
    .314018E-01
    .329501E-01
    .342950E-01
    .354807E-01
    .346621E-01
    .294127E-01
    .219273E-01
    .152883E-01
    .119670E-01
    .117739E-01
    .123556E-01
    .143098E-01
    .178615E-01
    .215434E-01
    .233761E-01
    .217659E-01
    .185716E-01
    .157440E-01
    .133516E-01
    .116228E-01
    .114405E-01
    .120944E-01
    .118460E-01
    .105624E-01
    .105461E-01
    .120939E-01
    .135942E-01
    .131397E-01
    .108025E-01
    .819304E-02
    .590825E-02
    .381940E-02
    .303120E-02
    .254345E-02
   -.668603E-04
   -.316502E-02
   -.483837E-02
   -.584629E-02
   -.691586E-02
   -.536039E-02
    .238206E-02
    .131927E-01
    .230562E-01
    .308171E-01
    .327764E-01
    .256460E-01
    .145067E-01
    .456013E-02
   -.423901E-02
   -.104499E-01
   -.105860E-01
   -.723602E-02
   -.447571E-02
   -.242510E-02
   -.182138E-03
    .233802E-02
    .469036E-02
    .687207E-02
    .898322E-02
    .110197E-01
    .129264E-01
    .147677E-01
    .166356E-01
    .194832E-01
    .233152E-01
    .250337E-01
    .236032E-01
    .213509E-01
    .193276E-01
    .141634E-01
    .607283E-02
   -.180026E-02
   -.868039E-02
   -.124212E-01
   -.110690E-01
   -.734068E-02
   -.422520E-02
   -.167796E-02
   -.513581E-03
   -.188213E-02
   -.456803E-02
   -.694273E-02
   -.888919E-02
   -.894235E-02
   -.683558E-02
   -.603958E-02
   -.755098E-02
   -.103518E-01
   -.128038E-01
   -.148628E-01
   -.163516E-01
   -.174078E-01
   -.183997E-01
   -.191548E-01
   -.189340E-01
   -.180862E-01
   -.173811E-01
   -.166953E-01
   -.146300E-01
   -.108536E-01
   -.680373E-02
   -.361208E-02
   -.256380E-02
   -.273672E-02
   -.287524E-02
   -.443041E-02
   -.743720E-02
   -.104013E-01
   -.129810E-01
   -.153651E-01
   -.173433E-01
   -.173393E-01
   -.159193E-01
   -.146233E-01
   -.141790E-01
   -.146042E-01
   -.152830E-01
   -.157636E-01
   -.161495E-01
   -.158885E-01
   -.144938E-01
   -.126020E-01
   -.109460E-01
   -.997598E-02
   -.962865E-02
   -.818014E-02
   -.501402E-02
   -.161969E-02
   -.730663E-03
   -.257334E-02
   -.475382E-02
   -.375744E-02
   -.513180E-03
    .229701E-02
    .451772E-02
    .677795E-02
    .898536E-02
    .871533E-02
    .641528E-02
    .426265E-02
    .260723E-02
    .106035E-02
    .437898E-03
    .172639E-02
    .383733E-02
    .567727E-02
    .721279E-02
    .831086E-02
    .807674E-02
    .700277E-02
    .605058E-02
    .531226E-02
    .455026E-02
    .378676E-02
    .307542E-02
    .243994E-02
    .187368E-02
    .200269E-02
    .335737E-02
    .526921E-02
    .694114E-02
    .837838E-02
    .976065E-02
    .107559E-01
    .105938E-01
    .976354E-02
    .905322E-02
    .850075E-02
    .792417E-02
    .730713E-02
    .679740E-02
    .714917E-02
    .815050E-02
    .904792E-02
    .974351E-02
    .103813E-01
    .109276E-01
    .113020E-01
    .121831E-01
    .136947E-01
    .152191E-01
    .164803E-01
    .175732E-01
    .185874E-01
    .194509E-01
    .198837E-01
    .199182E-01
    .194586E-01
    .177886E-01
    .154336E-01
    .132354E-01
    .112899E-01
    .941594E-02
    .754502E-02
    .584313E-02
    .501208E-02
    .501580E-02
    .508323E-02
    .494724E-02
    .477580E-02
    .464375E-02
    .446438E-02
    .417171E-02
    .364192E-02
    .294515E-02
    .221924E-02
    .151700E-02
    .789748E-03
    .620338E-04
   -.643064E-03
   -.135907E-02
   -.238978E-02
   -.388058E-02
   -.544564E-02
   -.682991E-02
   -.805539E-02
   -.908317E-02
   -.969584E-02
   -.100565E-01
   -.105537E-01
   -.122115E-01
   -.145573E-01
   -.164902E-01
   -.179750E-01
   -.192390E-01
   -.203020E-01
   -.210056E-01
   -.214157E-01
   -.216497E-01
   -.217430E-01
   -.216686E-01
   -.213906E-01
   -.205070E-01
   -.191958E-01
   -.179146E-01
   -.167267E-01
   -.155535E-01
   -.143801E-01
   -.132406E-01
   -.121411E-01
   -.110676E-01
   -.100249E-01
   -.900570E-02
   -.787199E-02
   -.653021E-02
   -.517943E-02
   -.399857E-02
   -.297558E-02
   -.217337E-02
   -.157860E-02
   -.105963E-02
   -.561390E-03
   -.974573E-04
    .354447E-03
    .865778E-03
    .137414E-02
    .179621E-02
    .213570E-02
    .241986E-02
    .265335E-02
    .283324E-02
    .296591E-02
    .305462E-02
    .305443E-02
    .298098E-02
    .290454E-02
    .284864E-02
    .280174E-02
    .275567E-02
    .270236E-02
    .264661E-02
    .260423E-02
    .259705E-02
    .261330E-02
    .262257E-02
    .261848E-02
    .260604E-02
    .258156E-02
    .254428E-02
    .250658E-02
    .247445E-02
    .244605E-02
    .242012E-02
    .239850E-02
    .237626E-02
    .234929E-02
    .231817E-02
    .228427E-02
    .224725E-02
    .220825E-02
    .216842E-02
    .212771E-02
    .208585E-02
    .204290E-02
    .199886E-02
    .195345E-02
    .190651E-02
    .185841E-02
    .180928E-02
    .175898E-02
    .170749E-02
    .165487E-02
    .160117E-02
    .154640E-02
