    .115367E-02
    .159699E-02
    .184977E-02
    .148229E-02
    .154173E-02
    .156392E-02
    .160993E-02
    .164027E-02
    .162189E-02
    .156408E-02
    .151522E-02
    .152323E-02
    .157872E-02
    .160635E-02
    .153640E-02
    .139456E-02
    .132060E-02
    .143853E-02
    .169407E-02
    .191789E-02
    .203487E-02
    .210950E-02
    .215179E-02
    .197450E-02
    .138671E-02
    .525181E-03
   -.121535E-03
   -.159065E-03
    .311140E-03
    .806818E-03
    .885821E-03
    .555796E-03
    .283768E-03
    .469705E-03
    .998755E-03
    .143846E-02
    .148878E-02
    .121566E-02
    .110413E-02
    .154971E-02
    .225820E-02
    .261199E-02
    .245142E-02
    .237423E-02
    .298253E-02
    .375972E-02
    .360810E-02
    .233793E-02
    .713565E-03
   -.645384E-03
   -.169038E-02
   -.246836E-02
   -.291100E-02
   -.316439E-02
   -.367146E-02
   -.432325E-02
   -.381569E-02
   -.135682E-02
    .176050E-02
    .384933E-02
    .467224E-02
    .493325E-02
    .517236E-02
    .545551E-02
    .558842E-02
    .537315E-02
    .483784E-02
    .439721E-02
    .463367E-02
    .571281E-02
    .694498E-02
    .735593E-02
    .715907E-02
    .723447E-02
    .682767E-02
    .409755E-02
   -.121711E-02
   -.681748E-02
   -.913335E-02
   -.647403E-02
   -.149645E-02
    .576143E-03
   -.291174E-02
   -.878376E-02
   -.108183E-01
   -.623971E-02
    .155722E-02
    .694136E-02
    .787842E-02
    .697287E-02
    .649136E-02
    .501634E-02
    .362161E-03
   -.626373E-02
   -.967999E-02
   -.527896E-02
    .495858E-02
    .134132E-01
    .149053E-01
    .114054E-01
    .795969E-02
    .663855E-02
    .579422E-02
    .348884E-02
   -.205527E-03
   -.404645E-02
   -.738980E-02
   -.107726E-01
   -.151703E-01
   -.206447E-01
   -.247283E-01
   -.233106E-01
   -.161185E-01
   -.912420E-02
   -.779685E-02
   -.104671E-01
   -.116226E-01
   -.908188E-02
   -.492551E-02
   -.164676E-02
   -.389532E-03
   -.165211E-02
   -.478948E-02
   -.706064E-02
   -.560707E-02
   -.147968E-02
    .522726E-03
   -.177258E-02
   -.443574E-02
   -.369812E-02
   -.235979E-02
   -.555831E-02
   -.129674E-01
   -.196128E-01
   -.233229E-01
   -.271412E-01
   -.341126E-01
   -.425812E-01
   -.476653E-01
   -.469656E-01
   -.429397E-01
   -.392160E-01
   -.369465E-01
   -.349924E-01
   -.309338E-01
   -.221182E-01
   -.815626E-02
    .718021E-02
    .163181E-01
    .134187E-01
    .175410E-02
   -.877044E-02
   -.122245E-01
   -.117978E-01
   -.146325E-01
   -.234136E-01
   -.335424E-01
   -.384896E-01
   -.377798E-01
   -.378165E-01
   -.442121E-01
   -.551158E-01
   -.619900E-01
   -.575858E-01
   -.434251E-01
   -.269755E-01
   -.136516E-01
   -.402500E-02
    .401814E-02
    .123635E-01
    .216024E-01
    .316817E-01
    .423653E-01
    .532353E-01
    .632643E-01
    .709365E-01
    .754789E-01
    .769400E-01
    .757426E-01
    .729657E-01
    .703295E-01
    .697166E-01
    .713147E-01
    .714498E-01
    .653592E-01
    .529180E-01
    .387529E-01
    .274240E-01
    .199315E-01
    .141297E-01
    .781764E-02
    .682613E-03
   -.688786E-02
   -.155505E-01
   -.255506E-01
   -.324224E-01
   -.285809E-01
   -.124535E-01
    .911145E-02
    .256496E-01
    .279899E-01
    .151329E-01
   -.473543E-02
   -.203541E-01
   -.225334E-01
   -.958413E-02
    .124938E-01
    .347784E-01
    .479530E-01
    .483088E-01
    .413611E-01
    .354671E-01
    .351904E-01
    .400689E-01
    .463248E-01
    .488992E-01
    .444615E-01
    .340579E-01
    .215101E-01
    .103886E-01
    .271663E-02
   -.938761E-04
    .322290E-02
    .828129E-02
    .354528E-02
   -.162267E-01
   -.387540E-01
   -.459159E-01
   -.342377E-01
   -.160361E-01
   -.671198E-02
   -.150584E-01
   -.375414E-01
   -.589403E-01
   -.636286E-01
   -.518629E-01
   -.397347E-01
   -.393129E-01
   -.475199E-01
   -.552786E-01
   -.582604E-01
   -.572597E-01
   -.547551E-01
   -.538158E-01
   -.571457E-01
   -.638406E-01
   -.681686E-01
   -.642040E-01
   -.495991E-01
   -.263260E-01
   -.226460E-02
    .139048E-01
    .217706E-01
    .272483E-01
    .324501E-01
    .331157E-01
    .264089E-01
    .153544E-01
    .593034E-02
    .365076E-02
    .988567E-02
    .193290E-01
    .237019E-01
    .200020E-01
    .140557E-01
    .139263E-01
    .203686E-01
    .253183E-01
    .206565E-01
    .696166E-02
   -.870888E-02
   -.211741E-01
   -.299226E-01
   -.346311E-01
   -.330312E-01
   -.253344E-01
   -.157770E-01
   -.779842E-02
   -.163913E-03
    .108080E-01
    .258169E-01
    .412648E-01
    .533144E-01
    .595761E-01
    .570322E-01
    .445335E-01
    .261267E-01
    .718407E-02
   -.947799E-02
   -.207377E-01
   -.226126E-01
   -.153697E-01
   -.320425E-02
    .109610E-01
    .241556E-01
    .270564E-01
    .111567E-01
   -.164503E-01
   -.398448E-01
   -.515490E-01
   -.528030E-01
   -.457448E-01
   -.326743E-01
   -.169618E-01
   -.102355E-02
    .141641E-01
    .271735E-01
    .365055E-01
    .427923E-01
    .468479E-01
    .466084E-01
    .387535E-01
    .236765E-01
    .982648E-02
    .800131E-02
    .189463E-01
    .333821E-01
    .415749E-01
    .374491E-01
    .210209E-01
    .303225E-04
   -.171275E-01
   -.273265E-01
   -.292627E-01
   -.222671E-01
   -.939021E-02
    .450903E-02
    .172717E-01
    .288087E-01
    .360508E-01
    .352897E-01
    .314369E-01
    .345728E-01
    .475308E-01
    .630310E-01
    .681377E-01
    .535055E-01
    .238257E-01
   -.527881E-02
   -.195249E-01
   -.142860E-01
    .208956E-02
    .129492E-01
    .717516E-02
   -.115511E-01
   -.324435E-01
   -.484871E-01
   -.541493E-01
   -.433901E-01
   -.171210E-01
    .129953E-01
    .295147E-01
    .228208E-01
    .677295E-03
   -.216872E-01
   -.361239E-01
   -.415917E-01
   -.374798E-01
   -.245334E-01
   -.725563E-02
    .927906E-02
    .211569E-01
    .253759E-01
    .215904E-01
    .111529E-01
   -.522280E-02
   -.260912E-01
   -.456755E-01
   -.534986E-01
   -.440077E-01
   -.250028E-01
   -.984696E-02
   -.528976E-02
   -.967769E-02
   -.176237E-01
   -.231180E-01
   -.214875E-01
   -.125118E-01
   -.136364E-03
    .120263E-01
    .221656E-01
    .283467E-01
    .310179E-01
    .355515E-01
    .465575E-01
    .622162E-01
    .749980E-01
    .770918E-01
    .682203E-01
    .565626E-01
    .482608E-01
    .393677E-01
    .227011E-01
    .243213E-03
   -.153150E-01
   -.144404E-01
   -.272684E-02
    .732641E-02
    .969613E-02
    .534910E-02
   -.198183E-02
   -.841473E-02
   -.121898E-01
   -.116847E-01
   -.260738E-02
    .172837E-01
    .420721E-01
    .617952E-01
    .700860E-01
    .657276E-01
    .500461E-01
    .213582E-01
   -.193278E-01
   -.544257E-01
   -.610863E-01
   -.360838E-01
    .310705E-02
    .352958E-01
    .454013E-01
    .274587E-01
   -.846241E-02
   -.400341E-01
   -.536599E-01
   -.557161E-01
   -.601289E-01
   -.722111E-01
   -.867033E-01
   -.951379E-01
   -.913733E-01
   -.729021E-01
   -.365738E-01
    .241426E-01
    .101322E+00
    .156479E+00
    .147862E+00
    .700336E-01
   -.403218E-01
   -.129006E+00
   -.155362E+00
   -.112333E+00
   -.338766E-01
    .308626E-01
    .571744E-01
    .504147E-01
    .310886E-01
    .211445E-01
    .309571E-01
    .539914E-01
    .774852E-01
    .983511E-01
    .117623E+00
    .113855E+00
    .586248E-01
   -.337848E-01
   -.116991E+00
   -.160196E+00
   -.163260E+00
   -.146072E+00
   -.131366E+00
   -.129974E+00
   -.135559E+00
   -.130455E+00
   -.965568E-01
   -.292009E-01
    .569602E-01
    .143279E+00
    .213785E+00
    .246241E+00
    .224526E+00
    .148973E+00
    .368015E-01
   -.696631E-01
   -.126627E+00
   -.127316E+00
   -.100036E+00
   -.742765E-01
   -.577522E-01
   -.444451E-01
   -.312768E-01
   -.195605E-01
   -.847149E-02
    .335091E-02
    .121653E-01
    .131044E-01
    .826132E-02
    .394804E-02
    .398057E-02
    .103539E-01
    .244061E-01
    .439448E-01
    .611144E-01
    .643873E-01
    .476497E-01
    .172241E-01
   -.155992E-01
   -.414384E-01
   -.490364E-01
   -.309851E-01
    .477570E-02
    .390120E-01
    .545720E-01
    .415219E-01
    .101904E-03
   -.510025E-01
   -.875613E-01
   -.103288E+00
   -.104705E+00
   -.960319E-01
   -.781043E-01
   -.544053E-01
   -.351558E-01
   -.296749E-01
   -.367487E-01
   -.484004E-01
   -.582863E-01
   -.631993E-01
   -.611946E-01
   -.512915E-01
   -.333351E-01
   -.853440E-02
    .211674E-01
    .543255E-01
    .875669E-01
    .114961E+00
    .131657E+00
    .133510E+00
    .106345E+00
    .349919E-01
   -.582415E-01
   -.119762E+00
   -.119964E+00
   -.752492E-01
   -.221982E-01
    .138603E-01
    .284631E-01
    .278599E-01
    .192390E-01
    .105240E-01
    .805500E-02
    .117389E-01
    .178617E-01
    .257179E-01
    .376565E-01
    .521314E-01
    .601110E-01
    .532950E-01
    .336755E-01
    .137380E-01
    .100703E-01
    .288206E-01
    .567711E-01
    .738668E-01
    .706596E-01
    .513198E-01
    .246166E-01
   -.173955E-02
   -.197171E-01
   -.238488E-01
   -.196543E-01
   -.227902E-01
   -.427211E-01
   -.733105E-01
   -.996604E-01
   -.108321E+00
   -.971714E-01
   -.769452E-01
   -.608210E-01
   -.538679E-01
   -.509259E-01
   -.430162E-01
   -.260718E-01
   -.445770E-02
    .142792E-01
    .275474E-01
    .365276E-01
    .393747E-01
    .332080E-01
    .198967E-01
    .509567E-02
   -.473763E-02
   -.494161E-02
    .412637E-02
    .174628E-01
    .281902E-01
    .314264E-01
    .281814E-01
    .231860E-01
    .191620E-01
    .160326E-01
    .162400E-01
    .258933E-01
    .454617E-01
    .632295E-01
    .652890E-01
    .484506E-01
    .201488E-01
   -.676692E-02
   -.216234E-01
   -.234359E-01
   -.185226E-01
   -.114008E-01
   -.225254E-02
    .639098E-02
    .880101E-02
    .452365E-02
    .721585E-03
    .258291E-02
    .648489E-02
    .655613E-02
    .348339E-02
    .347769E-02
    .100518E-01
    .197674E-01
    .272050E-01
    .311255E-01
    .323138E-01
    .277387E-01
    .122885E-01
   -.137967E-01
   -.407909E-01
   -.556088E-01
   -.538280E-01
   -.408151E-01
   -.229462E-01
   -.389046E-02
    .133397E-01
    .241361E-01
    .241211E-01
    .145739E-01
    .278939E-02
   -.393418E-02
   -.410786E-02
   -.365525E-02
   -.109475E-01
   -.255584E-01
   -.345464E-01
   -.270725E-01
   -.759675E-02
    .102645E-01
    .179121E-01
    .168862E-01
    .123519E-01
    .664611E-02
    .579375E-03
   -.298400E-02
   -.782113E-03
    .640984E-02
    .136254E-01
    .160144E-01
    .127349E-01
    .606776E-02
   -.181858E-02
   -.996097E-02
   -.181257E-01
   -.249897E-01
   -.272474E-01
   -.230611E-01
   -.148550E-01
   -.838284E-02
   -.997667E-02
   -.212064E-01
   -.355723E-01
   -.440484E-01
   -.448766E-01
   -.448262E-01
   -.501206E-01
   -.588216E-01
   -.632538E-01
   -.580761E-01
   -.423954E-01
   -.178955E-01
    .967515E-02
    .328946E-01
    .488238E-01
    .595843E-01
    .676923E-01
    .712879E-01
    .665253E-01
    .533705E-01
    .341562E-01
    .125286E-01
   -.366300E-02
   -.683631E-02
    .235009E-02
    .162366E-01
    .279851E-01
    .355315E-01
    .397196E-01
    .413983E-01
    .410075E-01
    .393001E-01
    .367003E-01
    .326780E-01
    .254622E-01
    .141617E-01
    .309378E-02
   -.154768E-03
    .765458E-02
    .216701E-01
    .340639E-01
    .404670E-01
    .399007E-01
    .336974E-01
    .250172E-01
    .163843E-01
    .979610E-02
    .886595E-02
    .160006E-01
    .285413E-01
    .410177E-01
    .499614E-01
    .559001E-01
    .613314E-01
    .661862E-01
    .664853E-01
    .594699E-01
    .468710E-01
    .315441E-01
    .147823E-01
   -.257799E-02
   -.188793E-01
   -.324572E-01
   -.418646E-01
   -.452179E-01
   -.430705E-01
   -.404337E-01
   -.421533E-01
   -.481323E-01
   -.548169E-01
   -.587855E-01
   -.585607E-01
   -.552770E-01
   -.513138E-01
   -.481411E-01
   -.459696E-01
   -.444843E-01
   -.433324E-01
   -.418489E-01
   -.388760E-01
   -.338294E-01
   -.279860E-01
   -.236127E-01
   -.216552E-01
   -.219406E-01
   -.245962E-01
   -.293708E-01
   -.349982E-01
   -.402165E-01
   -.446295E-01
   -.472273E-01
   -.451997E-01
   -.375103E-01
   -.278479E-01
   -.208954E-01
   -.174080E-01
   -.149801E-01
   -.119253E-01
   -.846757E-02
   -.534562E-02
   -.233171E-02
    .183899E-02
    .771327E-02
    .132512E-01
    .152589E-01
    .139794E-01
    .132620E-01
    .145784E-01
    .148566E-01
    .121987E-01
    .982073E-02
    .117773E-01
    .179362E-01
    .242768E-01
    .261731E-01
    .219985E-01
    .146268E-01
    .891825E-02
    .702903E-02
    .628004E-02
    .264434E-02
   -.424457E-02
   -.106590E-01
   -.129179E-01
   -.116737E-01
   -.110104E-01
   -.120072E-01
   -.103565E-01
   -.279905E-02
    .851033E-02
    .189735E-01
    .258296E-01
    .297902E-01
    .328420E-01
    .351814E-01
    .353446E-01
    .323757E-01
    .268943E-01
    .202731E-01
    .135659E-01
    .803833E-02
    .487020E-02
    .227781E-02
   -.371699E-02
   -.135316E-01
   -.228447E-01
   -.283209E-01
   -.310530E-01
   -.338873E-01
   -.379657E-01
   -.424418E-01
   -.455216E-01
   -.454440E-01
   -.421674E-01
   -.375093E-01
   -.331076E-01
   -.292952E-01
   -.253254E-01
   -.197569E-01
   -.115302E-01
   -.126414E-02
    .932698E-02
    .192528E-01
    .285902E-01
    .376847E-01
    .463260E-01
    .534188E-01
    .577783E-01
    .584225E-01
    .547534E-01
    .479007E-01
    .404166E-01
    .339135E-01
    .281668E-01
    .224077E-01
    .164692E-01
    .105732E-01
    .482695E-02
   -.577657E-03
   -.517609E-02
   -.871650E-02
   -.116120E-01
   -.144566E-01
   -.168727E-01
   -.175434E-01
   -.159584E-01
   -.132175E-01
   -.105922E-01
   -.858476E-02
   -.801497E-02
   -.101063E-01
   -.146883E-01
   -.203359E-01
   -.264397E-01
   -.335016E-01
   -.412609E-01
   -.472460E-01
   -.487500E-01
   -.463376E-01
   -.436546E-01
   -.437995E-01
   -.467224E-01
   -.503402E-01
   -.532667E-01
   -.557594E-01
   -.586642E-01
   -.620850E-01
   -.644999E-01
   -.634336E-01
   -.583059E-01
   -.512506E-01
   -.443303E-01
   -.378239E-01
   -.310459E-01
   -.228001E-01
   -.116155E-01
    .261737E-02
    .180892E-01
    .327958E-01
    .453973E-01
    .547792E-01
    .604918E-01
    .633657E-01
    .641545E-01
    .624074E-01
    .578089E-01
    .508741E-01
    .423003E-01
    .335395E-01
    .271226E-01
    .243128E-01
    .230020E-01
    .195464E-01
    .126337E-01
    .416394E-02
   -.332122E-02
   -.908144E-02
   -.142011E-01
   -.196165E-01
   -.248486E-01
   -.288035E-01
   -.313114E-01
   -.332517E-01
   -.347029E-01
   -.343419E-01
   -.311392E-01
   -.242455E-01
   -.136769E-01
   -.307615E-02
    .320085E-02
    .532944E-02
    .707408E-02
    .111934E-01
    .180657E-01
    .281958E-01
    .408992E-01
    .517674E-01
    .574622E-01
    .596271E-01
    .613616E-01
    .635320E-01
    .655745E-01
    .682055E-01
    .731530E-01
    .796020E-01
    .840648E-01
    .847656E-01
    .828129E-01
    .793766E-01
    .739105E-01
    .640817E-01
    .478608E-01
    .261480E-01
    .274925E-02
   -.174664E-01
   -.317239E-01
   -.411012E-01
   -.478749E-01
   -.521383E-01
   -.533212E-01
   -.538394E-01
   -.571004E-01
   -.626360E-01
   -.660644E-01
   -.641582E-01
   -.583316E-01
   -.520923E-01
   -.480162E-01
   -.475462E-01
   -.498090E-01
   -.515943E-01
   -.508933E-01
   -.472972E-01
   -.395313E-01
   -.283489E-01
   -.186795E-01
   -.138484E-01
   -.119833E-01
   -.961636E-02
   -.542218E-02
   -.354074E-03
    .433901E-02
    .844371E-02
    .124846E-01
    .168262E-01
    .208826E-01
    .232060E-01
    .230652E-01
    .214642E-01
    .198860E-01
    .188432E-01
    .179345E-01
    .161976E-01
    .126241E-01
    .730415E-02
    .234524E-02
    .879990E-03
    .384699E-02
    .910544E-02
    .138324E-01
    .158626E-01
    .141452E-01
    .956191E-02
    .421633E-02
   -.625412E-03
   -.509577E-02
   -.899912E-02
   -.108421E-01
   -.970696E-02
   -.688223E-02
   -.491016E-02
   -.526800E-02
   -.724040E-02
   -.938686E-02
   -.110754E-01
   -.120339E-01
   -.115703E-01
   -.933580E-02
   -.680577E-02
   -.684721E-02
   -.108481E-01
   -.172779E-01
   -.230421E-01
   -.252303E-01
   -.230736E-01
   -.185390E-01
   -.140314E-01
   -.100520E-01
   -.521785E-02
    .134898E-02
    .820445E-02
    .134354E-01
    .171179E-01
    .207862E-01
    .254315E-01
    .307030E-01
    .353404E-01
    .379631E-01
    .383615E-01
    .376846E-01
    .371336E-01
    .370285E-01
    .370411E-01
    .368936E-01
    .363446E-01
    .350989E-01
    .332149E-01
    .311352E-01
    .291882E-01
    .273819E-01
    .257622E-01
    .249329E-01
    .256607E-01
    .278062E-01
    .300375E-01
    .302430E-01
    .270887E-01
    .213930E-01
    .147192E-01
    .764884E-02
    .245898E-03
   -.673297E-02
   -.119714E-01
   -.153700E-01
   -.176397E-01
   -.183081E-01
   -.167039E-01
   -.134570E-01
   -.997173E-02
   -.779824E-02
   -.811597E-02
   -.107881E-01
   -.143240E-01
   -.163521E-01
   -.145583E-01
   -.876478E-02
   -.125951E-02
    .491306E-02
    .741045E-02
    .615724E-02
    .332185E-02
    .882482E-03
   -.328396E-03
    .386566E-03
    .343603E-02
    .794953E-02
    .116993E-01
    .123389E-01
    .957641E-02
    .532906E-02
    .160844E-02
   -.675679E-03
   -.166554E-02
   -.210932E-02
   -.282508E-02
   -.422025E-02
   -.587710E-02
   -.671984E-02
   -.623122E-02
   -.500158E-02
   -.380943E-02
   -.294791E-02
   -.236034E-02
   -.222136E-02
   -.275626E-02
   -.383810E-02
   -.556821E-02
   -.812646E-02
   -.109070E-01
   -.124703E-01
   -.117962E-01
   -.952526E-02
   -.709810E-02
   -.509091E-02
   -.315741E-02
   -.104141E-02
    .117461E-02
    .329516E-02
    .482351E-02
    .508971E-02
    .402393E-02
    .220025E-02
   -.374957E-06
   -.228499E-02
   -.363199E-02
   -.293398E-02
   -.423020E-03
    .298939E-02
    .719413E-02
    .121937E-01
    .167619E-01
    .194372E-01
    .203988E-01
    .209672E-01
    .219984E-01
    .230981E-01
    .228784E-01
    .204256E-01
    .163625E-01
    .119067E-01
    .751865E-02
    .320676E-02
   -.716823E-03
   -.392579E-02
   -.660155E-02
   -.926469E-02
   -.122532E-01
   -.155990E-01
   -.195129E-01
   -.243894E-01
   -.296907E-01
   -.333868E-01
   -.338515E-01
   -.318500E-01
   -.294167E-01
   -.278007E-01
   -.271192E-01
   -.268973E-01
   -.261053E-01
   -.232749E-01
   -.178452E-01
   -.111176E-01
   -.498013E-02
   -.751704E-04
    .410958E-02
    .804898E-02
    .115924E-01
    .137162E-01
    .132403E-01
    .105498E-01
    .805565E-02
    .818237E-02
    .109604E-01
    .144065E-01
    .165371E-01
    .165733E-01
    .152638E-01
    .138441E-01
    .127906E-01
    .118764E-01
    .108478E-01
    .996674E-02
    .978054E-02
    .103869E-01
    .113555E-01
    .121393E-01
    .120799E-01
    .106465E-01
    .808119E-02
    .513034E-02
    .214808E-02
   -.932858E-03
   -.422595E-02
   -.745951E-02
   -.923711E-02
   -.808880E-02
   -.445954E-02
   -.241577E-03
    .321309E-02
    .600920E-02
    .876173E-02
    .110586E-01
    .117014E-01
    .104312E-01
    .838915E-02
    .668697E-02
    .541115E-02
    .392130E-02
    .160685E-02
   -.141897E-02
   -.461462E-02
   -.749997E-02
   -.938164E-02
   -.948947E-02
   -.826460E-02
   -.779204E-02
   -.969558E-02
   -.134238E-01
   -.173514E-01
   -.206483E-01
   -.235892E-01
   -.266351E-01
   -.298680E-01
   -.332172E-01
   -.361764E-01
   -.371646E-01
   -.348027E-01
   -.297138E-01
   -.235196E-01
   -.168126E-01
   -.967814E-02
   -.335004E-02
    .599333E-03
    .232603E-02
    .344519E-02
    .509907E-02
    .727389E-02
    .954516E-02
    .116880E-01
    .137290E-01
    .155420E-01
    .163773E-01
    .156007E-01
    .136588E-01
    .115020E-01
    .967213E-02
    .869099E-02
    .943896E-02
    .120595E-01
    .150624E-01
    .160719E-01
    .142294E-01
    .117138E-01
    .111328E-01
    .118617E-01
    .110482E-01
    .748397E-02
    .246442E-02
   -.235792E-02
   -.631772E-02
   -.904749E-02
   -.995570E-02
   -.915665E-02
   -.779200E-02
   -.714347E-02
   -.789316E-02
   -.973417E-02
   -.113275E-01
   -.111616E-01
   -.885621E-02
   -.536612E-02
   -.189864E-02
    .108718E-02
    .379072E-02
    .648005E-02
    .920156E-02
    .118954E-01
    .145852E-01
    .173522E-01
    .202792E-01
    .233476E-01
    .260718E-01
    .276119E-01
    .277391E-01
    .272306E-01
    .270948E-01
    .275454E-01
    .278020E-01
    .269735E-01
    .249642E-01
    .223799E-01
    .198145E-01
    .174439E-01
    .151448E-01
    .127856E-01
    .103641E-01
    .803172E-02
    .607053E-02
    .467631E-02
    .366944E-02
    .272609E-02
    .207554E-02
    .259798E-02
    .483252E-02
    .805904E-02
    .108425E-01
    .123403E-01
    .128733E-01
    .132093E-01
    .133478E-01
    .126304E-01
    .109137E-01
    .875128E-02
    .644544E-02
    .371808E-02
    .398514E-03
   -.325853E-02
   -.680005E-02
   -.963951E-02
   -.112885E-01
   -.118862E-01
   -.121397E-01
   -.123815E-01
   -.122218E-01
   -.114184E-01
   -.105115E-01
   -.104822E-01
   -.117965E-01
   -.138899E-01
   -.154454E-01
   -.150617E-01
   -.123940E-01
   -.851050E-02
   -.503601E-02
   -.345024E-02
   -.427468E-02
   -.661207E-02
   -.910573E-02
   -.111768E-01
   -.130750E-01
   -.153993E-01
   -.192309E-01
   -.253104E-01
   -.323657E-01
   -.377993E-01
   -.405666E-01
   -.416718E-01
   -.418464E-01
   -.409503E-01
   -.391364E-01
   -.370647E-01
   -.353483E-01
   -.341942E-01
   -.333681E-01
   -.323221E-01
   -.304156E-01
   -.274055E-01
   -.237558E-01
   -.201014E-01
   -.166297E-01
   -.131689E-01
   -.953708E-02
   -.572377E-02
   -.183308E-02
    .192835E-02
    .517204E-02
    .767218E-02
    .951022E-02
    .103430E-01
    .938719E-02
    .668883E-02
    .354172E-02
    .171174E-02
    .229036E-02
    .471617E-02
    .750732E-02
    .973046E-02
    .108116E-01
    .100493E-01
    .738417E-02
    .360704E-02
   -.557433E-03
   -.481891E-02
   -.880613E-02
   -.118261E-01
   -.136191E-01
   -.147935E-01
   -.156346E-01
   -.153341E-01
   -.132993E-01
   -.107412E-01
   -.101986E-01
   -.129117E-01
   -.175522E-01
   -.217668E-01
   -.234062E-01
   -.213774E-01
   -.166849E-01
   -.115609E-01
   -.786911E-02
   -.650926E-02
   -.707084E-02
   -.791375E-02
   -.722903E-02
   -.457108E-02
   -.100252E-02
    .193094E-02
    .282089E-02
    .136222E-02
   -.136713E-02
   -.398118E-02
   -.520738E-02
   -.385628E-02
    .153236E-03
    .543302E-02
    .102923E-01
    .133071E-01
    .136838E-01
    .120828E-01
    .100426E-01
    .865724E-02
    .825254E-02
    .855110E-02
    .888019E-02
    .844705E-02
    .692848E-02
    .475524E-02
    .253635E-02
    .695890E-03
   -.317400E-03
   -.256360E-03
    .549015E-03
    .147360E-02
    .179991E-02
    .616089E-03
   -.249553E-02
   -.632113E-02
   -.841381E-02
   -.735367E-02
   -.422761E-02
   -.155144E-02
   -.104193E-02
   -.236962E-02
   -.407221E-02
   -.529174E-02
   -.608380E-02
   -.613107E-02
   -.428458E-02
   -.209250E-03
    .479865E-02
    .918962E-02
    .126111E-01
    .157033E-01
    .184506E-01
    .197468E-01
    .190761E-01
    .173331E-01
    .157096E-01
    .150903E-01
    .163549E-01
    .196705E-01
    .240426E-01
    .284031E-01
    .319187E-01
    .332388E-01
    .313512E-01
    .271393E-01
    .225796E-01
    .188813E-01
    .160576E-01
    .135745E-01
    .110211E-01
    .839151E-02
    .592658E-02
    .372296E-02
    .162086E-02
   -.367975E-03
   -.169553E-02
   -.180840E-02
   -.910535E-03
    .179624E-03
    .673711E-03
    .180131E-03
   -.120911E-02
   -.284206E-02
   -.363249E-02
   -.283969E-02
   -.826072E-03
    .138981E-02
    .327125E-02
    .483245E-02
    .582373E-02
    .593664E-02
    .541375E-02
    .478154E-02
    .418558E-02
    .319805E-02
    .153198E-02
   -.544985E-03
   -.259088E-02
   -.386719E-02
   -.334925E-02
   -.912860E-03
    .208932E-02
    .402554E-02
    .444795E-02
    .398876E-02
    .303727E-02
    .137784E-02
   -.103187E-02
   -.376247E-02
   -.632577E-02
   -.852968E-02
   -.104425E-01
   -.122603E-01
   -.141440E-01
   -.158897E-01
   -.169908E-01
   -.172668E-01
   -.171013E-01
   -.169580E-01
   -.169577E-01
   -.171124E-01
   -.177639E-01
   -.192555E-01
   -.213615E-01
   -.235797E-01
   -.256968E-01
   -.275357E-01
   -.282311E-01
   -.267495E-01
   -.233183E-01
   -.192969E-01
   -.159870E-01
   -.140052E-01
   -.131196E-01
   -.125946E-01
   -.119104E-01
   -.110721E-01
   -.103143E-01
   -.967430E-02
   -.871283E-02
   -.680918E-02
   -.391710E-02
   -.636719E-03
    .250826E-02
    .546396E-02
    .843683E-02
    .114641E-01
    .138482E-01
    .144421E-01
    .130767E-01
    .108815E-01
    .892676E-02
    .733072E-02
    .585322E-02
    .492353E-02
    .534468E-02
    .709924E-02
    .930157E-02
    .111333E-01
    .123725E-01
    .132609E-01
    .141143E-01
    .150801E-01
    .162346E-01
    .176899E-01
    .194163E-01
    .212362E-01
    .229179E-01
    .239533E-01
    .237461E-01
    .224064E-01
    .207099E-01
    .192058E-01
    .179029E-01
    .164917E-01
    .146295E-01
    .122842E-01
    .972552E-02
    .721523E-02
    .482061E-02
    .244349E-02
    .250035E-04
   -.251712E-02
   -.572863E-02
   -.103867E-01
   -.159385E-01
   -.198209E-01
   -.200095E-01
   -.174000E-01
   -.145482E-01
   -.132597E-01
   -.135982E-01
   -.145453E-01
   -.152805E-01
   -.157288E-01
   -.162133E-01
   -.168706E-01
   -.173239E-01
   -.169253E-01
   -.155125E-01
   -.136111E-01
   -.118041E-01
   -.102380E-01
   -.873111E-02
   -.713520E-02
   -.545556E-02
   -.378414E-02
   -.241905E-02
   -.177018E-02
   -.187498E-02
   -.232146E-02
   -.259715E-02
   -.201567E-02
    .180668E-03
    .391482E-02
    .823104E-02
    .123388E-01
    .159113E-01
    .186351E-01
    .203469E-01
    .212747E-01
    .214994E-01
    .208574E-01
    .193113E-01
    .163165E-01
    .108601E-01
    .364191E-02
   -.216671E-02
   -.405676E-02
   -.293600E-02
   -.145232E-02
   -.921791E-03
   -.874792E-03
   -.510896E-03
    .181987E-04
   -.434775E-03
   -.263973E-02
   -.599319E-02
   -.911481E-02
   -.109174E-01
   -.113794E-01
   -.113536E-01
   -.115122E-01
   -.118975E-01
   -.121138E-01
   -.116437E-01
   -.103493E-01
   -.861912E-02
   -.690741E-02
   -.534220E-02
   -.376439E-02
   -.198762E-02
   -.223270E-04
    .199284E-02
    .394174E-02
    .582981E-02
    .770735E-02
    .955099E-02
    .113465E-01
    .131109E-01
    .148918E-01
    .165951E-01
    .177480E-01
    .178346E-01
    .170101E-01
    .159529E-01
    .149204E-01
    .135036E-01
    .113653E-01
    .902804E-02
    .763178E-02
    .776925E-02
    .886415E-02
    .996127E-02
    .105923E-01
    .105227E-01
    .960855E-02
    .812891E-02
    .679549E-02
    .634678E-02
    .687902E-02
    .782528E-02
    .841825E-02
    .794888E-02
    .627204E-02
    .426891E-02
    .346279E-02
    .460998E-02
    .696864E-02
    .926031E-02
    .104485E-01
    .995080E-02
    .807709E-02
    .577950E-02
    .372534E-02
    .191374E-02
    .720047E-04
   -.188445E-02
   -.387527E-02
   -.582443E-02
   -.738306E-02
   -.774016E-02
   -.645365E-02
   -.416108E-02
   -.220781E-02
   -.188477E-02
   -.346293E-02
   -.596783E-02
   -.834855E-02
   -.985387E-02
   -.962841E-02
   -.746273E-02
   -.425300E-02
   -.106823E-02
    .177995E-02
    .438708E-02
    .608703E-02
    .580148E-02
    .387797E-02
    .215481E-02
    .190766E-02
    .277118E-02
    .349098E-02
    .301313E-02
    .117652E-02
   -.129224E-02
   -.290637E-02
   -.211826E-02
    .969888E-03
    .422940E-02
    .541871E-02
    .431463E-02
    .244746E-02
    .107638E-02
    .217456E-03
   -.863243E-03
   -.291850E-02
   -.611163E-02
   -.992323E-02
   -.137186E-01
   -.168072E-01
   -.181413E-01
   -.172087E-01
   -.149036E-01
   -.125263E-01
   -.106932E-01
   -.945822E-02
   -.868609E-02
   -.815527E-02
   -.768914E-02
   -.708953E-02
   -.558095E-02
   -.226086E-02
    .264703E-02
    .810917E-02
    .134070E-01
    .180735E-01
    .215200E-01
    .236281E-01
    .250966E-01
    .266046E-01
    .279136E-01
    .281961E-01
    .272717E-01
    .259567E-01
    .253251E-01
    .259056E-01
    .273233E-01
    .285889E-01
    .288840E-01
    .282212E-01
    .272367E-01
    .259188E-01
    .229611E-01
    .174553E-01
    .102783E-01
    .338294E-02
   -.145077E-02
   -.382901E-02
   -.490775E-02
   -.575565E-02
   -.642658E-02
   -.708742E-02
   -.840714E-02
   -.105496E-01
   -.130071E-01
   -.153093E-01
   -.174213E-01
   -.194471E-01
   -.212617E-01
   -.227740E-01
   -.240641E-01
   -.248755E-01
   -.245573E-01
   -.229485E-01
   -.207085E-01
   -.185592E-01
   -.166461E-01
   -.148152E-01
   -.132314E-01
   -.122244E-01
   -.114652E-01
   -.987567E-02
   -.679736E-02
   -.278284E-02
    .726854E-03
    .241006E-02
    .222114E-02
    .147493E-02
    .173458E-02
    .345588E-02
    .561152E-02
    .678060E-02
    .658100E-02
    .579741E-02
    .522817E-02
    .474588E-02
    .362433E-02
    .159815E-02
   -.885907E-03
   -.322580E-02
   -.481770E-02
   -.512351E-02
   -.427568E-02
   -.302752E-02
   -.194365E-02
   -.103926E-02
   -.100825E-03
    .880570E-03
    .173183E-02
    .235872E-02
    .286129E-02
    .338879E-02
    .391103E-02
    .424310E-02
    .430408E-02
    .427435E-02
    .423577E-02
    .365697E-02
    .171670E-02
   -.167002E-02
   -.554033E-02
   -.838834E-02
   -.908067E-02
   -.785280E-02
   -.618294E-02
   -.580935E-02
   -.760923E-02
   -.108182E-01
   -.135093E-01
   -.142617E-01
   -.133824E-01
   -.121734E-01
   -.114013E-01
   -.109050E-01
   -.102709E-01
   -.943007E-02
   -.858582E-02
   -.771319E-02
   -.622628E-02
   -.349944E-02
    .239143E-03
    .422824E-02
    .785854E-02
    .102761E-01
    .105773E-01
    .897852E-02
    .672968E-02
    .474759E-02
    .334074E-02
    .315173E-02
    .485373E-02
    .803494E-02
    .115734E-01
    .143350E-01
    .152065E-01
    .138627E-01
    .112897E-01
    .871282E-02
    .651558E-02
    .441214E-02
    .213100E-02
   -.300540E-03
   -.267289E-02
   -.444995E-02
   -.478627E-02
   -.347233E-02
   -.134753E-02
    .615719E-03
    .182122E-02
    .186374E-02
    .827024E-03
   -.666526E-03
   -.203535E-02
   -.289271E-02
   -.304848E-02
   -.266911E-02
   -.210990E-02
   -.162464E-02
   -.121817E-02
   -.893003E-03
   -.959361E-03
   -.170327E-02
   -.296657E-02
   -.424980E-02
   -.514859E-02
   -.553612E-02
   -.555009E-02
   -.551631E-02
   -.558431E-02
   -.568354E-02
   -.575028E-02
   -.577817E-02
   -.579692E-02
   -.582619E-02
   -.586334E-02
   -.588817E-02
   -.588818E-02
   -.586670E-02
   -.585355E-02
   -.609877E-02
   -.698477E-02
   -.855150E-02
   -.104305E-01
   -.122427E-01
   -.136602E-01
   -.142128E-01
   -.137406E-01
   -.127165E-01
   -.117005E-01
   -.109122E-01
   -.105407E-01
   -.109383E-01
   -.121422E-01
   -.137101E-01
   -.152019E-01
   -.165311E-01
   -.175417E-01
   -.177206E-01
   -.168823E-01
   -.154934E-01
   -.141227E-01
   -.129080E-01
   -.116364E-01
   -.101411E-01
   -.857111E-02
   -.740046E-02
   -.705119E-02
   -.749714E-02
   -.801367E-02
   -.752071E-02
   -.556857E-02
   -.293824E-02
   -.110757E-02
   -.876803E-03
   -.167125E-02
   -.232972E-02
   -.226133E-02
   -.170636E-02
   -.122301E-02
   -.129466E-02
   -.215586E-02
   -.362597E-02
   -.461266E-02
   -.283630E-02
    .322353E-02
    .115983E-01
    .180883E-01
    .208241E-01
    .212282E-01
    .207131E-01
    .191849E-01
    .163098E-01
    .129379E-01
    .115096E-01
    .139479E-01
    .193176E-01
    .250114E-01
    .290429E-01
    .309013E-01
    .314331E-01
    .318522E-01
    .326118E-01
    .329102E-01
    .313852E-01
    .277376E-01
    .231216E-01
    .187009E-01
    .149157E-01
    .123003E-01
    .114573E-01
    .120791E-01
    .130920E-01
    .138102E-01
    .143348E-01
    .148458E-01
    .148493E-01
    .134623E-01
    .106985E-01
    .766869E-02
    .533494E-02
    .371389E-02
    .225941E-02
    .780098E-03
   -.447516E-03
   -.128242E-02
   -.193505E-02
   -.271198E-02
   -.379597E-02
   -.515707E-02
   -.659711E-02
   -.798394E-02
   -.931871E-02
   -.106619E-01
   -.120408E-01
   -.134629E-01
   -.146652E-01
   -.148103E-01
   -.132438E-01
   -.104118E-01
   -.765232E-02
   -.643672E-02
   -.736221E-02
   -.944375E-02
   -.108625E-01
   -.105891E-01
   -.916035E-02
   -.768555E-02
   -.658581E-02
   -.569866E-02
   -.489278E-02
   -.421533E-02
   -.371455E-02
   -.330474E-02
   -.285570E-02
   -.243393E-02
   -.254846E-02
   -.385031E-02
   -.627544E-02
   -.909010E-02
   -.115543E-01
   -.129474E-01
   -.128490E-01
   -.117459E-01
   -.110125E-01
   -.118899E-01
   -.142999E-01
   -.171117E-01
   -.188944E-01
   -.184945E-01
   -.162389E-01
   -.142029E-01
   -.142394E-01
   -.161500E-01
   -.184680E-01
   -.200818E-01
   -.205282E-01
   -.198105E-01
   -.184047E-01
   -.169089E-01
   -.156697E-01
   -.147875E-01
   -.141697E-01
   -.135889E-01
   -.127283E-01
   -.113652E-01
   -.963457E-02
   -.785791E-02
   -.617493E-02
   -.452732E-02
   -.287594E-02
   -.122526E-02
    .386173E-03
    .191925E-02
    .343717E-02
    .496678E-02
    .650699E-02
    .802864E-02
    .939203E-02
    .105842E-01
    .117196E-01
    .128849E-01
    .139456E-01
    .143645E-01
    .137031E-01
    .122452E-01
    .106721E-01
    .936197E-02
    .834506E-02
    .752686E-02
    .680297E-02
    .605947E-02
    .494531E-02
    .299838E-02
    .200581E-03
   -.271778E-02
   -.453064E-02
   -.456685E-02
   -.350403E-02
   -.261225E-02
   -.256169E-02
   -.308574E-02
   -.357470E-02
   -.381694E-02
   -.399039E-02
   -.422873E-02
   -.419304E-02
   -.328825E-02
   -.146447E-02
    .728993E-03
    .277504E-02
    .433903E-02
    .505576E-02
    .485451E-02
    .420225E-02
    .358863E-02
    .311815E-02
    .275811E-02
    .273624E-02
    .333700E-02
    .444551E-02
    .567932E-02
    .680804E-02
    .777743E-02
    .832510E-02
    .812163E-02
    .728895E-02
    .628319E-02
    .541920E-02
    .467375E-02
    .390366E-02
    .304149E-02
    .209047E-02
    .110160E-02
    .107259E-03
   -.824258E-03
   -.128189E-02
   -.744337E-03
    .728724E-03
    .247903E-02
    .361989E-02
    .346118E-02
    .208909E-02
    .263171E-03
   -.126306E-02
   -.184226E-02
   -.110282E-02
    .573264E-03
    .242646E-02
    .407510E-02
    .545038E-02
    .628903E-02
    .631311E-02
    .574089E-02
    .506937E-02
    .454234E-02
    .425612E-02
    .448325E-02
    .542835E-02
    .683662E-02
    .828257E-02
    .963530E-02
    .108492E-01
    .114487E-01
    .107151E-01
    .867064E-02
    .614973E-02
    .384722E-02
    .214487E-02
    .143799E-02
    .179849E-02
    .270590E-02
    .360449E-02
    .423395E-02
    .432235E-02
    .360622E-02
    .224085E-02
    .693223E-03
   -.703373E-03
   -.166530E-02
   -.188484E-02
   -.139198E-02
   -.607063E-03
    .732346E-04
    .611452E-03
    .116325E-02
    .179652E-02
    .248729E-02
    .317403E-02
    .382423E-02
    .447530E-02
    .500672E-02
    .485206E-02
    .349700E-02
    .119722E-02
   -.128487E-02
   -.322023E-02
   -.414437E-02
   -.413519E-02
   -.376435E-02
   -.349207E-02
   -.336431E-02
   -.323415E-02
   -.287848E-02
   -.205591E-02
   -.683177E-03
    .830888E-03
    .157427E-02
    .973984E-03
   -.554864E-03
   -.220764E-02
   -.346990E-02
   -.368919E-02
   -.210036E-02
    .954551E-03
    .389967E-02
    .559739E-02
    .635482E-02
    .708037E-02
    .797776E-02
    .834056E-02
    .765977E-02
    .632740E-02
    .501266E-02
    .395347E-02
    .306770E-02
    .237257E-02
    .196144E-02
    .176473E-02
    .162442E-02
    .144154E-02
    .117556E-02
    .792311E-03
    .285002E-03
   -.273520E-03
   -.816528E-03
   -.133462E-02
   -.184132E-02
   -.235662E-02
   -.289667E-02
   -.345275E-02
   -.396596E-02
   -.413516E-02
   -.354250E-02
   -.221997E-02
   -.834211E-03
   -.286684E-03
   -.942660E-03
   -.230049E-02
   -.362607E-02
   -.468423E-02
   -.567199E-02
   -.677313E-02
   -.800209E-02
   -.908520E-02
   -.937686E-02
   -.844196E-02
   -.664921E-02
   -.474020E-02
   -.306016E-02
   -.147475E-02
    .157017E-03
    .173165E-02
    .311293E-02
    .434301E-02
    .554936E-02
    .681632E-02
    .812710E-02
    .921912E-02
    .966065E-02
    .930523E-02
    .851913E-02
    .775989E-02
    .715719E-02
    .659282E-02
    .594165E-02
    .523008E-02
    .456686E-02
    .407544E-02
    .383934E-02
    .377130E-02
    .371082E-02
    .359860E-02
    .361205E-02
    .406283E-02
    .502461E-02
    .625550E-02
    .739734E-02
    .808956E-02
    .808481E-02
    .752575E-02
    .685219E-02
    .631142E-02
    .584998E-02
    .534507E-02
    .477335E-02
    .418200E-02
    .359873E-02
    .302586E-02
    .249566E-02
    .216454E-02
    .219510E-02
    .251772E-02
    .291310E-02
    .325519E-02
    .342015E-02
    .311940E-02
    .219273E-02
    .863374E-03
   -.467491E-03
   -.137389E-02
   -.152877E-02
   -.102630E-02
   -.303258E-03
    .309984E-03
    .810153E-03
    .134107E-02
    .195935E-02
    .251930E-02
    .255737E-02
    .168986E-02
    .121521E-03
   -.158978E-02
   -.312645E-02
   -.454568E-02
   -.589785E-02
   -.706895E-02
   -.799001E-02
   -.877778E-02
   -.958072E-02
   -.104297E-01
   -.112823E-01
   -.120224E-01
   -.125478E-01
   -.129029E-01
   -.132119E-01
   -.135596E-01
   -.139482E-01
   -.143273E-01
   -.145492E-01
   -.143969E-01
   -.138516E-01
   -.131407E-01
   -.124748E-01
   -.118802E-01
   -.112790E-01
   -.106129E-01
   -.990395E-02
   -.919620E-02
   -.849244E-02
   -.779442E-02
   -.710065E-02
   -.641057E-02
   -.572765E-02
   -.504924E-02
   -.437146E-02
   -.368791E-02
   -.300040E-02
   -.230467E-02
   -.165775E-02
   -.125417E-02
   -.122991E-02
   -.148013E-02
   -.178086E-02
   -.200453E-02
   -.218278E-02
   -.238668E-02
   -.256438E-02
   -.242855E-02
   -.171327E-02
   -.567410E-03
    .741373E-03
    .187529E-02
    .235566E-02
    .163191E-02
   -.179050E-03
   -.234942E-02
   -.435185E-02
   -.616120E-02
   -.769608E-02
   -.839554E-02
   -.791858E-02
   -.673121E-02
   -.555435E-02
   -.465672E-02
   -.385426E-02
   -.295541E-02
   -.195912E-02
   -.958584E-03
   -.144686E-04
    .898524E-03
    .181908E-02
    .275724E-02
    .366476E-02
    .443166E-02
    .499876E-02
    .543047E-02
    .584632E-02
    .630025E-02
    .676443E-02
    .720444E-02
    .762190E-02
    .803134E-02
    .844229E-02
    .885531E-02
    .926885E-02
    .964717E-02
    .981758E-02
    .958633E-02
    .900905E-02
    .833570E-02
    .772996E-02
    .718799E-02
    .660157E-02
    .582270E-02
    .478556E-02
    .359279E-02
    .240784E-02
    .129001E-02
    .205144E-03
   -.872640E-03
   -.176578E-02
   -.211985E-02
   -.184859E-02
   -.128692E-02
   -.804229E-03
   -.470291E-03
   -.159430E-03
    .210644E-03
    .614584E-03
    .100092E-02
    .141173E-02
    .197250E-02
    .273263E-02
    .359109E-02
    .441547E-02
    .516642E-02
    .588318E-02
    .660243E-02
    .732028E-02
    .798020E-02
    .850354E-02
    .886794E-02
    .913995E-02
    .940790E-02
    .969391E-02
    .995959E-02
    .100981E-01
    .997006E-02
    .959138E-02
    .912955E-02
    .870645E-02
    .833145E-02
    .795776E-02
    .755676E-02
    .714838E-02
    .675555E-02
    .637268E-02
    .599427E-02
    .562057E-02
    .525140E-02
    .489473E-02
    .453354E-02
    .410049E-02
    .354152E-02
    .289300E-02
    .224056E-02
    .162453E-02
    .103031E-02
    .438660E-03
   -.146542E-03
   -.717324E-03
   -.125933E-02
   -.172365E-02
   -.206457E-02
   -.230700E-02
   -.252642E-02
   -.276458E-02
   -.300600E-02
   -.323239E-02
   -.344026E-02
   -.362982E-02
   -.381595E-02
   -.400564E-02
   -.419098E-02
   -.436872E-02
   -.454513E-02
   -.478686E-02
   -.517466E-02
   -.568571E-02
   -.621782E-02
   -.674127E-02
   -.737410E-02
   -.819916E-02
   -.913369E-02
   -.100245E-01
   -.106510E-01
   -.107495E-01
   -.103051E-01
   -.962673E-02
   -.901127E-02
   -.850025E-02
   -.803327E-02
   -.772297E-02
   -.776126E-02
   -.811893E-02
   -.855935E-02
   -.890926E-02
   -.908667E-02
   -.894653E-02
   -.841881E-02
   -.766890E-02
   -.692600E-02
   -.627245E-02
   -.565958E-02
   -.503283E-02
   -.444722E-02
   -.407929E-02
   -.402133E-02
   -.414447E-02
   -.425421E-02
   -.427867E-02
   -.426527E-02
   -.421863E-02
   -.399680E-02
   -.347339E-02
   -.273809E-02
   -.199704E-02
   -.135268E-02
   -.778336E-03
   -.241678E-03
    .215858E-03
    .548067E-03
    .791100E-03
    .101101E-02
    .124341E-02
    .152849E-02
    .191049E-02
    .237060E-02
    .283113E-02
    .323140E-02
    .356908E-02
    .386882E-02
    .412575E-02
    .431067E-02
    .441901E-02
    .447935E-02
    .452106E-02
    .452668E-02
    .443852E-02
    .424294E-02
    .399689E-02
    .376305E-02
    .355701E-02
    .336151E-02
    .316417E-02
    .296629E-02
    .277545E-02
    .259515E-02
    .242021E-02
    .223819E-02
    .203763E-02
    .182580E-02
    .162155E-02
    .143525E-02
    .126627E-02
    .110919E-02
    .962440E-03
    .824649E-03
    .688776E-03
    .552490E-03
    .422935E-03
    .308339E-03
    .210344E-03
    .124759E-03
    .491274E-04
   -.165284E-04
   -.716874E-04
   -.115298E-03
   -.141547E-03
   -.141718E-03
   -.119554E-03
   -.906873E-04
   -.671150E-04
   -.498818E-04
   -.344783E-04
   -.188165E-04
   -.419905E-05
    .796651E-05
    .157563E-04
    .154361E-04
    .757415E-05
   -.108927E-05
   -.486607E-05
   -.265427E-05
    .431055E-05
    .141739E-04
    .254294E-04
    .372835E-04
    .492576E-04
    .611629E-04
    .732156E-04
    .854815E-04
    .979858E-04
    .111212E-03
    .124925E-03
    .137932E-03
    .149190E-03
    .158563E-03
    .166491E-03
    .173284E-03
    .179011E-03
    .183597E-03
    .187141E-03
    .189848E-03
    .191706E-03
    .192681E-03
    .192828E-03
    .192266E-03
    .191141E-03
    .189545E-03
    .187594E-03
    .185375E-03
    .182927E-03
    .180275E-03
    .177420E-03
    .174373E-03
    .171143E-03
    .167730E-03
    .164127E-03
    .160319E-03
