    .0000998
    .0008607
    .0010498
   -.0011804
   -.0009970
   -.0008623
   -.0032820
   -.0083339
    .0004627
    .0061129
    .0033968
    .0000282
   -.0027364
   -.0053013
   -.0028253
    .0031623
    .0037799
   -.0015328
   -.0031929
   -.0002884
    .0036429
    .0019615
   -.0033349
   -.0022586
   -.0015852
   -.0044587
   -.0081618
   -.0056597
    .0015304
    .0046476
    .0027498
   -.0003964
    .0021248
    .0039539
   -.0010275
   -.0119578
   -.0125920
    .0010620
    .0055960
   -.0013568
   -.0092415
   -.0085815
   -.0047768
   -.0023699
   -.0041409
   -.0064964
   -.0125803
   -.0206091
   -.0103747
    .0128943
    .0194963
    .0022979
   -.0083482
    .0042997
    .0078530
   -.0005653
   -.0086516
   -.0079538
   -.0061211
   -.0019334
    .0004320
    .0023937
    .0054273
    .0034292
   -.0049688
   -.0071906
   -.0002692
    .0001710
   -.0052606
   -.0096654
   -.0075702
   -.0081042
   -.0098792
   -.0015380
    .0031565
   -.0071208
   -.0166038
   -.0083122
    .0003455
    .0002686
   -.0052309
   -.0036023
   -.0051653
   -.0130100
   -.0089158
    .0105944
    .0097201
   -.0090816
   -.0162104
   -.0002243
    .0039127
   -.0018074
    .0057953
    .0142348
    .0091790
   -.0026795
   -.0027497
    .0022643
   -.0056796
   -.0184284
   -.0107012
    .0013710
   -.0023460
   -.0039915
    .0103029
   -.0000369
   -.0138668
   -.0029332
    .0082347
    .0029996
   -.0081851
   -.0044468
    .0054518
   -.0075733
   -.0225590
    .0004170
    .0213249
    .0088367
   -.0127217
   -.0204616
   -.0089167
   -.0121034
   -.0248207
   -.0187755
   -.0092988
   -.0184142
   -.0191204
   -.0006026
    .0214112
    .0291935
    .0123432
   -.0175413
   -.0411665
   -.0287536
    .0215676
    .0610249
    .0571593
    .0162982
   -.0368799
   -.0608521
   -.0296080
    .0199611
    .0304025
    .0062133
   -.0151341
   -.0076061
    .0299423
    .0560862
    .0464900
    .0160086
   -.0154010
   -.0237145
   -.0022663
    .0246517
    .0268243
    .0004816
   -.0315361
   -.0448443
   -.0295466
    .0032623
    .0288911
    .0229658
   -.0161935
   -.0450771
   -.0301027
    .0027514
    .0164962
    .0033904
   -.0084592
    .0004922
   -.0000335
   -.0140705
   -.0189712
    .0018375
    .0136767
    .0100130
    .0079931
    .0135343
   -.0061581
   -.0274443
   -.0002004
    .0349610
    .0313651
    .0098120
   -.0145694
   -.0345416
   -.0316699
   -.0041325
    .0088587
    .0016111
   -.0117091
   -.0282391
   -.0256241
   -.0252189
   -.0332706
   -.0304856
    .0001235
   -.0042464
   -.0412613
   -.0649456
   -.0675122
   -.0562378
   -.0262697
   -.0051084
   -.0043577
   -.0136624
   -.0265832
   -.0205365
   -.0099641
   -.0184907
   -.0362475
   -.0528554
   -.0737836
   -.0844956
   -.0633029
   -.0124706
    .0323635
    .0478562
    .0509623
    .0729613
    .1224558
    .1645285
    .1835542
    .1831582
    .1646640
    .1217297
    .0906877
    .1178428
    .1818738
    .2271937
    .2216445
    .1883577
    .1549439
    .1376815
    .1424498
    .1531560
    .1361468
    .0723090
   -.0199670
   -.0890355
   -.1072531
   -.1220627
   -.1664198
   -.1776747
   -.1552717
   -.1762456
   -.2327839
   -.2383081
   -.1750796
   -.1173600
   -.1094092
   -.1329036
   -.1473957
   -.1259499
   -.0642459
    .0107543
    .0397967
    .0487342
    .0806327
    .1617018
    .2398740
    .2718173
    .2625243
    .2013650
    .1062744
    .0172434
   -.0252823
   -.0184282
   -.0061657
   -.0177814
   -.0491305
   -.0698367
   -.0699370
   -.1006117
   -.1740804
   -.2424395
   -.2642045
   -.2184996
   -.1522826
   -.1163866
   -.0947870
   -.0900123
   -.1219477
   -.1682695
   -.1764013
   -.0973653
   -.0025928
    .0217635
    .0477313
    .1169244
    .1425349
    .1060535
    .0761581
    .1016049
    .1777049
    .2108860
    .1787860
    .1412832
    .0854954
    .0231605
   -.0126425
    .0093938
    .0447775
    .0143378
   -.0611249
   -.1200178
   -.1242855
   -.0780930
   -.0317077
   -.0013353
    .0318475
    .0193563
   -.0312768
   -.0482887
   -.0202122
    .0018068
   -.0207486
   -.0584396
   -.0838994
   -.0840820
   -.0075479
    .0462572
    .0671241
    .0278521
   -.0331022
   -.0501444
    .0218068
    .0395127
    .0200189
    .0170240
    .0239137
    .0465741
    .1071643
    .1080265
    .0585787
    .0097494
   -.0090108
    .0003110
   -.0149105
   -.0935816
   -.1472516
   -.1364772
   -.0235208
    .0088384
   -.0662595
   -.1003337
   -.1262592
   -.0571277
    .0180351
    .0600519
    .0378982
   -.0332938
   -.0912250
   -.0469591
    .0195181
    .1021281
   -.0154736
   -.1022670
   -.0765283
   -.0175369
   -.0211699
   -.0375143
   -.0880065
   -.1186381
   -.1323860
   -.0811696
   -.0235561
    .0081152
    .0329426
   -.0140862
   -.0847915
   -.0791225
   -.0301351
    .0149392
    .0709540
    .0775461
    .0688276
    .0568365
    .0449182
    .0411189
    .0303359
    .0401374
    .0497852
    .0716458
    .1266955
    .1887731
    .2526627
    .2296517
    .1841163
    .1317093
    .0949746
    .1023709
    .1263181
    .1408832
    .1325079
    .1101407
    .0923218
    .1933982
    .2508357
    .1499794
    .0039573
   -.0852595
   -.0184027
    .0538034
   -.1186868
   -.3056744
   -.2347849
   -.1624483
    .0011834
    .0914288
   -.0342936
   -.1306897
   -.1654122
    .1369957
    .1491072
    .0538179
   -.0214893
   -.0107993
    .0728695
    .1700368
    .1975458
    .1015179
   -.0831142
   -.1001546
   -.0768532
   -.0267092
   -.0098358
    .0174717
    .0367121
    .0455357
    .0679114
    .1865686
    .1592172
    .0726593
   -.0501440
   -.0921465
   -.0584265
   -.0380149
   -.0968724
   -.0565757
    .0375452
    .1208337
    .0910367
    .0145261
   -.0733210
   -.1004290
   -.0554515
    .0713773
    .1137086
    .0689025
   -.0010239
   -.0646832
   -.1257700
   -.2299154
   -.3376719
   -.3633613
   -.2765188
   -.0533460
    .1917925
    .3093095
    .1678432
    .2223443
    .2529091
    .3534835
    .3374902
    .2121208
    .0734172
   -.0504526
   -.1057869
    .0891695
    .2413521
    .2001071
    .0823124
    .0713580
    .0672959
    .1627355
    .1820271
    .1146964
    .1433554
    .2669832
    .2905789
    .1933318
    .0409913
   -.1109922
   -.1609784
   -.1833139
   -.1429726
   -.1074712
   -.1564275
   -.2056051
   -.3034385
   -.3710655
   -.2985836
   -.2995971
   -.0416157
    .0796007
   -.0262600
   -.1977295
   -.2787749
   -.2440880
    .1219500
    .5199854
    .4536391
    .1724341
   -.3934751
   -.2849833
    .0504992
    .1630225
    .0903645
   -.0592133
    .0853391
    .2984259
    .3970161
    .4268551
    .1499656
   -.3686380
   -.6472207
   -.6241523
   -.3872269
   -.2531328
   -.0431421
    .1239337
    .1469270
    .1116937
   -.2200952
   -.4441791
   -.4499773
   -.1738933
    .1183398
    .4100195
    .4115454
    .3293477
    .8587120
    .7271914
   -.1008153
   -.6179751
   -.3594880
    .2780238
    .1680163
   -.0861148
   -.3398434
   -.0918812
    .2055805
    .3152420
   -.3184836
   -.8570588
   -.9234774
   -.9075540
   -.4958506
    .2889604
    .7874171
    .9128616
    .6599819
   -.1512857
   -.5619459
   -.7599887
   -.6288119
   -.3279781
   -.0982917
   -.0426463
   -.1790559
   -.3561901
   -.1757051
   -.0369605
   -.2311088
   -.2312041
   -.2683171
   -.4786054
   -.3618639
   -.1219858
    .1606581
    .2013003
    .0592710
   -.0460606
   -.1086235
   -.0754227
   -.0713159
   -.1100525
   -.1246482
   -.1496605
   -.1018305
   -.0437459
    .0020009
   -.0280358
   -.1533890
   -.2003149
   -.1580964
   -.0663227
    .0092247
    .0090980
    .0169580
    .0249420
    .0498333
   -.0099988
   -.0839639
   -.3507894
   -.3350559
   -.2462102
   -.0634051
    .1941972
    .1989689
    .1114002
    .0096824
   -.1210129
   -.2044294
   -.2356390
   -.1772293
   -.0532401
    .1689910
    .3649965
    .4041242
    .2660402
    .2397888
    .3206061
    .4635383
    .3829656
    .0456756
   -.0737744
   -.0085396
    .1633469
    .2921453
    .2306994
    .0084245
   -.2663481
   -.2288183
   -.1849181
   -.1722667
   -.3674366
   -.5011492
   -.4041724
   -.1810836
    .0520917
    .2586488
   -.0515712
   -.4360493
   -.4209002
   -.1512964
    .3607555
    .3543254
   -.0151077
   -.2115133
   -.0056365
    .1868937
    .2488295
    .3109693
    .1512924
    .0245944
    .0421204
    .1468754
    .3234670
    .4847739
    .3826073
    .1513473
    .0322949
   -.0146718
    .0609613
    .1651168
    .2282660
    .2925330
    .2321572
    .0453624
   -.0659954
   -.0414052
    .0758107
    .1576159
    .1292238
   -.0773336
   -.2250929
   -.3538336
   -.0718154
   -.0484204
   -.3032959
   -.7061292
   -.5818723
   -.3102133
    .0698758
    .0085011
   -.2213032
   -.1941834
    .3187766
    .4632112
    .4314343
    .2694498
    .1552392
    .2688509
    .4733507
    .5563539
    .5048369
    .3382950
    .4036811
    .4186040
    .2977757
   -.0080327
   -.0276041
    .0506828
    .2161535
    .2646362
    .2739871
    .2971088
    .2806490
    .2654617
    .0533246
   -.0116409
    .0310197
    .0992207
    .2771180
    .3856073
    .5060810
    .4590494
    .2188643
    .0154806
   -.0266301
    .0994889
    .3221766
    .3493736
    .2315608
    .2041724
    .2362786
    .2011623
    .1469383
    .0462282
   -.1859029
   -.3218951
   -.2391510
   -.0632512
   -.0270997
   -.1009706
   -.0628293
    .1746932
    .2352833
    .2070957
   -.0782564
   -.2196687
    .0687221
    .0917944
   -.0414013
   -.2019653
   -.2048251
   -.0499847
    .1296990
    .0199594
   -.1626651
   -.3008086
   -.3045592
   -.1488882
    .1005750
    .2116429
    .0735435
   -.1825532
   -.2442413
   -.0503405
    .2304412
    .1931864
   -.0285960
   -.2099070
   -.1909237
    .0147915
    .2246503
   -.0445090
   -.1773634
    .0069649
    .0793373
    .0576241
   -.1206537
   -.1938138
   -.1465317
   -.0286222
   -.0077912
   -.0432995
   -.0517798
   -.0543385
   -.0804396
   -.1454631
   -.2144812
   -.2500728
   -.2627665
   -.1945007
   -.1180501
   -.1030651
   -.1777281
   -.2891531
   -.3703801
   -.4120378
   -.3655757
   -.1565423
   -.0567183
   -.1018256
   -.0882261
   -.0089233
    .1550567
    .1812791
    .0737871
   -.0353712
   -.0731936
   -.0297000
    .0995961
    .1456292
    .1226106
    .1109632
    .0533716
    .0199545
    .0320299
    .0977586
    .0687686
   -.0385873
   -.1741065
   -.0469909
    .0501907
    .0272995
   -.0837554
   -.0415677
    .0453657
    .0931400
   -.0026141
   -.0291986
   -.0293968
    .0336680
    .0558558
    .0319104
   -.0000728
   -.0693148
   -.0977519
   -.0887095
   -.0894656
   -.1341120
   -.2080215
   -.1553405
   -.0666811
   -.1022526
   -.0920512
   -.0450625
    .0440650
    .0473553
   -.0209979
   -.0529210
    .0022991
    .0484307
    .0022111
   -.0446810
   -.0274915
    .0092189
    .0568966
    .0865165
    .0246963
   -.0867460
   -.1208668
   -.1083043
   -.0712023
   -.0513340
   -.0344760
    .0122593
    .0179754
    .0073079
   -.0249198
   -.1197235
   -.1439582
   -.0548180
    .0410068
    .0846874
    .0710149
    .0768671
    .1133779
    .1892976
    .1916489
    .1049893
   -.0045783
   -.0305170
    .0282614
    .1314970
    .1558123
    .0913864
    .0104084
   -.0518999
   -.0493106
   -.0467539
   -.0514031
   -.1039959
   -.1575657
   -.1503833
   -.0378436
    .0403751
    .0040983
   -.0534632
   -.1056056
   -.1531207
   -.1131071
   -.0792296
   -.0583395
   -.1076128
   -.0973087
   -.0124038
    .0551425
    .1100339
    .1390323
   -.0000712
   -.0740232
   -.1287404
   -.1134255
   -.0256884
   -.0482019
   -.0742924
   -.0765712
   -.0292795
    .0359389
    .0161625
   -.0444517
   -.1679417
   -.1844056
   -.1322190
   -.1097077
   -.0165066
   -.0112431
   -.0593965
   -.1435546
   -.1968991
   -.0569080
   -.0084862
   -.0167357
   -.0029209
    .0602740
    .1768620
    .2988790
    .3024858
    .2449945
    .1751467
    .1055079
    .1121662
    .2161294
    .3528619
    .3353934
    .2269229
    .1537261
    .2526541
    .2051642
    .0366777
   -.0014179
    .2072802
    .2084719
    .0611528
   -.0076854
   -.0044143
    .1472770
    .0223987
   -.1340953
   -.0342552
    .0820281
    .1170004
    .0511252
   -.0431497
   -.0194279
    .0793198
    .0680530
   -.0278809
   -.1658747
   -.1397661
   -.0752575
   -.0423232
   -.0743769
   -.0670051
   -.0028787
    .0896826
    .1444007
    .0870620
    .0383271
   -.0734697
   -.0632785
    .0576302
    .1558605
    .1713141
    .1624092
    .0981956
    .0208660
    .0132170
    .0986782
    .0479882
   -.0370617
   -.2221128
   -.1361039
    .0101729
    .2027709
    .1524597
    .0010202
   -.0597257
   -.0732376
    .0800893
    .0090132
   -.0782182
   -.1726079
   -.1614106
   -.0599945
    .0987403
    .0501372
   -.0162262
   -.0758469
   -.1091431
   -.0986562
   -.1133402
   -.1625545
   -.1640733
   -.1363145
   -.0223856
    .1626778
    .2635588
    .2241823
    .0846841
   -.0885496
   -.1821602
   -.1491137
   -.0824047
    .0476189
    .1185734
   -.0267668
   -.0021719
    .0232314
    .1034791
    .1157192
   -.1219450
   -.2356280
   -.2658894
   -.2104993
   -.0962943
    .0369417
    .0135991
   -.0557361
   -.2011423
   -.2215904
   -.2032888
   -.2463288
   -.2822848
   -.2743493
   -.2374317
   -.1550548
   -.0085087
    .0389091
    .0131151
   -.0426213
   -.0954492
   -.1284964
   -.1516768
   -.1456719
   -.1498246
   -.1558622
   -.1284323
   -.0306450
    .0640947
    .1299289
    .0843116
    .0266721
   -.0605945
   -.0311915
   -.0189875
    .0235137
    .0309106
    .0142603
   -.0238325
    .1092360
    .1221379
    .0931649
    .0200706
   -.0547735
   -.1091176
   -.1274608
   -.0669712
    .0302872
    .1023957
    .1431891
    .1482632
    .1079021
    .0654381
    .0229537
    .0066538
    .0172792
    .0464450
    .0562400
    .0756286
    .0818263
    .0574824
    .0446965
    .0462103
    .0040685
   -.0398087
   -.1118708
   -.1557687
   -.0302148
    .0663135
    .1280303
    .0889744
   -.0202551
   -.1023907
   -.0554430
   -.0170812
   -.0323881
   -.0959758
   -.1040723
   -.0116672
    .0214806
    .0180428
   -.0428589
   -.0517075
   -.0112223
    .0076934
   -.0390492
   -.1005536
   -.0969584
   -.0658956
   -.0420391
   -.0394101
   -.1010085
   -.1344810
   -.1480678
   -.0873220
   -.0025997
   -.0030253
   -.0182506
   -.0579092
    .0427296
    .2253984
    .2131068
    .1001421
   -.0344839
    .0365297
    .1697682
    .2241130
    .2095058
    .0309280
   -.0074386
   -.0204801
   -.0180225
    .0057407
    .0507943
    .0927075
    .0981020
    .1013113
    .1318142
    .1287165
    .1066966
    .1215031
    .1280822
    .0613716
   -.0424962
   -.0973137
   -.0894008
   -.0897809
   -.1100088
   -.0695323
   -.0400369
   -.0888203
   -.1779687
   -.2095303
   -.1634590
   -.0728499
    .0097833
    .0377812
    .0090984
    .0030139
    .0673504
    .1380263
    .1391094
    .0803388
    .0055081
   -.0518258
   -.0667940
   -.0097462
    .0844283
    .1407112
    .1458794
    .1367274
    .1247212
    .1046073
    .0921291
    .0929415
    .0998926
    .0659324
    .0465583
    .0232105
   -.0343703
   -.0810711
   -.0902863
   -.1116612
   -.0758068
    .0177609
    .0674926
    .0168996
   -.0576753
   -.0356509
    .0112274
    .0544646
    .0975698
    .0821178
    .0069176
   -.0546069
   -.0440597
    .0221163
    .0701117
    .0827994
    .0809911
    .0608682
    .0129818
   -.0351145
   -.0258060
    .0183157
    .0125565
   -.0179683
   -.0216669
    .0276994
    .0826970
    .1100987
    .1312516
    .1019771
    .0179199
   -.0486959
   -.0559471
   -.0248350
    .0302655
    .0818111
    .1133991
    .0967363
    .0294553
   -.0396185
   -.0824811
   -.1144467
   -.1487345
   -.1636254
   -.1503925
   -.1238102
   -.0946973
   -.0633696
   -.0153946
    .0345095
    .0573442
    .0423965
   -.0098284
   -.0743712
   -.1190235
   -.1360797
   -.1289509
   -.0992642
   -.0664697
   -.0588795
   -.0787354
   -.1140602
   -.1433577
   -.1249030
   -.0779899
   -.0393676
   -.0447589
   -.0602542
   -.0780182
   -.1052076
   -.1173402
   -.0902547
   -.0411443
   -.0190660
   -.0362667
   -.0540744
   -.0604297
   -.0515353
   -.0226982
    .0226093
    .0640592
    .0773071
    .0609274
    .0286672
    .0085334
    .0144411
    .0197687
    .0081762
   -.0139195
   -.0444695
   -.0665511
   -.0464147
    .0057469
    .0313281
    .0228220
    .0394759
    .0599821
    .0483221
    .0279622
    .0141962
    .0050279
    .0000571
   -.0035572
    .0037290
    .0134990
    .0070795
   -.0261946
   -.0434624
   -.0315783
   -.0373118
   -.0596007
   -.0629525
   -.0156960
   -.0016206
   -.0301841
   -.0672178
   -.0538270
   -.0321863
   -.0073885
    .0218561
    .0307421
    .0051512
   -.0186806
   -.0188215
   -.0077932
    .0135222
    .0448328
    .0661003
    .0698292
    .0627787
    .0445336
    .0244874
    .0032615
   -.0183699
   -.0256772
   -.0029351
    .0243088
    .0181160
    .0161532
    .0814806
    .1004902
    .0367148
    .0114340
    .0411815
    .0355481
    .0411161
    .0823512
    .0942902
    .0637401
    .0456414
    .0632362
    .0394524
    .0002285
   -.0027484
   -.0139693
   -.0324013
    .0238192
    .0817420
    .0582453
   -.0122249
   -.0265423
   -.0068975
    .0316727
    .0624690
    .0694058
    .0532146
    .0164486
   -.0097026
   -.0024780
    .0370323
    .0875971
    .1215845
    .1272194
    .0862341
    .0156234
   -.0319652
   -.0339562
    .0073056
    .0127814
    .0306170
    .0817869
    .1166997
    .1005215
    .0912038
    .1008574
    .1155350
    .0822656
    .0335295
    .0113194
    .0216227
    .0227727
   -.0035668
   -.0087573
    .0035018
    .0118289
   -.0020235
    .0048044
    .0280513
    .0254083
   -.0157281
   -.0803271
   -.1213001
   -.0814476
    .0101100
    .0525303
    .0402359
    .0293933
    .0250221
    .0156303
   -.0043206
   -.0221856
   -.0344249
   -.0558048
   -.0739462
   -.0690895
   -.0376565
   -.0112537
    .0015038
    .0057763
    .0302003
    .0407279
    .0012211
   -.0494842
   -.0531694
   -.0289621
   -.0115311
   -.0227264
   -.0485153
   -.0851861
   -.1163382
   -.0917925
   -.0337088
    .0022018
    .0199912
    .0222113
    .0052681
   -.0229087
   -.0452118
   -.0430041
   -.0114022
    .0339375
    .0630809
    .0645803
    .0590861
    .0679820
    .0482232
    .0008754
   -.0215995
   -.0137647
   -.0392860
   -.0844049
   -.0877423
   -.0520355
   -.0464962
   -.0515371
   -.0209740
    .0221691
    .0240485
   -.0222573
   -.0764715
   -.0993474
   -.0906081
   -.0606411
   -.0223751
    .0038039
    .0032737
   -.0173701
   -.0456725
   -.0751604
   -.0975617
   -.1019088
   -.0833580
   -.0544778
   -.0193200
    .0220339
    .0323133
    .0105548
   -.0079978
   -.0001628
    .0305701
    .0532419
    .0638314
    .0534017
    .0275525
    .0071076
   -.0098047
   -.0243884
   -.0363255
   -.0475627
   -.0632956
   -.0804436
   -.0749727
   -.0431830
   -.0239008
   -.0443611
   -.0454150
   -.0231822
   -.0270343
   -.0447067
   -.0471671
   -.0378815
   -.0288005
   -.0303350
   -.0204317
    .0016103
   -.0050482
   -.0222137
   -.0179559
    .0199709
    .0596049
    .0526404
    .0193904
    .0227449
    .0504573
    .0398931
    .0385596
    .0710036
    .1203434
    .1245479
    .0929794
    .0872625
    .0999266
    .0670249
    .0103036
   -.0220526
   -.0197678
    .0178321
    .0405804
    .0268096
    .0064525
   -.0090989
   -.0170722
   -.0103065
    .0106228
    .0294584
    .0248564
   -.0016112
   -.0307641
   -.0476978
   -.0423881
   -.0133779
    .0222178
    .0423183
    .0430733
    .0372453
    .0357006
    .0387338
    .0408087
    .0403522
    .0451570
    .0558789
    .0644255
    .0697791
    .0659890
    .0482760
    .0252160
    .0121851
    .0163511
    .0106981
   -.0058421
    .0034999
    .0241241
    .0248914
    .0242997
    .0287483
    .0139543
   -.0039541
   -.0103305
   -.0151247
   -.0267830
   -.0332511
   -.0229176
   -.0049231
    .0038821
    .0071199
    .0143241
    .0176648
    .0066006
    .0004381
    .0081509
    .0125776
    .0035265
   -.0116839
   -.0244809
   -.0254529
   -.0162131
   -.0071163
   -.0021969
    .0003110
    .0027341
    .0064912
    .0101475
    .0131975
    .0092296
   -.0045027
   -.0173281
   -.0143569
   -.0108898
   -.0182907
   -.0207901
   -.0100862
   -.0080118
   -.0165434
   -.0205220
   -.0150104
   -.0177143
   -.0189247
   -.0120833
   -.0073114
   -.0062675
   -.0030878
    .0013894
   -.0025794
   -.0087684
   -.0097899
   -.0058655
   -.0043111
   -.0029831
   -.0040286
   -.0073724
   -.0100957
   -.0098547
   -.0075204
   -.0039017
   -.0000727
   -.0004901
   -.0034498
   -.0040424
   -.0053638
   -.0065044
   -.0087801
   -.0093566
   -.0087922
   -.0079306
   -.0065572
   -.0053086
   -.0050295
   -.0042781
   -.0047346
   -.0061509
   -.0065281
   -.0057990
   -.0044943
   -.0031208
   -.0024189
   -.0006771
    .0005136
    .0015501
    .0019204
    .0020719
    .0020126
    .0022306
    .0025589
    .0032056
    .0036153
    .0037887
    .0036709
    .0036716
    .0035764
    .0035128
    .0034108
    .0031484
    .0029607