    .0087111
    .0084078
    .0087360
    .0087044
    .0087814
    .0087007
    .0087800
    .0088782
    .0087793
    .0086963
    .0087782
    .0086888
    .0087649
    .0086698
    .0087404
    .0086484
    .0087229
    .0086406
    .0087348
    .0086750
    .0087960
    .0087364
    .0088152
    .0087147
    .0087236
    .0086266
    .0086840
    .0085937
    .0086711
    .0085804
    .0086435
    .0085683
    .0086286
    .0085571
    .0086195
    .0085536
    .0086153
    .0085507
    .0086098
    .0085455
    .0086036
    .0085397
    .0085945
    .0085276
    .0085788
    .0085159
    .0085650
    .0084994
    .0085587
    .0085049
    .0085558
    .0084994
    .0085569
    .0085282
    .0085856
    .0084774
    .0083855
    .0080964
    .0078248
    .0075167
    .0073401
    .0074676
    .0079287
    .0083260
    .0096273
    .0104882
    .0110784
    .0112962
    .0106293
    .0106362
    .0105219
    .0100520
    .0103481
    .0104008
    .0102840
    .0103090
    .0104641
    .0101165
    .0094857
    .0090953
    .0085786
    .0082386
    .0085216
    .0084622
    .0089068
    .0094058
    .0098005
    .0101512
    .0104322
    .0103961
    .0102115
    .0099199
    .0095624
    .0091654
    .0088472
    .0083849
    .0080895
    .0078527
    .0078800
    .0078710
    .0078109
    .0078297
    .0079141
    .0079636
    .0078109
    .0073727
    .0097985
    .0106159
    .0107334
    .0113073
    .0108538
    .0111309
    .0114708
    .0126159
    .0166839
    .0193613
    .0245688
    .0267695
    .0222358
    .0216444
    .0187881
    .0149975
    .0146810
    .0119566
    .0077368
    .0056271
    .0041333
    .0027302
    .0021802
    .0019308
    .0017515
    .0016836
    .0016562
    .0016280
    .0016648
    .0016364
    .0018632
    .0018625
    .0008634
    .0035117
    .0110270
    .0150866
    .0222126
    .0270510
    .0250636
    .0254877
    .0264873
    .0242779
    .0215914
    .0199126
    .0196791
    .0163643
    .0083184
    .0065041
    .0068275
    .0049065
    .0054420
    .0055378
    .0042634
    .0052198
    .0078282
    .0105396
    .0148709
    .0198184
    .0255247
    .0305396
    .0326706
    .0334276
    .0333103
    .0353405
    .0371590
    .0372380
    .0395310
    .0391497
    .0353493
    .0323828
    .0244408
    .0203447
    .0179068
    .0144042
    .0249508
    .0254030
    .0231212
    .0255816
    .0238815
    .0230290
    .0256580
    .0226301
    .0147088
    .0103363
    .0029054
   -.0011512
    .0017946
    .0006652
    .0040825
    .0084653
    .0111158
    .0136463
    .0154682
    .0162056
    .0156575
    .0142179
    .0123629
    .0101839
    .0076993
    .0142916
    .0271484
    .0342634
    .0467725
    .0549442
    .0503440
    .0533154
    .0565842
    .0553241
    .0546110
    .0529504
    .0513549
    .0486789
    .0440602
    .0409591
    .0391330
    .0374418
    .0367629
    .0366978
    .0376042
    .0383923
    .0383258
    .0380834
    .0376504
    .0376171
    .0371433
    .0364363
    .0361557
    .0352267
    .0352074
    .0330612
    .0268821
    .0230493
    .0176138
    .0119110
    .0091997
    .0038752
   -.0019796
   -.0062634
   -.0124725
   -.0158623
   -.0147381
   -.0170436
   -.0157922
   -.0190040
   -.0321104
   -.0372077
   -.0483073
   -.0546810
   -.0480104
   -.0473433
   -.0374991
   -.0300145
   -.0273809
   -.0215530
   -.0218845
   -.0207123
   -.0185156
   -.0180926
   -.0172602
   -.0162172
   -.0132486
   -.0122055
   -.0182741
   -.0163245
   -.0095558
   -.0027977
    .0071530
    .0182207
    .0304518
    .0410682
    .0492247
    .0442916
    .0249085
    .0151402
   -.0036875
   -.0169556
   -.0092115
   -.0134655
   -.0069351
   -.0029420
   -.0027433
   -.0001776
   -.0033126
   -.0085245
   -.0140043
   -.0246555
   -.0416812
   -.0506488
   -.0573901
   -.0631095
   -.0532425
   -.0477869
   -.0465185
   -.0352344
   -.0210851
   -.0075233
    .0053885
    .0153424
    .0225716
    .0212853
   -.0000347
   -.0090529
   -.0252244
   -.0380703
   -.0319124
   -.0375977
   -.0395970
   -.0355291
   -.0349005
   -.0282733
   -.0159181
   -.0050567
    .0049127
    .0143030
    .0220242
    .0192144
    .0029269
   -.0069532
   -.0162473
   -.0305194
   -.0349772
   -.0350250
   -.0286355
   -.0196059
   -.0075434
    .0014350
    .0073436
    .0105734
    .0097123
    .0064657
    .0020606
   -.0031870
   -.0090831
   -.0138345
   -.0166418
   -.0183087
   -.0156999
   -.0126170
   -.0071019
   -.0006879
    .0057381
    .0107854
    .0146364
    .0100320
   -.0007459
   -.0053419
   -.0148045
   -.0279157
   -.0392891
   -.0492586
   -.0648183
   -.0669602
   -.0563923
   -.0533741
   -.0505595
   -.0435396
   -.0417644
   -.0391606
   -.0391859
   -.0387384
   -.0366303
   -.0358961
   -.0376852
   -.0333741
   -.0223080
   -.0165062
   -.0058155
   -.0003195
   -.0062952
   -.0071851
   -.0146838
   -.0239161
   -.0261233
   -.0267654
   -.0258220
   -.0306475
   -.0358572
   -.0372291
   -.0443589
   -.0445473
   -.0351609
   -.0288329
   -.0112157
    .0003173
    .0073677
    .0154892
    .0110464
    .0091758
    .0059886
   -.0008000
   -.0047915
   -.0055038
    .0033703
    .0151014
    .0272212
    .0196088
   -.0002860
   -.0059909
   -.0260874
   -.0365412
   -.0185578
   -.0188102
   -.0061820
    .0012832
   -.0080564
   -.0075626
   -.0171372
   -.0226726
   -.0254797
   -.0258115
   -.0137969
   -.0046341
    .0170126
    .0306529
    .0396953
    .0437308
    .0232231
    .0160377
    .0019334
   -.0110182
   -.0021106
   -.0105201
   -.0179059
   -.0223510
   -.0388279
   -.0462744
   -.0520124
   -.0556922
   -.0482697
   -.0436041
   -.0321094
   -.0234478
   -.0179531
   -.0138467
   -.0240475
   -.0273894
   -.0357153
   -.0411315
   -.0349836
   -.0344126
   -.0282081
   -.0207110
   -.0154185
   -.0099625
   -.0054897
   -.0040396
   -.0069318
   -.0108663
   -.0201318
   -.0292610
   -.0409128
   -.0518215
   -.0607229
   -.0691581
   -.0709804
   -.0756254
   -.0784055
   -.0795204
   -.0866543
   -.0908164
   -.0892638
   -.0987105
   -.1125154
   -.1204203
   -.1333216
   -.1411485
   -.1343585
   -.1371056
   -.1407484
   -.1397840
   -.1380497
   -.1348565
   -.1317658
   -.1286274
   -.1252125
   -.1217139
   -.1180527
   -.1142184
   -.1102775
   -.1098678
   -.1115891
   -.1108650
   -.1124237
   -.1123266
   -.1071291
   -.1041361
   -.0979232
   -.0924522
   -.0892739
   -.0859648
   -.0835138
   -.0815347
   -.0804213
   -.0794682
   -.0782368
   -.0766664
   -.0746982
   -.0739427
   -.0737267
   -.0730552
   -.0732081
   -.0719262
   -.0688145
   -.0659393
   -.0620644
   -.0573247
   -.0527702
   -.0488596
   -.0462591
   -.0416335
   -.0349162
   -.0324341
   -.0308962
   -.0276540
   -.0264978
   -.0248231
   -.0219041
   -.0209262
   -.0216514
   -.0226723
   -.0249740
   -.0275689
   -.0312260
   -.0340684
   -.0335256
   -.0346716
   -.0382205
   -.0371701
   -.0347743
   -.0328592
   -.0286521
   -.0240173
   -.0204849
   -.0171097
   -.0140960
   -.0189767
   -.0182710
   -.0184727
   -.0253218
   -.0223517
   -.0160924
   -.0039240
    .0021086
    .0208559
    .0379835
    .0429032
    .0683347
    .0907961
    .1123659
    .1527544
    .1746708
    .2013857
    .2329564
    .2681144
    .2959920
    .3263309
    .3558907
    .3865309
    .4109471
    .4351270
    .4499405
    .4628432
    .4715929
    .4775526
    .4884331
    .5051623
    .5154859
    .5224930
    .5212858
    .5186735
    .5152785
    .5116608
    .5004456
    .4950600
    .4756708
    .4645290
    .4584732
    .4454755
    .4309155
    .4278286
    .4164977
    .4039058
    .3969660
    .3834239
    .3601362
    .3390577
    .3242062
    .3081410
    .2971499
    .2932386
    .2874335
    .2909265
    .2846905
    .2780840
    .2670911
    .2610343
    .2464730
    .2392806
    .2353051
    .2360345
    .2380241
    .2455008
    .2484793
    .2576256
    .2670726
    .2712026
    .2815480
    .2883731
    .2888748
    .2955957
    .2973910
    .3022360
    .3028237
    .3068820
    .3063561
    .3085213
    .3108699
    .3107432
    .3081920
    .3052876
    .3021759
    .2897651
    .2767799
    .2614964
    .2503335
    .2354870
    .2190671
    .2048273
    .1921547
    .1744800
    .1573743
    .1423912
    .1237231
    .1047786
    .0855273
    .0650899
    .0518445
    .0308826
    .0222058
    .0152382
    .0042059
    .0046355
    .0116575
    .0072635
    .0096966
    .0098370
    .0082366
    .0121125
    .0233869
    .0359528
    .0417359
    .0434696
    .0566805
    .0515943
    .0422676
    .0234150
    .0074193
   -.0412109
   -.0605147
   -.0701841
   -.0764482
   -.0845822
   -.0912174
   -.0901807
   -.0821660
   -.0451090
   -.0489805
   -.0400477
   -.0396996
   -.0352501
   -.0330430
   -.0350995
   -.0355211
   -.0270269
   -.0234239
   -.0161979
    .0044336
    .0052100
   -.0046263
   -.0072909
   -.0318584
   -.0379473
   -.0658943
   -.1004876
   -.1264020
   -.1674260
   -.1763232
   -.2179296
   -.2173077
   -.2135645
   -.2119085
   -.2092264
   -.2033815
   -.1961718
   -.1948842
   -.1877553
   -.1875171
   -.1766150
   -.1625085
   -.1201751
   -.0929880
   -.0784286
   -.0700619
   -.0580521
   -.0424843
   -.0194137
   -.0190782
   -.0297389
   -.0367666
   -.0537426
   -.0906498
   -.1072798
   -.1377671
   -.1363040
   -.1579242
   -.1793659
   -.1884121
   -.1883861
   -.1978038
   -.2025185
   -.2012555
   -.2196851
   -.2238054
   -.2163776
   -.2000213
   -.1922097
   -.1758051
   -.1621536
   -.1360391
   -.1166012
   -.0967245
   -.0912663
   -.0875770
   -.0817067
   -.0811443
   -.0826762
   -.0849921
   -.0959910
   -.1023858
   -.1042127
   -.1081759
   -.1127253
   -.1254110
   -.1302638
   -.1190671
   -.1410780
   -.1359759
   -.1383142
   -.1332281
   -.1365118
   -.1352714
   -.1286244
   -.1310403
   -.1247787
   -.1190226
   -.1222498
   -.1231387
   -.1111259
   -.1090812
   -.1074562
   -.1055796
   -.1022021
   -.0945146
   -.0929454
   -.0910272
   -.0869034
   -.0858574
   -.0882540
   -.0911439
   -.0933187
   -.0976215
   -.1043412
   -.1055118
   -.1080289
   -.1101014
   -.1093363
   -.1076495
   -.1086518
   -.1082647
   -.1089681
   -.1073133
   -.1084639
   -.1117720
   -.1159741
   -.1165054
   -.1190300
   -.1203791
   -.1201852
   -.1118969
   -.1077729
   -.1063381
   -.1047132
   -.1039240
   -.1056880
   -.1123633
   -.1169722
   -.1236121
   -.1312926
   -.1388070
   -.1407768
   -.1476578
   -.1538452
   -.1567560
   -.1687775
   -.1777791
   -.1838216
   -.1986972
   -.2108115
   -.2125193
   -.2185291
   -.2200952
   -.2172495
   -.2185153
   -.2269747
   -.2265225
   -.2248452
   -.2232305
   -.2107803
   -.2138445
   -.2081698
   -.1926684
   -.1886101
   -.1754304
   -.1722618
   -.1730550
   -.1736553
   -.1734888
   -.1715365
   -.1684232
   -.1670531
   -.1662127
   -.1631687
   -.1614462
   -.1596030
   -.1587755
   -.1585571
   -.1573234
   -.1555354
   -.1585015
   -.1566959
   -.1548997
   -.1486645
   -.1387500
   -.1314364
   -.1192484
   -.1077554
   -.1014831
   -.0927029
   -.0849957
   -.0800587
   -.0785027
   -.0794725
   -.0790713
   -.0825191
   -.0851725
   -.0822653
   -.0785790
   -.0732380
   -.0583843
   -.0488241
   -.0432010
   -.0389816
   -.0423271
   -.0416580
   -.0373686
   -.0321106
   -.0277242
   -.0207553
   -.0091079
   -.0001682
    .0111268
    .0199724
    .0251940
    .0308045
    .0364120
    .0354978
    .0452694
    .0504570
    .0571735
    .0663340
    .0770398
    .0798396
    .0877399
    .0902815
    .0854282
    .0833543
    .0781248
    .0696294
    .0581336
    .0530167
    .0457005
    .0413255
    .0375114
    .0378907
    .0369925
    .0345265
    .0313322
    .0273716
    .0304473
    .0395686
    .0479159
    .0581595
    .0782847
    .1145315
    .1301181
    .1360600
    .1476363
    .1474538
    .1335418
    .1214414
    .0886081
    .0875199
    .0877959
    .0841158
    .0873508
    .0786473
    .0683554
    .0711627
    .0709078
    .0797533
    .0815828
    .1049741
    .1107081
    .1175172
    .1211406
    .1276769
    .1477930
    .1543144
    .1720703
    .1779179
    .1691235
    .1487252
    .1307650
    .1158843
    .0662720
    .0358790
    .0260709
    .0192696
    .0131677
   -.0103869
   -.0216624
   -.0294042
   -.0334325
   -.0404608
   -.0451806
   -.0424779
   -.0428235
   -.0396901
   -.0330184
   -.0317267
   -.0257259
   -.0228599
   -.0181398
   -.0132163
   -.0084228
   -.0086414
   -.0096703
   -.0069864
   -.0057101
   -.0047449
   -.0008199
   -.0060028
   -.0063514
   -.0023682
   -.0023005
   -.0065316
   -.0066121
   -.0026915
   -.0032790
   -.0018403
    .0000148
    .0017496
    .0012827
    .0043559
    .0066428
    .0069558
    .0076744
    .0083186
    .0098005
    .0130908
    .0144527
    .0160782
    .0165115
    .0125297
    .0137930
    .0188142
    .0187760
    .0230764
    .0285276
    .0340464
    .0384445
    .0429936
    .0487962
    .0555389
    .0595241
    .0654105
    .0708371
    .0736992
    .0760668
    .0787854
    .0785173
    .0776852
    .0869111
    .0946701
    .0916564
    .1016300
    .1181075
    .1181402
    .1244610
    .1309664
    .1302310
    .1307292
    .1336215
    .1352911
    .1394648
    .1426418
    .1523969
    .1590982
    .1632395
    .1691027
    .1729487
    .1730417
    .1702794
    .1665513
    .1621623
    .1574427
    .1533564
    .1525634
    .1517571
    .1467031
    .1422365
    .1403797
    .1342516
    .1253413
    .1167875
    .1082452
    .1056216
    .1038369
    .1046129
    .1048388
    .1060550
    .1052883
    .1009656
    .0953406
    .0920706
    .0850679
    .0828382
    .0779148
    .0766050
    .0770806
    .0724645
    .0727370
    .0709549
    .0639705
    .0565058
    .0496669
    .0420359
    .0302978
    .0257891
    .0217803
    .0158138
    .0141975
    .0043103
   -.0007752
   -.0021490
   -.0058016
   -.0109366
   -.0133837
   -.0159362
   -.0174096
   -.0147216
   -.0118409
   -.0083603
   -.0028744
    .0002279
   -.0018510
   -.0028327
   -.0040021
   -.0040610
   -.0005178
    .0059077
    .0095597
    .0150149
    .0199306
    .0235324
    .0257405
    .0355941
    .0365556
    .0296397
    .0309401
    .0292020
    .0155914
    .0153776
    .0105253
    .0090196
    .0080609
    .0106625
    .0133566
    .0146675
    .0171944
    .0209968
    .0215382
    .0273318
    .0318874
    .0362282
    .0413443
    .0519526
    .0652698
    .0773433
    .0961428
    .0988065
    .1055853
    .1087863
    .1065847
    .1016191
    .0949642
    .0773761
    .0692757
    .0563598
    .0591712
    .0590184
    .0601290
    .0620103
    .0596508
    .0490283
    .0344183
    .0194386
    .0080262
    .0080730
    .0101128
    .0191171
    .0309383
    .0319355
    .0336571
    .0333110
    .0297007
    .0293509
    .0236317
    .0187938
    .0189281
    .0269758
    .0330169
    .0459206
    .0624316
    .0761972
    .0752534
    .0725651
    .0661551
    .0570054
    .0478544
    .0423600
    .0364703
    .0228423
    .0202881
    .0221562
    .0192741
   -.0023242
   -.0064000
   -.0181724
   -.0305790
   -.0370020
   -.0398358
   -.0375535
   -.0337848
   -.0160463
   -.0123653
   -.0108411
   -.0059226
   -.0085213
   -.0064056
   -.0050890
    .0156374
    .0265221
    .0342199
    .0351008
    .0392638
    .0325323
    .0206519
    .0121194
    .0100863
    .0035889
    .0018805
   -.0038055
   -.0053704
   -.0119311
   -.0270581
   -.0363710
   -.0456073
   -.0561069
   -.0664406
   -.0645935
   -.0644159
   -.0625728
   -.0481618
   -.0454281
   -.0394293
   -.0270548
   -.0245346
   -.0263391
   -.0270360
   -.0247834
   -.0219368
   -.0148565
   -.0162993
   -.0114594
   -.0083454
   -.0083960
   -.0186759
   -.0296008
   -.0405707
   -.0521201
   -.0579097
   -.0661546
   -.0654229
   -.0649682
   -.0763912
   -.0761404
   -.0791253
   -.0853184
   -.0897735
   -.0906621
   -.0865197
   -.0799856
   -.0643460
   -.0507475
   -.0405637
   -.0355473
   -.0190794
   -.0145224
   -.0145166
   -.0174353
   -.0188435
   -.0187097
   -.0171812
   -.0200634
   -.0192081
   -.0122108
   -.0087060
   -.0140017
   -.0022513
   -.0127542
   -.0289489
   -.0371329
   -.0339847
   -.0438257
   -.0446319
   -.0477336
   -.0441218
   -.0362667
   -.0244727
   -.0314480
   -.0300447
   -.0178735
   -.0342461
   -.0316743
   -.0296360
   -.0134053
   -.0151129
   -.0111059
    .0093527
    .0212595
    .0270026
    .0247995
    .0343407
    .0497031
    .0513285
    .0455795
    .0472942
    .0474850
    .0481045
    .0516197
    .0596224
    .0667539
    .0675644
    .0722698
    .0740579
    .0767172
    .0823075
    .0812073
    .0858743
    .0932089
    .0950596
    .0987922
    .1040194
    .1061901
    .1111820
    .1150357
    .1188338
    .1234493
    .1236723
    .1265081
    .1274434
    .1281665
    .1272408
    .1268090
    .1262597
    .1241616
    .1225866
    .1200396
    .1176069
    .1149605
    .1073539
    .0991864
    .0883172
    .0770543
    .0618970
    .0473403
    .0284123
    .0139910
    .0061244
   -.0037012
   -.0147600
   -.0270118
   -.0398406
   -.0490956
   -.0598247
   -.0700239
   -.0805083
   -.0893906
   -.0964180
   -.1082728
   -.1147548
   -.1190324
   -.1207905
   -.1187369
   -.1178520
   -.1148399
   -.1091180
   -.1040037
   -.0958925
   -.0991998
   -.0985658
   -.0923259
   -.0855549
   -.0768922
   -.0656516
   -.0543328
   -.0420703
   -.0331029
   -.0245101
   -.0202789
   -.0170560
   -.0141921
   -.0182590
   -.0097949
   -.0028579
   -.0003477
    .0008991
    .0091016
    .0117619
    .0120092
    .0048946
    .0049193
   -.0137409
   -.0202438
   -.0118171
   -.0175227
   -.0084213
   -.0021633
    .0029639
    .0074725
    .0142684
    .0185573
    .0237533
    .0320326
    .0364987
    .0447354
    .0483346
    .0496056
    .0507406
    .0536528
    .0562767
    .0531583
    .0525153
    .0551327
    .0551032
    .0499555
    .0487393
    .0481361
    .0449535
    .0426550
    .0431943
    .0461802
    .0509827
    .0584094
    .0618755
    .0658164
    .0682286
    .0723931
    .0724126
    .0663430
    .0627890
    .0589283
    .0541915
    .0554070
    .0617288
    .0661492
    .0655265
    .0622858
    .0620290
    .0583359
    .0490719
    .0428071
    .0336820
    .0267629
    .0136353
   -.0023262
   -.0047065
   -.0127658
   -.0224047
   -.0193185
   -.0341777
   -.0298552
   -.0266574
   -.0451537
   -.0489443
   -.0477035
   -.0431161
   -.0393903
   -.0246415
   -.0046177
    .0108593
    .0243480
    .0398687
    .0434420
    .0393307
    .0288908
    .0299683
    .0334658
    .0400454
    .0631583
    .0640667
    .0641991
    .0588098
    .0468627
    .0333015
    .0243617
    .0054099
   -.0084615
   -.0211271
   -.0183442
   -.0341921
   -.0267378
   -.0184169
   -.0647489
   -.0877674
   -.0833444
   -.0979083
   -.1156389
   -.1213166
   -.1172520
   -.1245604
   -.1302901
   -.1159742
   -.0901153
   -.0785869
   -.0700382
   -.0708014
   -.0688172
   -.0728129
   -.0827577
   -.0819990
   -.0766397
   -.0727921
   -.0620366
   -.0492156
   -.0378250
   -.0348277
   -.0261463
   -.0147345
   -.0080601
    .0021277
    .0089678
    .0043680
   -.0053090
   -.0137840
   -.0271975
   -.0337139
   -.0392868
   -.0421915
   -.0461432
   -.0422912
   -.0346910
   -.0342826
   -.0305746
   -.0130994
   -.0194808
   -.0181323
   -.0217173
   -.0244937
   -.0302015
   -.0344553
   -.0315065
   -.0321144
   -.0284554
   -.0232600
   -.0106599
   -.0068451
   -.0028132
   -.0010043
   -.0025242
   -.0140704
   -.0166488
   -.0220125
   -.0195038
   -.0176787
   -.0112553
   -.0068520
   -.0045890
   -.0094450
   -.0176189
   -.0226244
   -.0262180
   -.0341793
   -.0382204
   -.0399969
   -.0363896
   -.0292799
   -.0228186
   -.0169825
   -.0115619
   -.0116865
   -.0194538
   -.0242886
   -.0264382
   -.0313866
   -.0297506
   -.0181164
   -.0135200
   -.0074090
    .0043554
    .0064264
    .0029278
    .0016011
    .0009353
   -.0059402
   -.0076415
   -.0042861
   -.0011340
    .0056957
    .0073729
    .0098245
    .0095770
    .0088539
    .0062984
    .0029492
   -.0004162
    .0005931
    .0027593
    .0072182
    .0101166
    .0124139
    .0172781
    .0213035
    .0237064
    .0220913
    .0236703
    .0227757
    .0231852
    .0216581
    .0226241
    .0238472
    .0253689
    .0255522
    .0257341
    .0249754
    .0271154
    .0279666
    .0268378
    .0281741
    .0308836
    .0326406
    .0355918
    .0387864
    .0409256
    .0426055
    .0453115
    .0456917
    .0472319
    .0506213
    .0523329
    .0542695
    .0565578
    .0578040
    .0619822
    .0617255
    .0631875
    .0663661
    .0712626
    .0735530
    .0744955
    .0848974
    .0897972
    .0877658
    .0885332
    .0873404
    .0916497
    .0948437
    .1031510
    .1092883
    .1098660
    .1094468
    .1083644
    .1041886
    .0968291
    .0852172
    .0763370
    .0710524
    .0655428
    .0571669
    .0478079
    .0396616
    .0325680
    .0253396
    .0191184
    .0135589
    .0096827
    .0068360
    .0011216
   -.0077866
   -.0122123
   -.0074116
   -.0067386
   -.0025933
   -.0005664
   -.0000125
   -.0000065
    .0012775
    .0215472
    .0264935
    .0309366
    .0314883
    .0275338
    .0199835
    .0107082
   -.0009163
   -.0132710
   -.0254295
   -.0245699
   -.0420581
   -.0507603
   -.0511770
   -.0496675
   -.0555837
   -.0565732
   -.0602395
   -.0606306
   -.0538728
   -.0440111
   -.0266626
   -.0052404
    .0102825
    .0368922
    .0669862
    .0846636
    .0923583
    .0973872
    .0980166
    .0983872
    .0958796
    .0753850
    .0747358
    .0728157
    .0459494
    .0404481
    .0349737
    .0208599
    .0017954
   -.0000845
   -.0037280
    .0004995
    .0050659
    .0102152
    .0177248
    .0273664
    .0342810
    .0448375
    .0524137
    .0608211
    .0696609
    .0784078
    .0979992
    .1011917
    .1006461
    .0968223
    .0872822
    .0840794
    .0809597
    .0729179
    .0394051
    .0291045
    .0211970
    .0127954
    .0084713
    .0143696
    .0082508
    .0022089
   -.0001003
   -.0120466
   -.0305250
   -.0362894
   -.0307028
   -.0238460
   -.0160537
    .0039651
    .0132779
    .0175439
    .0280438
    .0363611
    .0485859
    .0497158
    .0470626
    .0431039
    .0385158
    .0420523
    .0477518
    .0476151
    .0384294
    .0390787
    .0422206
    .0318135
    .0138157
   -.0133550
   -.0187537
   -.0207982
   -.0221203
   -.0214031
   -.0213264
   -.0208799
   -.0153725
   -.0108384
    .0052469
    .0073685
    .0155927
    .0232808
    .0298363
    .0283259
    .0331806
    .0365471
    .0393145
    .0397816
    .0402263
    .0387653
    .0360440
    .0325618
    .0306570
    .0274191
    .0249528
    .0240294
    .0242730
    .0234203
    .0232237
    .0219123
    .0191129
    .0168926
    .0146578
    .0119599
    .0093604
    .0072737
    .0055425
    .0042680
    .0040486
    .0054637
    .0065733
    .0076415
    .0078243
    .0074366
    .0078388
    .0121420
    .0130862
    .0174519
    .0203473
    .0206163
    .0199293
    .0210094
    .0217747
    .0202254
    .0186215
    .0211729
    .0243247
    .0280879
    .0295744
    .0331036
    .0343739
    .0315529
    .0285443
    .0246203
    .0210445
    .0177549
    .0154579
    .0130878
    .0171053
    .0172489
    .0157304
    .0176063
    .0168638
    .0157410
    .0150970
    .0154424
    .0162795
    .0181606
    .0188132
    .0226570
    .0252192
    .0263602
    .0274139
    .0284169
    .0282150
    .0263043
    .0247364
    .0218450
    .0184309
    .0170292
    .0154398
    .0147572
    .0140539
    .0134345
    .0114011
    .0081645
    .0044088
   -.0035059
   -.0065099
   -.0145684
   -.0180298
   -.0232353
   -.0240241
   -.0224024
   -.0217666
   -.0195917
   -.0143846
   -.0113487
   -.0064953
   -.0052238
   -.0022317
   -.0020974
   -.0008862
    .0014982
    .0082713
    .0119452
    .0190475
    .0263988
    .0332316
    .0367813
    .0394203
    .0407577
    .0393963
    .0381431
    .0305275
    .0147932
    .0082274
   -.0016242
   -.0030052
   -.0055897
   -.0114559
   -.0135656
   -.0156950
   -.0183274
   -.0191441
   -.0166107
   -.0170152
   -.0168553
   -.0140382
   -.0066446
    .0021768
    .0064821
    .0126476
    .0199376
    .0268554
    .0291314
    .0345904
    .0352029
    .0402996
    .0475646
    .0497662
    .0508939
    .0518243
    .0526883
    .0551819
    .0524108
    .0447800
    .0368042
    .0324007
    .0281336
    .0219500
    .0118998
    .0009678
   -.0082426
   -.0104391
   -.0141824
   -.0146879
   -.0137746
   -.0147606
   -.0193878
   -.0193213
   -.0170952
   -.0150874
   -.0132101
    .0051569
    .0138617
    .0214680
    .0271194
    .0322246
    .0374679
    .0481533
    .0551897
    .0589557
    .0634481
    .0613342
    .0578574
    .0563860
    .0492955
    .0459828
    .0485683
    .0446368
    .0375591
    .0308464
    .0202713
    .0136644
   -.0035584
   -.0161713
   -.0315682
   -.0348687
   -.0332497
   -.0226061
   -.0166643
   -.0114247
   -.0107141
   -.0097523
    .0018945
    .0119823
    .0199045
    .0222333
    .0275773
    .0337342
    .0363629
    .0421338
    .0471242
    .0494738
    .0500098
    .0445257
    .0304064
    .0240983
    .0116531
    .0069460
    .0012499
   -.0019167
   -.0056926
   -.0127537
   -.0119213
   -.0140013
   -.0131925
   -.0137321
   -.0125307
   -.0081765
   -.0033526
    .0007998
    .0039289
    .0065237
    .0070174
    .0088789
    .0178378
    .0199843
    .0263776
    .0319384
    .0340126
    .0373364
    .0428761
    .0466057
    .0470165
    .0460743
    .0458440
    .0449644
    .0435774
    .0396403
    .0360927
    .0328092
    .0286716
    .0263579
    .0230254
    .0173243
    .0117744
    .0049179
    .0005762
   -.0029715
   -.0069300
   -.0109602
   -.0133417
   -.0150478
   -.0167583
   -.0188899
   -.0201121
   -.0205118
   -.0214355
   -.0204924
   -.0202939
   -.0206905
   -.0214087
   -.0217806
   -.0213404
   -.0221281
   -.0212508
   -.0209860
   -.0207666
   -.0210878
   -.0207073
   -.0206372
   -.0202251
   -.0224071
   -.0219259
   -.0228423
   -.0258437
   -.0286641
   -.0324604
   -.0346551
   -.0360244
   -.0369322
   -.0374585
   -.0380649
   -.0382102
   -.0385817
   -.0391065
   -.0397217
   -.0401929
   -.0405489
   -.0422037
   -.0436968
   -.0447748
   -.0436847
   -.0425535
   -.0388935
   -.0365099
   -.0374154
   -.0359496
   -.0376407
   -.0388770
   -.0375744
   -.0381821
   -.0370202
   -.0360107
   -.0359080
   -.0354415
   -.0354701
   -.0363187
   -.0378405
   -.0387909
   -.0401847
   -.0406293
   -.0401492
   -.0389724
   -.0352374
   -.0321692
   -.0256025
   -.0202131
   -.0202909
   -.0153593
   -.0131979
   -.0098900
    .0018324
    .0081398
    .0133813
    .0203680
    .0221950
    .0257365
    .0286914
    .0300308
    .0313223
    .0314168
    .0310193
    .0301397
    .0284895
    .0264566
    .0239686
    .0211974
    .0181768
    .0150178
    .0116332
    .0087851
    .0065174
    .0043444
    .0036292
    .0019814
    .0006582
   -.0010495
   -.0038753
   -.0066683
   -.0112933
   -.0152637
   -.0207054
   -.0252936
   -.0246908
   -.0279825
   -.0279798
   -.0283947
   -.0349967
   -.0373723
   -.0381764
   -.0404471
   -.0406737
   -.0404227
   -.0401853
   -.0392486
   -.0381023
   -.0371752
   -.0354338
   -.0330513
   -.0304835
   -.0279056
   -.0254013
   -.0229295
   -.0205925
   -.0185920
   -.0169691
   -.0160370
   -.0162209
   -.0165141
   -.0171673
   -.0183039
   -.0194351
   -.0203596
   -.0209554
   -.0213145
   -.0210380
   -.0203193
   -.0192127
   -.0179939
   -.0157887
   -.0132099
   -.0149980
   -.0111441
   -.0056672
   -.0023114
    .0063426
    .0135785
    .0195202
    .0255950
    .0278788
    .0301029
    .0288489
    .0252473
    .0216451
    .0181309
    .0149033
    .0111725
    .0076697
    .0044487
    .0016098
   -.0009447
   -.0032753
   -.0052395
   -.0070614
   -.0087134
   -.0102908
   -.0118159
   -.0133203
   -.0149710
   -.0167367
   -.0195293
   -.0226952
   -.0248929
   -.0270655
   -.0304970
   -.0337444
   -.0358404
   -.0378241
   -.0392738
   -.0376098
   -.0372335
   -.0371449
   -.0356357
   -.0352992
   -.0346225
   -.0331271
   -.0317263
   -.0301369
   -.0284396
   -.0267689
   -.0249629
   -.0232307
   -.0214933
   -.0197258
   -.0179414
   -.0160875
   -.0141732
   -.0121967
   -.0101986
   -.0081548
   -.0059890
   -.0041329
   -.0014358
    .0028213
    .0063018
    .0095623
    .0135531
    .0168077
    .0197021
    .0257746
    .0296443
    .0306525
    .0335747
    .0336597
    .0334770
    .0361426
    .0378038
    .0384940
    .0379830
    .0369381
    .0349348
    .0289841
    .0245756
    .0212716
    .0172249
    .0180733
    .0159749
    .0133439
    .0126191
    .0110361
    .0088250
    .0067295
    .0046438
    .0026932
    .0009254
   -.0006696
   -.0019654
   -.0029714
   -.0036035
   -.0038638
   -.0037031
   -.0031196
   -.0020975
   -.0006507
    .0012160
    .0034846
    .0060989
    .0089341
    .0123314
    .0163735
    .0203210
    .0248714
    .0291799
    .0326406
    .0362463
    .0377185
    .0404849
    .0437033
    .0462458
    .0518205
    .0548156
    .0547941
    .0572727
    .0567574
    .0562466
    .0590417
    .0588363
    .0578482
    .0574103
    .0540755
    .0517268
    .0501190
    .0473211
    .0455841
    .0433883
    .0414401
    .0392544
    .0362974
    .0336958
    .0295398
    .0257613
    .0217462
    .0179451
    .0153076
    .0130891
    .0117480
    .0115622
    .0126293
    .0136155
    .0149893
    .0167982
    .0171496
    .0184697
    .0190950
    .0196852
    .0206119
    .0209913
    .0221907
    .0226960
    .0222454
    .0221530
    .0200503
    .0189087
    .0182619
    .0176713
    .0197163
    .0207618
    .0233130
    .0261869
    .0277155
    .0301392
    .0322827
    .0323544
    .0306109
    .0313157
    .0312007
    .0310403
    .0355231
    .0377886
    .0398861
    .0432616
    .0455522
    .0478746
    .0501860
    .0530399
    .0570561
    .0600322
    .0617000
    .0665910
    .0746753
    .0769209
    .0742688
    .0772881
    .0780005
    .0773193
    .0785064
    .0792423
    .0786802
    .0776476
    .0755394
    .0728922
    .0697514
    .0661673
    .0626107
    .0587258
    .0551816
    .0517401
    .0486961
    .0459828
    .0436521
    .0416401
    .0400194
    .0382825
    .0365988
    .0347337
    .0323634
    .0298834
    .0271527
    .0240755
    .0207927
    .0176606
    .0144549
    .0125792
    .0116706
    .0108982
    .0112718
    .0117184
    .0122345
    .0123036
    .0121028
    .0119575
    .0112125
    .0104060
    .0094015
    .0081493
    .0067480
    .0052248
    .0036330
    .0020442
    .0005613
   -.0006301
   -.0014545
   -.0017849
   -.0016187
   -.0010649
   -.0000216
    .0015434
    .0034474
    .0059746
    .0092240
    .0125380
    .0160113
    .0192460
    .0226078
    .0254163
    .0277670
    .0297121
    .0307195
    .0312558
    .0308788
    .0299336
    .0283458
    .0262151
    .0234995
    .0202039
    .0161236
    .0131296
    .0111660
    .0088048
    .0066271
    .0038474
    .0007321
   -.0012926
   -.0029486
   -.0042549
   -.0041094
   -.0038330
   -.0033464
   -.0039681
   -.0054246
   -.0070210
   -.0084372
   -.0098294
   -.0105384
   -.0113237
   -.0110612
   -.0103158
   -.0084835
   -.0058355
   -.0022838
    .0019053
    .0065228
    .0108712
    .0151719
    .0193086
    .0226720
    .0255804
    .0274306
    .0294307
    .0315472
    .0342036
    .0371309
    .0387473
    .0401738
    .0413357
    .0400750
    .0382498
    .0362593
    .0343107
    .0319258
    .0290739
    .0269045
    .0247720
    .0223422
    .0200131
    .0177573
    .0155819
    .0134400
    .0112685
    .0091227
    .0069118
    .0046611
    .0018375
   -.0018473
   -.0044714
   -.0087197
   -.0117157
   -.0125503
   -.0139525
   -.0115097
   -.0096553
   -.0072960
   -.0045716
   -.0050314
   -.0029228
   -.0021952
   -.0019283
    .0008484
    .0012338
    .0010354
    .0008316
   -.0027881
   -.0043862
   -.0053312
   -.0074986
   -.0066445
   -.0063448
   -.0069489
   -.0055454
   -.0035664
   -.0021867
   -.0008952
    .0009254
    .0028417
    .0048587
    .0069692
    .0090920
    .0111416
    .0133125
    .0158903
    .0178238
    .0181833
    .0189798
    .0205520
    .0233187
    .0267061
    .0293147
    .0326232
    .0369133
    .0408832
    .0420545
    .0392417
    .0397322
    .0395467
    .0392342
    .0465700
    .0500022
    .0499869
    .0541049
    .0542714
    .0532739
    .0509946
    .0481824
    .0454183
    .0435649
    .0430499
    .0412607
    .0394373
    .0382754
    .0345474
    .0326627
    .0324552
    .0311059
    .0316519
    .0316812
    .0310704
    .0305791
    .0286005
    .0268713
    .0238053
    .0209500
    .0182136
    .0153683
    .0137875
    .0116567
    .0097743
    .0083018
    .0069289
    .0059182
    .0058426
    .0054268
    .0050575
    .0046525
    .0031526
    .0023669
    .0014624
    .0001139
   -.0004743
   -.0007407
   -.0001432
   -.0008360
   -.0027627
   -.0037508
   -.0075271
   -.0101561
   -.0091945
   -.0102656
   -.0093164
   -.0084906
   -.0091662
   -.0081391
   -.0066048
   -.0053288
   -.0037427
   -.0014071
    .0007415
    .0024599
    .0037986
    .0050183
    .0057680
    .0072989
    .0096961
    .0121777
    .0147135
    .0161056
    .0186045
    .0205861
    .0197377
    .0194793
    .0188336
    .0177527
    .0161054
    .0190937
    .0332865
    .0337464
    .0259504
    .0278516
    .0231463
    .0166985
    .0149947
    .0127306
    .0099669
    .0067187
    .0029846
   -.0005141
   -.0039718
   -.0076596
   -.0117435
   -.0163424
   -.0216907
   -.0260181
   -.0297692
   -.0331761
   -.0335413
   -.0349945
   -.0356230
   -.0357957
   -.0376566
   -.0379224
   -.0380207
   -.0384236
   -.0371902
   -.0364336
   -.0362417
   -.0355229
   -.0350905
   -.0350605
   -.0355032
   -.0358874
   -.0364496
   -.0364780
   -.0361270
   -.0358191
   -.0342366
   -.0327356
   -.0318377
   -.0301277
   -.0290613
   -.0277595
   -.0246588
   -.0226656
   -.0211663
   -.0192364
   -.0186048
   -.0173390
   -.0159313
   -.0156574
   -.0164232
   -.0164903
   -.0166388
   -.0169873
   -.0164954
   -.0158441
   -.0151726
   -.0144453
   -.0139319
   -.0133310
   -.0129677
   -.0129497
   -.0139446
   -.0138186
   -.0114929
   -.0107399
   -.0062743
   -.0039443
   -.0064839
   -.0063977
   -.0113972
   -.0158385
   -.0185107
   -.0230558
   -.0255379
   -.0289089
   -.0319171
   -.0351212
   -.0404300
   -.0440237
   -.0497398
   -.0541369
   -.0549957
   -.0572205
   -.0554694
   -.0540947
   -.0539297
   -.0520878
   -.0515710
   -.0503604
   -.0488825
   -.0475637
   -.0458033
   -.0438376
   -.0414491
   -.0388755
   -.0362236
   -.0334987
   -.0308643
   -.0282304
   -.0261488
   -.0234660
   -.0193374
   -.0164060
   -.0103238
   -.0060260
   -.0053011
   -.0026991
   -.0040778
   -.0050627
   -.0048390
   -.0060445
   -.0067470
   -.0071943
   -.0076290
   -.0092566
   -.0124076
   -.0151486
   -.0207303
   -.0248718
   -.0279317
   -.0311890
   -.0288433
   -.0289305
   -.0296564
   -.0277424
   -.0285384
   -.0277920
   -.0234270
   -.0210973
   -.0190417
   -.0148732
   -.0098238
   -.0082457
   -.0078345
   -.0053112
   -.0050292
   -.0044099
   -.0015647
   -.0001226
    .0036155
    .0069454
    .0100815
    .0129173
    .0135763
    .0143715
    .0122177
    .0105359
    .0087955
    .0061584
    .0056831
    .0036049
    .0016143
   -.0002429
   -.0039041
   -.0067196
   -.0102087
   -.0135426
   -.0164199
   -.0189870
   -.0205720
   -.0217686
   -.0215794
   -.0209258
   -.0188489
   -.0166439
   -.0147573
   -.0122604
   -.0111671
   -.0086537
   -.0059893
   -.0032242
    .0021335
    .0059599
    .0096035
    .0131292
    .0137770
    .0160989
    .0176548
    .0182935
    .0237290
    .0254819
    .0234896
    .0242977
    .0216750
    .0196833
    .0193048
    .0178062
    .0185956
    .0191699
    .0203213
    .0218567
    .0226413
    .0237041
    .0245491
    .0252304
    .0257301
    .0260839
    .0263494
    .0261734
    .0255524
    .0244371
    .0225205
    .0203741
    .0185825
    .0173391
    .0164664
    .0159585
    .0164887
    .0177840
    .0194853
    .0210842
    .0224642
    .0242342
    .0259511
    .0272080
    .0281921
    .0288498
    .0286167
    .0280434
    .0273315
    .0266407
    .0259478
    .0250991
    .0242974
    .0242122
    .0250404
    .0249413
    .0250830
    .0251584
    .0231854
    .0224898
    .0215785
    .0197183
    .0184965
    .0174044
    .0162687
    .0152333
    .0141616
    .0131488
    .0121548
    .0112470
    .0103722
    .0095608
    .0087436
    .0079495
    .0071712
    .0064309
    .0057320
    .0051223
    .0045955
    .0042550
    .0040349
    .0041920
    .0048550
    .0061167
    .0078312
    .0093757
    .0111603
    .0128927
    .0138392
    .0146044
    .0147896
    .0147359
    .0145659
    .0144728
    .0143206
    .0139877
    .0138723
    .0138288
    .0137838
    .0136662
    .0134134
    .0125161
    .0111357
    .0096891
    .0072355
    .0052826
    .0035891
    .0018337
    .0019231
    .0014333
    .0017653
    .0022851
    .0019743
    .0019333
    .0017140
    .0013393
    .0008846
    .0001965
   -.0005690
   -.0014778
   -.0024795
   -.0035593
   -.0047123
   -.0058737
   -.0070139
   -.0082201
   -.0096024
   -.0103150
   -.0098302
   -.0099732
   -.0084215
   -.0074938
   -.0093547
   -.0088826
   -.0100608
   -.0110763
   -.0089952
   -.0087866
   -.0069964
   -.0057021
   -.0055917
   -.0054777
   -.0076555
   -.0098696
   -.0139922
   -.0180644
   -.0218424
   -.0260852
   -.0276663
   -.0301789
   -.0323066
   -.0338165
   -.0365496
   -.0381704
   -.0396644
   -.0410098
   -.0416374
   -.0414091
   -.0404587
   -.0392347
   -.0365177
   -.0337334
   -.0321359
   -.0291378
   -.0267861
   -.0243208
   -.0201511
   -.0170399
   -.0148356
   -.0117900
   -.0096618
   -.0075104
   -.0044258
   -.0024028
   -.0007821
    .0008823
    .0014046
    .0023306
    .0042230
    .0046441
    .0051058
    .0065609
    .0070250
    .0075721
    .0104956
    .0125014
    .0141423
    .0161683
    .0175001
    .0185588
    .0194730
    .0203055
    .0209118
    .0213433
    .0215540
    .0215638
    .0214312
    .0211656
    .0208235
    .0201790
    .0191257
    .0177822
    .0160846
    .0146631
    .0132289
    .0118356
    .0112392
    .0104077
    .0100307
    .0098446
    .0091997
    .0092251
    .0093337
    .0095278
    .0103321
    .0113367
    .0123216
    .0133530
    .0140566
    .0146800
    .0148892
    .0147991
    .0143208
    .0135641
    .0123909
    .0113887
    .0104149
    .0095784
    .0092586
    .0089160
    .0087042
    .0086881
    .0087439
    .0089318
    .0091989
    .0095143
    .0097675
    .0100061
    .0103051
    .0106605
    .0110955
    .0117685
    .0124863
    .0125637
    .0111148
    .0108541
    .0105296
    .0100267
    .0113794
    .0118806
    .0114616
    .0126753
    .0136752
    .0144891
    .0166877
    .0185711
    .0199198
    .0214574
    .0227971
    .0240229
    .0251152
    .0261058
    .0269807
    .0276914
    .0282711
    .0286305
    .0287545
    .0285443
    .0279035
    .0275139
    .0272320
    .0269061
    .0274343
    .0276768
    .0283169
    .0290733
    .0294602
    .0299777
    .0303925
    .0307666
    .0310774
    .0313360
    .0315600
    .0317391
    .0319010
    .0320273
    .0321128
    .0321741
    .0321934
    .0321854
    .0321359
    .0320441
    .0319161
    .0317377
    .0315398
    .0312880
    .0310218
    .0306965
    .0303152
    .0298440
    .0293060
    .0287102
    .0280685
    .0273963
    .0266883
    .0259709
    .0252410
    .0245352
    .0238539
    .0232512
    .0226769
    .0222825
    .0221273
    .0220440
    .0220498
    .0221496
    .0223512
    .0226382
    .0227664
    .0228805
    .0226580
    .0223539
    .0216867
    .0209354
    .0200471
    .0192113
    .0183308
    .0175480
    .0175470
    .0172956
    .0172698
    .0173825
    .0170592
    .0165858
    .0159076
    .0150042
    .0135203
    .0119788
    .0102644
    .0088595
    .0076899
    .0069869
    .0083914
    .0094169
    .0113884
    .0137561
    .0153202
    .0172743
    .0191031
    .0208804
    .0224921
    .0239706
    .0254134
    .0267435
    .0279337
    .0289975
    .0298998
    .0306835
    .0313278
    .0318767
    .0323335
    .0326761
    .0329049
    .0330243
    .0329464
    .0318655
    .0296234
    .0288134
    .0273350
    .0255227
    .0261884
    .0258502
    .0252388
    .0252501
    .0243782
    .0235764
    .0227401
    .0218116
    .0208128
    .0197307
    .0186068
    .0174369
    .0162523
    .0150409
    .0138481
    .0127831
    .0117685
    .0112747
    .0111761
    .0114219
    .0124072
    .0137379
    .0150187
    .0156878
    .0154784
    .0159267
    .0144102
    .0132894
    .0147912
    .0143442
    .0151029
    .0151136
    .0117137
    .0107647
    .0099087
    .0080341
    .0080525
    .0073806
    .0057828
    .0045052
    .0033714
    .0024455
    .0013025
    .0000827
   -.0002940
   -.0011707
   -.0036397
   -.0046817
   -.0059239
   -.0074340
   -.0068953
   -.0074057
   -.0092306
   -.0090328
   -.0081077
   -.0074943
   -.0048650
   -.0026694
   -.0020228
   -.0006154
    .0010621
    .0030614
    .0052636
    .0074598
    .0097418
    .0120695
    .0141940
    .0163108
    .0181737
    .0200964
    .0220034
    .0239056
    .0262421
    .0283539
    .0301928
    .0312951
    .0317205
    .0317610
    .0315646
    .0312564
    .0306234
    .0299187
    .0291281
    .0283608
    .0275942
    .0268783
    .0262471
    .0256913
    .0252837
    .0249292
    .0247685
    .0245789
    .0245610
    .0243723
    .0238870
    .0228586
    .0210041
    .0199319
    .0191519
    .0182830
    .0193462
    .0198937
    .0213111
    .0230202
    .0240166
    .0253003
    .0264455
    .0274608
    .0284473
    .0291956
    .0299440
    .0305929
    .0312100
    .0317737
    .0323026
    .0327685
    .0332130
    .0336091
    .0339744
    .0342789
    .0345728
    .0348310
    .0350551
    .0352375
    .0353870
    .0355003
    .0355684
    .0355872
    .0355662
    .0354814
    .0353896
    .0352211
    .0350148
    .0346979
    .0343691
    .0336682
    .0323687
    .0309976
    .0295365
    .0285527
    .0276019
    .0266678
    .0270266
    .0272883
    .0269538
    .0269665
    .0268205
    .0266678
    .0265392
    .0263388
    .0261642
    .0263373
    .0267283
    .0273674
    .0285756
    .0299132
    .0310467
    .0311587
    .0301928
    .0288604
    .0274821
    .0262315
    .0247779
    .0231545
    .0217227
    .0205180
    .0194047
    .0183174
    .0171638
    .0160881
    .0149393
    .0139310
    .0131653
    .0115281
    .0089349
    .0068151
    .0051019
    .0044199
    .0047677
    .0046168
    .0043236
    .0047593
    .0044966
    .0044606
    .0045573
    .0050760
    .0057351
    .0063418
    .0077282
    .0088125
    .0087457
    .0088418
    .0086956
    .0086769
    .0083055
    .0080081
    .0077832
    .0077144
    .0076731
    .0077952
    .0079100
    .0081093
    .0083205
    .0086005
    .0088868
    .0092286
    .0095716
    .0099595
    .0103572
    .0108055
    .0112722
    .0117598
    .0122770
    .0128220
    .0133877
    .0139886
    .0146099
    .0152688
    .0159809
    .0167500
    .0175389
    .0185563
    .0199335
    .0212317
    .0229167
    .0244951
    .0260294
    .0267924
    .0270103
    .0272537
    .0271631
    .0265982
    .0259504
    .0247720
    .0235200
    .0228698
    .0230673
    .0240357
    .0255580
    .0272000
    .0283797
    .0281636
    .0261735
    .0149909
    .0003869
    .0027252
    .0111255
    .0084074
    .0153349
    .0234834
    .0266297
    .0308927
    .0349542
    .0409231
    .0486687
    .0532212
    .0538362
    .0574155
    .0589335
    .0593074
    .0609614
    .0607613
    .0585032
    .0564693
    .0530428
    .0491703
    .0456854
    .0417982
    .0379628
    .0341838
    .0305358
    .0271828
    .0241907
    .0215955
    .0193716
    .0175374
    .0161032
    .0150150
    .0142138
    .0138451
    .0136182
    .0137045
    .0140167
    .0145146
    .0151486
    .0157965
    .0165274
    .0173699
    .0181081
    .0190519
    .0204969
    .0216223
    .0225058
    .0232922
    .0231410
    .0232568
    .0229753
    .0226508
    .0225729
    .0221577
    .0217288
    .0213505
    .0209384
    .0203688
    .0196112
    .0188040
    .0174322
    .0163625
    .0157846
    .0148935
    .0146460
    .0141572
    .0141253
    .0142388
    .0139084
    .0137176
    .0134310
    .0130980
    .0126956
    .0123599
    .0121417
    .0119255
    .0117430
    .0114372
    .0111128
    .0107097
    .0100258
    .0092410
    .0083185
    .0073936
    .0063862
    .0057111
    .0052690
    .0047821
    .0044062
    .0036544
    .0026498
    .0014826
    .0000705
   -.0015618
   -.0032131
   -.0040754
   -.0042772
   -.0043383
   -.0041031
   -.0043813
   -.0042847
   -.0041623
   -.0054985
   -.0069757
   -.0082869
   -.0092868
   -.0103229
   -.0115099
   -.0124512
   -.0132382
   -.0140944
   -.0148987
   -.0158414
   -.0167187
   -.0175674
   -.0183397
   -.0188731
   -.0193167
   -.0194025
   -.0193781
   -.0190356
   -.0185795
   -.0180302
   -.0173859
   -.0169079
   -.0163263
   -.0158413
   -.0154043
   -.0149499
   -.0146921
   -.0148131
   -.0150378
   -.0155423
   -.0158547
   -.0159355
   -.0158657
   -.0152399
   -.0144074
   -.0133487
   -.0122236
   -.0112015
   -.0099734
   -.0089261
   -.0078959
   -.0068588
   -.0058871
   -.0049241
   -.0039732
   -.0030677
   -.0021898
   -.0013635
   -.0005768
    .0001362
    .0008070
    .0014555
    .0020879
    .0025644
    .0029402
    .0032142
    .0033827
    .0033571
    .0030747
    .0021546
    .0005329
   -.0015992
   -.0043986
   -.0077427
   -.0096309
   -.0103365
   -.0128985
   -.0119444
   -.0129355
   -.0183907
   -.0204998
   -.0262496
   -.0305249
   -.0314361
   -.0326603
   -.0327422
   -.0322496
   -.0315081
   -.0306183
   -.0297983
   -.0287098
   -.0274520
   -.0260747
   -.0245896
   -.0230685
   -.0214972
   -.0199763
   -.0186367
   -.0177214
   -.0172170
   -.0185855
   -.0203995
   -.0194616
   -.0173612
   -.0176900
   -.0164247
   -.0150057
   -.0149076
   -.0147776
   -.0146798
   -.0148134
   -.0149048
   -.0150405
   -.0151416
   -.0151973
   -.0150642
   -.0147205
   -.0140007
   -.0128268
   -.0112178
   -.0094805
   -.0076073
   -.0062194
   -.0051807
   -.0042636
   -.0038313
   -.0034380
   -.0032636
   -.0020760
   -.0000725
    .0015256
    .0034086
    .0032692
    .0027941
    .0033527
    .0011502
   -.0007827
   -.0017479
   -.0033094
   -.0046462
   -.0058206
   -.0068679
   -.0076828
   -.0085142
   -.0092530
   -.0099450
   -.0105953
   -.0111955
   -.0117630
   -.0122916
   -.0127891
   -.0132551
   -.0136910
   -.0141040
   -.0144975
   -.0148840
   -.0152651
   -.0156483
   -.0160446
   -.0164450
   -.0168971
   -.0173587
   -.0178806
   -.0184914
   -.0190911
   -.0197030
   -.0202197
   -.0207854
   -.0212785
   -.0216270
   -.0219302
   -.0220626
   -.0220848
   -.0219748
   -.0217678
   -.0213711
   -.0209554
   -.0204127
   -.0197693
   -.0191221
   -.0183963
   -.0177194
   -.0170930
   -.0164297
   -.0158041
   -.0151427
   -.0144916
   -.0138158
   -.0131408
   -.0124465
   -.0117474
   -.0110331
   -.0103124
   -.0095820
   -.0088472
   -.0081074
   -.0073634
   -.0066137
   -.0058735
   -.0051352
   -.0044333
   -.0037272
   -.0031423
   -.0025648
   -.0019859
   -.0014630
   -.0009178
   -.0003161
    .0002413
    .0009233
    .0016846
    .0025883
    .0035894
    .0047021
    .0059131
    .0072174
    .0085492
    .0099141
    .0112143
    .0125020
    .0138182
    .0150883
    .0163731
    .0176538
    .0189132
    .0201075
    .0212158
    .0222346
    .0230720
    .0237183
    .0239587
    .0238903
    .0235786
    .0227078
    .0215320
    .0202045
    .0187316
    .0173752
    .0160510
    .0149665
    .0141412
    .0136479
    .0135258
    .0137747
    .0143637
    .0152357
    .0162937
    .0175409
    .0187991
    .0194683
    .0206291
    .0216909
    .0226264
    .0241492
    .0251937
    .0263989
    .0274023
    .0279884
    .0284402
    .0283639
    .0279055
    .0269071
    .0253313
    .0231981
    .0217070
    .0199530
    .0178438
    .0172312
    .0160717
    .0148878
    .0138147
    .0119910
    .0102522
    .0085862
    .0071898
    .0058992
    .0046641
    .0036631
    .0029456
    .0023531
    .0018507
    .0013307
    .0010552
    .0011326
    .0014890
    .0022140
    .0032063
    .0045200
    .0057213
    .0068532
    .0080684
    .0091113
    .0103464
    .0115331
    .0129652
    .0147709
    .0166096
    .0183898
    .0198754
    .0210028
    .0200294
    .0182402
    .0199111
    .0228624
    .0221320
    .0229917
    .0243298
    .0244058
    .0245456
    .0246590
    .0245887
    .0246225
    .0246701
    .0247397
    .0248322
    .0249403
    .0251098
    .0253084
    .0255748
    .0258594
    .0261776
    .0265064
    .0268638
    .0272327
    .0275635
    .0276806
    .0278082
    .0275920
    .0273595
    .0271058
    .0268089
    .0267158
    .0265329
    .0264775
    .0264615
    .0266121
    .0267650
    .0267535
    .0266955
    .0262600
    .0257816
    .0252609
    .0246278
    .0242512
    .0239712
    .0237318
    .0234815
    .0234097
    .0234178
    .0234450
    .0235067
    .0234145
    .0232977
    .0230981
    .0229038
    .0227002
    .0224036
    .0221279
    .0218530
    .0215403
    .0211443
    .0207697
    .0201662
    .0199439
    .0203810
    .0214258
    .0223082
    .0224128
    .0225966
    .0230084
    .0234060
    .0236865
    .0238107
    .0232475
    .0225035
    .0212463
    .0199046
    .0183737
    .0169226
    .0154665
    .0140289
    .0125281
    .0110298
    .0091242
    .0071172
    .0044866
    .0018566
   -.0008267
   -.0034932
   -.0057777
   -.0078024
   -.0092595
   -.0101838
   -.0104412
   -.0101392
   -.0092301
   -.0078994
   -.0065388
   -.0050706
   -.0039332
   -.0027748
   -.0017465
   -.0008073
    .0000791
    .0008958
    .0016357
    .0023643
    .0030121
    .0036782
    .0042651
    .0048848
    .0054351
    .0060230
    .0065459
    .0071043
    .0075987
    .0081272
    .0085894
    .0090783
    .0094983
    .0099409
    .0103119
    .0107017
    .0110173
    .0113450
    .0116060
    .0118782
    .0120770
    .0122842
    .0124112
    .0125335
    .0125843
    .0126371
    .0126094
    .0125889
    .0125035
    .0124392
    .0123278
    .0122256
    .0120754
    .0119449
    .0117858
    .0116438
    .0114694
    .0113158
    .0111367
    .0109776
    .0107880
    .0106225
    .0104297
    .0102654
    .0100708
    .0099115
    .0097208
    .0095713
    .0093869
    .0092479
    .0090760
    .0089506
    .0087922
    .0086838
    .0085352
    .0084494
    .0083191
    .0082527
    .0081449
    .0080906
    .0080093
    .0079786
    .0079216
    .0079158
    .0078857
    .0079076
    .0079069
    .0079624
    .0079881
    .0080730
    .0081449
    .0082606
    .0083845
    .0085485
    .0087190
    .0089400
    .0091718
    .0094656
    .0097887
    .0101837
    .0106421
    .0111965
    .0118435
    .0125601
    .0132893
    .0138827
    .0144683
    .0148649
    .0150882
    .0151792
    .0150267
    .0147466
    .0142373
    .0136095
    .0128119
    .0119333
    .0109590
    .0099737
    .0089385
    .0079366
    .0068348
    .0058999
    .0049559
    .0040275
    .0032865
    .0024434
    .0016084
    .0008576
    .0001199
   -.0005543
   -.0012444
   -.0019120
   -.0025053
   -.0030534
   -.0035290
   -.0041254
   -.0046549
   -.0052708
   -.0060765
   -.0067875
   -.0076235
   -.0085234
   -.0094534
   -.0104423
   -.0112161
   -.0120059
   -.0126837
   -.0132596
   -.0137095
   -.0141842
   -.0144344
   -.0146901
   -.0149607
   -.0151927
   -.0156908
   -.0161714
   -.0169402
   -.0177151
   -.0185154
   -.0193817
   -.0200600
   -.0208092
   -.0214665
   -.0220710
   -.0226608
   -.0231906
   -.0237017
   -.0241869
   -.0246365
   -.0250647
   -.0254446
   -.0258167
   -.0261396
   -.0264514
   -.0267160
   -.0269656
   -.0271623
   -.0273057
   -.0274077
   -.0274141
   -.0270634
   -.0269215
   -.0264810
   -.0261895
   -.0264474
   -.0265125
   -.0270014
   -.0275244
   -.0277325
   -.0282061
   -.0284965
   -.0287827
   -.0290470
   -.0292296
   -.0294036
   -.0295410
   -.0296568
   -.0297607
   -.0298362
   -.0299159
   -.0299535
   -.0300084
   -.0300231
   -.0300512
   -.0300270
   -.0300183
   -.0299474
   -.0298871
   -.0297599
   -.0296251
   -.0294144
   -.0291655
   -.0288478
   -.0284774
   -.0279856
   -.0275718
   -.0271169
   -.0265514
   -.0262301
   -.0258783
   -.0257490
   -.0254636
   -.0251308
   -.0248873
   -.0243865
   -.0240483
   -.0237853
   -.0234763
   -.0234921
   -.0234045
   -.0233984
   -.0234254
   -.0233113
   -.0232671
   -.0231408
   -.0229911
   -.0228466
   -.0226534
   -.0224690
   -.0222855
   -.0220837
   -.0219045
   -.0217132
   -.0215529
   -.0213847
   -.0211531
   -.0208560
   -.0205437
   -.0200727
   -.0196365
   -.0190532
   -.0185063
   -.0178925
   -.0173437
   -.0167865
   -.0162134
   -.0156428
   -.0150767
   -.0145088
   -.0139442
   -.0133695
   -.0127921
   -.0122091
   -.0116185
   -.0110252
   -.0104237
   -.0098241
   -.0092113
   -.0086066
   -.0079848
   -.0073773
   -.0067522
   -.0061470
   -.0055224
   -.0049234
   -.0043026
   -.0037125
   -.0030912
   -.0025044
   -.0018819
   -.0012987
   -.0006754
   -.0000963
    .0005264
    .0010985
    .0017209
    .0022872
    .0029077
    .0034668
    .0040846
    .0046355
    .0052497
    .0057916
    .0064009
    .0069327
    .0075354
    .0080554
    .0086496
    .0091522
    .0097407
    .0102307
    .0108167
    .0113048
    .0118904
    .0123758
    .0129634
    .0134439
    .0140309
    .0145042
    .0150888
    .0155523
    .0161312
    .0165826
    .0171530
    .0175897
    .0181484
    .0185672
    .0191123
    .0195115
    .0200399
    .0204182
    .0209287
    .0212839
    .0217768
    .0221112
    .0225887
    .0229077
    .0233729
    .0236769
    .0241311
    .0244205
    .0248640
    .0251396
    .0255727
    .0258339
    .0262558
    .0265026
    .0269135
    .0271459
    .0275454
    .0277646
    .0281515
    .0283547
    .0287280
    .0289122
    .0292711
    .0294379
    .0297830
    .0299347
    .0302675
    .0304050
    .0307268
    .0308517
    .0311625
    .0312737
    .0315729
    .0316684
    .0319551
    .0320352
    .0323088
    .0323733
    .0326332
    .0326811
    .0329267
    .0329578
    .0331885
    .0332022
    .0334172
    .0334130
    .0336115
    .0332693
    .0337698
    .0337273
    .0338897
    .0338268
    .0339694
    .0338855
    .0340071
    .0339011
    .0339999
    .0338703
    .0339442
    .0337889
    .0338349
    .0336521
    .0336678
    .0334558
    .0334371
    .0331918
    .0331323
    .0328485
    .0327391
    .0324082
    .0322351
    .0318435
    .0315844
    .0311085
    .0307230
    .0301150
    .0295164
    .0286435
    .0274752
    .0255628
    .0223850
    .0181510