    .0000998
    .0008607
    .0010498
   -.0011804
   -.0009970
   -.0008623
   -.0032820
   -.0083339
    .0004627
    .0061129
    .0033968
    .0000282
   -.0027364
   -.0053013
   -.0028253
    .0031623
    .0037799
   -.0015328
   -.0031929
   -.0002884
    .0036429
    .0019615
   -.0033349
   -.0022586
   -.0015852
   -.0044587
   -.0081618
   -.0056597
    .0015304
    .0046476
    .0027498
   -.0003964
    .0021248
    .0039539
   -.0010275
   -.0119578
   -.0125920
    .0010620
    .0055960
   -.0013568
   -.0092415
   -.0085815
   -.0047768
   -.0023699
   -.0041409
   -.0064964
   -.0125803
   -.0206091
   -.0103747
    .0128943
    .0194963
    .0022979
   -.0083482
    .0042997
    .0078530
   -.0005653
   -.0086516
   -.0079538
   -.0061211
   -.0019334
    .0004320
    .0023937
    .0054273
    .0034292
   -.0049688
   -.0071906
   -.0002692
    .0001710
   -.0052606
   -.0096654
   -.0075702
   -.0081042
   -.0098792
   -.0015380
    .0031565
   -.0071208
   -.0166038
   -.0083122
    .0003455
    .0002686
   -.0052309
   -.0036023
   -.0051653
   -.0130100
   -.0089158
    .0105944
    .0097201
   -.0090816
   -.0162104
   -.0002243
    .0039127
   -.0018074
    .0057953
    .0142348
    .0091790
   -.0026795
   -.0027497
    .0022643
   -.0056796
   -.0184284
   -.0107012
    .0013710
   -.0023460
   -.0039915
    .0103029
   -.0000369
   -.0138668
   -.0029332
    .0082347
    .0029996
   -.0081851
   -.0044468
    .0054518
   -.0075733
   -.0225590
    .0004170
    .0213249
    .0088367
   -.0127217
   -.0204616
   -.0089167
   -.0121034
   -.0248207
   -.0187755
   -.0092988
   -.0184142
   -.0191204
   -.0006026
    .0214112
    .0291935
    .0123432
   -.0175413
   -.0411665
   -.0287536
    .0215676
    .0610249
    .0571593
    .0162982
   -.0368799
   -.0608521
   -.0296080
    .0199611
    .0304025
    .0062133
   -.0151341
   -.0076061
    .0299423
    .0560862
    .0464900
    .0160086
   -.0154010
   -.0237145
   -.0022663
    .0246517
    .0268243
    .0004816
   -.0315361
   -.0448443
   -.0295466
    .0032623
    .0288911
    .0229658
   -.0161935
   -.0450771
   -.0301027
    .0027514
    .0164962
    .0033904
   -.0084592
    .0004922
   -.0000335
   -.0140705
   -.0189712
    .0018375
    .0136767
    .0100130
    .0079931
    .0135343
   -.0061581
   -.0274443
   -.0002004
    .0349610
    .0313651
    .0098120
   -.0145694
   -.0345416
   -.0316699
   -.0041325
    .0088587
    .0016111
   -.0117091
   -.0282391
   -.0256241
   -.0252189
   -.0332706
   -.0304856
    .0001235
   -.0042464
   -.0412613
   -.0649456
   -.0675122
   -.0562378
   -.0262697
   -.0051084
   -.0043577
   -.0136624
   -.0265832
   -.0205365
   -.0099641
   -.0184907
   -.0362475
   -.0528554
   -.0737836
   -.0844956
   -.0633029
   -.0124706
    .0323635
    .0478562
    .0509623
    .0729613
    .1224558
    .1645285
    .1835542
    .1831582
    .1646640
    .1217297
    .0906877
    .1178428
    .1818738
    .2271937
    .2216445
    .1883577
    .1549439
    .1376815
    .1424498
    .1531560
    .1361468
    .0723090
   -.0199670
   -.0890355
   -.1072531
   -.1220627
   -.1664198
   -.1776747
   -.1552717
   -.1762456
   -.2327839
   -.2383081
   -.1750796
   -.1173600
   -.1094092
   -.1329036
   -.1473957
   -.1259499
   -.0642459
    .0107543
    .0397967
    .0487342
    .0806327
    .1617018
    .2398740
    .2718173
    .2625243
    .2013650
    .1062744
    .0172434
   -.0252823
   -.0184282
   -.0061657
   -.0177814
   -.0491305
   -.0698367
   -.0699370
   -.1006117
   -.1740804
   -.2424395
   -.2642045
   -.2184996
   -.1522826
   -.1163866
   -.0947870
   -.0900123
   -.1219477
   -.1682695
   -.1764013
   -.0973653
   -.0025928
    .0217635
    .0477313
    .1169244
    .1425349
    .1060535
    .0761581
    .1016049
    .1777049
    .2108860
    .1787860
    .1412832
    .0854954
    .0231605
   -.0126425
    .0093938
    .0447775
    .0143378
   -.0611249
   -.1200178
   -.1242855
   -.0780930
   -.0317077
   -.0013353
    .0318475
    .0193563
   -.0312768
   -.0482887
   -.0202122
    .0018068
   -.0078829
   -.0378547
   -.0652478
   -.0962860
   -.0885816
   -.0163451
    .0437714
    .0761287
    .0803000
   -.0116885
   -.0043935
    .0318050
    .0538178
    .0088409
   -.0068240
    .0016459
    .0498648
    .0860945
    .0311153
    .0281643
    .0373327
    .0348639
   -.0087727
   -.0943901
   -.1479551
   -.1459717
   -.0782224
    .0070570
   -.0285634
   -.0705802
   -.1318098
   -.0761511
    .0031302
    .0500122
    .0102447
   -.0599154
   -.0885648
   -.0432500
    .0355565
    .0880370
    .0679751
   -.0441053
   -.1174762
   -.1377922
   -.0907619
   -.0653748
   -.0161027
   -.0435294
   -.1038198
   -.0987677
   -.0615812
   -.0221766
    .0080805
   -.0016282
   -.0506258
   -.0689384
   -.0211674
    .0235294
    .0950211
    .1060344
    .0929291
    .0491522
    .0035822
   -.0159872
    .0180193
    .0491076
    .0982471
    .1247095
    .1472739
    .1604864
    .2104774
    .2264163
    .1605272
    .0924860
    .0982757
    .1231411
    .1248745
    .0794281
    .1012603
    .1953671
    .2558465
    .2379533
    .1388115
   -.0284557
   -.0489452
   -.0048464
    .0303093
   -.0126445
   -.1685618
   -.2878252
   -.2761067
   -.1770821
    .0003669
    .0861391
   -.0196925
   -.1085726
   -.1781749
   -.0741508
    .1052155
    .2714555
    .1367028
   -.0228517
    .1429391
    .1956957
    .1182086
   -.0502537
   -.0952603
   -.0491337
    .0267152
    .0172166
    .0075968
    .0142479
    .0482974
    .1215686
    .1571699
    .1192779
    .0453353
    .0182251
    .0933607
    .0712167
    .0258492
    .0052321
   -.0138019
    .0226440
    .0745937
    .0683475
   -.0286471
   -.1457877
   -.1503514
   -.0113291
    .0993112
    .1537653
    .1277867
    .0246097
    .0092606
   -.0547624
   -.1710198
   -.3413843
   -.3464420
   -.1482150
    .0976338
    .2067616
    .1670976
    .1485549
    .3368073
    .3187182
    .1802419
   -.0477921
    .0290058
    .1626849
    .2014398
    .2158176
    .0817812
   -.0344122
   -.0266732
    .0802023
    .0759621
   -.0207907
   -.0500042
   -.0234487
    .0836897
    .1897925
    .2346254
    .2869893
    .2358017
    .1155949
   -.0329409
   -.1251304
   -.1268230
   -.1746890
   -.2201437
   -.2982219
   -.2501813
   -.1732564
   -.0858985
   -.0621061
   -.1507861
   -.2530042
   -.4256947
   -.3616555
    .1464767
    .2136185
   -.0966271
   -.2755362
    .0946645
    .5278814
    .5261783
    .1908532
   -.4477044
   -.5272850
    .0825783
    .1505289
    .1924383
    .1399581
    .1323247
    .2442379
    .3230256
    .1578079
   -.2877203
   -.6384293
   -.6888333
   -.5386623
   -.3287912
   -.0705053
    .0000412
    .1036814
    .1413042
    .1268276
   -.1490135
   -.3815247
   -.3082606
   -.1482029
   -.0504758
    .1582619
    .3316991
    .1970546
    .6051864
    .7246240
    .8542655
    .1347521
   -.4368723
   -.5830454
   -.2646178
   -.0546635
   -.1549710
   -.1892887
   -.0688581
    .1887820
    .2727776
   -.4021814
   -.8064626
   -.9268050
   -.4560875
    .1564851
    .6012573
    .3160521
    .2962335
    .7535221
    .7129064
    .4153909
   -.2821489
   -.7117402
   -.8124997
   -.6644859
   -.1672790
    .1924681
    .1816155
   -.3177229
   -.3168687
   -.1702342
   -.1479987
   -.2193811
   -.3618502
   -.1858523
    .1309171
    .2095192
    .2417405
    .0255911
   -.0704843
   -.1061106
   -.1129426
   -.1270144
   -.1542097
   -.2053675
   -.1668628
   -.0408230
    .0850640
    .1594563
    .1336448
   -.0199192
   -.1887675
   -.2356329
   -.1781284
   -.1709687
   -.1718748
   -.0561033
    .0385454
    .1552108
    .2112679
    .1219610
   -.1021224
   -.1758310
   -.2827818
   -.1926883
   -.1129664
    .0506650
    .1538945
    .1757268
    .1791580
    .1194603
    .0662173
    .0064573
   -.0153244
    .0395234
    .1280592
    .0650702
    .0856555
    .3048596
    .4876413
    .5939844
    .4383168
    .1610621
   -.0143004
   -.0227823
    .0382281
    .1015596
   -.1314660
   -.3095088
   -.3525597
   -.0806674
    .0547713
    .0492626
   -.1153176
   -.3853286
   -.5574951
   -.4317653
   -.0104602
    .1834684
    .0464282
   -.2434744
   -.2413904
    .0111260
    .4867626
    .0352090
   -.2755321
   -.4288580
   -.3259943
   -.0318602
    .4210778
    .3235886
    .1800876
    .1220534
    .0673181
    .0904471
    .2733636
    .3195954
    .2085850
    .0841403
    .0394427
    .0751204
    .1202755
    .2061593
    .2571757
    .2543452
    .1445221
   -.0714952
   -.0561950
    .1361301
    .2454111
    .1462430
   -.1373561
   -.2637342
   -.1224372
    .0018208
   -.4225160
   -.6165773
   -.5487001
   -.0108335
    .0354764
   -.2150762
   -.3902249
   -.2909293
    .0614422
    .3651898
    .1892490
    .0856293
    .2284261
    .4348575
    .6819790
    .5336720
    .4307833
    .3224998
    .2923646
    .3137173
    .2487190
    .1285719
    .1151249
    .2321782
    .3388140
    .3669776
    .2630460
    .1119990
   -.0459972
   -.0756505
    .0364000
    .3439179
    .3512515
    .3611316
    .3218031
    .2347663
    .2310152
    .2391023
    .0399787
   -.0913085
    .0153010
    .2342958
    .5097903
    .3491238
    .1854852
   -.0810941
   -.1143122
   -.0823804
   -.2291213
   -.2833445
   -.1376736
    .1028071
    .0379807
   -.0376156
    .0564670
    .1495959
    .1017643
   -.1785260
   -.3109745
   -.3438915
   -.0969736
    .0960517
    .2506184
    .2275522
    .1194968
   -.0471660
   -.2050484
   -.2238451
   -.0132909
    .0053452
   -.1031759
   -.2587215
   -.2015576
   -.1372215
    .1028222
    .1891918
    .1112600
   -.1437516
   -.1761122
   -.3010525
    .0640553
    .3177237
    .1588570
   -.1555259
   -.0170408
    .2531718
    .2538529
    .1124767
   -.0891130
   -.1985013
   -.1527813
   -.0250900
    .0863594
    .0285242
   -.0448026
   -.1060784
   -.0709482
   -.0326858
   -.0612987
   -.1263620
   -.1535608
   -.1869894
   -.1539534
   -.0838023
   -.0494373
   -.0363969
   -.0938348
   -.2167479
   -.3315934
   -.2951691
   -.2384068
   -.2007080
   -.2668221
   -.2657775
   -.1177151
    .0012410
    .0002011
   -.0102918
   -.0894425
   -.1526123
   -.1243910
    .0138846
    .2203567
    .1702442
    .0914223
    .0222174
   -.0034897
    .0778071
    .0938544
    .1063919
    .0391357
   -.0257692
    .0005667
    .1230714
    .0946682
   -.0596557
   -.1169829
   -.1003076
   -.0144912
    .0561578
    .0915044
   -.0154348
   -.0136540
    .0269094
    .0730415
    .0843016
    .0619609
    .0002324
   -.0786360
   -.0735805
   -.0568605
   -.0451889
   -.1070515
   -.1353795
   -.1253010
   -.0660515
   -.0715457
   -.1389355
   -.1840548
   -.1682094
   -.1240960
   -.0624612
   -.0302605
    .0039019
    .0266081
    .0489304
    .0651759
    .0650478
    .0774287
    .0106884
   -.1252862
   -.1526956
   -.0954970
   -.0131288
    .0411772
    .0955626
    .0083680
   -.0543937
   -.0535245
   -.0905878
   -.1146522
   -.1178237
   -.0408587
   -.0005172
    .0181410
   -.0024838
   -.0602627
   -.0429815
    .0236621
    .1033702
    .1251076
    .0472438
    .0900352
    .1440246
    .2113045
    .1697388
    .0513827
   -.0073620
    .0042330
    .0552829
    .0070814
   -.0338375
   -.0811024
   -.0404182
    .0249559
    .0671974
    .0224398
   -.1019947
   -.1920655
   -.1464069
   -.1022246
   -.0566621
   -.0994757
   -.1307444
   -.0388740
    .0749095
    .0324752
   -.0459872
   -.1419516
   -.1300131
   -.0413058
    .0363719
    .1069491
    .0624473
   -.0091814
   -.0057922
    .0081309
   -.0452077
   -.1055641
   -.1458273
   -.1310450
   -.0437629
    .0214780
    .0381380
   -.0100870
   -.0356001
    .0187464
    .0469518
   -.0304200
   -.1466442
   -.1699238
   -.1696115
   -.0760575
    .0190139
    .0379509
   -.0113637
   -.0583796
   -.0750202
   -.0387297
    .1106911
    .1977777
    .2200560
    .1736875
    .2146137
    .2688820
    .3557081
    .2891020
    .1744192
    .0964098
    .2220003
    .2500241
    .2578625
    .1944588
    .1103299
    .2219249
    .2412471
    .2071138
    .1075667
   -.0828761
   -.0104224
    .1055889
   -.0170410
   -.0929929
    .0167391
    .1465906
    .0043079
   -.1160529
   -.0743551
    .0074868
    .0118996
   -.0210518
   -.1066020
   -.0565986
    .0420978
    .0628519
   -.0061970
   -.0904094
   -.1055896
   -.0817487
   -.0694964
   -.0769041
   -.1193950
   -.1016592
    .0166730
    .1885839
    .2675732
    .1962742
    .0452103
   -.0254828
   -.0286643
    .0100982
    .0838436
    .1131114
    .1537370
    .1252131
    .0570886
    .0118262
   -.0151741
    .1327089
    .1051105
   -.0127500
   -.0963115
   -.1920121
   -.1809230
   -.0992833
    .0216539
    .1256653
    .1712929
    .1373760
   -.0245862
   -.1291600
   -.1609672
   -.1782406
   -.1730889
   -.1255809
   -.0854407
   -.0504800
   -.0040630
    .0406495
    .0675805
    .1106342
    .0631930
   -.1105475
   -.2187706
   -.2145111
   -.1049805
    .0732225
    .2286736
    .2308621
    .1486598
    .0041578
   -.1038987
   -.0601692
    .0109908
   -.0741573
   -.0942636
   -.0700016
    .0490748
    .1954286
    .2015441
    .0262519
   -.1179051
   -.2262552
   -.2817008
   -.2347227
   -.1490377
   -.0684036
   -.0461255
   -.0514626
   -.0608264
   -.0671675
   -.1465945
   -.2077334
   -.2231003
   -.1902030
   -.1279950
   -.0126711
   -.0069467
   -.0363278
   -.0343357
   -.0231531
   -.0851811
   -.1603638
   -.1606987
   -.1145987
    .0013569
    .1146021
    .1458944
    .0986097
    .0255581
    .0631362
    .0197793
   -.1227241
   -.1250129
   -.0232485
    .0874000
    .1145210
    .0731924
    .0278075
   -.0026687
    .0063387
    .0219994
   -.0052860
   -.0243307
   -.0354866
   -.0233206
    .0186664
    .1060539
    .1442322
    .1635140
    .1600361
    .0462097
    .0313228
    .0173610
   -.0001600
    .0296181
    .0706091
    .0595569
    .0229785
   -.0276467
   -.0419371
   -.0130322
   -.0495712
   -.1122884
   -.1553579
   -.1326073
   -.0047533
    .1187733
    .0870932
   -.0780621
   -.1478527
   -.1223919
   -.0360589
   -.0910864
   -.0918031
   -.0017338
    .0228703
    .0109191
   -.0498134
   -.0854381
   -.0893518
   -.0269807
    .0025011
   -.0184888
   -.0436487
   -.0774439
   -.0929935
   -.0825432
   -.0779028
   -.1708737
   -.1723125
   -.1126178
    .0325616
    .1429955
    .1292425
    .0631558
    .0061641
    .0340256
    .1000347
    .2090717
    .2183672
    .2427708
    .1561451
   -.0384875
   -.0053277
    .0473685
    .0931248
    .1276993
    .1487262
    .1432515
    .1023603
    .0684346
    .0766650
    .0840784
    .1006351
    .1501919
    .1779087
    .1126947
    .0223871
   -.0313055
   -.0510804
   -.0996339
   -.1346911
   -.0891513
   -.0204627
   -.0611858
   -.1362249
   -.1646510
   -.1324024
   -.0948109
   -.0702546
   -.0669519
   -.0607221
   -.0052302
    .0993355
    .1595049
    .1142758
    .0252399
   -.0346345
   -.0430891
   -.0082005
    .0584602
    .1134598
    .1012804
    .0521814
    .0371405
    .0686019
    .1127112
    .1457358
    .1531823
    .1312705
    .1031932
    .0966237
    .0765231
    .0346879
   -.0025049
   -.0359699
   -.0723777
   -.0622528
   -.0130844
    .0003472
   -.0106762
   -.0239437
    .0522187
    .1073064
    .0972626
    .0737203
    .0212112
   -.0508496
   -.0628068
   -.0013182
    .0797494
    .1025441
    .0734471
    .0411579
    .0160149
   -.0071595
   -.0090139
    .0247969
    .0540906
    .0098703
   -.0490773
   -.0413488
    .0281328
    .0950457
    .1072656
    .1003672
    .0708259
    .0134123
   -.0097023
    .0235486
    .0628209
    .0839808
    .0751279
    .0347974
   -.0298714
   -.1043382
   -.1439037
   -.1362222
   -.1105851
   -.0916781
   -.0682016
   -.0309946
    .0017676
    .0200170
    .0261594
    .0327206
    .0273096
   -.0151316
   -.0818236
   -.1426361
   -.1685097
   -.1430443
   -.0882257
   -.0387281
   -.0092670
   -.0124181
   -.0566891
   -.1193817
   -.1643912
   -.1738746
   -.1294051
   -.0696450
   -.0442370
   -.0686340
   -.0937765
   -.0994617
   -.1047152
   -.0920703
   -.0566379
   -.0279699
   -.0401931
   -.0808149
   -.0968012
   -.0787832
   -.0469233
   -.0052355
    .0351351
    .0567321
    .0487581
    .0291697
    .0201592
    .0329277
    .0592643
    .0631378
    .0317591
   -.0097217
   -.0464919
   -.0650374
   -.0483053
   -.0109175
   -.0000883
   -.0013961
    .0303113
    .0703635
    .0558817
    .0320113
    .0236268
    .0216244
    .0151059
    .0049701
    .0012469
    .0076924
    .0076616
   -.0063259
   -.0201652
   -.0134623
   -.0294786
   -.0596895
   -.0663588
   -.0244359
   -.0087636
   -.0286114
   -.0484687
   -.0201232
    .0055133
    .0032073
   -.0020085
   -.0168488
   -.0439209
   -.0504136
   -.0222560
    .0113817
    .0383379
    .0600037
    .0611370
    .0401740
    .0165330
   -.0022017
   -.0087745
   -.0055364
    .0000747
    .0136850
    .0285332
    .0256772
   -.0063015
   -.0114815
    .0520777
    .0972197
    .0630611
    .0377685
    .0616889
    .0296864
    .0125202
    .0560796
    .0922977
    .0803845
    .0630741
    .0775767
    .0545908
    .0217462
    .0175300
    .0012945
   -.0293062
   -.0115102
    .0461142
    .0437413
    .0162981
    .0385912
    .0676921
    .0702767
    .0520125
    .0124391
   -.0258773
   -.0485048
   -.0325948
    .0249545
    .0936885
    .1412234
    .1455717
    .1131514
    .0583579
    .0034104
   -.0105059
    .0047815
    .0143044
   -.0152534
   -.0316589
    .0413130
    .0981161
    .0982132
    .0875674
    .1050543
    .1183626
    .0905666
    .0533064
    .0428047
    .0423313
    .0278585
   -.0113532
   -.0157115
    .0075338
    .0109924
   -.0109970
   -.0023969
    .0235286
    .0320157
   -.0072314
   -.0578396
   -.0851590
   -.0588442
   -.0080831
   -.0021124
   -.0288616
   -.0151194
    .0209599
    .0390426
    .0351659
    .0198616
   -.0022953
   -.0390802
   -.0742345
   -.0771319
   -.0534637
   -.0328271
   -.0218018
   -.0059635
    .0237012
    .0432583
    .0152137
   -.0184766
   -.0116464
   -.0001083
   -.0166013
   -.0543663
   -.0867893
   -.0978324
   -.0901179
   -.0417399
    .0143484
    .0176432
   -.0109283
   -.0365523
   -.0580563
   -.0655482
   -.0497176
   -.0074594
    .0460365
    .0854734
    .0897088
    .0665994
    .0447011
    .0370929
    .0207841
   -.0003456
    .0143137
    .0411702
    .0012342
   -.0738065
   -.0913912
   -.0558675
   -.0561459
   -.0700216
   -.0394464
    .0093851
    .0125835
   -.0195394
   -.0478681
   -.0484673
   -.0352882
   -.0261727
   -.0242640
   -.0329253
   -.0572828
   -.0836756
   -.0976840
   -.0980713
   -.0854355
   -.0600562
   -.0288355
   -.0068888
    .0004531
    .0046482
   -.0123993
   -.0407248
   -.0362181
    .0035282
    .0510732
    .0698138
    .0600529
    .0413581
    .0186864
    .0117140
    .0110782
    .0033699
   -.0109196
   -.0327191
   -.0590520
   -.0818366
   -.0824263
   -.0630356
   -.0413630
   -.0511161
   -.0405758
   -.0187093
   -.0265865
   -.0504901
   -.0475224
   -.0366093
   -.0330063
   -.0407659
   -.0311355
   -.0090474
   -.0051704
   -.0217057
   -.0155240
    .0097117
    .0307302
    .0260170
    .0151243
    .0374612
    .0616179
    .0356738
    .0121341
    .0469196
    .0927850
    .1089673
    .0920268
    .1023781
    .1136448
    .0864720
    .0302095
    .0075627
    .0053812
    .0167438
    .0146937
   -.0134647
   -.0266851
   -.0175407
   -.0023446
    .0176390
    .0348155
    .0350789
    .0097891
   -.0258237
   -.0459237
   -.0423199
   -.0210291
    .0068991
    .0233603
    .0178157
    .0015693
   -.0049749
    .0052403
    .0243563
    .0425596
    .0568523
    .0706202
    .0829361
    .0857221
    .0803824
    .0687431
    .0486957
    .0313921
    .0256534
    .0274755
    .0167856
   -.0051608
   -.0018240
    .0183887
    .0170432
    .0211485
    .0325170
    .0268166
    .0110363
    .0012099
   -.0067040
   -.0223963
   -.0307871
   -.0253220
   -.0150709
   -.0116824
   -.0044225
    .0119499
    .0233685
    .0113884
    .0037971
    .0084634
    .0121741
    .0036367
   -.0056796
   -.0123140
   -.0125748
   -.0093765
   -.0101702
   -.0133030
   -.0138666
   -.0094485
    .0001053
    .0113871
    .0187067
    .0166801
    .0036803
   -.0079230
   -.0104365
   -.0100982
   -.0199135
   -.0211548
   -.0102076
   -.0070699
   -.0164630
   -.0176902
   -.0128217
   -.0164059
   -.0220406
   -.0161712
   -.0103032
   -.0102600
   -.0057530
    .0012412
   -.0006904
   -.0048139
   -.0063767
   -.0032901
   -.0033407
   -.0058283
   -.0080821
   -.0099442
   -.0093848
   -.0062160
   -.0019749
   -.0006319
   -.0025314
   -.0049223
   -.0070924
   -.0046681
   -.0014503
   -.0014480
   -.0055030
   -.0089137
   -.0094485
   -.0089871
   -.0082699
   -.0070548
   -.0057455
   -.0051860
   -.0047007
   -.0052586
   -.0064775
   -.0067142
   -.0064368
   -.0054031
   -.0037529
   -.0025596
   -.0009762
    .0000600
    .0007177
    .0007698
    .0009855
    .0011915
    .0015328
    .0017696
    .0020284
    .0019975
    .0018719
    .0017466
    .0016900
    .0017065
    .0016584
    .0017086
    .0014202
    .0017788