    .0320651
    .0316527
    .0305575
    .0308034
    .0298850
    .0298915
    .0285321
    .0269871
    .0245936
    .0224510
    .0199505
    .0179355
    .0158242
    .0144773
    .0129760
    .0118229
    .0100006
    .0085032
    .0054593
    .0053676
    .0030210
    .0003406
   -.0031684
   -.0065291
   -.0098884
   -.0116013
   -.0115894
   -.0085161
   -.0031086
    .0043111
    .0127232
    .0223241
    .0320104
    .0417985
    .0505075
    .0581098
    .0633162
    .0657978
    .0645677
    .0603113
    .0531037
    .0455205
    .0385165
    .0337730
    .0316889
    .0325048
    .0345987
    .0372177
    .0369349
    .0369596
    .0308241
    .0248111
    .0134784
    .0035232
   -.0100679
   -.0203207
   -.0309690
   -.0396155
   -.0475994
   -.0499496
   -.0513713
   -.0500692
   -.0462059
   -.0401745
   -.0334399
   -.0261053
   -.0188100
   -.0113466
   -.0044827
    .0016522
    .0050068
    .0108520
    .0151801
    .0212971
    .0296210
    .0398595
    .0509161
    .0624967
    .0729314
    .0809091
    .0849536
    .0848956
    .0809279
    .0740482
    .0631342
    .0536195
    .0421733
    .0307407
    .0188941
    .0073090
   -.0038603
   -.0147489
   -.0260381
   -.0378658
   -.0509425
   -.0659320
   -.0832706
   -.1026012
   -.1232597
   -.1441424
   -.1639175
   -.1809369
   -.1933970
   -.2012147
   -.2053153
   -.2064620
   -.2046889
   -.1998541
   -.1920207
   -.1822590
   -.1718485
   -.1619996
   -.1529816
   -.1449452
   -.1371991
   -.1291795
   -.1200735
   -.1096128
   -.0975583
   -.0842318
   -.0695366
   -.0538629
   -.0373588
   -.0207796
   -.0042351
    .0118720
    .0278870
    .0439939
    .0605542
    .0774414
    .0940595
    .1114980
    .1274942
    .1431013
    .1563477
    .1669072
    .1746339
    .1799488
    .1840127
    .1872114
    .1890769
    .1887447
    .1862384
    .1807179
    .1720657
    .1604841
    .1458057
    .1278206
    .1070054
    .0841672
    .0607293
    .0383824
    .0191999
    .0029122
   -.0110807
   -.0232826
   -.0338203
   -.0432409
   -.0517744
   -.0598923
   -.0672334
   -.0729091
   -.0746578
   -.0704418
   -.0608482
   -.0495068
   -.0381082
   -.0281084
   -.0204537
   -.0162429
   -.0154500
   -.0183782
   -.0237771
   -.0301529
   -.0357102
   -.0398785
   -.0426332
   -.0448072
   -.0459602
   -.0473741
   -.0501829
   -.0542468
   -.0582742
   -.0612716
   -.0623594
   -.0617938
   -.0599480
   -.0571829
   -.0533392
   -.0485246
   -.0427273
   -.0362457
   -.0292497
   -.0221262
   -.0150903
   -.0084470
   -.0010712
    .0038506
    .0097063
    .0152487
    .0202573
    .0243472
    .0269092
    .0282183
    .0293594
    .0310899
    .0339548
    .0381162
    .0433814
    .0490971
    .0542702
    .0579929
    .0597415
    .0593071
    .0562591
    .0503099
    .0419550
    .0323095
    .0222859
    .0127055
    .0039205
   -.0039104
   -.0101012
   -.0169636
   -.0235442
   -.0307329
   -.0388294
   -.0478233
   -.0571926
   -.0663912
   -.0753505
   -.0829572
   -.0881864
   -.0910199
   -.0920359
   -.0917990
   -.0911450
   -.0905183
   -.0902961
   -.0905349
   -.0913367
   -.0921480
   -.0929736
   -.0936973
   -.0939657
   -.0933478
   -.0917526
   -.0883226
   -.0825912
   -.0744640
   -.0653004
   -.0569997
   -.0508294
   -.0469938
   -.0460114
   -.0473711
   -.0505988
   -.0548642
   -.0587811
   -.0602381
   -.0584320
   -.0533302
   -.0456664
   -.0362559
   -.0257893
   -.0149853
   -.0049116
    .0033947
    .0093727
    .0143552
    .0194005
    .0252925
    .0321104
    .0398123
    .0480427
    .0566370
    .0654660
    .0747925
    .0845377
    .0941947
    .1029858
    .1105551
    .1166404
    .1211946
    .1241584
    .1257020
    .1257262
    .1239040
    .1199772
    .1145673
    .1088933
    .1040939
    .1006435
    .0985004
    .0972225
    .0964021
    .0956403
    .0948208
    .0939262
    .0931686
    .0927825
    .0930411
    .0936855
    .0941847
    .0938947
    .0924430
    .0896108
    .0854560
    .0800489
    .0735934
    .0661805
    .0580288
    .0494072
    .0407504
    .0323028
    .0241542
    .0161842
    .0083717
    .0007484
   -.0064523
   -.0128994
   -.0178677
   -.0206652
   -.0213013
   -.0205567
   -.0195585
   -.0193698
   -.0208026
   -.0241759
   -.0293500
   -.0358664
   -.0433075
   -.0513869
   -.0601328
   -.0696613
   -.0801725
   -.0917422
   -.1042400
   -.1162559
   -.1259467
   -.1320937
   -.1345689
   -.1338032
   -.1306959
   -.1261406
   -.1215974
   -.1185724
   -.1182524
   -.1204309
   -.1245881
   -.1302235
   -.1354872
   -.1377518
   -.1353588
   -.1276431
   -.1150768
   -.0995284
   -.0838765
   -.0703993
   -.0603838
   -.0539747
   -.0507158
   -.0496619
   -.0493117
   -.0485690
   -.0474966
   -.0456027
   -.0424757
   -.0382383
   -.0332430
   -.0280144
   -.0234452
   -.0202827
   -.0188689
   -.0190041
   -.0201344
   -.0210196
   -.0210326
   -.0200018
   -.0176535
   -.0135932
   -.0075381
    .0007688
    .0109649
    .0221272
    .0327779
    .0424982
    .0509777
    .0578066
    .0637104
    .0695641
    .0756661
    .0822548
    .0892418
    .0966282
    .1043291
    .1123751
    .1206953
    .1293434
    .1382586
    .1474349
    .1566983
    .1658529
    .1745506
    .1824369
    .1889579
    .1933138
    .1948276
    .1938921
    .1910467
    .1865216
    .1802931
    .1722424
    .1623976
    .1509952
    .1385102
    .1256330
    .1127444
    .0993877
    .0846196
    .0666068
    .0433827
    .0156110
   -.0141781
   -.0436403
   -.0709961
   -.0949090
   -.1143790
   -.1286917
   -.1377411
   -.1419698
   -.1424810
   -.1400164
   -.1346515
   -.1260856
   -.1149025
   -.1020621
   -.0878119
   -.0732532
   -.0596297
   -.0482761
   -.0405125
   -.0371410
   -.0381710
   -.0434266
   -.0526685
   -.0656816
   -.0820718
   -.1006124
   -.1193119
   -.1366428
   -.1517019
   -.1635391
   -.1714998
   -.1760007
   -.1778141
   -.1779115
   -.1770591
   -.1756744
   -.1736722
   -.1704943
   -.1662830
   -.1610328
   -.1531024
   -.1417711
   -.1270389
   -.1093218
   -.0890390
   -.0667951
   -.0430594
   -.0184835
    .0053254
    .0262920
    .0437012
    .0575602
    .0683043
    .0767130
    .0834278
    .0887230
    .0928439
    .0956778
    .0972405
    .0972862
    .0951570
    .0900458
    .0819379
    .0720154
    .0625476
    .0543527
    .0478126
    .0430348
    .0395568
    .0361745
    .0313806
    .0256226
    .0198891
    .0143608
    .0092654
    .0045609
    .0006994
   -.0020657
   -.0039108
   -.0045480
   -.0040816
   -.0028877
   -.0013387
   -.0000690
    .0009965
    .0026488
    .0055936
    .0105221
    .0174491
    .0246305
    .0305717
    .0346017
    .0364471
    .0362955
    .0345830
    .0316762
    .0276918
    .0224110
    .0155189
    .0071509
   -.0004388
   -.0066208
   -.0098246
   -.0099652
   -.0083373
   -.0061055
   -.0037012
   -.0014461
   -.0015685
   -.0034242
   -.0070230
   -.0117237
   -.0166014
   -.0206033
   -.0229886
   -.0232453
   -.0210747
   -.0161662
   -.0087339
    .0005550
    .0104481
    .0195452
    .0274338
    .0347963
    .0416098
    .0474020
    .0518049
    .0545952
    .0556282
    .0550812
    .0532160
    .0504226
    .0471369
    .0438606
    .0407184
    .0377454
    .0346808
    .0311693
    .0268047
    .0213529
    .0147992
    .0076044
    .0005310
   -.0058617
   -.0115574
   -.0166914
   -.0212748
   -.0250140
   -.0277111
   -.0302239
   -.0339557
   -.0386796
   -.0439646
   -.0494942
   -.0548305
   -.0596268
   -.0638277
   -.0674404
   -.0705212
   -.0729573
   -.0742929
   -.0737472
   -.0710764
   -.0667554
   -.0620434
   -.0575959
   -.0536443
   -.0502872
   -.0480980
   -.0472974
   -.0472447
   -.0470121
   -.0460271
   -.0437712
   -.0400069
   -.0351288
   -.0297526
   -.0245201
   -.0202410
   -.0171321
   -.0150594
   -.0136207
   -.0125062
   -.0114945
   -.0104078
   -.0088571
   -.0064115
   -.0029869
    .0006193
    .0036346
    .0052065
    .0053794
    .0051845
    .0048998
    .0044936
    .0038138
    .0024759
    .0003527
   -.0025011
   -.0059118
   -.0093647
   -.0121882
   -.0137519
   -.0134762
   -.0113033
   -.0085600
   -.0069221
   -.0072657
   -.0096273
   -.0136382
   -.0187842
   -.0247840
   -.0314225
   -.0385213
   -.0455179
   -.0516420
   -.0563354
   -.0594626
   -.0609360
   -.0609064
   -.0597824
   -.0579560
   -.0555160
   -.0524061
   -.0485513
   -.0442986
   -.0401233
   -.0365363
   -.0339503
   -.0328076
   -.0330927
   -.0339392
   -.0337696
   -.0306308
   -.0239057
   -.0143044
   -.0024342
    .0109954
    .0253272
    .0393225
    .0517266
    .0617639
    .0691630
    .0743300
    .0782000
    .0814518
    .0844893
    .0872152
    .0894180
    .0908668
    .0917492
    .0921046
    .0915522
    .0891568
    .0839419
    .0753433
    .0634152
    .0490269
    .0336127
    .0184548
    .0048853
   -.0065463
   -.0158802
   -.0237341
   -.0308636
   -.0376746
   -.0440677
   -.0503932
   -.0570193
   -.0637417
   -.0700401
   -.0756053
   -.0801441
   -.0831972
   -.0838837
   -.0818380
   -.0779021
   -.0736419
   -.0700038
   -.0674698
   -.0661703
   -.0658147
   -.0659619
   -.0662431
   -.0664925
   -.0667245
   -.0669983
   -.0673465
   -.0677316
   -.0678243
   -.0671098
   -.0651590
   -.0613736
   -.0556830
   -.0484700
   -.0400896
   -.0308150
   -.0209843
   -.0110244
   -.0014737
    .0070722
    .0138522
    .0185917
    .0216291
    .0236345
    .0251888
    .0268074
    .0287468
    .0311067
    .0338273
    .0367986
    .0398908
    .0430768
    .0464029
    .0501211
    .0546062
    .0601237
    .0666259
    .0737764
    .0809980
    .0874348
    .0919199
    .0934046
    .0917764
    .0879240
    .0828065
    .0771825
    .0713793
    .0655205
    .0602602
    .0563929
    .0542850
    .0537614
    .0543615
    .0549965
    .0539694
    .0503182
    .0446555
    .0375534
    .0293671
    .0204435
    .0111800
    .0019486
   -.0068387
   -.0148913
   -.0219960
   -.0280397
   -.0328596
   -.0360514
   -.0369147
   -.0347721
   -.0293827
   -.0216588
   -.0126626
   -.0032197
    .0060799
    .0148286
    .0228102
    .0297998
    .0358131
    .0410576
    .0455954
    .0498539
    .0543866
    .0589052
    .0623514
    .0631942
    .0607793
    .0553987
    .0473915
    .0373652
    .0260776
    .0145302
    .0038245
   -.0052455
   -.0123466
   -.0180093
   -.0229469
   -.0277058
   -.0324996
   -.0373570
   -.0420493
   -.0463849
   -.0502501
   -.0536760
   -.0567413
   -.0595648
   -.0620680
   -.0641134
   -.0652725
   -.0651405
   -.0633504
   -.0595381
   -.0533130
   -.0445009
   -.0332752
   -.0204235
   -.0069668
    .0061022
    .0180039
    .0280608
    .0356265
    .0402342
    .0423045
    .0424139
    .0410538
    .0389227
    .0370432
    .0368400
    .0391950
    .0440015
    .0499030
    .0549179
    .0578705
    .0583789
    .0559741
    .0505573
    .0426718
    .0331248
    .0226953
    .0122074
    .0027894
   -.0044946
   -.0090692
   -.0108577
   -.0104064
   -.0089444
   -.0079592
   -.0085938
   -.0116477
   -.0172635
   -.0249724
   -.0339202
   -.0430514
   -.0513860
   -.0582305
   -.0631986
   -.0662184
   -.0672569
   -.0662272
   -.0632354
   -.0588380
   -.0539044
   -.0493563
   -.0457260
   -.0431661
   -.0415870
   -.0408432
   -.0407828
   -.0413710
   -.0424506
   -.0436762
   -.0444158
   -.0440812
   -.0421020
   -.0382163
   -.0319808
   -.0237180
   -.0147110
   -.0058630
    .0023882
    .0097573
    .0160735
    .0210074
    .0242662
    .0255573
    .0246909
    .0214351
    .0160823
    .0089964
    .0009884
   -.0064324
   -.0124248
   -.0171388
   -.0209079
   -.0242895
   -.0276388
   -.0307241
   -.0328881
   -.0332642
   -.0309512
   -.0253283
   -.0167514
   -.0083355
   -.0014588
    .0045594
    .0097579
    .0142959
    .0182745
    .0217690
    .0248219
    .0275010
    .0298397
    .0318962
    .0337058
    .0353727
    .0371966
    .0394416
    .0422096
    .0454283
    .0487599
    .0516462
    .0537036
    .0548450
    .0552335
    .0551878
    .0550291
    .0549948
    .0552482
    .0559233
    .0571361
    .0589104
    .0612643
    .0640702
    .0669177
    .0695849
    .0717809
    .0731716
    .0734387
    .0724078
    .0700919
    .0666501
    .0622931
    .0573131
    .0518812
    .0460060
    .0396969
    .0333700
    .0274356
    .0221857
    .0177658
    .0145313
    .0128840
    .0126813
    .0131635
    .0133625
    .0121623
    .0087274
    .0030980
   -.0037363
   -.0108168
   -.0173704
   -.0228009
   -.0265950
   -.0286109
   -.0280261
   -.0247457
   -.0188062
   -.0106983
   -.0009981
    .0092354
    .0181389
    .0244253
    .0282752
    .0298511
    .0295087
    .0277263
    .0251384
    .0222809
    .0196711
    .0177089
    .0170448
    .0182653
    .0214205
    .0257309
    .0301345
    .0337735
    .0362183
    .0373804
    .0374414
    .0366456
    .0352261
    .0332589
    .0307491
    .0275861
    .0237209
    .0191038
    .0138042
    .0079022
    .0015954
   -.0049945
   -.0117399
   -.0186410
   -.0255025
   -.0320974
   -.0378975
   -.0420335
   -.0443334
   -.0453727
   -.0457187
   -.0459624
   -.0465684
   -.0477669
   -.0492876
   -.0504667
   -.0503833
   -.0485877
   -.0450867
   -.0399407
   -.0329134
   -.0243996
   -.0150576
   -.0051937
    .0054506
    .0169451
    .0287530
    .0398219
    .0493419
    .0578506
    .0665320
    .0758129
    .0857089
    .0959262
    .1058899
    .1146280
    .1210578
    .1243127
    .1234973
    .1180047
    .1095176
    .1005142
    .0918316
    .0837223
    .0761222
    .0688986
    .0620750
    .0558374
    .0503379
    .0455192
    .0412354
    .0373277
    .0336097
    .0298196
    .0256913
    .0212676
    .0167434
    .0123280
    .0081666
    .0043320
    .0008366
   -.0023090
   -.0050947
   -.0075351
   -.0096602
   -.0114147
   -.0127168
   -.0133573
   -.0133030
   -.0128783
   -.0125533
   -.0127397
   -.0138572
   -.0160661
   -.0190949
   -.0220161
   -.0241274
   -.0256024
   -.0267916
   -.0281421
   -.0303878
   -.0343227
   -.0406370
   -.0494375
   -.0602815
   -.0726684
   -.0862530
   -.1004263
   -.1142807
   -.1268420
   -.1376691
   -.1463239
   -.1522368
   -.1551670
   -.1555961
   -.1542597
   -.1518553
   -.1488286
   -.1453160
   -.1413484
   -.1369207
   -.1318231
   -.1266808
   -.1216325
   -.1159849
   -.1092612
   -.1015720
   -.0931637
   -.0844458
   -.0758439
   -.0677198
   -.0601878
   -.0532997
   -.0471655
   -.0420264
   -.0380777
   -.0352815
   -.0331795
   -.0314182
   -.0297871
   -.0281782
   -.0263029
   -.0238984
   -.0206157
   -.0161435
   -.0106711
   -.0049743
    .0002659
    .0047906
    .0086388
    .0118402
    .0146224
    .0170887
    .0191069
    .0205895
    .0218155
    .0231518
    .0250219
    .0278065
    .0321170
    .0380644
    .0449223
    .0519124
    .0585692
    .0644758
    .0694866
    .0735104
    .0766418
    .0792271
    .0812739
    .0823243
    .0825042
    .0822144
    .0818905
    .0817816
    .0818921
    .0818325
    .0812426
    .0799445
    .0778250
    .0749106
    .0714471
    .0671159
    .0618179
    .0565772
    .0528406
    .0507906
    .0495993
    .0486789
    .0475560
    .0459249
    .0434869
    .0399204
    .0351634
    .0296805
    .0240403
    .0187340
    .0143465
    .0107188
    .0070003
    .0030100
   -.0018918
   -.0078670
   -.0145103
   -.0218287
   -.0299972
   -.0389222
   -.0483799
   -.0580254
   -.0675305
   -.0764358
   -.0843636
   -.0910776
   -.0964481
   -.1003743
   -.1027204
   -.1027423
   -.0998290
   -.0943991
   -.0875747
   -.0801966
   -.0728780
   -.0658645
   -.0591994
   -.0529224
   -.0472914
   -.0424700
   -.0384702
   -.0351129
   -.0321176
   -.0286963
   -.0240257
   -.0176942
   -.0095119
    .0006000
    .0121882
    .0243755
    .0360207
    .0460161
    .0534263
    .0576402
    .0583641
    .0563032
    .0524550
    .0479280
    .0438067
    .0408244
    .0391911
    .0388747
    .0393304
    .0399660
    .0402283
    .0398084
    .0385741
    .0366302
    .0341799
    .0314483
    .0283819
    .0248959
    .0208801
    .0164803
    .0122629
    .0090303
    .0074288
    .0072951
    .0078121
    .0086307
    .0094351
    .0098478
    .0095649
    .0084370
    .0063049
    .0030407
   -.0006363
   -.0037197
   -.0057486
   -.0065470
   -.0061744
   -.0048078
   -.0027942
   -.0008102
    .0005996
    .0012447
    .0016534
    .0020473
    .0019666
    .0009392
   -.0015658
   -.0059340
   -.0120888
   -.0196970
   -.0282749
   -.0372882
   -.0462155
   -.0540132
   -.0590134
   -.0608399
   -.0604962
   -.0589747
   -.0569497
   -.0548543
   -.0529293
   -.0512661
   -.0498166
   -.0486085
   -.0474118
   -.0459842
   -.0442492
   -.0422732
   -.0402142
   -.0381911
   -.0362269
   -.0342840
   -.0321906
   -.0297374
   -.0267767
   -.0233448
   -.0195905
   -.0157570
   -.0120658
   -.0087907
   -.0064154
   -.0053473
   -.0055300
   -.0064491
   -.0071310
   -.0067301
   -.0047876
   -.0013402
    .0033838
    .0083170
    .0122372
    .0145034
    .0148793
    .0133224
    .0103981
    .0069821
    .0041475
    .0026716
    .0027048
    .0038417
    .0055474
    .0074644
    .0095543
    .0117323
    .0139860
    .0159802
    .0172541
    .0179669
    .0187327
    .0200926
    .0224191
    .0258211
    .0304850
    .0362446
    .0422616
    .0476268
    .0520840
    .0555931
    .0581961
    .0600583
    .0613689
    .0623226
    .0630511
    .0636339
    .0640751
    .0643736
    .0645219
    .0645447
    .0644454
    .0641594
    .0635873
    .0627957
    .0620201
    .0616042
    .0618753
    .0632121
    .0654421
    .0680670
    .0704538
    .0718982
    .0719132
    .0704077
    .0675198
    .0635530
    .0590630
    .0547158
    .0510438
    .0483996
    .0468671
    .0465061
    .0471116
    .0479838
    .0482849
    .0470000
    .0433779
    .0377100
    .0306646
    .0228224
    .0144761
    .0056938
   -.0036074
   -.0134272
   -.0236772
   -.0342757
   -.0453397
   -.0568610
   -.0686619
   -.0804712
   -.0914602
   -.1007800
   -.1086686
   -.1151761
   -.1203597
   -.1243852
   -.1271324
   -.1286192
   -.1290012
   -.1283701
   -.1267299
   -.1239810
   -.1201162
   -.1150122
   -.1084739
   -.1002921
   -.0906947
   -.0802807
   -.0693504
   -.0580561
   -.0465613
   -.0347553
   -.0224416
   -.0093672
    .0043445
    .0187104
    .0338005
    .0492795
    .0637680
    .0758828
    .0848726
    .0904902
    .0928996
    .0926297
    .0902375
    .0864430
    .0818066
    .0770062
    .0724812
    .0681583
    .0639683
    .0599406
    .0561509
    .0528759
    .0500778
    .0472311
    .0439634
    .0397582
    .0344172
    .0288192
    .0237434
    .0196669
    .0165875
    .0143181
    .0126518
    .0115314
    .0109900
    .0111276
    .0119808
    .0135270
    .0154882
    .0172236
    .0181530
    .0179919
    .0166471
    .0142276
    .0109956
    .0072322
    .0032325
   -.0007262
   -.0041289
   -.0063899
   -.0072815
   -.0071239
   -.0066641
   -.0067448
   -.0079200
   -.0104746
   -.0143746
   -.0193690
   -.0249348
   -.0301683
   -.0344020
   -.0374519
   -.0392290
   -.0398971
   -.0396090
   -.0386004
   -.0372842
   -.0363294
   -.0361299
   -.0368547
   -.0383477
   -.0402567
   -.0421102
   -.0436376
   -.0447430
   -.0455725
   -.0462935
   -.0470600
   -.0477954
   -.0483100
   -.0482472
   -.0474194
   -.0457178
   -.0431657
   -.0398998
   -.0362120
   -.0324262
   -.0290542
   -.0262779
   -.0240791
   -.0222207
   -.0205557
   -.0189541
   -.0172962
   -.0151437
   -.0123061
   -.0085333
   -.0038764
    .0012632
    .0062527
    .0105097
    .0132555
    .0142857
    .0142647
    .0140493
    .0138917
    .0140178
    .0146687
    .0162580
    .0188691
    .0224200
    .0266328
    .0313566
    .0362268
    .0409183
    .0450394
    .0485134
    .0514928
    .0543256
    .0571630
    .0600023
    .0628205
    .0657276
    .0687810
    .0718578
    .0746836
    .0770001
    .0784676
    .0788876
    .0783195
    .0770760
    .0755501
    .0742058
    .0732821
    .0728840
    .0728275
    .0726710
    .0720975
    .0710044
    .0695934
    .0683285
    .0676341
    .0676376
    .0682970
    .0694552
    .0709316
    .0725830
    .0742692
    .0757526
    .0764635
    .0760425
    .0745818
    .0723743
    .0698999
    .0676211
    .0654722
    .0630361
    .0597970
    .0552000
    .0490650
    .0413807
    .0322909
    .0224613
    .0125720
    .0029045
   -.0063535
   -.0150887
   -.0229036
   -.0293374
   -.0341432
   -.0374589
   -.0397251
   -.0413305
   -.0424978
   -.0433855
   -.0439710
   -.0443410
   -.0444416
   -.0443002
   -.0437928
   -.0429306
   -.0415982
   -.0398303
   -.0374109
   -.0340541
   -.0292391
   -.0229556
   -.0156822
   -.0084028
   -.0015403
    .0047128
    .0103804
    .0153962
    .0198715
    .0237763
    .0272174
    .0301474
    .0326003
    .0344173
    .0356245
    .0363305
    .0368836
    .0378484
    .0399628
    .0424181
    .0452591
    .0475519
    .0489852
    .0493037
    .0484803
    .0464246
    .0430380
    .0382513
    .0322516
    .0252967
    .0177012
    .0096159
    .0010781
   -.0077161
   -.0161709
   -.0235726
   -.0294551
   -.0337950
   -.0368734
   -.0391221
   -.0409504
   -.0426078
   -.0441745
   -.0458617
   -.0479731
   -.0508185
   -.0523178
   -.0536647
   -.0540551
   -.0531348
   -.0504620
   -.0457298
   -.0390874
   -.0310708
   -.0222335
   -.0130608
   -.0039365
    .0047999
    .0126954
    .0194594
    .0249272
    .0289450
    .0321019
    .0348896
    .0374605
    .0399394
    .0423538
    .0446412
    .0465879
    .0479359
    .0484258
    .0476355
    .0447730
    .0389448
    .0298830
    .0185567
    .0061408
   -.0063991
   -.0185083
   -.0299202
   -.0405888
   -.0503502
   -.0592533
   -.0674161
   -.0753184
   -.0832210
   -.0912108
   -.0989265
   -.1057192
   -.1110640
   -.1148079
   -.1165552
   -.1163317
   -.1142181
   -.1103250
   -.1048244
   -.0983955
   -.0916303
   -.0849466
   -.0783928
   -.0719650
   -.0655054
   -.0590773
   -.0525005
   -.0456072
   -.0381368
   -.0301632
   -.0216855
   -.0128321
   -.0036065
    .0060414
    .0163990
    .0278774
    .0406063
    .0537689
    .0662449
    .0772657
    .0864155
    .0935774
    .0988849
    .1025519
    .1047429
    .1054895
    .1047024
    .1024231
    .0985178
    .0926012
    .0850055
    .0759025
    .0659072
    .0536521
    .0408066
    .0273441
    .0139656
    .0016124
   -.0088016
   -.0165983
   -.0210708
   -.0221887
   -.0203633
   -.0171796
   -.0150034
   -.0144252
   -.0149025
   -.0163242
   -.0183770
   -.0208294
   -.0234389
   -.0259521
   -.0285570
   -.0316174
   -.0353222
   -.0394219
   -.0437550
   -.0479772
   -.0519294
   -.0555159
   -.0586999
   -.0614493
   -.0637014
   -.0653181
   -.0662290
   -.0663386
   -.0655979
   -.0638143
   -.0607470
   -.0561997
   -.0507398
   -.0451133
   -.0399643
   -.0354430
   -.0316056
   -.0282530
   -.0252295
   -.0221414
   -.0187908
   -.0149519
   -.0106849
   -.0060220
   -.0011149
    .0040228
    .0090738
    .0137434
    .0176001
    .0205317
    .0221570
    .0225104
    .0217520
    .0205097
    .0192070
    .0182577
    .0176551
    .0173307
    .0169652
    .0164606
    .0155659
    .0142508
    .0123803
    .0100384
    .0070629
    .0033735
   -.0009119
   -.0057162
   -.0107527
   -.0159811
   -.0208813
   -.0251391
   -.0280631
   -.0291417
   -.0285614
   -.0268484
   -.0243487
   -.0214679
   -.0183089
   -.0151352
   -.0124044
   -.0100477
   -.0081513
   -.0064306
   -.0043743
   -.0016900
    .0016673
    .0055873
    .0095437
    .0138703
    .0178380
    .0215833
    .0249245
    .0273778
    .0286528
    .0290349
    .0285665
    .0274551
    .0253022
    .0245599
    .0232800
    .0223113
    .0217700
    .0219254
    .0229655
    .0248952
    .0273585
    .0296719
    .0311885
    .0315869
    .0308200
    .0291761
    .0273277
    .0259377
    .0254857
    .0258110
    .0268289
    .0282998
    .0301915
    .0323194
    .0346975
    .0371602
    .0395737
    .0417415
    .0436388
    .0452216
    .0465736
    .0477030
    .0486275
    .0492240
    .0492121
    .0481650
    .0456312
    .0422139
    .0382603
    .0345841
    .0318468
    .0291208
    .0270065
    .0251468
    .0239120
    .0228779
    .0214751
    .0186057
    .0138303
    .0070954
   -.0007350
   -.0093054
   -.0176313
   -.0252328
   -.0315037
   -.0365628
   -.0403268
   -.0431310
   -.0448395
   -.0456293
   -.0452760
   -.0438043
   -.0410301
   -.0374797
   -.0332913
   -.0289114
   -.0240833
   -.0188297
   -.0126646
   -.0055517
    .0029805
    .0126255
    .0229079
    .0324949
    .0408119
    .0474515
    .0529606
    .0575297
    .0617614
    .0653809
    .0685053
    .0707501
    .0725057
    .0738342
    .0754160
    .0772540
    .0797838
    .0827618
    .0865087
    .0904593
    .0944325
    .0974988
    .0993625
    .0994677
    .0982169
    .0956142
    .0924682
    .0891830
    .0866374
    .0846670
    .0834896
    .0826213
    .0821976
    .0817903
    .0816100
    .0812756
    .0809231
    .0799359
    .0782353
    .0754413
    .0720691
    .0682189
    .0644705
    .0608096
    .0575891
    .0545888
    .0519844
    .0495379
    .0474481
    .0454968
    .0439504
    .0425607
    .0414630
    .0403331
    .0393088
    .0381824
    .0371887
    .0361863
    .0353674
    .0345126
    .0337446
    .0328389
    .0309830
    .0306621
    .0292979
    .0277124
    .0261289
    .0245033
    .0221100
    .0215701
    .0203438
    .0191952
    .0182403
    .0173961
    .0167982
    .0163771
    .0162566
    .0163770
    .0167919
    .0172045
    .0174398
    .0172352
    .0166144
    .0156003
    .0144296
    .0131978
    .0120682
    .0110305
    .0101575
    .0093879
    .0087465
    .0081675
    .0076818
    .0072622
    .0069860
    .0068761
    .0069278
    .0070632
    .0071959
    .0072601
    .0072141
    .0070828
    .0068650
    .0066277
    .0063388
    .0060658
    .0057413
    .0054130
    .0049528
    .0044467
    .0038038
    .0031875
    .0025274
    .0020161
    .0015292
    .0012466
    .0009828
    .0009123
    .0008353
    .0009585
    .0010846
    .0014005
    .0016351
    .0006897
    .0020701
    .0021654
    .0021076
    .0020544
    .0019170
    .0018389
    .0017102
    .0016385
    .0015397
    .0014945
    .0014510
    .0014670
    .0015254
    .0016380
    .0018242
    .0020435
    .0023536
    .0026614
    .0030774
    .0035493
    .0040150
    .0044985
    .0049934
    .0054722
    .0059782
    .0064405
    .0069347
    .0073662
    .0078409
    .0082367
    .0086892
    .0090469
    .0094730
    .0097797
    .0101724
    .0104282
    .0107794
    .0109807
    .0102368
    .0114271
    .0116869
    .0117614
    .0119732
    .0123243
    .0124523
    .0128195
    .0128544
    .0133257
    .0118634
    .0140648
    .0122595
    .0163986