    .0007127
   -.0001509
    .0029597
    .0041316
    .0051710
    .0053770
    .0056264
    .0057038
    .0058137
    .0059292
    .0060201
    .0061682
    .0062217
    .0063219
    .0062344
    .0062066
    .0060534
    .0061339
    .0062275
    .0064744
    .0065202
    .0065105
    .0060160
    .0057405
    .0054111
    .0055528
    .0054765
    .0054262
    .0053112
    .0056586
    .0060239
    .0062538
    .0059241
    .0052818
    .0041374
    .0037251
    .0037647
    .0040190
    .0041299
    .0044001
    .0041688
    .0037068
    .0026398
    .0020240
    .0025125
    .0033833
    .0041749
    .0045845
    .0041485
    .0033174
    .0020992
    .0019941
    .0017087
    .0014038
    .0008395
   -.0001032
   -.0015563
   -.0028964
   -.0043013
   -.0053958
   -.0043401
   -.0029550
   -.0011715
    .0005601
    .0013797
    .0017049
    .0013556
    .0004925
   -.0002932
   -.0006843
   -.0015851
   -.0029347
   -.0055791
   -.0077732
   -.0083591
   -.0081069
   -.0083352
   -.0094084
   -.0106448
   -.0106036
   -.0105027
   -.0095222
   -.0069036
   -.0036307
   -.0011305
   -.0009316
   -.0033282
   -.0079135
   -.0139109
   -.0186123
   -.0201868
   -.0175834
   -.0101342
   -.0014202
   -.0000547
   -.0078023
   -.0201342
   -.0263138
   -.0223408
   -.0112151
    .0011564
    .0019566
   -.0046944
   -.0097728
   -.0146898
   -.0152140
   -.0202609
   -.0255639
   -.0266121
   -.0235876
   -.0146993
   -.0083878
   -.0068750
   -.0087036
   -.0104356
   -.0112121
   -.0110571
   -.0098352
   -.0066920
   -.0028730
   -.0002472
   -.0006720
   -.0053540
   -.0121706
   -.0193465
   -.0258331
   -.0302264
   -.0298111
   -.0243896
   -.0156060
   -.0072427
   -.0046030
   -.0080408
   -.0163523
   -.0265973
   -.0334445
   -.0338554
   -.0275357
   -.0151355
   -.0023820
    .0043965
    .0041412
   -.0020282
   -.0105403
   -.0180987
   -.0233854
   -.0248189
   -.0181699
   -.0051560
    .0037770
    .0015122
   -.0134232
   -.0275002
   -.0346452
   -.0345290
   -.0289943
   -.0198909
   -.0101880
   -.0021864
    .0018295
    .0020215
    .0002169
   -.0032136
   -.0075193
   -.0107064
   -.0108366
   -.0074846
   -.0015827
    .0022081
    .0005672
   -.0040873
   -.0102541
   -.0159667
   -.0222253
   -.0277210
   -.0303086
   -.0267044
   -.0155928
   -.0028688
    .0057714
    .0056960
   -.0017637
   -.0093542
   -.0141668
   -.0147903
   -.0100305
   -.0009906
    .0087105
    .0136425
    .0058117
   -.0116268
   -.0281476
   -.0359006
   -.0294102
   -.0128406
    .0015719
    .0045270
   -.0048487
   -.0105682
   -.0099570
   -.0060575
   -.0014349
   -.0027159
   -.0043162
   -.0033311
   -.0026603
   -.0012882
   -.0031497
   -.0088890
   -.0167628
   -.0234091
   -.0256028
   -.0225199
   -.0144074
   -.0017582
    .0056400
    .0060949
    .0050569
    .0048352
    .0062706
    .0079881
    .0046052
   -.0002369
    .0000762
    .0007164
    .0024089
    .0012444
   -.0051966
   -.0126723
   -.0190677
   -.0233747
   -.0252438
   -.0248992
   -.0218569
   -.0161279
   -.0099926
   -.0077042
   -.0079795
   -.0059374
    .0004032
    .0099811
    .0177214
    .0160439
    .0048084
   -.0025179
   -.0063209
   -.0047837
   -.0019325
   -.0029784
   -.0023274
   -.0029039
   -.0040204
   -.0057307
   -.0124691
   -.0236294
   -.0329636
   -.0298282
   -.0166745
   -.0004495
    .0090797
    .0000684
   -.0104737
   -.0104320
   -.0013282
    .0113965
    .0152203
    .0138851
    .0121541
    .0112858
    .0099939
    .0077104
    .0041571
   -.0006687
   -.0089281
   -.0198163
   -.0299991
   -.0345250
   -.0284788
   -.0152529
    .0005056
    .0132094
    .0146264
    .0089488
    .0029865
   -.0002955
   -.0009992
    .0001192
    .0033522
    .0077672
    .0109309
    .0098599
    .0052515
   -.0008473
   -.0053352
   -.0059732
   -.0039688
   -.0004130
   -.0003921
   -.0074851
   -.0130505
   -.0128948
   -.0069771
    .0038575
    .0088661
    .0047110
   -.0033724
   -.0061676
   -.0034728
    .0026781
    .0083358
    .0073093
    .0017984
   -.0024478
   -.0035048
   -.0015335
    .0018511
    .0054833
    .0087021
    .0109545
    .0118967
    .0109602
    .0069550
   -.0007142
   -.0114191
   -.0189119
   -.0210791
   -.0194784
   -.0133837
   -.0059207
   -.0011459
    .0007060
    .0032867
    .0039721
    .0049454
    .0046599
   -.0003438
   -.0036776
   -.0034418
   -.0008330
    .0049955
    .0103946
    .0119619
    .0085098
   -.0002832
   -.0142055
   -.0269570
   -.0325012
   -.0276177
   -.0118922
    .0066448
    .0189931
    .0181602
    .0038967
   -.0082809
   -.0111248
   -.0059158
    .0038327
    .0084418
    .0052764
   -.0022980
   -.0086528
   -.0087053
   -.0043811
    .0027136
    .0105907
    .0132087
    .0103442
    .0039307
   -.0044924
   -.0133245
   -.0191706
   -.0191664
   -.0117679
    .0030475
    .0141768
    .0152315
    .0055410
   -.0097616
   -.0211346
   -.0236474
   -.0158860
    .0024040
    .0234658
    .0360816
    .0342364
    .0162335
   -.0114529
   -.0320381
   -.0381711
   -.0276549
   -.0041742
    .0199933
    .0361494
    .0370462
    .0179525
   -.0074191
   -.0254165
   -.0298382
   -.0203191
   -.0052534
    .0083278
    .0155868
    .0126685
   -.0000297
   -.0158730
   -.0283022
   -.0301278
   -.0169743
    .0022308
    .0219437
    .0361953
    .0324028
    .0161920
   -.0019345
   -.0144316
   -.0181599
   -.0187086
   -.0171072
   -.0127966
   -.0040891
    .0058114
    .0102334
    .0048330
   -.0107762
   -.0237165
   -.0259285
   -.0168932
    .0012520
    .0178831
    .0224546
    .0136091
   -.0017679
   -.0057335
    .0032188
    .0182233
    .0340700
    .0330463
    .0134460
   -.0109478
   -.0297770
   -.0381499
   -.0392316
   -.0296995
   -.0108339
    .0111237
    .0174474
    .0084195
   -.0084571
   -.0209437
   -.0214213
   -.0130954
    .0037916
    .0271164
    .0468516
    .0492194
    .0340575
    .0099719
   -.0040684
   -.0050956
   -.0001903
    .0013815
   -.0102223
   -.0243911
   -.0309252
   -.0282092
   -.0170155
   -.0055621
    .0007580
    .0023663
    .0040858
    .0100712
    .0173828
    .0240663
    .0247062
    .0140804
    .0034148
   -.0037527
   -.0073460
   -.0088981
   -.0125234
   -.0102213
   -.0054715
    .0036601
    .0015832
   -.0112533
   -.0242394
   -.0263796
   -.0165744
   -.0030773
    .0044647
   -.0004449
   -.0068908
   -.0065418
    .0006506
    .0134825
    .0264596
    .0356250
    .0391783
    .0368598
    .0278533
    .0151167
    .0017597
   -.0094127
   -.0160999
   -.0175982
   -.0136459
   -.0050554
    .0052861
    .0120231
    .0130350
    .0073900
   -.0044981
   -.0178249
   -.0267698
   -.0260873
   -.0105408
    .0203623
    .0527684
    .0740140
    .0700130
    .0411131
    .0129132
   -.0036727
   -.0056112
    .0028390
    .0149209
    .0266435
    .0333876
    .0290970
    .0200160
    .0171030
    .0231909
    .0367065
    .0445047
    .0358689
    .0118394
   -.0105956
   -.0097954
    .0087278
    .0371047
    .0661603
    .0830183
    .0869029
    .0811460
    .0702668
    .0598696
    .0521159
    .0479389
    .0476466
    .0523641
    .0596242
    .0662494
    .0688708
    .0631521
    .0499301
    .0324382
    .0137362
   -.0020099
   -.0094256
   -.0066891
    .0055545
    .0253277
    .0434332
    .0493522
    .0394261
    .0208139
    .0181835
    .0306184
    .0449018
    .0530555
    .0324530
   -.0048320
   -.0394838
   -.0595844
   -.0601468
   -.0425479
   -.0099029
    .0307176
    .0659313
    .0800916
    .0757949
    .0577457
    .0327560
    .0072723
   -.0163371
   -.0356408
   -.0461155
   -.0381846
   -.0193976
   -.0018235
    .0017474
   -.0200473
   -.0498856
   -.0728051
   -.0773470
   -.0578790
   -.0224307
    .0223991
    .0664351
    .0898582
    .0795206
    .0508785
    .0192770
    .0031208
    .0032359
    .0059605
    .0040961
   -.0047361
   -.0200398
   -.0434482
   -.0704859
   -.0916938
   -.0914655
   -.0776672
   -.0593194
   -.0451553
   -.0500339
   -.0692244
   -.0910250
   -.1055989
   -.1059131
   -.0961993
   -.0803644
   -.0617769
   -.0467657
   -.0494720
   -.0691720
   -.0965616
   -.1166178
   -.1200926
   -.1142871
   -.1016782
   -.0837245
   -.0632171
   -.0493084
   -.0453380
   -.0509734
   -.0575151
   -.0587827
   -.0561732
   -.0510365
   -.0456937
   -.0446462
   -.0484860
   -.0554187
   -.0617234
   -.0646824
   -.0628525
   -.0542142
   -.0354555
   -.0075915
    .0192065
    .0367991
    .0359010
    .0176855
   -.0015233
   -.0124551
   -.0110771
   -.0008749
    .0230412
    .0665438
    .1268575
    .1802534
    .1986785
    .1893986
    .1642266
    .1424861
    .1276801
    .1178323
    .1124198
    .1171972
    .1337540
    .1482750
    .1543100
    .1508467
    .1424514
    .1318685
    .1192122
    .1035936
    .0802288
    .0483862
    .0127139
   -.0201956
   -.0431931
   -.0574779
   -.0634676
   -.0619255
   -.0570918
   -.0602875
   -.0731510
   -.0906313
   -.1005130
   -.0933112
   -.0750360
   -.0529419
   -.0343338
   -.0209370
   -.0085360
    .0028636
    .0101480
    .0023539
   -.0159445
   -.0372378
   -.0551128
   -.0660626
   -.0705644
   -.0670978
   -.0552210
   -.0329288
   -.0035710
    .0288139
    .0590961
    .0780426
    .0831783
    .0832702
    .0854415
    .0946168
    .1064362
    .1144718
    .1141672
    .1002989
    .0685430
    .0271880
   -.0110038
   -.0319234
   -.0264088
   -.0083589
    .0095956
    .0129343
    .0007275
   -.0080461
   -.0096447
   -.0083492
   -.0115680
   -.0246367
   -.0491650
   -.0824887
   -.1145913
   -.1291414
   -.1222607
   -.0963353
   -.0608019
   -.0499955
   -.0758951
   -.1159983
   -.1299893
   -.0994300
   -.0623431
   -.0419004
   -.0594213
   -.1009858
   -.1311258
   -.1418355
   -.1347587
   -.1168242
   -.0860324
   -.0541992
   -.0380831
   -.0565909
   -.0771694
   -.0712959
   -.0365257
    .0041193
    .0094599
   -.0134486
   -.0451552
   -.0622608
   -.0530534
   -.0299039
    .0003337
    .0311230
    .0492807
    .0411107
    .0063998
   -.0468975
   -.0925907
   -.1112571
   -.0993944
   -.0591620
    .0027762
    .0583434
    .0864532
    .0775264
    .0345169
   -.0092193
   -.0354985
   -.0390102
   -.0226216
    .0053962
    .0381682
    .0687171
    .0869466
    .0797129
    .0604613
    .0431601
    .0394275
    .0587613
    .0874781
    .1159201
    .1396327
    .1577117
    .1710023
    .1777022
    .1759092
    .1612266
    .1370462
    .1062251
    .0669942
    .0175320
   -.0314578
   -.0600766
   -.0651530
   -.0491388
   -.0305552
   -.0319726
   -.0562973
   -.0866894
   -.0903139
   -.0668923
   -.0295002
    .0120213
    .0359466
    .0419104
    .0354828
    .0214194
    .0017186
   -.0191696
   -.0364766
   -.0458131
   -.0438227
   -.0262993
    .0029377
    .0382781
    .0700218
    .0803948
    .0719658
    .0530029
    .0331793
    .0187797
    .0156179
    .0286952
    .0584926
    .0935782
    .1056594
    .0867506
    .0385833
   -.0182469
   -.0623848
   -.0886013
   -.0924857
   -.0625335
    .0038100
    .0774966
    .1276021
    .1177862
    .0472884
   -.0403564
   -.1167740
   -.1595746
   -.1539265
   -.1182311
   -.0745717
   -.0446233
   -.0482176
   -.0659763
   -.0832082
   -.0908512
   -.0866447
   -.0723931
   -.0501636
   -.0247189
   -.0047078
    .0018102
    .0005795
   -.0045534
   -.0096817
   -.0162027
   -.0232338
   -.0269306
   -.0236115
   -.0182120
   -.0182334
   -.0280007
   -.0535274
   -.0885588
   -.1093479
   -.1014092
   -.0605515
    .0013747
    .0481513
    .0592285
    .0289286
   -.0222865
   -.0592818
   -.0767305
   -.0771380
   -.0700269
   -.0578666
   -.0392905
   -.0176121
   -.0034191
   -.0144859
   -.0423790
   -.0740514
   -.0986634
   -.1140634
   -.1266845
   -.1346852
   -.1341998
   -.1112966
   -.0744974
   -.0383221
   -.0155806
   -.0176631
   -.0335750
   -.0483331
   -.0505365
   -.0345122
   -.0077883
    .0286691
    .0732386
    .1209569
    .1522103
    .1579701
    .1412343
    .1113497
    .0882584
    .0722507
    .0603757
    .0481207
    .0449346
    .0536562
    .0648565
    .0582830
    .0214508
   -.0184032
   -.0524240
   -.0660468
   -.0575147
   -.0552387
   -.0567749
   -.0526022
   -.0408221
   -.0217471
   -.0108022
   -.0181114
   -.0432454
   -.0704209
   -.0834215
   -.0747483
   -.0422503
    .0008465
    .0327432
    .0438242
    .0292382
   -.0106747
   -.0602219
   -.1084694
   -.1467514
   -.1652931
   -.1595220
   -.1319443
   -.0878037
   -.0380733
   -.0071655
   -.0067842
   -.0348492
   -.0755395
   -.0961684
   -.0935751
   -.0694549
   -.0309677
    .0093148
    .0285894
    .0173933
   -.0267198
   -.0790273
   -.1082542
   -.1068263
   -.0757337
   -.0218344
    .0392207
    .0908165
    .1174044
    .1022044
    .0618647
    .0255229
    .0127915
    .0328248
    .0654760
    .0889632
    .0906648
    .0590769
   -.0029233
   -.0660070
   -.1124777
   -.1330104
   -.1381721
   -.1343198
   -.1145172
   -.0769559
   -.0286194
    .0032580
    .0084850
   -.0143697
   -.0549197
   -.0903099
   -.1115225
   -.1131963
   -.0941831
   -.0560408
   -.0137141
    .0121884
   -.0040670
   -.0632121
   -.1304542
   -.1838878
   -.2014657
   -.1639299
   -.0932178
   -.0179260
    .0314821
    .0282987
   -.0013284
   -.0337233
   -.0501599
   -.0363516
   -.0127746
    .0057124
    .0151014
    .0177326
    .0134565
   -.0015756
   -.0304883
   -.0779275
   -.1344541
   -.1871962
   -.2291630
   -.2545530
   -.2607494
   -.2171280
   -.1470273
   -.0718097
   -.0249549
    .0102672
   -.0135128
   -.0912407
   -.0978123
   -.0489945
    .0275507
    .0313368
   -.0130629
   -.1116908
   -.1902607
   -.2185427
   -.1937945
   -.1542297
   -.0808436
    .0129503
    .0912306
    .1118722
    .0163674
   -.0667874
   -.0872182
   -.0422381
    .0132077
    .0372283
    .1287739
    .0786193
   -.0329848
   -.1248669
   -.1829559
   -.2139871
   -.1817669
   -.1226978
   -.0446538
    .0470574
    .1463438
    .1577283
    .1337581
    .0809620
    .0040616
   -.0505093
   -.0732837
   -.0081493
    .0398442
    .0198938
   -.0062574
   -.0544170
   -.0388941
    .0200304
    .0538338
    .1333404
    .1591823
    .1686537
    .1590596
    .1106458
    .0543364
    .0238442
   -.0065957
   -.0264773
   -.0109804
    .0194268
    .0486929
    .0724054
    .0673184
    .0199157
    .0008473
   -.0017422
    .0140886
    .0645511
    .1189979
    .1911650
    .2461942
    .2384060
    .1282685
    .0719883
    .0441758
    .0724581
    .1362055
    .1603488
    .1745445
    .1719390
    .0863307
   -.0400160
   -.0606074
   -.0972335
   -.0849552
   -.0836334
   -.0939306
   -.1192817
   -.1524810
   -.1833105
   -.2349908
   -.2638575
   -.2559748
   -.2097617
   -.1473319
   -.0745792
   -.0145067
    .0379992
    .0731864
    .1000299
    .1188960
    .1342296
    .1478840
    .1607184
    .1919916
    .2246198
    .2681586
    .2715357
    .2636480
    .2201999
    .2093507
    .1845384
    .1632673
    .0891419
    .0531497
    .0167018
    .0005978
    .0101691
    .0001473
   -.0541159
   -.0649000
   -.0797039
   -.1035442
   -.1352314
   -.2004526
   -.2623421
   -.3136291
   -.3431699
   -.3400160
   -.2656252
   -.2250825
   -.1808932
   -.1517793
   -.1180861
   -.1100985
   -.1062576
   -.1191298
   -.1499949
   -.1711199
   -.1902049
   -.2011493
   -.1975674
   -.1836826
   -.2266491
   -.2490476
   -.2920155
   -.2877016
   -.2907631
   -.2087923
   -.1584525
   -.0796714
   -.0037744
    .0631557
    .0667059
    .0131636
    .0086704
   -.0167971
   -.0156571
   -.0121985
    .0144965
    .0299840
    .0404641
    .0396778
    .0322779
    .0322481
    .0696125
    .1481088
    .2204009
    .3088591
    .3921552
    .4404424
    .4560909
    .4521683
    .4316189
    .4055710
    .3708252
    .3388680
    .3580846
    .3205130
    .3400920
    .3548078
    .2682576
    .1831980
    .1482167
    .1862067
    .3091945
    .4075912
    .4740957
    .5327813
    .5165703
    .3329280
    .2149520
    .1216399
    .1746258
    .2301187
    .2413528
    .2017545
    .1339062
    .0351291
   -.0397267
   -.0764280
   -.1084840
   -.1097567
   -.1347567
   -.1425290
   -.1430971
   -.1591542
   -.2248573
   -.2909524
   -.3315684
   -.3896859
   -.4119429
   -.3994842
   -.3407214
   -.3148498
   -.3788242
   -.4590900
   -.4625826
   -.4336595
   -.3791168
   -.2816437
   -.1610440
   -.0501386
   -.0290302
   -.0349966
   -.0813983
   -.1987624
   -.1586489
   -.0550776
    .0174109
    .1405838
    .3553787
    .5193339
    .4869161
    .1764209
    .0205666
    .0412087
    .1161989
    .2378657
    .3298152
    .3582551
    .2668499
    .0906568
   -.0326727
   -.2066329
   -.1642453
    .1235210
    .3874175
    .4463539
    .4615005
    .4196806
    .2521972
    .0761340
   -.1010166
   -.1763317
   -.1624885
   -.0845601
   -.0014402
    .0794703
    .0985251
    .0705133
   -.0174531
   -.0424820
    .0701795
    .2191691
    .3564369
    .4558612
    .4227540
    .3681004
    .2651857
    .1527631
   -.1675561
   -.2156168
   -.2408147
   -.2471001
   -.2375576
   -.1725395
   -.1058097
    .0378290
    .0875485
    .0864452
    .0848098
    .0886285
    .1722590
    .1949665
    .1407592
    .0439961
    .0259968
   -.0560359
   -.1932813
   -.1392742
    .0137249
    .1435332
    .3415621
    .5386668
    .6398566
    .6494042
    .5831172
    .4697354
    .3443692
    .2558716
    .2636317
    .2224063
    .1679399
    .0963275
    .0103364
   -.1059512
   -.2114532
   -.2029609
   -.1137440
   -.0192480
    .1144218
    .1990426
    .2806817
    .2499393
    .2045444
    .0445308
   -.1182061
   -.2133865
   -.2374572
   -.2662059
   -.2756579
   -.1877141
   -.0406855
    .0992405
    .1351844
    .1332747
    .0892020
    .0852961
    .0448062
    .0588058
    .1277826
    .1592666
    .1908146
    .2226397
    .2263300
    .1967996
    .1267351
    .0244352
    .0100428
    .0242530
    .0560959
    .2553960
    .3738202
    .4013431
    .4109532
    .3360967
    .1401176
   -.0303543
   -.1433111
   -.2180387
   -.1760230
   -.1366976
   -.0525312
   -.0806661
   -.0672901
   -.1446874
   -.1827726
   -.1232312
   -.0680837
   -.0149044
   -.0273244
   -.0888861
   -.1530780
   -.2312850
   -.3035897
   -.3581841
   -.4059357
   -.4282492
   -.4266554
   -.4194693
   -.3744613
   -.3564270
   -.3760676
   -.4286978
   -.4818599
   -.5116865
   -.5405521
   -.5205802
   -.5247563
   -.4793351
   -.4927252
   -.5254804
   -.5921395
   -.5757942
   -.5367024
   -.4121740
   -.1937292
   -.0361254
    .0471203
    .0783954
   -.0416084
   -.1409350
   -.1906806
   -.1742096
   -.1370881
    .0348086
    .1312313
    .1282576
    .0792631
    .0034909
   -.0302243
   -.0899201
   -.0928761
   -.0474350
   -.0050366
    .0128221
    .0167953
    .0161951
    .0183164
    .0125672
   -.0038265
   -.0180983
   -.0329200
   -.0362124
   -.0299364
   -.0053201
    .0233109
    .0607395
    .0736073
    .0779306
    .0962603
    .1168453
    .1488283
    .1759988
    .2123917
    .2267087
    .2159937
    .1916903
    .1253790
    .1134621
    .0878412
    .0902651
    .0815051
    .1047830
    .1402440
    .1654743
    .1805472
    .1893519
    .1746430
    .1123828
    .0569395
   -.0001663
   -.0128693
    .0166494
    .0538161
    .0652094
    .0714778
    .0808786
    .0471246
    .0470704
    .0883414
    .1300373
    .1608767
    .1896135
    .2060107
    .2145889
    .2100096
    .1818613
    .1790326
    .1788918
    .1763533
    .1866320
    .2018413
    .2284296
    .2446854
    .2617511
    .2613528
    .2293469
    .1983754
    .2135493
    .2379323
    .2758178
    .2899021
    .2932041
    .2939191
    .2822847
    .2481807
    .2064167
    .1847158
    .1642719
    .1819545
    .1999818
    .2258284
    .2726483
    .3090957
    .3046163
    .2411900
    .1694673
    .0706878
    .0096362
   -.0097971
    .0119274
    .0817962
    .1420046
    .1663508
    .1880625
    .1687763
    .0741878
    .0047379
   -.0105910
    .1030421
    .1912669
    .2737829
    .2425146
    .1860376
    .1117167
    .0032732
   -.0524174
   -.0880470
   -.0809602
   -.0504500
    .0561887
    .2727506
    .2826813
    .2251917
    .1139882
    .0231923
   -.1061821
   -.1589241
   -.1696055
   -.0993680
   -.0728999
   -.0534337
   -.0723957
   -.1204039
   -.1735835
   -.1920230
   -.2049876
   -.2032631
   -.1875845
   -.1559435
   -.1210345
   -.1220201
   -.1042781
   -.0686403
   -.0723286
   -.0906931
   -.1022043
   -.1008712
   -.1030425
   -.0962369
   -.0905622
   -.0876771
   -.1344399
   -.1535746
   -.1788719
   -.2097110
   -.2303945
   -.2462578
   -.2464746
   -.2383951
   -.2562804
   -.2823407
   -.2968432
   -.2797934
   -.2784261
   -.2676637
   -.2245746
   -.1436706
   -.0397960
   -.0151873
    .0017515
   -.0489744
   -.0728423
   -.0611450
   -.0179316
    .0289396
    .0980677
    .0539356
   -.0543777
   -.1516441
   -.3425899
   -.3677296
   -.1669252
    .0643678
    .1178290
   -.0623191
   -.2807302
   -.3880397
   -.3367103
   -.2249348
   -.0050985
    .0875478
    .0232931
   -.1194322
   -.2323690
   -.3570445
   -.4099153
   -.3658636
   -.2800098
   -.0885236
    .2499808
    .4366904
    .5180967
    .4642507
    .2382815
    .1048038
   -.0374759
   -.2392392
   -.2344429
   -.1245966
    .0377052
    .0666087
   -.0399707
   -.1961375
   -.3363195
   -.4207025
   -.3722647
   -.1747985
    .1025228
    .2302241
    .2372464
    .1231364
   -.1182812
   -.3150538
   -.3959262
   -.4553767
   -.5116169
   -.5074023
   -.3300264
   -.0792693
    .1472511
    .3705478
    .4975750
    .2727621
    .1113818
    .0758190
    .0548599
    .0618893
    .1219468
    .2082588
    .1587706
    .2906654
    .1896267
   -.0782044
   -.2704249
   -.2623238
   -.2032451
   -.1223618
   -.0077598
    .1133388
    .3809846
    .3523411
   -.0172034
   -.3229358
   -.5444623
   -.5592392
   -.3762768
   -.1245020
    .0160300
    .2055315
    .0394907
   -.3279522
   -.3757519
   -.3332277
   -.2590604
   -.0205763
    .1563697
    .3512692
    .5381723
    .4110262
    .1563501
   -.0914468
   -.2414956
   -.3060987
   -.2031041
   -.0701542
    .0798669
    .1174355
   -.0813978
   -.2686480
   -.2769825
   -.4143443
   -.4120289
   -.2795607
    .1027251
    .2168138
    .1584879
    .0581615
   -.0307221
   -.3053449
   -.3748555
   -.4495565
   -.4784950
   -.4112646
   -.1782540
   -.0073000
    .0876836
    .0960309
    .0432467
   -.0494365
   -.1655349
   -.2235834
   -.2881740
   -.2883101
   -.2840867
   -.2500272
   -.2108865
   -.1769294
   -.1924838
   -.1808775
   -.1783625
   -.2135236
   -.1999004
   -.2184363
   -.2119309
   -.1905384
   -.1820345
   -.1544857
   -.1101934
   -.0847722
   -.0938023
   -.1815291
   -.2655165
   -.3098704
   -.2792949
   -.2103884
   -.0553778
    .0412274
    .1282144
    .1193644
    .0727519
   -.0214552
   -.1128364
   -.1585868
   -.1717471
   -.0773679
   -.0016369
    .0518979
    .0850517
    .0588582
   -.0097581
   -.0538553
   -.0815130
   -.1141159
   -.0985322
   -.0320730
    .0109642
    .0758157
    .0735214
    .0353912
    .0140944
   -.0452717
   -.1030427
   -.1191047
   -.1030033
   -.0637364
    .0175976
    .0747230
    .0765666
    .0850678
    .0399789
    .0052461
    .0027537
    .0116195
    .0316195
   -.0100042
    .0332700
    .0291084
    .0311993
   -.0275888
   -.0686687
   -.0576796
    .0087259
    .0656022
    .1853614
    .1850755
    .1498308
    .1212676
    .0505574
    .0215470
   -.0427407
   -.0466339
   -.0260229
    .0179093
    .0742665
    .0926816
    .1285163
    .1535969
    .1363312
    .1628374
    .1851212
    .2138562
    .2368581
    .2070263
    .1837408
    .1292800
    .0238613
   -.1422908
   -.2319694
   -.2561570
   -.2197614
   -.2001275
   -.1599885
   -.1553421
   -.1437101
   -.1044643
   -.0651860
   -.0380583
   -.0258298
   -.0670020
   -.1328410
   -.2034277
   -.2985975
   -.3313259
   -.3778312
   -.3935787
   -.4046775
   -.4012651
   -.3568023
   -.2664444
   -.1083112
   -.0054459
    .1211935
    .2090791
    .2607578
    .2685746
    .2300865
    .1383281
   -.0146611
   -.0274310
   -.0414102
   -.0186725
    .0629297
    .1040334
    .0944205
   -.0359455
   -.0509746
   -.0289814
   -.0050685
    .0360337
    .0458950
    .0162581
   -.0035021
   -.0890320
   -.2083066
   -.2280989
   -.2341999
   -.2023234
   -.1459481
   -.0676876
    .0147076
    .0666978
    .1062582
    .1248574
    .0762716
    .1042972
    .1456456
    .2133609
    .3009216
    .3392436
    .3606589
    .3362001
    .2830756
    .2252825
    .1585090
    .1266809
    .1569800
    .2145248
    .2471645
    .2734163
    .2133960
    .1441289
    .0651071
   -.0167180
   -.0786183
   -.0970441
   -.1133267
   -.1364306
   -.1414741
   -.1510360
   -.1474975
   -.1437859
   -.1230063
   -.0889876
   -.0249285
    .0659657
    .1704336
    .2251014
    .2473248
    .2291275
    .1288590
    .0353977
    .0295371
    .1011619
    .2017684
    .2355614
    .3390884
    .4059399
    .4307196
    .3094687
    .2582226
    .2109300
    .2133630
    .2308002
    .2686103
    .2330409
    .0905230
    .0328860
   -.1674162
   -.2944852
   -.4247019
   -.4108078
   -.2823980
   -.1101736
    .0437844
    .1477336
    .1996813
    .1601141
    .0501722
   -.1027678
   -.1859464
   -.1928971
   -.1008972
   -.0121581
    .1210024
    .0456356
    .0007600
   -.0833961
   -.0527380
    .0469197
    .1669786
    .2414202
    .3432157
    .3342379
    .2365522
    .0911500
    .0026375
   -.0297659
   -.0346072
   -.0531615
    .0360550
    .1278762
    .1179671
    .0301608
   -.0654976
   -.1464298
   -.1084469
   -.0160372
    .0203319
    .0578854
    .0591422
    .0022855
   -.0706867
   -.1085910
   -.1639529
   -.2127890
   -.1915650
   -.1633611
   -.1012481
   -.0452651
   -.0832925
   -.1431938
   -.1706702
   -.1317732
   -.0563140
    .0382096
    .1106123
    .0957088
    .0241049
   -.0655604
   -.1844483
   -.1844702
   -.1456701
   -.0684569
   -.0367096
   -.0542309
   -.0789570
   -.1312686
   -.1611049
   -.2237526
   -.2231411
   -.1969089
   -.1948011
   -.1742817
   -.1670224
   -.1556469
   -.1774994
   -.2570620
   -.3326474
   -.3086207
   -.2346137
   -.1580625
   -.0751717
   -.0294290
   -.0037966
    .0013826
   -.0090672
   -.0307752
   -.0547829
   -.0670992
   -.0541046
   -.0216960
    .0115627
    .0259389
    .0434082
    .0384638
    .0061453
   -.0641327
   -.1006319
   -.1247701
   -.1134283
   -.0854351
   -.0596511
   -.0806181
   -.1100731
   -.1489936
   -.2139040
   -.2988623
   -.3336263
   -.3393837
   -.3162424
   -.2744471
   -.2557333
   -.2440648
   -.2030693
   -.1704274
   -.1569611
   -.1518622
   -.1396758
   -.1300564
   -.1302158
   -.1427096
   -.1542887
   -.1941670
   -.2564610
   -.3098852
   -.3825141
   -.4140481
   -.4079151
   -.3416534
   -.1982316
   -.1536696
   -.1428360
   -.1764440
   -.2169867
   -.2163166
   -.2523209
   -.2254664
   -.1441715
   -.0719565
   -.0796214
   -.0955911
   -.1343352
   -.1526007
   -.1177733
   -.0515763
    .0193577
    .0869844
    .1418693
    .1767529
    .1986811
    .2372350
    .2807151
    .3068386
    .3271266
    .3335745
    .3370642
    .2903086
    .2239577
    .1126130
    .0236456
   -.0391016
   -.0628062
   -.0650073
   -.0299593
    .0576179
    .0999817
    .1661950
    .2369626
    .2348143
    .1892957
    .1063781
    .0138739
   -.0082108
    .0621899
    .0857772
    .1169950
    .1491310
    .1223046
    .0795575
    .0829958
    .1708057
    .2766057
    .3500625
    .4031958
    .4167881
    .3746416
    .3157581
    .2610848
    .1833522
    .1586077
    .1398634
    .0817771
    .0739805
    .0587622
    .0432509
    .0405242
    .0297643
    .0082722
    .0135286
    .0091372
    .0164468
    .0552696
    .1027555
    .1216033
    .1511087
    .1322405
    .0908816
    .0829588
    .0886998
    .1187321
    .2065681
    .2862198
    .3675159
    .3610107
    .3346735
    .2854611
    .2487881
    .2324475
    .2592274
    .2569408
    .2715115
    .2762394
    .2520345
    .2380444
    .2066165
    .1772726
    .1567325
    .1442609
    .1320310
    .1383791
    .1497820
    .1699518
    .1877882
    .2003989
    .2068886
    .2008637
    .1831663
    .1457868
    .1397619
    .1334543
    .1334742
    .1539866
    .1795619
    .1998039
    .1868001
    .2152089
    .2611314
    .3001343
    .3219993
    .3481456
    .3482075
    .3272950
    .2661176
    .1533315
    .0321296
   -.0193527
   -.0517695
   -.0497562
    .0050004
    .0562607
    .0900812
    .1147577
    .0620356
    .0428318
    .0311517
    .0492004
    .0910853
    .1094146
    .1332501
    .1104783
    .0535712
   -.0509336
   -.0679262
   -.0810517
   -.0786164
   -.0010530
    .1034617
    .1825057
    .2368343
    .2104538
    .1652956
    .0750429
    .0525133
    .0239134
    .1030080
    .1560003
    .2001623
    .1699504
    .0818897
   -.1113367
   -.2002877
   -.3124000
   -.2713557
   -.1745879
   -.0611733
    .0033854
   -.0170610
   -.0814813
   -.2015829
   -.2017124
   -.1398383
   -.0157978
   -.0360060
   -.0315671
   -.0565142
   -.0909080
   -.1282889
   -.2019431
   -.2258578
   -.2259865
   -.1689874
   -.1006262
   -.0068496
    .0657284
    .0674732
    .0574001
    .0336263
   -.0074462
   -.1034942
   -.1061540
   -.1343543
   -.1187554
   -.0884384
   -.1037100
   -.1285875
   -.1627201
   -.1912256
   -.1813452
   -.1399299
   -.0997048
   -.0625530
   -.0420438
   -.0281396
   -.0257349
   -.0259349
   -.0354299
   -.0575725
   -.0791418
   -.0807519
   -.0909655
   -.0751687
   -.0318898
    .0055179
    .0466730
    .0993009
    .1298286
    .1542434
    .1668180
    .1679659
    .1280820
    .0718885
    .0590557
    .1209081
    .1585741
    .1853529
    .1302783
    .0624641
    .0128991
   -.0296309
   -.0606450
   -.0858426
   -.0272740
    .0306613
    .1231906
    .1416939
    .1260471
    .0625327
   -.0142992
   -.1095159
   -.1701903
   -.2085590
   -.1967229
   -.0973282
   -.0166625
    .0747101
    .0792720
    .0796613
    .0779550
    .0818951
    .0823741
    .0711205
    .0415684
    .0023886
   -.0328974
   -.0579609
   -.0699075
   -.0640855
   -.0465777
   -.0250905
   -.0087618
   -.0124205
   -.0445358
   -.1023366
   -.1762350
   -.2438034
   -.2798716
   -.2815040
   -.2505778
   -.1930866
   -.1230807
   -.0599533
   -.0190634
   -.0135319
   -.0276547
   -.0444929
   -.0640418
   -.0892766
   -.1207900
   -.1452152
   -.1537352
   -.1399045
   -.0982499
   -.0480038
   -.0046820
    .0154953
   -.0001330
   -.0065494
    .0210545
    .0870946
    .1746573
    .2498904
    .2942468
    .2977422
    .2508953
    .1702057
    .0817072
    .0025807
   -.0521531
   -.0826512
   -.0885474
   -.0695945
   -.0328492
   -.0057145
    .0057932
    .0102498
    .0190514
    .0437385
    .0713883
    .0727400
    .0380580
   -.0100008
   -.0446324
   -.0532717
   -.0538095
   -.0748690
   -.1126587
   -.1452218
   -.1583317
   -.1378796
   -.0907938
   -.0437867
   -.0184967
   -.0356375
   -.0870649
   -.1457299
   -.1928547
   -.2114817
   -.1834119
   -.1149616
   -.0297532
    .0400900
    .0486572
    .0180014
   -.0155688
   -.0268795
   -.0079564
    .0098733
    .0194048
    .0248270
    .0325694
    .0291799
    .0011816
   -.0509659
   -.1172355
   -.1763364
   -.2242378
   -.2597935
   -.2789139
   -.2659207
   -.2237316
   -.1642891
   -.1021023
   -.0553632
   -.0211698
    .0024179
    .0145529
    .0115634
   -.0073692
   -.0210602
   -.0052822
    .0671723
    .1524065
    .1936160
    .1630228
    .0688747
   -.0333145
   -.1204661
   -.1849137
   -.2235847
   -.2094461
   -.1303650
   -.0117204
    .1012795
    .1415415
    .1395956
    .1225646
    .0991367
    .0658409
    .0149707
   -.0342768
   -.0565467
   -.0175327
    .0298301
    .0288487
   -.0226659
   -.0829442
   -.1097679
   -.0835341
   -.0089913
    .0739215
    .1187997
    .1358755
    .1385759
    .1362340
    .1333423
    .1296956
    .1234897
    .1144507
    .1033100
    .0914954
    .0791254
    .0651843
    .0479000
    .0265791
    .0035481
   -.0173835
   -.0317134
   -.0416852
   -.0522931
   -.0643750
   -.0770274
   -.0785726
   -.0659485
   -.0427637
   -.0120492
    .0168498
    .0418781
    .0667636
    .0958109
    .1293320
    .1574823
    .1746062
    .1732860
    .1492849
    .1129117
    .0682085
    .0159779
   -.0418890
   -.0890010
   -.1079649
   -.0898918
   -.0310393
    .0362490
    .0768375
    .0774898
    .0401877
   -.0029888
   -.0305176
   -.0459198
   -.0570046
   -.0710009
   -.0829247
   -.0913249
   -.0908160
   -.0828246
   -.0699833
   -.0473214
   -.0136914
    .0267848
    .0546201
    .0650656
    .0618949
    .0565558
    .0570128
    .0584811
    .0575946
    .0505073
    .0371486
    .0249834
    .0179050
    .0190067
    .0282130
    .0313699
    .0218089
   -.0053648
   -.0443341
   -.0843575
   -.1176881
   -.1356291
   -.1240724
   -.0819054
   -.0244079
    .0315964
    .0671813
    .0829203
    .0791995
    .0553874
    .0139404
   -.0259481
   -.0485411
   -.0498702
   -.0327057
   -.0166269
   -.0045378
    .0041613
    .0124120
    .0173447
    .0280846
    .0446793
    .0577487
    .0636400
    .0619173
    .0503854
    .0309984
    .0131696
    .0035635
   -.0047081
   -.0250090
   -.0594894
   -.0821991
   -.0774765
   -.0510072
   -.0132859
    .0118013
    .0139950
    .0009748
   -.0143876
   -.0177787
   -.0134045
   -.0034758
    .0095149
    .0264047
    .0453439
    .0605565
    .0642700
    .0475641
    .0228793
    .0024994
   -.0088370
   -.0141609
   -.0204624
   -.0239175
   -.0231473
   -.0156709
   -.0071459
   -.0030374
   -.0034891
   -.0052945
   -.0088955
   -.0187331
   -.0341392
   -.0520745
   -.0618778
   -.0581310
   -.0438740
   -.0261595
   -.0257583
   -.0495585
   -.0805153
   -.1046188
   -.1084740
   -.0950733
   -.0767355
   -.0615331
   -.0535491
   -.0512651
   -.0512861
   -.0512539
   -.0495286
   -.0458830
   -.0378076
   -.0217307
    .0056209
    .0418274
    .0676344
    .0727092
    .0547043
    .0279700
    .0128656
    .0139206
    .0300391
    .0472234
    .0492730
    .0388421
    .0225885
    .0089509
    .0034805
    .0047519
    .0102474
    .0171345
    .0248024
    .0324442
    .0389777
    .0433073
    .0449935
    .0448228
    .0428372
    .0391792
    .0332366
    .0260804
    .0197392
    .0159486
    .0147958
    .0152484
    .0160859
    .0146186
    .0091262
    .0022185
   -.0038073
   -.0080937
   -.0121915
   -.0150813
   -.0161402
   -.0166345
   -.0172542
   -.0182118
   -.0190931
   -.0197766
   -.0197724
   -.0205151
   -.0218448
   -.0232405
   -.0249542
   -.0265470
   -.0282442
   -.0297506
   -.0308591
   -.0316758
   -.0323926
   -.0326435
   -.0326881
   -.0329535
   -.0331299
   -.0330917
   -.0330349
   -.0331904
   -.0333976
   -.0332986
   -.0331197
   -.0330187
   -.0330539
   -.0328417
   -.0326859
   -.0326026
   -.0324759
   -.0320951
   -.0316563
   -.0312664
   -.0310891
   -.0307819
   -.0303371
   -.0297733
   -.0293197
   -.0289039
   -.0285853
   -.0281270
   -.0273537
   -.0267714
   -.0264716
   -.0261000
   -.0253046
   -.0246831
   -.0242737
   -.0239199
   -.0234247
   -.0227999
   -.0223513
   -.0219898
   -.0216697
   -.0211762
   -.0206706
   -.0202470
   -.0199241
   -.0196933
   -.0194479
   -.0191559
   -.0187619
   -.0183735
   -.0182320
   -.0180599
   -.0177275
   -.0173269
   -.0173933
   -.0173921
   -.0171989
   -.0167859
   -.0183128
   -.0167348
   -.0167499
   -.0166691
   -.0166093
   -.0166475
   -.0166251
   -.0165441
   -.0165144
   -.0165878
   -.0165689
   -.0164470
   -.0163780
   -.0163646
   -.0163260
   -.0162398
   -.0161025
   -.0159762
   -.0160029
   -.0159980
   -.0158475
   -.0158864
   -.0158573
   -.0156853
   -.0154119
   -.0154480
   -.0154813
   -.0155188
   -.0153855
   -.0151172
   -.0151462
   -.0151519
   -.0150451
   -.0148451
   -.0149382
   -.0149304
   -.0147746
   -.0144593
   -.0143585
   -.0144535
   -.0146317
   -.0144813
   -.0141131
   -.0140442
   -.0140765
   -.0141001
   -.0138089
   -.0138837
   -.0139277
   -.0138329
   -.0135043
   -.0133067
   -.0133163
   -.0135305
   -.0135339
   -.0131547
   -.0129642
   -.0130264
   -.0131144
   -.0127812
   -.0126841
   -.0127262
   -.0128521
   -.0125679
   -.0123885
   -.0122869
   -.0123630
   -.0122791
   -.0122826
   -.0121961
   -.0119947
   -.0117137
   -.0117316
   -.0117239
   -.0116705
   -.0115230
   -.0115714
   -.0114759
   -.0113373
   -.0111469
   -.0111053
   -.0110818
   -.0111245
   -.0110640
   -.0108467
   -.0106805
   -.0106190
   -.0105845
   -.0103718
   -.0104110
   -.0105156
   -.0104410
   -.0101942
   -.0101409
   -.0100955
   -.0099585
   -.0098745
   -.0097155
   -.0096420
   -.0096212
   -.0096171
   -.0093047
   -.0092649
   -.0093912
   -.0092537
   -.0089192
   -.0089727
   -.0091359
   -.0089861
   -.0087423
   -.0086957
   -.0086356
   -.0084934
   -.0084011
   -.0084225
   -.0083807
   -.0082412
   -.0080733
   -.0080062
   -.0079790
   -.0079813
   -.0077962
   -.0076617
   -.0076141
   -.0076658
   -.0075422
   -.0073798
   -.0072447
   -.0071817
   -.0071223
   -.0071572
   -.0070818
   -.0069453
   -.0067309
   -.0067716
   -.0067451
   -.0066253
   -.0063276
   -.0062417
   -.0064312
   -.0066068
   -.0063528
   -.0057948
   -.0058398
   -.0060247
   -.0060226
   -.0056586
   -.0056842
   -.0056335
   -.0054648
   -.0053395
   -.0054391
   -.0054583
   -.0053179
   -.0050624
   -.0049600
   -.0049900
   -.0050353
   -.0049599
   -.0046368
   -.0045337
   -.0045621
   -.0047330
   -.0045288
   -.0044286
   -.0043516
   -.0043208
   -.0042741
   -.0042343
   -.0040277
   -.0038245
   -.0038798
   -.0038212
   -.0035250
   -.0032550
   -.0034007
   -.0033104
   -.0032182
   -.0032180
   -.0033985
   -.0030775
   -.0031510
   -.0038990
   -.0040489
   -.0020153
   -.0003275
   -.0031504
   -.0032436
   -.0035851
   -.0040980
   -.0048345
   -.0054323
   -.0059343
   -.0063093
   -.0061761
   -.0057813
   -.0057077
   -.0058208
   -.0057968
   -.0056403
   -.0055934
   -.0053905
   -.0052772
   -.0051916
   -.0051709
   -.0049114
   -.0047724
   -.0046193
   -.0045009
   -.0043353
   -.0041131
   -.0039113
   -.0038515
   -.0035485
   -.0031717
   -.0030029
   -.0031115
   -.0026443
   -.0023468
   -.0021390
   -.0020354
   -.0015533
   -.0014910
   -.0013856
   -.0012191
   -.0007170
   -.0004837
   -.0002089
    .0001042
    .0005681
    .0006046
    .0006936
    .0009798
    .0016153
    .0018026
    .0021843
    .0025298
    .0028256
    .0028163
    .0032146
    .0035948
    .0039802
    .0041752
    .0046021
    .0048694
    .0051772
    .0054846
    .0057441
    .0059444
    .0063092
    .0067658
    .0071066
    .0073608
    .0076570
    .0078669
    .0083475
    .0087785
    .0090817
    .0090790
    .0094527
    .0099968
    .0103880
    .0104737
    .0107634
    .0111253
    .0115205
    .0117946
    .0121813
    .0124528
    .0127578
    .0129581
    .0132391
    .0136069
    .0139449
    .0141728
    .0145396
    .0148313
    .0150709
    .0152645
    .0157068
    .0159765
    .0162085
    .0164145
    .0168189
    .0170898
    .0173804
    .0175406
    .0177853
    .0180283
    .0184110
    .0186020
    .0188287
    .0190281
    .0193677
    .0196073
    .0199230
    .0201243
    .0202899
    .0203944
    .0207002
    .0210328
    .0211906
    .0213130
    .0215669
    .0217899
    .0220369
    .0222961
    .0225725
    .0226626
    .0228783
    .0230874
    .0233389
    .0234122
    .0235487
    .0237303
    .0241021
    .0243320
    .0244717
    .0244762
    .0247341
    .0249164
    .0251716
    .0252184
    .0254719
    .0256274
    .0258173
    .0258332
    .0261024
    .0262849
    .0264723
    .0264782
    .0267321
    .0268414
    .0269754
    .0270084
    .0272236
    .0273360
    .0275180
    .0275893
    .0277026
    .0277626
    .0279448
    .0280308
    .0281200
    .0281691
    .0283556
    .0284443
    .0285275
    .0285099
    .0286563
    .0287782
    .0289194
    .0288556
    .0289284
    .0289729
    .0291060
    .0291049
    .0291923
    .0291938
    .0292434
    .0292361
    .0293139
    .0292813
    .0293371
    .0293206
    .0293396
    .0292845
    .0294327
    .0293923
    .0293584
    .0292796
    .0293904
    .0293315
    .0292880
    .0292031
    .0292584
    .0292192
    .0291576
    .0290422
    .0290692
    .0290052
    .0289635
    .0288572
    .0288378
    .0287002
    .0286770
    .0285565
    .0284831
    .0283516
    .0283244
    .0281863
    .0280936
    .0279728
    .0278782
    .0276921
    .0275804
    .0274738
    .0273670
    .0272096
    .0270875
    .0269101
    .0267591
    .0266063
    .0264699
    .0262840
    .0261403
    .0259582
    .0257833
    .0255844
    .0254055
    .0252187
    .0250446
    .0248597
    .0246557
    .0244688
    .0242595
    .0240334
    .0238008
    .0236045
    .0233992
    .0231925
    .0229608
    .0227177
    .0224760
    .0222651
    .0220255
    .0217983
    .0215353
    .0213036
    .0210353
    .0208271
    .0205534
    .0203172
    .0200375
    .0198220
    .0195348
    .0192982
    .0190085
    .0187868
    .0184961
    .0182572
    .0179488
    .0177236
    .0174224
    .0171988
    .0168894
    .0166629
    .0163390
    .0161176
    .0158025
    .0155795
    .0152460
    .0150281
    .0147071
    .0144867
    .0141374
    .0139271
    .0136003
    .0133808
    .0130274
    .0128170
    .0124840
    .0122672
    .0119121
    .0116980
    .0113605
    .0111589
    .0108133
    .0106122
    .0102773
    .0100925
    .0097594
    .0095775
    .0092500
    .0090777
    .0087475
    .0085720
    .0082444
    .0080801
    .0077524
    .0075848
    .0072513
    .0070842
    .0067510
    .0065829
    .0062438
    .0060697
    .0057233
    .0055396
    .0051844
    .0049922
    .0046242
    .0044119
    .0040271
    .0037919
    .0033832
    .0031131
    .0026753
    .0023566
    .0018758
    .0014832
    .0009423
    .0004344
   -.0001985
   -.0009057
   -.0016964
   -.0028150
   -.0040378
   -.0064602
   -.0087938
   -.0159642