    .295103E-04
   -.111199E-03
   -.509758E-03
   -.686721E-03
   -.542764E-03
   -.480726E-03
   -.425609E-03
   -.386805E-03
   -.358023E-03
   -.331769E-03
   -.313194E-03
   -.308056E-03
   -.308308E-03
   -.305564E-03
   -.299167E-03
   -.292447E-03
   -.287860E-03
   -.282048E-03
   -.272178E-03
   -.262976E-03
   -.255500E-03
   -.250388E-03
   -.256227E-03
   -.275531E-03
   -.301455E-03
   -.334993E-03
   -.375287E-03
   -.400413E-03
   -.401724E-03
   -.408570E-03
   -.432041E-03
   -.447121E-03
   -.438817E-03
   -.404061E-03
   -.350670E-03
   -.302852E-03
   -.265416E-03
   -.221864E-03
   -.167857E-03
   -.110015E-03
   -.452567E-04
    .345628E-04
    .126122E-03
    .222006E-03
    .307614E-03
    .360679E-03
    .365093E-03
    .305207E-03
    .188472E-03
    .726072E-04
   -.385472E-05
   -.463875E-04
   -.557551E-04
   -.585329E-04
   -.823190E-04
   -.867422E-04
   -.757410E-05
    .120046E-03
    .195823E-03
    .206432E-03
    .206073E-03
    .223852E-03
    .242186E-03
    .228631E-03
    .210354E-03
    .234300E-03
    .267383E-03
    .261834E-03
    .229356E-03
    .192708E-03
    .170451E-03
    .213170E-03
    .315078E-03
    .386500E-03
    .382907E-03
    .347036E-03
    .399567E-03
    .635742E-03
    .992743E-03
    .134383E-02
    .161753E-02
    .176170E-02
    .177612E-02
    .169282E-02
    .150461E-02
    .121870E-02
    .852747E-03
    .455273E-03
    .754851E-04
   -.274135E-03
   -.512218E-03
   -.579776E-03
   -.565716E-03
   -.550700E-03
   -.537545E-03
   -.510773E-03
   -.507102E-03
   -.619435E-03
   -.702024E-03
   -.493162E-03
   -.725066E-04
    .308973E-03
    .544910E-03
    .588136E-03
    .470232E-03
    .342040E-03
    .195891E-03
   -.820738E-04
   -.457549E-03
   -.848215E-03
   -.121917E-02
   -.153398E-02
   -.168862E-02
   -.156831E-02
   -.125148E-02
   -.830163E-03
   -.237361E-03
    .338322E-03
    .389564E-03
   -.243070E-03
   -.105947E-02
   -.140046E-02
   -.112628E-02
   -.581289E-03
    .469375E-04
    .825268E-03
    .180061E-02
    .288660E-02
    .393367E-02
    .486695E-02
    .554939E-02
    .573918E-02
    .520612E-02
    .397177E-02
    .246703E-02
    .107483E-02
    .295607E-04
   -.474001E-03
   -.724457E-03
   -.110551E-02
   -.141722E-02
   -.154583E-02
   -.182663E-02
   -.220415E-02
   -.229239E-02
   -.211670E-02
   -.194036E-02
   -.191907E-02
   -.203186E-02
   -.202200E-02
   -.165920E-02
   -.113854E-02
   -.722922E-03
   -.293529E-03
    .171692E-03
    .557427E-03
    .945241E-03
    .138468E-02
    .166735E-02
    .164532E-02
    .164388E-02
    .195012E-02
    .241383E-02
    .289419E-02
    .332983E-02
    .332205E-02
    .281759E-02
    .265237E-02
    .289421E-02
    .239047E-02
    .844537E-03
   -.356763E-03
   -.307576E-03
   -.770920E-04
   -.749957E-03
   -.210392E-02
   -.356829E-02
   -.480715E-02
   -.570233E-02
   -.618168E-02
   -.594645E-02
   -.476210E-02
   -.289087E-02
   -.104952E-02
    .236582E-05
   -.892648E-04
   -.117048E-02
   -.230022E-02
   -.241299E-02
   -.181893E-02
   -.130574E-02
   -.372931E-03
    .187098E-02
    .540346E-02
    .934352E-02
    .121278E-01
    .124811E-01
    .104792E-01
    .717869E-02
    .384733E-02
    .100916E-02
   -.164559E-02
   -.396171E-02
   -.592116E-02
   -.820041E-02
   -.103531E-01
   -.105781E-01
   -.767450E-02
   -.253223E-02
    .274585E-02
    .647826E-02
    .770012E-02
    .633992E-02
    .341771E-02
    .628322E-03
   -.123664E-02
   -.280449E-02
   -.439678E-02
   -.566146E-02
   -.602322E-02
   -.475553E-02
   -.180858E-02
    .195450E-02
    .540273E-02
    .739390E-02
    .701684E-02
    .450339E-02
    .116220E-02
   -.184967E-02
   -.373248E-02
   -.406074E-02
   -.338712E-02
   -.260486E-02
   -.172058E-02
   -.284684E-03
    .158531E-02
    .312757E-02
    .369806E-02
    .334716E-02
    .231586E-02
    .123107E-02
    .114889E-02
    .203978E-02
    .305733E-02
    .407389E-02
    .527163E-02
    .622803E-02
    .643500E-02
    .606142E-02
    .527669E-02
    .403065E-02
    .331701E-02
    .403380E-02
    .493410E-02
    .431653E-02
    .229761E-02
    .262109E-04
   -.237850E-02
   -.556493E-02
   -.909835E-02
   -.119592E-01
   -.141664E-01
   -.160190E-01
   -.168240E-01
   -.156939E-01
   -.127237E-01
   -.887633E-02
   -.508763E-02
   -.231470E-02
   -.113274E-02
   -.958137E-03
   -.140518E-02
   -.245776E-02
   -.350100E-02
   -.425891E-02
   -.462628E-02
   -.367675E-02
   -.106179E-02
    .202075E-02
    .408178E-02
    .465109E-02
    .440819E-02
    .374131E-02
    .195555E-02
   -.157671E-02
   -.643924E-02
   -.114571E-01
   -.151914E-01
   -.166458E-01
   -.164242E-01
   -.159069E-01
   -.152496E-01
   -.136737E-01
   -.108071E-01
   -.711303E-02
   -.369875E-02
   -.118254E-02
    .968012E-03
    .394943E-02
    .864170E-02
    .143740E-01
    .196825E-01
    .241938E-01
    .283277E-01
    .314786E-01
    .319951E-01
    .292097E-01
    .237699E-01
    .165583E-01
    .879417E-02
    .255591E-02
   -.379762E-03
   -.619120E-03
    .132963E-03
    .155709E-02
    .342187E-02
    .474615E-02
    .561640E-02
    .643415E-02
    .653620E-02
    .507090E-02
    .143892E-02
   -.434590E-02
   -.109262E-01
   -.164805E-01
   -.198006E-01
   -.198105E-01
   -.159957E-01
   -.951102E-02
   -.322028E-02
    .293355E-03
    .121249E-02
    .131879E-02
    .147273E-02
    .153542E-02
    .127669E-02
    .971543E-03
    .146907E-02
    .350035E-02
    .669153E-02
    .914396E-02
    .854721E-02
    .366496E-02
   -.464510E-02
   -.132300E-01
   -.193202E-01
   -.225976E-01
   -.235890E-01
   -.225053E-01
   -.197913E-01
   -.161050E-01
   -.115535E-01
   -.611905E-02
   -.677414E-03
    .357412E-02
    .635159E-02
    .818618E-02
    .966303E-02
    .110244E-01
    .120306E-01
    .125176E-01
    .127931E-01
    .135913E-01
    .156198E-01
    .184598E-01
    .203660E-01
    .201441E-01
    .180464E-01
    .142531E-01
    .886339E-02
    .274286E-02
   -.314659E-02
   -.807548E-02
   -.107559E-01
   -.981532E-02
   -.586220E-02
   -.185278E-02
   -.292084E-03
   -.128008E-02
   -.416813E-02
   -.878964E-02
   -.146180E-01
   -.204604E-01
   -.247176E-01
   -.261528E-01
   -.247456E-01
   -.208767E-01
   -.147647E-01
   -.753006E-02
   -.101554E-02
    .380824E-02
    .701428E-02
    .837895E-02
    .706792E-02
    .337393E-02
   -.108062E-02
   -.452902E-02
   -.502233E-02
   -.163090E-02
    .407032E-02
    .976896E-02
    .145934E-01
    .183408E-01
    .198298E-01
    .174401E-01
    .113266E-01
    .362269E-02
   -.339401E-02
   -.786174E-02
   -.828671E-02
   -.438033E-02
    .309489E-02
    .123347E-01
    .200833E-01
    .232467E-01
    .214819E-01
    .172726E-01
    .124168E-01
    .689173E-02
    .905784E-03
   -.445698E-02
   -.719152E-02
   -.584083E-02
   -.190673E-02
    .142575E-02
    .253361E-02
    .180596E-02
    .178430E-03
   -.179469E-02
   -.396413E-02
   -.626430E-02
   -.832580E-02
   -.923355E-02
   -.841503E-02
   -.662373E-02
   -.503320E-02
   -.388223E-02
   -.305634E-02
   -.304424E-02
   -.432346E-02
   -.651632E-02
   -.907221E-02
   -.118406E-01
   -.147073E-01
   -.172229E-01
   -.187049E-01
   -.186435E-01
   -.164154E-01
   -.118799E-01
   -.610310E-02
   -.286839E-04
    .608167E-02
    .113582E-01
    .142895E-01
    .139553E-01
    .106402E-01
    .555172E-02
    .578428E-04
   -.498233E-02
   -.878991E-02
   -.101090E-01
   -.830134E-02
   -.429832E-02
    .210751E-03
    .337784E-02
    .407242E-02
    .372170E-02
    .396125E-02
    .334319E-02
    .561953E-04
   -.484772E-02
   -.883504E-02
   -.104359E-01
   -.940970E-02
   -.631739E-02
   -.262306E-02
    .184282E-03
    .146818E-02
    .945220E-03
   -.189913E-02
   -.671818E-02
   -.118745E-01
   -.153751E-01
   -.150667E-01
   -.945488E-02
    .721042E-03
    .124851E-01
    .224261E-01
    .284049E-01
    .303279E-01
    .298567E-01
    .280504E-01
    .242523E-01
    .184550E-01
    .120458E-01
    .620787E-02
    .143721E-02
   -.206008E-02
   -.406595E-02
   -.415437E-02
   -.236136E-02
    .386346E-03
    .361285E-02
    .724261E-02
    .103643E-01
    .122154E-01
    .129077E-01
    .125211E-01
    .113894E-01
    .103785E-01
    .946087E-02
    .763032E-02
    .451138E-02
    .392076E-03
   -.492257E-02
   -.112482E-01
   -.166158E-01
   -.193415E-01
   -.202160E-01
   -.206323E-01
   -.204434E-01
   -.184941E-01
   -.145844E-01
   -.100069E-01
   -.593822E-02
   -.321400E-02
   -.289988E-02
   -.541868E-02
   -.965007E-02
   -.137705E-01
   -.167817E-01
   -.181305E-01
   -.173818E-01
   -.147593E-01
   -.103341E-01
   -.402965E-02
    .317404E-02
    .924227E-02
    .129132E-01
    .145198E-01
    .139398E-01
    .107427E-01
    .604763E-02
    .148875E-02
   -.203687E-02
   -.393503E-02
   -.380949E-02
   -.194635E-02
    .666162E-03
    .297365E-02
    .450119E-02
    .522336E-02
    .467258E-02
    .229656E-02
   -.146641E-02
   -.543156E-02
   -.841360E-02
   -.996032E-02
   -.959223E-02
   -.635116E-02
   -.124645E-02
    .272386E-02
    .425740E-02
    .426378E-02
    .336454E-02
    .188498E-02
    .895421E-03
    .166882E-02
    .456714E-02
    .895944E-02
    .139394E-01
    .184492E-01
    .213159E-01
    .214028E-01
    .184160E-01
    .134278E-01
    .831308E-02
    .500369E-02
    .403641E-02
    .421850E-02
    .408439E-02
    .316900E-02
    .252652E-02
    .349787E-02
    .589435E-02
    .856722E-02
    .105711E-01
    .110916E-01
    .984526E-02
    .718719E-02
    .310702E-02
   -.270369E-02
   -.911559E-02
   -.131364E-01
   -.127037E-01
   -.875025E-02
   -.327274E-02
    .279995E-02
    .876626E-02
    .136972E-01
    .173373E-01
    .197027E-01
    .203525E-01
    .179476E-01
    .113759E-01
    .181447E-02
   -.861564E-02
   -.185334E-01
   -.269680E-01
   -.334585E-01
   -.377273E-01
   -.393385E-01
   -.382279E-01
   -.354027E-01
   -.323858E-01
   -.298399E-01
   -.269648E-01
   -.222723E-01
   -.156900E-01
   -.852121E-02
   -.158950E-02
    .506960E-02
    .112142E-01
    .157604E-01
    .178244E-01
    .178138E-01
    .170416E-01
    .164349E-01
    .152964E-01
    .125606E-01
    .934188E-02
    .792168E-02
    .925190E-02
    .131360E-01
    .192466E-01
    .269005E-01
    .346241E-01
    .405434E-01
    .431431E-01
    .420044E-01
    .381759E-01
    .334532E-01
    .293107E-01
    .260141E-01
    .221563E-01
    .161237E-01
    .729000E-02
   -.342839E-02
   -.134536E-01
   -.207799E-01
   -.240951E-01
   -.215305E-01
   -.126279E-01
    .692449E-03
    .156537E-01
    .301334E-01
    .427838E-01
    .519012E-01
    .565584E-01
    .573831E-01
    .537448E-01
    .424284E-01
    .214852E-01
   -.680647E-02
   -.390832E-01
   -.730819E-01
   -.106479E+00
   -.134713E+00
   -.151395E+00
   -.154811E+00
   -.149695E+00
   -.141006E+00
   -.127898E+00
   -.104102E+00
   -.673695E-01
   -.250872E-01
    .130662E-01
    .421977E-01
    .609278E-01
    .686921E-01
    .651813E-01
    .508887E-01
    .276897E-01
   -.138789E-02
   -.328576E-01
   -.626055E-01
   -.868954E-01
   -.103013E+00
   -.108927E+00
   -.104264E+00
   -.868621E-01
   -.526775E-01
   -.360998E-02
    .506811E-01
    .987976E-01
    .134774E+00
    .159136E+00
    .173651E+00
    .178765E+00
    .174985E+00
    .163248E+00
    .144589E+00
    .120923E+00
    .929583E-01
    .606259E-01
    .289413E-01
    .505121E-02
   -.939659E-02
   -.175724E-01
   -.228246E-01
   -.259946E-01
   -.267611E-01
   -.267711E-01
   -.291954E-01
   -.355243E-01
   -.443766E-01
   -.523314E-01
   -.563109E-01
   -.555245E-01
   -.501103E-01
   -.403155E-01
   -.271389E-01
   -.122644E-01
    .232479E-02
    .141567E-01
    .215215E-01
    .256162E-01
    .285269E-01
    .311176E-01
    .350300E-01
    .423970E-01
    .532316E-01
    .657662E-01
    .775497E-01
    .865083E-01
    .924241E-01
    .960388E-01
    .964484E-01
    .926106E-01
    .864672E-01
    .801200E-01
    .729196E-01
    .632127E-01
    .493992E-01
    .296048E-01
    .278631E-02
   -.312154E-01
   -.707481E-01
   -.109918E+00
   -.142841E+00
   -.166800E+00
   -.178514E+00
   -.176001E+00
   -.163673E+00
   -.148770E+00
   -.133757E+00
   -.117415E+00
   -.100780E+00
   -.857668E-01
   -.719986E-01
   -.589467E-01
   -.480412E-01
   -.427268E-01
   -.468137E-01
   -.616575E-01
   -.851776E-01
   -.112116E+00
   -.136389E+00
   -.154293E+00
   -.164956E+00
   -.169859E+00
   -.171200E+00
   -.169655E+00
   -.164954E+00
   -.157327E+00
   -.147708E+00
   -.136077E+00
   -.117964E+00
   -.859423E-01
   -.350360E-01
    .348965E-01
    .114383E+00
    .184529E+00
    .230569E+00
    .253075E+00
    .264083E+00
    .271173E+00
    .272445E+00
    .268721E+00
    .265361E+00
    .262707E+00
    .257646E+00
    .250048E+00
    .240191E+00
    .226843E+00
    .210188E+00
    .190431E+00
    .165636E+00
    .134127E+00
    .971429E-01
    .585065E-01
    .198363E-01
   -.183548E-01
   -.512465E-01
   -.750695E-01
   -.915224E-01
   -.103031E+00
   -.110447E+00
   -.115513E+00
   -.121279E+00
   -.130597E+00
   -.145282E+00
   -.164418E+00
   -.185251E+00
   -.206218E+00
   -.225554E+00
   -.239971E+00
   -.247969E+00
   -.249525E+00
   -.244658E+00
   -.234315E+00
   -.218618E+00
   -.196862E+00
   -.170774E+00
   -.142668E+00
   -.109887E+00
   -.693649E-01
   -.236398E-01
    .227997E-01
    .648401E-01
    .983493E-01
    .122493E+00
    .135782E+00
    .138342E+00
    .135770E+00
    .132331E+00
    .128467E+00
    .124962E+00
    .121805E+00
    .117264E+00
    .110618E+00
    .101464E+00
    .890000E-01
    .747460E-01
    .616938E-01
    .510190E-01
    .422907E-01
    .362281E-01
    .339284E-01
    .342965E-01
    .369779E-01
    .451585E-01
    .612927E-01
    .816327E-01
    .996876E-01
    .113389E+00
    .124773E+00
    .136449E+00
    .149602E+00
    .163547E+00
    .176648E+00
    .187350E+00
    .195021E+00
    .199994E+00
    .201498E+00
    .197196E+00
    .186368E+00
    .169914E+00
    .147094E+00
    .116074E+00
    .763227E-01
    .285864E-01
   -.242890E-01
   -.766317E-01
   -.122941E+00
   -.160774E+00
   -.189171E+00
   -.207914E+00
   -.220387E+00
   -.231311E+00
   -.242185E+00
   -.252364E+00
   -.262087E+00
   -.271999E+00
   -.279586E+00
   -.280679E+00
   -.274415E+00
   -.263422E+00
   -.250026E+00
   -.233940E+00
   -.214638E+00
   -.193681E+00
   -.172798E+00
   -.150765E+00
   -.123648E+00
   -.884669E-01
   -.435453E-01
    .114850E-01
    .727320E-01
    .133508E+00
    .184854E+00
    .218832E+00
    .236661E+00
    .245522E+00
    .249419E+00
    .250232E+00
    .251829E+00
    .255809E+00
    .258628E+00
    .256407E+00
    .248355E+00
    .234880E+00
    .215083E+00
    .188688E+00
    .157464E+00
    .124007E+00
    .926922E-01
    .667016E-01
    .439820E-01
    .223437E-01
    .323354E-02
   -.119375E-01
   -.238927E-01
   -.345303E-01
   -.446880E-01
   -.533264E-01
   -.597714E-01
   -.650525E-01
   -.709546E-01
   -.784709E-01
   -.871692E-01
   -.960669E-01
   -.103998E+00
   -.109443E+00
   -.111366E+00
   -.109860E+00
   -.105487E+00
   -.985480E-01
   -.899477E-01
   -.807982E-01
   -.717525E-01
   -.632540E-01
   -.549340E-01
   -.462099E-01
   -.371412E-01
   -.283738E-01
   -.203911E-01
   -.133897E-01
   -.845119E-02
   -.738326E-02
   -.109954E-01
   -.179930E-01
   -.261249E-01
   -.333255E-01
   -.375179E-01
   -.370605E-01
   -.322496E-01
   -.247332E-01
   -.146122E-01
   -.242940E-02
    .904534E-02
    .187491E-01
    .273670E-01
    .336216E-01
    .384402E-01
    .437520E-01
    .445913E-01
    .404134E-01
    .384892E-01
    .389680E-01
    .372084E-01
    .336738E-01
    .312960E-01
    .297838E-01
    .270428E-01
    .228904E-01
    .174446E-01
    .107296E-01
    .481324E-02
   -.222308E-02
   -.141392E-01
   -.258022E-01
   -.316770E-01
   -.342739E-01
   -.364083E-01
   -.370246E-01
   -.351572E-01
   -.319425E-01
   -.278158E-01
   -.236555E-01
   -.212560E-01
   -.197298E-01
   -.179323E-01
   -.160564E-01
   -.137426E-01
   -.114929E-01
   -.100959E-01
   -.883847E-02
   -.698527E-02
   -.515709E-02
   -.492776E-02
   -.818292E-02
   -.150127E-01
   -.231350E-01
   -.310939E-01
   -.389050E-01
   -.467064E-01
   -.537165E-01
   -.585080E-01
   -.612781E-01
   -.635137E-01
   -.655816E-01
   -.665082E-01
   -.660488E-01
   -.648342E-01
   -.620302E-01
   -.556112E-01
   -.440520E-01
   -.260003E-01
   -.102191E-02
    .284850E-01
    .579274E-01
    .825713E-01
    .988396E-01
    .106219E+00
    .106120E+00
    .984399E-01
    .830696E-01
    .619520E-01
    .371666E-01
    .115259E-01
   -.898983E-02
   -.196416E-01
   -.213143E-01
   -.165237E-01
   -.647596E-02
    .656056E-02
    .199123E-01
    .328829E-01
    .451283E-01
    .555946E-01
    .636270E-01
    .689720E-01
    .712144E-01
    .696701E-01
    .641015E-01
    .547590E-01
    .420121E-01
    .275973E-01
    .134845E-01
   -.908663E-04
   -.123578E-01
   -.214581E-01
   -.269917E-01
   -.302804E-01
   -.321258E-01
   -.312813E-01
   -.270366E-01
   -.221460E-01
   -.201505E-01
   -.218018E-01
   -.266367E-01
   -.352989E-01
   -.473043E-01
   -.592491E-01
   -.681439E-01
   -.726132E-01
   -.707481E-01
   -.618384E-01
   -.486313E-01
   -.348786E-01
   -.231043E-01
   -.154033E-01
   -.135325E-01
   -.170403E-01
   -.230558E-01
   -.294836E-01
   -.355633E-01
   -.397187E-01
   -.405361E-01
   -.383343E-01
   -.345915E-01
   -.309849E-01
   -.279855E-01
   -.244810E-01
   -.196518E-01
   -.136826E-01
   -.715168E-02
    .406184E-04
    .890316E-02
    .202892E-01
    .341354E-01
    .489128E-01
    .622725E-01
    .727636E-01
    .806312E-01
    .862817E-01
    .893829E-01
    .896432E-01
    .864607E-01
    .787128E-01
    .664871E-01
    .513968E-01
    .349748E-01
    .190672E-01
    .579528E-02
   -.414208E-02
   -.101974E-01
   -.103786E-01
   -.437561E-02
    .424862E-02
    .114148E-01
    .155578E-01
    .161235E-01
    .121528E-01
    .351059E-02
   -.831251E-02
   -.207554E-01
   -.319483E-01
   -.413516E-01
   -.485148E-01
   -.531031E-01
   -.552168E-01
   -.548262E-01
   -.523287E-01
   -.490517E-01
   -.461052E-01
   -.433677E-01
   -.401628E-01
   -.364125E-01
   -.321100E-01
   -.255361E-01
   -.140236E-01
    .301358E-02
    .232931E-01
    .419632E-01
    .541954E-01
    .593218E-01
    .587306E-01
    .525847E-01
    .421538E-01
    .312242E-01
    .244748E-01
    .250757E-01
    .325166E-01
    .438327E-01
    .559750E-01
    .661419E-01
    .720262E-01
    .730288E-01
    .698145E-01
    .627696E-01
    .523310E-01
    .398671E-01
    .277888E-01
    .182379E-01
    .119044E-01
    .836268E-02
    .625998E-02
    .408252E-02
    .119052E-02
   -.306483E-02
   -.961346E-02
   -.174530E-01
   -.247590E-01
   -.312968E-01
   -.363630E-01
   -.387294E-01
   -.385694E-01
   -.365935E-01
   -.338665E-01
   -.317081E-01
   -.304950E-01
   -.298810E-01
   -.295784E-01
   -.294172E-01
   -.289349E-01
   -.274234E-01
   -.244105E-01
   -.198192E-01
   -.135503E-01
   -.520401E-02
    .457648E-02
    .140000E-01
    .217466E-01
    .275164E-01
    .317069E-01
    .337187E-01
    .321681E-01
    .281634E-01
    .243272E-01
    .214003E-01
    .188430E-01
    .155308E-01
    .103914E-01
    .403520E-02
   -.275551E-02
   -.956760E-02
   -.152840E-01
   -.194568E-01
   -.227228E-01
   -.255148E-01
   -.274802E-01
   -.286483E-01
   -.300581E-01
   -.322819E-01
   -.348120E-01
   -.369201E-01
   -.384060E-01
   -.394200E-01
   -.400931E-01
   -.409316E-01
   -.431060E-01
   -.472791E-01
   -.529172E-01
   -.590527E-01
   -.644327E-01
   -.681584E-01
   -.696422E-01
   -.683100E-01
   -.637474E-01
   -.556150E-01
   -.435876E-01
   -.265550E-01
   -.508765E-02
    .170438E-01
    .370121E-01
    .536583E-01
    .646400E-01
    .677689E-01
    .635838E-01
    .547551E-01
    .438885E-01
    .323295E-01
    .211435E-01
    .117910E-01
    .525866E-02
    .162678E-02
    .332129E-03
    .119535E-02
    .491967E-02
    .116607E-01
    .204982E-01
    .307143E-01
    .410640E-01
    .486391E-01
    .510526E-01
    .484026E-01
    .417774E-01
    .321542E-01
    .212035E-01
    .111132E-01
    .397033E-02
    .175202E-02
    .553476E-02
    .152477E-01
    .303172E-01
    .487035E-01
    .666148E-01
    .801223E-01
    .874520E-01
    .896139E-01
    .875183E-01
    .800693E-01
    .659818E-01
    .461213E-01
    .236124E-01
    .218816E-02
   -.156955E-01
   -.295402E-01
   -.402667E-01
   -.486747E-01
   -.547085E-01
   -.585704E-01
   -.602658E-01
   -.594874E-01
   -.562236E-01
   -.501327E-01
   -.405734E-01
   -.270907E-01
   -.102609E-01
    .790158E-02
    .245461E-01
    .377956E-01
    .471403E-01
    .515480E-01
    .503597E-01
    .447350E-01
    .365389E-01
    .276042E-01
    .192936E-01
    .118537E-01
    .508696E-02
   -.674601E-03
   -.520269E-02
   -.910904E-02
   -.135689E-01
   -.194051E-01
   -.263935E-01
   -.337978E-01
   -.411549E-01
   -.485507E-01
   -.560697E-01
   -.635818E-01
   -.712890E-01
   -.794822E-01
   -.875533E-01
   -.939288E-01
   -.973198E-01
   -.971679E-01
   -.936279E-01
   -.871843E-01
   -.779220E-01
   -.655140E-01
   -.500709E-01
   -.331975E-01
   -.174568E-01
   -.457349E-02
    .583267E-02
    .147410E-01
    .221386E-01
    .278268E-01
    .324720E-01
    .375617E-01
    .435627E-01
    .492310E-01
    .534346E-01
    .559822E-01
    .566581E-01
    .550589E-01
    .516868E-01
    .472456E-01
    .421939E-01
    .384852E-01
    .383001E-01
    .415007E-01
    .466033E-01
    .523973E-01
    .586198E-01
    .652734E-01
    .717859E-01
    .778362E-01
    .825899E-01
    .851767E-01
    .862654E-01
    .861822E-01
    .845503E-01
    .816676E-01
    .774473E-01
    .715954E-01
    .642480E-01
    .548456E-01
    .426062E-01
    .280544E-01
    .128616E-01
   -.193572E-02
   -.168337E-01
   -.323719E-01
   -.481209E-01
   -.633783E-01
   -.774381E-01
   -.901249E-01
   -.101697E+00
   -.112010E+00
   -.120582E+00
   -.126900E+00
   -.131082E+00
   -.133419E+00
   -.133966E+00
   -.133526E+00
   -.132095E+00
   -.128046E+00
   -.120831E+00
   -.111445E+00
   -.100577E+00
   -.882229E-01
   -.749105E-01
   -.626548E-01
   -.525801E-01
   -.442593E-01
   -.385910E-01
   -.358752E-01
   -.340854E-01
   -.314825E-01
   -.274899E-01
   -.219407E-01
   -.148699E-01
   -.682755E-02
    .969220E-03
    .716335E-02
    .111921E-01
    .131079E-01
    .135651E-01
    .140816E-01
    .160688E-01
    .196877E-01
    .235460E-01
    .266091E-01
    .290840E-01
    .303681E-01
    .291083E-01
    .255466E-01
    .216672E-01
    .185884E-01
    .159110E-01
    .137546E-01
    .127450E-01
    .127387E-01
    .128648E-01
    .130679E-01
    .142433E-01
    .159193E-01
    .170713E-01
    .184637E-01
    .205548E-01
    .219981E-01
    .226489E-01
    .239708E-01
    .262050E-01
    .280275E-01
    .285549E-01
    .283177E-01
    .277851E-01
    .267735E-01
    .257323E-01
    .256688E-01
    .271901E-01
    .303379E-01
    .349618E-01
    .410128E-01
    .481139E-01
    .551608E-01
    .607996E-01
    .642999E-01
    .656677E-01
    .647751E-01
    .609854E-01
    .539012E-01
    .432340E-01
    .290044E-01
    .133581E-01
   -.136720E-02
   -.152814E-01
   -.289399E-01
   -.414577E-01
   -.513821E-01
   -.588874E-01
   -.650016E-01
   -.689971E-01
   -.696432E-01
   -.672673E-01
   -.628562E-01
   -.567425E-01
   -.492637E-01
   -.413089E-01
   -.337665E-01
   -.265797E-01
   -.190820E-01
   -.117005E-01
   -.537359E-02
   -.199915E-03
    .366694E-02
    .559088E-02
    .569322E-02
    .430203E-02
    .111320E-02
   -.325965E-02
   -.741891E-02
   -.107073E-01
   -.130624E-01
   -.143181E-01
   -.137374E-01
   -.109766E-01
   -.711163E-02
   -.325640E-02
    .106046E-02
    .681112E-02
    .136684E-01
    .208509E-01
    .281865E-01
    .349956E-01
    .406995E-01
    .459677E-01
    .504089E-01
    .526725E-01
    .526635E-01
    .509826E-01
    .481486E-01
    .441513E-01
    .388164E-01
    .327062E-01
    .267701E-01
    .213952E-01
    .162689E-01
    .114832E-01
    .764368E-02
    .480578E-02
    .291265E-02
    .278963E-02
    .474432E-02
    .767467E-02
    .106695E-01
    .140836E-01
    .190550E-01
    .249926E-01
    .296646E-01
    .328878E-01
    .363000E-01
    .403572E-01
    .438768E-01
    .458400E-01
    .464654E-01
    .459483E-01
    .437817E-01
    .396003E-01
    .336809E-01
    .269911E-01
    .205811E-01
    .153676E-01
    .121979E-01
    .110358E-01
    .113590E-01
    .129292E-01
    .155605E-01
    .189306E-01
    .218928E-01
    .232298E-01
    .229490E-01
    .213817E-01
    .188334E-01
    .155664E-01
    .111427E-01
    .533621E-02
   -.103975E-02
   -.674999E-02
   -.105592E-01
   -.117889E-01
   -.113575E-01
   -.104000E-01
   -.809008E-02
   -.360469E-02
    .152969E-02
    .543189E-02
    .801908E-02
    .975010E-02
    .103098E-01
    .907114E-02
    .610930E-02
    .200247E-02
   -.316866E-02
   -.932125E-02
   -.159779E-01
   -.225116E-01
   -.282293E-01
   -.330704E-01
   -.369859E-01
   -.387678E-01
   -.380388E-01
   -.361723E-01
   -.336288E-01
   -.297364E-01
   -.242006E-01
   -.171659E-01
   -.939771E-02
   -.180082E-02
    .482833E-02
    .946904E-02
    .121006E-01
    .142337E-01
    .170580E-01
    .194381E-01
    .201481E-01
    .206163E-01
    .219639E-01
    .233625E-01
    .240241E-01
    .236345E-01
    .224923E-01
    .211608E-01
    .192081E-01
    .162419E-01
    .130865E-01
    .100054E-01
    .636020E-02
    .280338E-02
    .554929E-03
   -.896374E-03
   -.272094E-02
   -.493443E-02
   -.751781E-02
   -.114481E-01
   -.166011E-01
   -.215853E-01
   -.259834E-01
   -.301318E-01
   -.347427E-01
   -.402729E-01
   -.461821E-01
   -.516227E-01
   -.555538E-01
   -.572222E-01
   -.574650E-01
   -.574254E-01
   -.562301E-01
   -.530793E-01
   -.493951E-01
   -.465084E-01
   -.441201E-01
   -.413002E-01
   -.379497E-01
   -.349243E-01
   -.321427E-01
   -.286650E-01
   -.245347E-01
   -.200844E-01
   -.150527E-01
   -.941614E-02
   -.323385E-02
    .315301E-02
    .892355E-02
    .141126E-01
    .191489E-01
    .236488E-01
    .270175E-01
    .291999E-01
    .304087E-01
    .306071E-01
    .298643E-01
    .282983E-01
    .254024E-01
    .207237E-01
    .148019E-01
    .881446E-02
    .351007E-02
   -.152959E-02
   -.664857E-02
   -.110044E-01
   -.140847E-01
   -.162274E-01
   -.178459E-01
   -.191104E-01
   -.194203E-01
   -.184738E-01
   -.171471E-01
   -.160588E-01
   -.154031E-01
   -.157733E-01
   -.173730E-01
   -.193030E-01
   -.208176E-01
   -.222818E-01
   -.241151E-01
   -.258518E-01
   -.270474E-01
   -.282131E-01
   -.297054E-01
   -.309791E-01
   -.314438E-01
   -.311005E-01
   -.298122E-01
   -.269860E-01
   -.228275E-01
   -.181321E-01
   -.134246E-01
   -.943097E-02
   -.681106E-02
   -.511156E-02
   -.392214E-02
   -.374181E-02
   -.463728E-02
   -.644942E-02
   -.883632E-02
   -.106594E-01
   -.111189E-01
   -.104993E-01
   -.936569E-02
   -.818530E-02
   -.711145E-02
   -.563072E-02
   -.387923E-02
   -.288926E-02
   -.200154E-02
    .221729E-04
    .225894E-02
    .434011E-02
    .735157E-02
    .112512E-01
    .156319E-01
    .204688E-01
    .253185E-01
    .300500E-01
    .346520E-01
    .385176E-01
    .414902E-01
    .438162E-01
    .446091E-01
    .432432E-01
    .411632E-01
    .393285E-01
    .368991E-01
    .336517E-01
    .297781E-01
    .249126E-01
    .193757E-01
    .135316E-01
    .715304E-02
    .407639E-03
   -.577391E-02
   -.105913E-01
   -.142338E-01
   -.171390E-01
   -.197961E-01
   -.227896E-01
   -.259060E-01
   -.284727E-01
   -.302403E-01
   -.313199E-01
   -.317487E-01
   -.316355E-01
   -.315392E-01
   -.318280E-01
   -.320613E-01
   -.320774E-01
   -.327575E-01
   -.343651E-01
   -.359226E-01
   -.369009E-01
   -.371734E-01
   -.362751E-01
   -.341380E-01
   -.308064E-01
   -.268812E-01
   -.235937E-01
   -.206887E-01
   -.175283E-01
   -.147446E-01
   -.128625E-01
   -.116339E-01
   -.105587E-01
   -.946853E-02
   -.818212E-02
   -.650922E-02
   -.460151E-02
   -.219219E-02
    .962571E-03
    .436904E-02
    .817965E-02
    .127654E-01
    .171741E-01
    .207265E-01
    .240836E-01
    .269500E-01
    .283881E-01
    .287196E-01
    .279252E-01
    .263008E-01
    .249627E-01
    .237856E-01
    .216612E-01
    .181950E-01
    .142979E-01
    .109565E-01
    .836104E-02
    .632042E-02
    .499205E-02
    .477004E-02
    .592187E-02
    .832597E-02
    .112200E-01
    .147157E-01
    .190931E-01
    .233098E-01
    .271267E-01
    .313110E-01
    .359512E-01
    .406654E-01
    .453694E-01
    .499482E-01
    .541792E-01
    .580226E-01
    .610951E-01
    .629722E-01
    .638655E-01
    .638676E-01
    .627426E-01
    .606907E-01
    .577731E-01
    .533521E-01
    .471307E-01
    .398534E-01
    .326403E-01
    .260637E-01
    .200065E-01
    .146334E-01
    .100371E-01
    .581263E-02
    .158371E-02
   -.297038E-02
   -.748828E-02
   -.116198E-01
   -.156959E-01
   -.204758E-01
   -.260014E-01
   -.304890E-01
   -.332935E-01
   -.356985E-01
   -.384034E-01
   -.409729E-01
   -.431950E-01
   -.457762E-01
   -.482394E-01
   -.495226E-01
   -.494731E-01
   -.481309E-01
   -.460599E-01
   -.438762E-01
   -.415935E-01
   -.390391E-01
   -.363456E-01
   -.342452E-01
   -.335076E-01
   -.336345E-01
   -.328747E-01
   -.309470E-01
   -.294972E-01
   -.289358E-01
   -.283661E-01
   -.276055E-01
   -.268305E-01
   -.257927E-01
   -.242319E-01
   -.222739E-01
   -.200988E-01
   -.174364E-01
   -.142519E-01
   -.110070E-01
   -.738671E-02
   -.300302E-02
    .161268E-02
    .608303E-02
    .108920E-01
    .162225E-01
    .216204E-01
    .268370E-01
    .322132E-01
    .381429E-01
    .441559E-01
    .499264E-01
    .557271E-01
    .615646E-01
    .668788E-01
    .716009E-01
    .759915E-01
    .795686E-01
    .820444E-01
    .832576E-01
    .834678E-01
    .834086E-01
    .828141E-01
    .810268E-01
    .779212E-01
    .736613E-01
    .687759E-01
    .635356E-01
    .573488E-01
    .503369E-01
    .440630E-01
    .403184E-01
    .384647E-01
    .359775E-01
    .323934E-01
    .287562E-01
    .256222E-01
    .226925E-01
    .192790E-01
    .161872E-01
    .143408E-01
    .132992E-01
    .128826E-01
    .127584E-01
    .120680E-01
    .106720E-01
    .921279E-02
    .800530E-02
    .613615E-02
    .342596E-02
    .111806E-02
   -.105879E-02
   -.383180E-02
   -.654873E-02
   -.900331E-02
   -.118753E-01
   -.154683E-01
   -.192900E-01
   -.224338E-01
   -.246289E-01
   -.263721E-01
   -.278062E-01
   -.287880E-01
   -.292903E-01
   -.296596E-01
   -.306422E-01
   -.321132E-01
   -.330018E-01
   -.336094E-01
   -.352041E-01
   -.379610E-01
   -.410653E-01
   -.436078E-01
   -.457481E-01
   -.481467E-01
   -.505268E-01
   -.520978E-01
   -.527439E-01
   -.526253E-01
   -.518133E-01
   -.503188E-01
   -.478542E-01
   -.449099E-01
   -.422494E-01
   -.398033E-01
   -.373399E-01
   -.346814E-01
   -.320367E-01
   -.298535E-01
   -.279336E-01
   -.260863E-01
   -.243893E-01
   -.225817E-01
   -.206883E-01
   -.189709E-01
   -.173986E-01
   -.160036E-01
   -.141868E-01
   -.110980E-01
   -.766330E-02
   -.518156E-02
   -.363616E-02
   -.269322E-02
   -.229738E-02
   -.252577E-02
   -.298793E-02
   -.306367E-02
   -.232192E-02
   -.109494E-02
   -.442391E-04
    .122673E-02
    .316816E-02
    .554791E-02
    .775285E-02
    .897236E-02
    .928224E-02
    .930541E-02
    .913016E-02
    .828341E-02
    .593979E-02
    .254165E-02
   -.349296E-04
   -.131942E-02
   -.255698E-02
   -.418022E-02
   -.540111E-02
   -.578268E-02
   -.596410E-02
   -.665378E-02
   -.783087E-02
   -.954414E-02
   -.118673E-01
   -.141907E-01
   -.155947E-01
   -.163730E-01
   -.181549E-01
   -.210458E-01
   -.233195E-01
   -.244162E-01
   -.253145E-01
   -.263577E-01
   -.266830E-01
   -.254291E-01
   -.228708E-01
   -.200102E-01
   -.173802E-01
   -.148860E-01
   -.118687E-01
   -.817579E-02
   -.470951E-02
   -.163552E-02
    .131493E-02
    .355799E-02
    .505118E-02
    .614461E-02
    .645880E-02
    .563841E-02
    .376907E-02
    .126670E-02
   -.138979E-02
   -.369831E-02
   -.527762E-02
   -.628504E-02
   -.681034E-02
   -.617447E-02
   -.388686E-02
   -.259573E-03
    .369908E-02
    .619917E-02
    .665390E-02
    .643028E-02
    .636766E-02
    .623498E-02
    .623843E-02
    .668036E-02
    .722948E-02
    .784946E-02
    .892788E-02
    .103265E-01
    .117448E-01
    .133343E-01
    .148036E-01
    .155447E-01
    .159156E-01
    .165413E-01
    .166635E-01
    .154509E-01
    .139036E-01
    .127565E-01
    .113039E-01
    .894451E-02
    .562927E-02
    .221677E-02
   -.521323E-03
   -.324947E-02
   -.657303E-02
   -.100517E-01
   -.136102E-01
   -.176161E-01
   -.213464E-01
   -.240957E-01
   -.262062E-01
   -.277802E-01
   -.286775E-01
   -.290155E-01
   -.288698E-01
   -.281688E-01
   -.272638E-01
   -.268252E-01
   -.269038E-01
   -.271916E-01
   -.276106E-01
   -.282777E-01
   -.292007E-01
   -.301269E-01
   -.308835E-01
   -.312576E-01
   -.311682E-01
   -.308400E-01
   -.306832E-01
   -.308317E-01
   -.304150E-01
   -.287870E-01
   -.262042E-01
   -.226230E-01
   -.180355E-01
   -.128647E-01
   -.710640E-02
   -.879118E-03
    .488443E-02
    .956963E-02
    .136227E-01
    .172988E-01
    .201143E-01
    .216275E-01
    .221987E-01
    .227830E-01
    .236846E-01
    .244375E-01
    .247369E-01
    .246836E-01
    .245076E-01
    .245676E-01
    .246626E-01
    .243364E-01
    .241744E-01
    .250175E-01
    .269402E-01
    .292892E-01
    .312962E-01
    .330661E-01
    .348475E-01
    .362609E-01
    .369660E-01
    .365103E-01
    .347870E-01
    .329675E-01
    .318185E-01
    .309783E-01
    .300768E-01
    .292484E-01
    .290054E-01
    .291912E-01
    .292624E-01
    .291725E-01
    .289070E-01
    .277570E-01
    .253826E-01
    .224437E-01
    .191873E-01
    .155465E-01
    .119390E-01
    .865932E-02
    .552800E-02
    .264163E-02
    .201918E-03
   -.177204E-02
   -.326300E-02
   -.437365E-02
   -.506435E-02
   -.547745E-02
   -.552378E-02
   -.489273E-02
   -.437275E-02
   -.460196E-02
   -.509896E-02
   -.561806E-02
   -.623164E-02
   -.687877E-02
   -.749037E-02
   -.808317E-02
   -.864162E-02
   -.880186E-02
   -.872011E-02
   -.922585E-02
   -.994739E-02
   -.986359E-02
   -.930237E-02
   -.934284E-02
   -.100157E-01
   -.105954E-01
   -.110213E-01
   -.111403E-01
   -.108081E-01
   -.106482E-01
   -.108116E-01
   -.107408E-01
   -.103079E-01
   -.981174E-02
   -.929418E-02
   -.866822E-02
   -.795382E-02
   -.724565E-02
   -.688999E-02
   -.717011E-02
   -.796143E-02
   -.925464E-02
   -.106943E-01
   -.120641E-01
   -.139965E-01
   -.163363E-01
   -.182555E-01
   -.193804E-01
   -.196852E-01
   -.192252E-01
   -.179088E-01
   -.157461E-01
   -.129710E-01
   -.990863E-02
   -.701605E-02
   -.458369E-02
   -.231766E-02
    .346806E-03
    .335829E-02
    .625325E-02
    .909872E-02
    .126124E-01
    .172609E-01
    .224913E-01
    .271908E-01
    .304351E-01
    .322416E-01
    .331889E-01
    .333707E-01
    .329686E-01
    .324419E-01
    .324133E-01
    .333810E-01
    .348540E-01
    .361216E-01
    .368162E-01
    .368922E-01
    .367777E-01
    .362788E-01
    .345813E-01
    .321023E-01
    .295660E-01
    .266928E-01
    .236513E-01
    .207588E-01
    .176520E-01
    .146052E-01
    .130224E-01
    .135884E-01
    .147843E-01
    .147861E-01
    .142273E-01
    .146150E-01
    .150660E-01
    .139673E-01
    .119758E-01
    .103049E-01
    .877215E-02
    .695597E-02
    .502208E-02
    .305828E-02
    .100181E-02
   -.100439E-02
   -.309357E-02
   -.550153E-02
   -.806164E-02
   -.103754E-01
   -.120559E-01
   -.134418E-01
   -.153621E-01
   -.175640E-01
   -.187778E-01
   -.184972E-01
   -.175300E-01
   -.166937E-01
   -.160493E-01
   -.151451E-01
   -.135532E-01
   -.114321E-01
   -.944087E-02
   -.779805E-02
   -.613220E-02
   -.466319E-02
   -.385876E-02
   -.320024E-02
   -.198695E-02
   -.550310E-03
    .619474E-03
    .162580E-02
    .267062E-02
    .399582E-02
    .578677E-02
    .787544E-02
    .993016E-02
    .118934E-01
    .138827E-01
    .157781E-01
    .171715E-01
    .179027E-01
    .182244E-01
    .180316E-01
    .171674E-01
    .157648E-01
    .138897E-01
    .117769E-01
    .983737E-02
    .863172E-02
    .840053E-02
    .893130E-02
    .100167E-01
    .113617E-01
    .127608E-01
    .141285E-01
    .151899E-01
    .156792E-01
    .155892E-01
    .153503E-01
    .154306E-01
    .154623E-01
    .148354E-01
    .137442E-01
    .124797E-01
    .109196E-01
    .924680E-02
    .772158E-02
    .636272E-02
    .525392E-02
    .443848E-02
    .387063E-02
    .333655E-02
    .225761E-02
    .435154E-03
   -.140700E-02
   -.288879E-02
   -.424239E-02
   -.539796E-02
   -.627762E-02
   -.672569E-02
   -.680197E-02
   -.726540E-02
   -.853060E-02
   -.102163E-01
   -.122637E-01
   -.148870E-01
   -.177431E-01
   -.203661E-01
   -.225081E-01
   -.240019E-01
   -.247462E-01
   -.251289E-01
   -.254821E-01
   -.252758E-01
   -.241698E-01
   -.228747E-01
   -.220644E-01
   -.213715E-01
   -.202948E-01
   -.191496E-01
   -.182444E-01
   -.173106E-01
   -.163205E-01
   -.157571E-01
   -.156496E-01
   -.155352E-01
   -.155421E-01
   -.158438E-01
   -.160041E-01
   -.157122E-01
   -.152201E-01
   -.149627E-01
   -.151399E-01
   -.158312E-01
   -.167564E-01
   -.175735E-01
   -.185961E-01
   -.199802E-01
   -.213043E-01
   -.228886E-01
   -.250423E-01
   -.266219E-01
   -.267338E-01
   -.257884E-01
   -.242665E-01
   -.221985E-01
   -.197464E-01
   -.172419E-01
   -.148570E-01
   -.124711E-01
   -.992035E-02
   -.741931E-02
   -.530613E-02
   -.365052E-02
   -.256185E-02
   -.201657E-02
   -.152390E-02
   -.968202E-03
   -.489030E-03
    .983808E-04
    .650150E-03
    .884101E-03
    .102269E-02
    .145445E-02
    .211628E-02
    .237603E-02
    .201236E-02
    .178355E-02
    .196722E-02
    .201617E-02
    .200874E-02
    .218197E-02
    .200585E-02
    .108430E-02
   -.358110E-04
   -.112313E-02
   -.271077E-02
   -.403539E-02
   -.359818E-02
   -.138900E-02
    .117782E-02
    .295303E-02
    .473672E-02
    .735023E-02
    .101186E-01
    .124667E-01
    .141089E-01
    .149953E-01
    .155601E-01
    .161286E-01
    .166742E-01
    .171548E-01
    .175676E-01
    .177392E-01
    .175390E-01
    .171169E-01
    .164044E-01
    .151785E-01
    .137536E-01
    .127657E-01
    .122893E-01
    .120826E-01
    .122453E-01
    .128000E-01
    .135490E-01
    .141957E-01
    .145936E-01
    .150519E-01
    .157320E-01
    .162748E-01
    .162514E-01
    .156809E-01
    .152599E-01
    .149192E-01
    .134946E-01
    .107201E-01
    .736654E-02
    .385048E-02
    .100199E-03
   -.370964E-02
   -.729135E-02
   -.103974E-01
   -.125557E-01
   -.138014E-01
   -.148068E-01
   -.154989E-01
   -.153099E-01
   -.140562E-01
   -.120693E-01
   -.100700E-01
   -.821263E-02
   -.636066E-02
   -.454444E-02
   -.312495E-02
   -.304536E-02
   -.436631E-02
   -.568944E-02
   -.625593E-02
   -.665885E-02
   -.709403E-02
   -.743184E-02
   -.811615E-02
   -.914351E-02
   -.963426E-02
   -.904642E-02
   -.810863E-02
   -.821813E-02
   -.955758E-02
   -.111251E-01
   -.125766E-01
   -.140636E-01
   -.155221E-01
   -.168672E-01
   -.180434E-01
   -.187734E-01
   -.187733E-01
   -.179677E-01
   -.165865E-01
   -.154464E-01
   -.150150E-01
   -.149317E-01
   -.147022E-01
   -.142417E-01
   -.137563E-01
   -.133236E-01
   -.129272E-01
   -.127712E-01
   -.126469E-01
   -.115372E-01
   -.933722E-02
   -.715353E-02
   -.529114E-02
   -.332233E-02
   -.182775E-02
   -.124387E-02
   -.587732E-03
    .934504E-03
    .285259E-02
    .404774E-02
    .432229E-02
    .470080E-02
    .539627E-02
    .562556E-02
    .542650E-02
    .538577E-02
    .566226E-02
    .617599E-02
    .686790E-02
    .772243E-02
    .874552E-02
    .972537E-02
    .102506E-01
    .101964E-01
    .985724E-02
    .958788E-02
    .913682E-02
    .799643E-02
    .642692E-02
    .484476E-02
    .324465E-02
    .156221E-02
   -.206031E-03
   -.169422E-02
   -.250696E-02
   -.300110E-02
   -.340884E-02
   -.333220E-02
   -.283363E-02
   -.230152E-02
   -.205867E-02
   -.264293E-02
   -.397154E-02
   -.474995E-02
   -.447249E-02
   -.415561E-02
   -.456011E-02
   -.552950E-02
   -.629777E-02
   -.648702E-02
   -.641828E-02
   -.658345E-02
   -.718180E-02
   -.798765E-02
   -.901054E-02
   -.102766E-01
   -.113797E-01
   -.120065E-01
   -.119905E-01
   -.111313E-01
   -.952606E-02
   -.746150E-02
   -.506897E-02
   -.259769E-02
   -.391879E-03
    .145880E-02
    .303395E-02
    .438517E-02
    .549753E-02
    .634553E-02
    .698269E-02
    .748838E-02
    .800766E-02
    .868202E-02
    .913773E-02
    .976432E-02
    .118111E-01
    .150604E-01
    .183503E-01
    .211212E-01
    .231921E-01
    .244320E-01
    .248307E-01
    .246410E-01
    .241266E-01
    .229969E-01
    .210311E-01
    .189277E-01
    .172664E-01
    .157641E-01
    .143351E-01
    .131843E-01
    .118986E-01
    .100599E-01
    .812483E-02
    .650021E-02
    .494224E-02
    .341418E-02
    .201017E-02
    .793847E-03
   -.382656E-04
   -.464091E-03
   -.544774E-03
   -.543471E-03
   -.816171E-03
   -.120417E-02
   -.146682E-02
   -.193054E-02
   -.250585E-02
   -.218425E-02
   -.916279E-03
    .211393E-03
    .102487E-02
    .183369E-02
    .229043E-02
    .222384E-02
    .220114E-02
    .259485E-02
    .315709E-02
    .363408E-02
    .398804E-02
    .455191E-02
    .530173E-02
    .559195E-02
    .540004E-02
    .505737E-02
    .453106E-02
    .406365E-02
    .425560E-02
    .473378E-02
    .431157E-02
    .312707E-02
    .222420E-02
    .157172E-02
    .450731E-03
   -.135852E-02
   -.365429E-02
   -.600663E-02
   -.797726E-02
   -.957946E-02
   -.114867E-01
   -.142871E-01
   -.169080E-01
   -.179373E-01
   -.177828E-01
   -.173131E-01
   -.168528E-01
   -.164907E-01
   -.158116E-01
   -.146980E-01
   -.135875E-01
   -.125191E-01
   -.112359E-01
   -.991879E-02
   -.910299E-02
   -.910971E-02
   -.999878E-02
   -.117796E-01
   -.139548E-01
   -.154401E-01
   -.164193E-01
   -.178807E-01
   -.189970E-01
   -.186331E-01
   -.171394E-01
   -.154128E-01
   -.138650E-01
   -.120580E-01
   -.952229E-02
   -.616241E-02
   -.242323E-02
    .751473E-03
    .299297E-02
    .490896E-02
    .729033E-02
    .102012E-01
    .126754E-01
    .139623E-01
    .145104E-01
    .149931E-01
    .156316E-01
    .162243E-01
    .164915E-01
    .165776E-01
    .168602E-01
    .173103E-01
    .176949E-01
    .180666E-01
    .183311E-01
    .182694E-01
    .178725E-01
    .172527E-01
    .165323E-01
    .158420E-01
    .155464E-01
    .160262E-01
    .169763E-01
    .176897E-01
    .182182E-01
    .189010E-01
    .193787E-01
    .195406E-01
    .196046E-01
    .189642E-01
    .173227E-01
    .155070E-01
    .138251E-01
    .113292E-01
    .768681E-02
    .455124E-02
    .299461E-02
    .188576E-02
    .195590E-03
   -.158898E-02
   -.292752E-02
   -.429265E-02
   -.611679E-02
   -.814996E-02
   -.101098E-01
   -.120556E-01
   -.136913E-01
   -.146395E-01
   -.154153E-01
   -.162623E-01
   -.170450E-01
   -.182372E-01
   -.196895E-01
   -.204273E-01
   -.206261E-01
   -.215647E-01
   -.229597E-01
   -.231456E-01
   -.219352E-01
   -.205667E-01
   -.194139E-01
   -.179106E-01
   -.159313E-01
   -.138491E-01
   -.119954E-01
   -.104224E-01
   -.956013E-02
   -.960924E-02
   -.954956E-02
   -.916952E-02
   -.918586E-02
   -.933493E-02
   -.906759E-02
   -.851628E-02
   -.815873E-02
   -.810125E-02
   -.801090E-02
   -.770539E-02
   -.739040E-02
   -.743779E-02
   -.795088E-02
   -.842319E-02
   -.842064E-02
   -.881766E-02
   -.989469E-02
   -.987051E-02
   -.828445E-02
   -.694153E-02
   -.673479E-02
   -.669308E-02
   -.612362E-02
   -.554418E-02
   -.538564E-02
   -.562257E-02
   -.582998E-02
   -.555960E-02
   -.457879E-02
   -.310187E-02
   -.216326E-02
   -.178439E-02
   -.109802E-02
   -.562875E-04
    .101391E-02
    .169906E-02
    .200858E-02
    .261340E-02
    .366060E-02
    .481690E-02
    .632735E-02
    .856464E-02
    .110583E-01
    .131201E-01
    .148707E-01
    .164062E-01
    .172121E-01
    .174100E-01
    .176691E-01
    .178956E-01
    .174894E-01
    .164422E-01
    .155675E-01
    .156397E-01
    .161808E-01
    .160268E-01
    .154141E-01
    .153958E-01
    .156773E-01
    .154945E-01
    .150889E-01
    .144741E-01
    .127418E-01
    .951902E-02
    .610957E-02
    .417493E-02
    .310445E-02
    .144824E-02
    .605356E-04
    .279439E-03
    .140683E-02
    .208309E-02
    .206611E-02
    .191250E-02
    .202177E-02
    .267839E-02
    .392464E-02
    .531834E-02
    .680858E-02
    .881938E-02
    .112636E-01
    .135325E-01
    .153633E-01
    .169994E-01
    .182237E-01
    .183013E-01
    .174028E-01
    .165245E-01
    .160378E-01
    .155978E-01
    .151235E-01
    .149042E-01
    .146514E-01
    .138903E-01
    .129849E-01
    .126085E-01
    .127557E-01
    .122081E-01
    .102841E-01
    .869009E-02
    .858335E-02
    .870385E-02
    .846191E-02
    .839381E-02
    .804193E-02
    .684414E-02
    .563532E-02
    .546114E-02
    .587003E-02
    .585359E-02
    .540328E-02
    .499367E-02
    .452003E-02
    .368613E-02
    .263525E-02
    .135055E-02
    .342411E-04
   -.443689E-03
    .121676E-03
    .818044E-03
    .984105E-03
    .112303E-02
    .182722E-02
    .256451E-02
    .264426E-02
    .240528E-02
    .242627E-02
    .267429E-02
    .297283E-02
    .334101E-02
    .338328E-02
    .267660E-02
    .179958E-02
    .141282E-02
    .130144E-02
    .913677E-03
   -.144314E-03
   -.160200E-02
   -.292279E-02
   -.400029E-02
   -.465020E-02
   -.500582E-02
   -.554078E-02
   -.623866E-02
   -.693200E-02
   -.743887E-02
   -.775731E-02
   -.841268E-02
   -.957185E-02
   -.107050E-01
   -.115573E-01
   -.123338E-01
   -.131912E-01
   -.142283E-01
   -.157807E-01
   -.179466E-01
   -.200346E-01
   -.214079E-01
   -.219994E-01
   -.222433E-01
   -.229999E-01
   -.241865E-01
   -.247279E-01
   -.241054E-01
   -.232545E-01
   -.236774E-01
   -.245058E-01
   -.237183E-01
   -.218213E-01
   -.204724E-01
   -.199013E-01
   -.193050E-01
   -.180154E-01
   -.164341E-01
   -.155429E-01
   -.152908E-01
   -.149057E-01
   -.139360E-01
   -.125785E-01
   -.114851E-01
   -.108831E-01
   -.103079E-01
   -.906953E-02
   -.700042E-02
   -.487240E-02
   -.323875E-02
   -.152563E-02
    .748225E-03
    .300454E-02
    .463637E-02
    .576266E-02
    .647145E-02
    .670255E-02
    .668004E-02
    .661059E-02
    .636523E-02
    .614458E-02
    .617299E-02
    .571781E-02
    .468771E-02
    .409507E-02
    .413240E-02
    .447039E-02
    .523781E-02
    .598418E-02
    .589423E-02
    .531197E-02
    .512158E-02
    .532237E-02
    .546923E-02
    .551379E-02
    .564721E-02
    .607208E-02
    .675164E-02
    .751469E-02
    .817326E-02
    .841894E-02
    .840544E-02
    .858150E-02
    .847734E-02
    .743780E-02
    .612063E-02
    .550530E-02
    .550460E-02
    .549155E-02
    .527189E-02
    .540817E-02
    .655959E-02
    .818549E-02
    .908628E-02
    .936460E-02
    .101947E-01
    .115370E-01
    .122768E-01
    .121277E-01
    .114785E-01
    .106014E-01
    .954129E-02
    .853640E-02
    .820443E-02
    .865271E-02
    .923278E-02
    .953705E-02
    .973049E-02
    .991160E-02
    .982395E-02
    .923655E-02
    .839909E-02
    .750823E-02
    .659502E-02
    .606275E-02
    .597610E-02
    .611061E-02
    .634393E-02
    .617755E-02
    .586200E-02
    .639290E-02
    .767050E-02
    .895847E-02
    .992841E-02
    .106130E-01
    .114375E-01
    .126278E-01
    .139091E-01
    .150872E-01
    .154737E-01
    .144052E-01
    .128898E-01
    .118756E-01
    .105033E-01
    .800484E-02
    .513740E-02
    .296821E-02
    .162835E-02
    .676071E-03
    .657583E-04
   -.318052E-04
    .238184E-04
   -.388538E-03
   -.124970E-02
   -.215447E-02
   -.333609E-02
   -.513147E-02
   -.707047E-02
   -.864019E-02
   -.988550E-02
   -.108987E-01
   -.117567E-01
   -.124261E-01
   -.128176E-01
   -.130147E-01
   -.131109E-01
   -.131609E-01
   -.132171E-01
   -.136321E-01
   -.144439E-01
   -.148248E-01
   -.140694E-01
   -.124351E-01
   -.113484E-01
   -.114880E-01
   -.116311E-01
   -.111554E-01
   -.106783E-01
   -.107573E-01
   -.113919E-01
   -.117904E-01
   -.111707E-01
   -.100653E-01
   -.952462E-02
   -.907625E-02
   -.803927E-02
   -.705532E-02
   -.624402E-02
   -.544199E-02
   -.511495E-02
   -.490139E-02
   -.405286E-02
   -.323168E-02
   -.356909E-02
   -.458086E-02
   -.510542E-02
   -.508797E-02
   -.523882E-02
   -.588352E-02
   -.674196E-02
   -.742412E-02
   -.770822E-02
   -.767077E-02
   -.747960E-02
   -.729679E-02
   -.719018E-02
   -.704855E-02
   -.657000E-02
   -.556234E-02
   -.460669E-02
   -.419078E-02
   -.399110E-02
   -.386796E-02
   -.384323E-02
   -.368165E-02
   -.345224E-02
   -.339711E-02
   -.345556E-02
   -.350883E-02
   -.354480E-02
   -.364211E-02
   -.396034E-02
   -.453314E-02
   -.525650E-02
   -.591153E-02
   -.625482E-02
   -.614749E-02
   -.584528E-02
   -.580618E-02
   -.595252E-02
   -.608757E-02
   -.639314E-02
   -.691105E-02
   -.745677E-02
   -.803903E-02
   -.870231E-02
   -.932488E-02
   -.962415E-02
   -.947728E-02
   -.915866E-02
   -.875570E-02
   -.785742E-02
   -.653904E-02
   -.543942E-02
   -.460527E-02
   -.384430E-02
   -.320687E-02
   -.270083E-02
   -.206833E-02
   -.115987E-02
   -.451572E-03
   -.184410E-03
   -.504626E-05
    .179550E-03
    .213323E-03
    .321709E-03
    .960978E-03
    .201370E-02
    .287102E-02
    .345896E-02
    .409195E-02
    .481180E-02
    .565025E-02
    .652147E-02
    .694878E-02
    .673273E-02
    .628958E-02
    .595905E-02
    .568079E-02
    .545426E-02
    .550418E-02
    .536768E-02
    .409838E-02
    .253766E-02
    .254942E-02
    .361198E-02
    .431490E-02
    .495090E-02
    .552710E-02
    .521889E-02
    .424325E-02
    .337269E-02
    .256119E-02
    .128541E-02
   -.577632E-03
   -.260900E-02
   -.444593E-02
   -.627704E-02
   -.845748E-02
   -.108695E-01
   -.131604E-01
   -.150323E-01
   -.164459E-01
   -.178804E-01
   -.196371E-01
   -.212226E-01
   -.220583E-01
   -.223606E-01
   -.225484E-01
   -.227337E-01
   -.229626E-01
   -.227645E-01
   -.217295E-01
   -.206525E-01
   -.204001E-01
   -.203434E-01
   -.190250E-01
   -.163220E-01
   -.135385E-01
   -.115110E-01
   -.984088E-02
   -.792158E-02
   -.593348E-02
   -.417005E-02
   -.262204E-02
   -.134537E-02
   -.239299E-03
    .882708E-03
    .192102E-02
    .301038E-02
    .413804E-02
    .487738E-02
    .532173E-02
    .562195E-02
    .569962E-02
    .562383E-02
    .541726E-02
    .523051E-02
    .508498E-02
    .474029E-02
    .439912E-02
    .452810E-02
    .523124E-02
    .609214E-02
    .648560E-02
    .629913E-02
    .604909E-02
    .619939E-02
    .650619E-02
    .637537E-02
    .633663E-02
    .729023E-02
    .866789E-02
    .965529E-02
    .103814E-01
    .111749E-01
    .120900E-01
    .128638E-01
    .131975E-01
    .133020E-01
    .134804E-01
    .139348E-01
    .148017E-01
    .157180E-01
    .165191E-01
    .174168E-01
    .182671E-01
    .188614E-01
    .191931E-01
    .191689E-01
    .187490E-01
    .181324E-01
    .172895E-01
    .160481E-01
    .145123E-01
    .127795E-01
    .111714E-01
    .955625E-02
    .708242E-02
    .435175E-02
    .309256E-02
    .325519E-02
    .289797E-02
    .105045E-02
   -.891030E-03
   -.141616E-02
   -.663054E-03
    .193128E-03
    .229569E-03
   -.682381E-04
    .158286E-03
    .640387E-03
    .816613E-03
    .771355E-03
    .620810E-03
    .297527E-03
    .624497E-04
   -.164425E-04
   -.362000E-03
   -.770515E-03
   -.870069E-03
   -.116332E-02
   -.178035E-02
   -.203171E-02
   -.168771E-02
   -.117575E-02
   -.807196E-03
   -.555875E-03
   -.152995E-03
    .760551E-03
    .214465E-02
    .351796E-02
    .485369E-02
    .640946E-02
    .741987E-02
    .721207E-02
    .705546E-02
    .812595E-02
    .970912E-02
    .108624E-01
    .116375E-01
    .127238E-01
    .142459E-01
    .158027E-01
    .170933E-01
    .178989E-01
    .183507E-01
    .185416E-01
    .186213E-01
    .188076E-01
    .188338E-01
    .184290E-01
    .177725E-01
    .171365E-01
    .166280E-01
    .162881E-01
    .160642E-01
    .156345E-01
    .145569E-01
    .130002E-01
    .116184E-01
    .104392E-01
    .920431E-02
    .792378E-02
    .650558E-02
    .523882E-02
    .455878E-02
    .414301E-02
    .336849E-02
    .227028E-02
    .149873E-02
    .117399E-02
    .719311E-03
    .103955E-03
   -.355910E-03
   -.827684E-03
   -.117822E-02
   -.100571E-02
   -.504257E-03
   -.207976E-03
   -.238598E-03
   -.487084E-03
   -.103323E-02
   -.170538E-02
   -.222420E-02
   -.248603E-02
   -.258839E-02
   -.256792E-02
   -.229146E-02
   -.180112E-02
   -.119258E-02
   -.539043E-03
    .745446E-04
    .557931E-03
    .106452E-02
    .173671E-02
    .232424E-02
    .263534E-02
    .289955E-02
    .356559E-02
    .441354E-02
    .469258E-02
    .439569E-02
    .392299E-02
    .350355E-02
    .322748E-02
    .281214E-02
    .216673E-02
    .130211E-02
    .168851E-03
   -.102045E-02
   -.201938E-02
   -.256016E-02
   -.281785E-02
   -.331226E-02
   -.375106E-02
   -.379794E-02
   -.395648E-02
   -.455415E-02
   -.530266E-02
   -.552845E-02
   -.469919E-02
   -.336241E-02
   -.256073E-02
   -.195640E-02
   -.883762E-03
    .133468E-03
    .758167E-03
    .125082E-02
    .150842E-02
    .135769E-02
    .129340E-02
    .150074E-02
    .132335E-02
    .646814E-03
    .138621E-03
    .235168E-03
    .822312E-03
    .153450E-02
    .197313E-02
    .196390E-02
    .192621E-02
    .230920E-02
    .285623E-02
    .325131E-02
    .365321E-02
    .392207E-02
    .384540E-02
    .370152E-02
    .357759E-02
    .333798E-02
    .288463E-02
    .225736E-02
    .177798E-02
    .157521E-02
    .139367E-02
    .126399E-02
    .170290E-02
    .222719E-02
    .138231E-02
   -.526872E-03
   -.174387E-02
   -.191584E-02
   -.194202E-02
   -.243612E-02
   -.338723E-02
   -.441893E-02
   -.522140E-02
   -.560039E-02
   -.594605E-02
   -.695570E-02
   -.822294E-02
   -.880082E-02
   -.867967E-02
   -.845426E-02
   -.831202E-02
   -.822793E-02
   -.823861E-02
   -.828388E-02
   -.834771E-02
   -.828894E-02
   -.794560E-02
   -.787738E-02
   -.846281E-02
   -.894497E-02
   -.889568E-02
   -.907102E-02
   -.100294E-01
   -.111442E-01
   -.120007E-01
   -.131294E-01
   -.144838E-01
   -.152409E-01
   -.151806E-01
   -.148282E-01
   -.145009E-01
   -.140526E-01
   -.134660E-01
   -.126385E-01
   -.116527E-01
   -.113367E-01
   -.119513E-01
   -.126296E-01
   -.124542E-01
   -.117112E-01
   -.114528E-01
   -.113831E-01
   -.108214E-01
   -.104375E-01
   -.103915E-01
   -.100429E-01
   -.915691E-02
   -.781496E-02
   -.672896E-02
   -.641383E-02
   -.630527E-02
   -.577643E-02
   -.489516E-02
   -.413003E-02
   -.364664E-02
   -.300017E-02
   -.170403E-02
    .963361E-04
    .169487E-02
    .270731E-02
    .344304E-02
    .427525E-02
    .530839E-02
    .611368E-02
    .615115E-02
    .579141E-02
    .547863E-02
    .507129E-02
    .453354E-02
    .359292E-02
    .202420E-02
    .479562E-03
   -.420319E-03
   -.769598E-03
   -.994681E-03
   -.135621E-02
   -.162182E-02
   -.160225E-02
   -.156800E-02
   -.173141E-02
   -.179129E-02
   -.142158E-02
   -.975312E-03
   -.948053E-03
   -.131801E-02
   -.175984E-02
   -.215270E-02
   -.278292E-02
   -.384054E-02
   -.505675E-02
   -.621044E-02
   -.752818E-02
   -.910694E-02
   -.107106E-01
   -.121504E-01
   -.132270E-01
   -.136497E-01
   -.133641E-01
   -.124850E-01
   -.111345E-01
   -.979029E-02
   -.861415E-02
   -.729797E-02
   -.642036E-02
   -.663224E-02
   -.670531E-02
   -.523515E-02
   -.334881E-02
   -.270212E-02
   -.270172E-02
   -.231855E-02
   -.193538E-02
   -.209830E-02
   -.281692E-02
   -.394312E-02
   -.522811E-02
   -.648698E-02
   -.758793E-02
   -.830701E-02
   -.835155E-02
   -.786259E-02
   -.765553E-02
   -.788068E-02
   -.769386E-02
   -.690012E-02
   -.644223E-02
   -.702298E-02
   -.785256E-02
   -.786400E-02
   -.727316E-02
   -.700681E-02
   -.749183E-02
   -.806236E-02
   -.801412E-02
   -.761377E-02
   -.733650E-02
   -.724392E-02
   -.703533E-02
   -.659853E-02
   -.649141E-02
   -.669355E-02
   -.604752E-02
   -.422234E-02
   -.240123E-02
   -.123811E-02
   -.260318E-03
    .579616E-03
    .996564E-03
    .105524E-02
    .102088E-02
    .953936E-03
    .405394E-03
   -.394099E-03
   -.694948E-03
   -.841372E-03
   -.124754E-02
   -.118710E-02
   -.420510E-03
    .425927E-04
   -.211098E-03
   -.603755E-03
   -.738854E-03
   -.793139E-03
   -.104815E-02
   -.143700E-02
   -.177048E-02
   -.176536E-02
   -.148189E-02
   -.167838E-02
   -.248431E-02
   -.338252E-02
   -.386850E-02
   -.316313E-02
   -.165783E-02
   -.669354E-03
   -.393391E-03
   -.112365E-03
    .717050E-03
    .179651E-02
    .248878E-02
    .287411E-02
    .320189E-02
    .357883E-02
    .426789E-02
    .498225E-02
    .529978E-02
    .560840E-02
    .643138E-02
    .754636E-02
    .838803E-02
    .903918E-02
    .101932E-01
    .115016E-01
    .117883E-01
    .115849E-01
    .121799E-01
    .133990E-01
    .146018E-01
    .153994E-01
    .158919E-01
    .164857E-01
    .168924E-01
    .172354E-01
    .180246E-01
    .184725E-01
    .178860E-01
    .171846E-01
    .174511E-01
    .183155E-01
    .186593E-01
    .185685E-01
    .189532E-01
    .196711E-01
    .198865E-01
    .197076E-01
    .197493E-01
    .200596E-01
    .203623E-01
    .205565E-01
    .206198E-01
    .203110E-01
    .196010E-01
    .188112E-01
    .184955E-01
    .185830E-01
    .179471E-01
    .165069E-01
    .154118E-01
    .147962E-01
    .136754E-01
    .119357E-01
    .106472E-01
    .101007E-01
    .931958E-02
    .782086E-02
    .646153E-02
    .581064E-02
    .512882E-02
    .377960E-02
    .289616E-02
    .221614E-02
    .242527E-02
    .236137E-02
    .105536E-02
   -.830586E-03
   -.218272E-02
   -.297987E-02
   -.348176E-02
   -.356466E-02
   -.336416E-02
   -.325517E-02
   -.317804E-02
   -.276683E-02
   -.217701E-02
   -.165461E-02
   -.883450E-03
    .518371E-05
    .379009E-03
    .496550E-03
    .114193E-02
    .190742E-02
    .173630E-02
    .836493E-03
    .655567E-05
   -.362199E-03
   -.245994E-03
   -.182162E-03
   -.409349E-03
   -.357204E-03
    .443558E-03
    .111452E-02
    .711937E-03
    .275771E-03
    .698339E-03
    .116093E-02
    .102701E-02
    .623862E-03
    .329361E-03
    .153777E-03
   -.167171E-04
   -.211857E-03
   -.405106E-03
   -.554769E-03
   -.720744E-03
   -.110114E-02
   -.152809E-02
   -.158038E-02
   -.139672E-02
   -.121854E-02
   -.819697E-03
   -.313013E-03
   -.659398E-04
    .130159E-04
   -.583928E-04
   -.478115E-03
   -.125789E-02
   -.211508E-02
   -.275055E-02
   -.341420E-02
   -.428930E-02
   -.502079E-02
   -.549986E-02
   -.568218E-02
   -.557794E-02
   -.577640E-02
   -.625108E-02
   -.616010E-02
   -.547268E-02
   -.515985E-02
   -.568327E-02
   -.632467E-02
   -.648331E-02
   -.654852E-02
   -.703581E-02
   -.792376E-02
   -.885161E-02
   -.957461E-02
   -.104049E-01
   -.113974E-01
   -.120419E-01
   -.122499E-01
   -.120898E-01
   -.114791E-01
   -.105556E-01
   -.948142E-02
   -.861289E-02
   -.815746E-02
   -.756020E-02
   -.649055E-02
   -.536717E-02
   -.471367E-02
   -.438842E-02
   -.386971E-02
   -.315411E-02
   -.236862E-02
   -.156893E-02
   -.899336E-03
   -.283414E-03
    .502758E-03
    .152293E-02
    .234528E-02
    .237113E-02
    .194387E-02
    .195546E-02
    .239637E-02
    .256848E-02
    .230517E-02
    .198305E-02
    .179741E-02
    .167770E-02
    .138465E-02
    .712337E-03
   -.248290E-03
   -.124819E-02
   -.183835E-02
   -.204344E-02
   -.249594E-02
   -.305889E-02
   -.319282E-02
   -.282143E-02
   -.238564E-02
   -.269984E-02
   -.367363E-02
   -.435988E-02
   -.450678E-02
   -.475960E-02
   -.557576E-02
   -.662150E-02
   -.737154E-02
   -.752676E-02
   -.749405E-02
   -.799319E-02
   -.857373E-02
   -.843095E-02
   -.782307E-02
   -.751695E-02
   -.759084E-02
   -.744549E-02
   -.687647E-02
   -.614681E-02
   -.551030E-02
   -.506948E-02
   -.472614E-02
   -.437722E-02
   -.393476E-02
   -.331528E-02
   -.262843E-02
   -.207550E-02
   -.174067E-02
   -.149459E-02
   -.983579E-03
   -.157016E-03
    .268218E-03
   -.250340E-04
   -.647976E-04
    .445117E-03
    .403241E-03
   -.438425E-03
   -.102842E-02
   -.869334E-03
   -.652968E-03
   -.844452E-03
   -.109864E-02
   -.120155E-02
   -.116026E-02
   -.927538E-03
   -.775573E-03
   -.106077E-02
   -.147420E-02
   -.125429E-02
   -.594243E-03
   -.347603E-03
   -.330973E-03
   -.124187E-03
    .660500E-04
    .174702E-03
    .397385E-03
    .817829E-03
    .131122E-02
    .178144E-02
    .226213E-02
    .283500E-02
    .351101E-02
    .409069E-02
    .441293E-02
    .469586E-02
    .513228E-02
    .547481E-02
    .558855E-02
    .565533E-02
    .572156E-02
    .568162E-02
    .554521E-02
    .543477E-02
    .533135E-02
    .516332E-02
    .493431E-02
    .453830E-02
    .393962E-02
    .329754E-02
    .301824E-02
    .338232E-02
    .374395E-02
    .350342E-02
    .317116E-02
    .326584E-02
    .354757E-02
    .358709E-02
    .332397E-02
    .300592E-02
    .283572E-02
    .291240E-02
    .318154E-02
    .337035E-02
    .340873E-02
    .342968E-02
    .361071E-02
    .415910E-02
    .470166E-02
    .482646E-02
    .488846E-02
    .517900E-02
    .553758E-02
    .574552E-02
    .564099E-02
    .529115E-02
    .493552E-02
    .472653E-02
    .470506E-02
    .475047E-02
    .465864E-02
    .450145E-02
    .448586E-02
    .449141E-02
    .431646E-02
    .405910E-02
    .392322E-02
    .389074E-02
    .376006E-02
    .354958E-02
    .345870E-02
    .338294E-02
    .314028E-02
    .276492E-02
    .235792E-02
    .203252E-02
    .178243E-02
    .150866E-02
    .119722E-02
    .886643E-03
    .598554E-03
    .374929E-03
    .180316E-03
   -.921286E-04
   -.338654E-03
   -.483272E-03
   -.775977E-03
   -.121118E-02
   -.142726E-02
   -.142723E-02
   -.151088E-02
   -.176791E-02
   -.206035E-02
   -.226074E-02
   -.235688E-02
   -.246093E-02
   -.271453E-02
   -.305773E-02
   -.322945E-02
   -.313075E-02
   -.312173E-02
   -.347674E-02
   -.384751E-02
   -.387235E-02
   -.370440E-02
   -.362823E-02
   -.364559E-02
   -.362714E-02
   -.352257E-02
   -.337760E-02
   -.329034E-02
   -.326713E-02
   -.322241E-02
   -.317470E-02
   -.322210E-02
   -.326425E-02
   -.315648E-02
   -.303523E-02
   -.299250E-02
   -.286328E-02
   -.261739E-02
   -.241752E-02
   -.229474E-02
   -.215401E-02
   -.197238E-02
   -.180194E-02
   -.167559E-02
   -.160931E-02
   -.159519E-02
   -.157413E-02
   -.153831E-02
   -.151387E-02
   -.148722E-02
   -.151917E-02
   -.162961E-02
   -.166507E-02
   -.156815E-02
   -.146268E-02
   -.142820E-02
   -.145420E-02
   -.149021E-02
   -.147213E-02
   -.141546E-02
   -.139788E-02
   -.140103E-02
   -.133247E-02
   -.120047E-02
   -.110003E-02
   -.106444E-02
   -.103842E-02
   -.972879E-03
   -.893161E-03
   -.837926E-03
   -.786136E-03
   -.710986E-03
   -.667568E-03
   -.690688E-03
   -.694280E-03
   -.633161E-03
   -.573340E-03
   -.558029E-03
   -.550732E-03
   -.505613E-03
   -.445654E-03
   -.402363E-03
   -.361075E-03
   -.310327E-03
   -.251678E-03
   -.201926E-03
   -.171168E-03
   -.136029E-03
   -.857135E-04
   -.356588E-04
    .642883E-05
    .433274E-04
    .764520E-04
    .111779E-03
    .157802E-03
    .219309E-03
    .285753E-03
    .345357E-03
    .401926E-03
    .445432E-03
    .473873E-03
    .508751E-03
    .544803E-03
    .564443E-03
    .576479E-03
    .595159E-03
    .615454E-03
    .629211E-03
    .645689E-03
    .670683E-03
    .689677E-03
    .696534E-03
    .701520E-03
    .708942E-03
    .712311E-03
    .707651E-03
    .703172E-03
    .700017E-03
    .684368E-03
    .661194E-03
    .648823E-03
    .643593E-03
    .633617E-03
    .619803E-03
    .606312E-03
    .593718E-03
    .580247E-03
    .562928E-03
    .541240E-03
    .517522E-03
    .493080E-03
    .468103E-03
    .442551E-03
    .415485E-03
    .386705E-03
    .357788E-03
    .328856E-03
    .298756E-03
    .268012E-03
    .237303E-03
    .206379E-03
    .175309E-03
    .144154E-03
    .112695E-03
    .807789E-04
    .483720E-04
