   -.0114445
   -.0119263
   -.0077104
   -.0010988
   -.0099564
   -.0198504
   -.0077228
    .0026800
   -.0128152
   -.0230838
   -.0083258
   -.0004596
   -.0120832
   -.0184958
   -.0098687
   -.0066076
   -.0057624
   -.0029949
    .0014669
    .0016358
   -.0024494
   -.0069757
   -.0038512
    .0075249
    .0121052
    .0069703
    .0008973
   -.0004256
    .0017737
    .0052412
    .0038618
   -.0003574
    .0038008
    .0069878
   -.0055346
   -.0055710
    .0070062
   -.0047244
   -.0158359
   -.0033908
    .0093957
    .0106664
    .0083329
    .0061680
    .0097059
    .0144957
    .0142137
    .0102596
    .0017604
   -.0148386
   -.0230834
   -.0108585
    .0050901
   -.0010702
   -.0046029
    .0150873
    .0255970
    .0021740
   -.0117408
    .0061441
    .0083624
   -.0166287
   -.0200872
   -.0042254
   -.0023130
   -.0104999
   -.0005814
    .0100583
    .0037040
    .0002233
    .0069985
    .0119105
    .0131772
    .0017679
   -.0126985
   -.0156682
   -.0055848
    .0040836
    .0098486
    .0103815
    .0022506
    .0019763
    .0098775
    .0088363
   -.0049581
    .0001328
    .0058958
    .0001036
    .0026669
   -.0005199
   -.0220069
   -.0089843
    .0128338
    .0063077
   -.0106732
   -.0146524
   -.0059486
    .0062576
    .0060064
   -.0002965
   -.0033349
   -.0063036
   -.0082559
    .0023564
    .0139381
    .0008909
   -.0157560
   -.0160529
   -.0060847
   -.0012993
    .0003791
    .0008510
    .0048274
    .0033000
   -.0107907
   -.0216520
   -.0135099
    .0074402
    .0153808
    .0074624
   -.0019360
   -.0086759
   -.0120261
   -.0123430
    .0029096
    .0068029
   -.0077088
   -.0208784
   -.0200281
   -.0241015
   -.0223240
    .0104858
    .0360593
    .0033142
   -.0375107
   -.0259938
    .0179964
    .0402332
    .0242893
   -.0180664
   -.0298021
    .0044731
    .0313338
    .0159382
    .0066129
    .0027937
   -.0243687
   -.0380296
   -.0164208
    .0054558
    .0081213
    .0168117
    .0252302
    .0177003
   -.0091715
   -.0047953
    .0187054
    .0250413
    .0057498
   -.0131876
   -.0270374
   -.0263821
   -.0107280
    .0101908
    .0390924
    .0358460
   -.0098893
   -.0428987
   -.0114980
    .0257000
    .0295626
    .0198940
    .0005206
   -.0205822
   -.0261479
   -.0099423
    .0131492
    .0338636
    .0230444
   -.0175469
   -.0410126
   -.0255479
    .0008391
    .0148154
    .0245775
   -.0006000
   -.0332546
   -.0208834
    .0124800
    .0302778
    .0086584
   -.0148480
   -.0158407
   -.0064310
    .0161495
    .0122514
   -.0261238
   -.0490259
   -.0228003
   -.0040683
   -.0055111
   -.0051547
   -.0029352
    .0078910
    .0077067
    .0012731
    .0091230
    .0099561
   -.0089551
   -.0224221
   -.0366736
   -.0579099
   -.0399375
    .0016378
    .0216852
    .0212216
    .0262086
    .0412040
    .0745642
    .1162107
    .1395280
    .1180548
    .0901136
    .1067955
    .1144553
    .1083680
    .1115574
    .1123514
    .1031088
    .0993497
    .1006908
    .0978626
    .0884397
    .0581732
    .0115843
   -.0436187
   -.1046797
   -.1632300
   -.2195442
   -.2737546
   -.3195286
   -.3513768
   -.3486003
   -.3053055
   -.2531840
   -.2280416
   -.2380993
   -.2632112
   -.2535644
   -.1908469
   -.1199945
   -.0662958
   -.0532791
   -.0722891
   -.0888692
   -.0273973
    .1643983
    .3420971
    .1892285
    .0317793
    .2126009
    .3728407
    .2752238
    .2519738
    .2751225
    .2830490
    .1963704
    .0875024
    .0203798
    .0411526
    .0680716
    .0999353
    .0165015
   -.0439482
   -.0542953
   -.0630232
   -.0698911
   -.1180160
   -.0920891
   -.0105965
    .0365522
   -.0431275
   -.0811217
   -.0930243
   -.0123088
   -.0436545
   -.1074121
   -.1687421
   -.1038122
   -.0284778
   -.0310056
   -.0951397
   -.0967539
   -.0867594
   -.0911001
   -.1078285
   -.1449335
   -.1360348
   -.0709689
    .0140594
    .0546248
    .0612049
    .0164679
    .0539820
    .1410798
    .1262932
    .0568046
    .0538181
    .1028676
    .0913481
    .0396628
    .0388729
    .0269026
    .0275729
   -.0072034
   -.0242475
    .0497621
    .0769171
    .0751153
    .0796392
    .1384101
    .1264293
    .0670952
   -.0357031
   -.0457147
    .0054421
    .0141372
   -.0300778
   -.0549888
   -.0983818
   -.1158728
   -.1160020
   -.1250502
   -.1101856
   -.0647283
    .0020847
   -.0032030
   -.0338827
   -.0408873
    .0165781
    .0738169
    .0532887
    .0109359
    .0012147
    .0554538
    .0802765
    .0335344
    .0414399
    .0777929
    .0317206
    .0100847
    .0154978
    .0383057
    .0461195
    .0225510
    .0201646
    .0379949
    .0300002
    .0102696
   -.0146007
    .0001536
    .0140271
    .0310304
    .0136902
   -.0373854
   -.0777414
   -.1090730
   -.1231730
   -.1060962
   -.1192519
   -.0565833
   -.0385329
   -.1199649
   -.1800539
   -.1788953
   -.0734312
    .0474337
    .1217774
    .1163271
    .0746589
    .0744625
    .0938494
    .0776968
    .0227940
    .0338915
    .0795406
    .0966453
    .0663049
    .0046686
   -.0173430
    .0058241
   -.0236045
   -.0637712
   -.0661993
   -.0095652
    .0540337
    .0810208
    .0395733
    .0802567
    .0990333
    .1158246
    .1267714
    .0896044
    .0929056
    .1998781
    .3415955
    .3219989
    .1842787
    .0664180
    .0826875
    .0842951
    .0244758
    .0719766
    .1592866
    .2034952
    .1566182
   -.0319370
   -.1299226
   -.1584498
   -.2465144
   -.2644107
   -.2943260
   -.2963249
   -.1802806
   -.0887275
   -.0514392
   -.0578766
   -.1655334
   -.2162161
   -.1578702
   -.1269619
   -.1566537
   -.2070123
   -.0904831
    .0065995
   -.0355240
   -.0453735
   -.0524837
    .0101171
    .0952101
    .1652126
    .1794470
    .2687066
    .3036923
    .2574813
    .2301875
    .2523826
    .2083865
    .1756295
    .1512711
    .1867823
    .2995759
    .3075424
    .2273512
    .1147804
    .0341607
    .0238440
    .0717860
    .0018804
   -.0459481
   -.0624622
   -.0139085
   -.0665729
   -.1117688
   -.1887475
   -.2061109
   -.1956315
   -.1495581
   -.1076246
   -.1572352
   -.2007024
   -.1693278
    .0428400
    .0328071
   -.3152797
   -.3183997
    .0974574
    .0770684
   -.3271362
   -.3109894
    .0867964
    .3436658
    .2486366
   -.2793868
    .0419992
    .3562680
    .3462329
    .0418927
   -.0111041
    .4923670
    .5456773
    .2514642
   -.2123466
   -.2836257
    .2288947
    .3472058
   -.2120991
   -.0754202
    .1011370
   -.0151477
   -.8381083
   -.8101344
    .0317397
    .2158204
    .0518202
   -.3786769
   -.4457368
    .0466276
    .2255931
   -.2827479
   -.7844969
   -.5592550
    .0686861
    .6978530
    .4429052
   -.0427633
   -.0410486
    .1760703
   -.2209560
   -.3653070
   -.0491511
    .3210991
    .8571048
    .9312513
    .7754578
    .1865276
   -.2232410
   -.1755238
    .0823261
    .0848738
    .1753511
    .4352380
    .4978432
    .4569648
    .1305068
   -.3485752
   -.6546709
   -.5154717
   -.3908066
   -.2751203
   -.3218482
   -.3467478
   -.0714448
   -.1709855
   -.5434238
   -.4406696
   -.0564627
    .0334503
   -.0369490
   -.2298910
   -.2254666
   -.1315274
   -.0470286
   -.2597731
   -.4615023
   -.5549975
   -.3299971
   -.1676630
   -.3017135
   -.2748650
   -.2840158
    .1733715
    .1587699
   -.1667587
   -.4347175
   -.4128654
   -.1826943
    .0394928
    .3154398
    .4068124
    .4515628
    .4163078
    .2023336
   -.2524929
   -.3043807
   -.2162075
   -.0912383
    .0916259
    .0893157
    .3883593
    .6573421
    .1993796
   -.1824918
   -.5113753
   -.3849620
   -.1019429
    .1260089
    .4909832
    .6063712
    .5501370
    .0927751
   -.3014246
   -.4786882
   -.1770091
    .0624455
    .3418076
    .5732936
    .5990759
    .5300915
    .3311488
    .1404185
    .1245520
    .2830885
    .3437742
    .2644310
    .0577005
    .0770435
    .2295182
    .2988429
    .2653652
   -.0038960
    .2157413
    .4194868
    .4153372
    .2608248
    .2300111
    .1061235
   -.2276564
   -.3304950
   -.3278729
   -.1735177
   -.1412805
   -.2164429
   -.5449886
   -.4271118
   -.0089876
   -.2807491
   -.7018859
   -.4056486
    .0662712
    .0907768
   -.2040125
   -.1225165
    .1546810
    .3027540
    .2594064
    .1317313
   -.1161212
   -.0935389
    .0456650
    .3403945
    .3712254
    .1982758
    .0895281
    .2013379
    .2413123
    .0556937
   -.1681187
   -.1848981
    .0647032
    .3927198
    .2223719
   -.1140177
    .0884062
    .0469853
   -.1650170
   -.3496243
   -.4998758
   -.4614017
   -.0344425
    .1452283
    .1269620
    .0090251
   -.1292622
   -.2488324
   -.3468506
   -.2579331
   -.1211778
   -.0593523
   -.1184361
    .3134530
    .5567204
   -.0159968
   -.0073667
    .2125548
    .2811568
   -.1176822
   -.3589416
   -.0894030
    .1928229
    .1264932
   -.1870605
   -.1352389
    .1126062
    .2114422
   -.0373273
    .0808177
    .2965462
    .4366285
    .3595564
    .1979727
    .0666211
    .0848775
   -.1891020
   -.4277688
   -.3882998
    .0656917
    .1052281
   -.0510261
    .0569247
    .1934789
    .2941214
    .1693307
   -.1736803
   -.2187766
   -.0485014
    .0740447
    .0078053
   -.0265600
    .0669547
    .0800353
   -.0297018
   -.2424019
   -.3491589
   -.2928795
   -.0803759
    .3834175
    .3810453
    .2042219
    .0266728
    .1348864
    .0469292
   -.0792156
   -.1315522
   -.0076497
    .0570049
   -.0649784
   -.1418393
   -.1431703
   -.0907286
   -.1117390
   -.1773036
   -.2072901
   -.0543844
    .1553712
    .2313258
    .1212676
   -.0541976
   -.0142935
    .0038237
   -.1528339
   -.2382051
   -.2183970
   -.1386341
   -.0468311
   -.0337360
   -.0501819
   -.0227632
   -.0201627
   -.0886222
   -.2086651
   -.2932821
   -.2140970
   -.0134193
   -.0380398
    .0285125
    .0854540
    .2146482
    .1859819
   -.0080379
   -.0137851
    .1084320
    .1097863
    .0544681
    .0380358
    .1195258
    .1310637
    .0428910
   -.0581876
   -.0816981
   -.0987235
   -.1376924
   -.1257741
   -.0132620
    .1154981
    .0803040
    .0535491
    .0687807
    .1322166
    .0442374
   -.0288059
   -.1404351
   -.0402675
    .1070829
    .1360867
   -.0648542
   -.1561489
   -.0040727
    .0070614
   -.1575658
   -.1536997
   -.0614685
    .1190481
    .1476454
    .1496653
    .1089175
    .0727507
   -.0290729
   -.1510424
   -.1635659
   -.1507988
   -.1203602
   -.1436049
   -.1644820
   -.2223794
   -.2036440
   -.1611075
   -.1698137
   -.1443868
   -.1076695
   -.0172366
    .0458192
    .0449064
    .0071934
   -.0370387
   -.0227848
   -.0249215
   -.0942166
   -.1545349
   -.0507467
    .0783083
    .0481233
   -.0815925
   -.0740510
   -.1118504
   -.0660999
   -.0773313
   -.1203270
    .0036554
    .1477192
    .1879897
    .1912418
    .1556956
    .1002668
    .0634237
    .0463241
    .0401765
    .1058060
    .1152757
    .0527713
   -.1090145
   -.2055927
   -.1696640
   -.1527906
   -.1201741
   -.1041376
   -.0616618
   -.0374329
   -.0499507
   -.1161038
   -.1523129
   -.1336735
   -.0996481
   -.0701461
   -.0709118
   -.0628052
   -.0497982
   -.0332881
   -.0138887
   -.0289627
   -.0055849
    .0580496
    .0936330
    .0825104
    .0783886
    .1483916
    .2047577
    .0931997
    .0672124
    .1323929
    .0877830
    .0105696
   -.0459181
   -.0371686
    .0430453
    .1389654
    .1682658
    .0996456
   -.0265680
   -.0533070
   -.0189152
   -.0191879
   -.1017724
   -.1443258
    .0169291
    .1586293
    .1612138
    .0730726
    .0570199
    .1283287
    .1406596
    .0940643
   -.0126913
   -.0267565
   -.0437942
   -.0545628
   -.1314848
   -.2317157
   -.2077799
   -.0469537
    .0752844
    .0034784
    .0063528
    .0259556
    .1129047
    .1400519
    .0312930
    .0114701
    .0885419
    .1307545
    .1369389
    .1504093
    .0866304
    .0294880
   -.0441705
   -.0714930
   -.1062033
   -.1399543
   -.1712255
   -.1169522
   -.0256657
    .0179402
   -.0223969
   -.0241829
    .0485094
    .1355089
    .1914974
    .2003762
    .2156399
    .2601391
    .2234787
    .1924216
    .1328630
    .1020443
    .0858796
    .1090187
    .1603495
    .1775428
    .1525043
    .1090044
    .0667598
    .0299116
    .0137908
   -.0327241
   -.0581046
   -.0219193
    .0152771
    .0919773
    .0556081
    .0461638
    .0223271
   -.0596461
   -.1801350
   -.1985631
   -.1523612
   -.1696046
   -.1878904
   -.1413710
   -.0816065
   -.0760033
   -.1065486
   -.1555460
   -.1110998
   -.0252759
    .0477726
    .0380045
   -.0335354
   -.0312160
    .1110000
    .0719597
   -.0690456
   -.0861756
   -.0117292
    .1210324
    .1271895
    .0903820
   -.0140395
   -.0193755
    .0416284
    .0144701
   -.0382080
   -.0351558
    .0321429
    .0382961
   -.0023555
   -.1510380
   -.1619621
   -.0446797
    .0088479
   -.0615980
   -.0774832
    .0159309
    .1039732
    .1058194
   -.0253550
   -.0480219
    .0197315
   -.0193647
   -.0557887
   -.0502440
    .0673686
    .0878530
    .0703970
    .0130174
    .0768621
    .1085691
    .1260905
    .1301278
    .1032500
    .1619830
    .2288403
    .1298136
   -.0900419
   -.2450077
   -.1377675
   -.0771907
   -.2450290
   -.2613431
   -.2180399
    .0034080
    .0578863
   -.0043902
   -.1386740
   -.0721579
   -.0111166
    .0340324
    .0155299
    .0022650
   -.0282158
   -.0020192
   -.0513359
   -.1206879
   -.1884386
   -.1802419
   -.1172740
   -.0428000
   -.0518575
   -.1587354
   -.0008732
    .0435210
   -.0697859
   -.1116935
   -.0093606
    .0265552
   -.0718287
   -.1082986
    .0076264
    .0974856
    .0318969
   -.0969243
   -.0960530
   -.0816078
   -.1088048
   -.1446027
   -.1332330
   -.0439035
    .0189573
    .0985993
    .0917301
    .0185977
    .0487811
    .0429604
    .0524906
   -.0023751
    .0300961
    .0918879
    .1116850
    .0643165
   -.0244520
   -.1283109
   -.1493614
   -.1429150
   -.1839631
   -.2223431
   -.1611717
   -.1013413
    .0403440
    .0274659
   -.0826131
   -.0632534
   -.0117120
   -.0721366
   -.1341652
   -.0477557
    .1250956
    .1900924
    .1033920
    .0422548
    .0522220
   -.0139401
    .0024549
    .0094061
   -.0039715
   -.0146002
   -.0061331
   -.0064950
   -.0211006
   -.0313494
   -.0326840
   -.0351310
   -.0383431
   -.0268499
   -.0067743
   -.0079314
   -.0028655
    .0208230
    .0456167
    .0572733
    .0447066
    .0219650
    .0179844
    .0147535
    .0119990
    .0213710
    .0322414
    .0301639
    .0243045
    .0209823
    .0147935
    .0051320
   -.0073305
   -.0214717
   -.0374112
   -.0519425
   -.0622224
   -.0753171
   -.0952287
   -.1086469
   -.1086652
   -.1055225
   -.1034058
   -.1003089
   -.1027267
   -.1150440
   -.1235918
   -.1179436
   -.1097426
   -.1008403
   -.0895608
   -.0824793
   -.0766526
   -.0662245
   -.0591646
   -.0601674
   -.0670512
   -.0688661
   -.0617658
   -.0564816
   -.0564144
   -.0539654
   -.0447119
   -.0371876
   -.0412517
   -.0525824
   -.0519621
   -.0356310
   -.0232110
   -.0211630
   -.0151445
   -.0037185
    .0005468
    .0001912
    .0024441
    .0072277
    .0172289
    .0288074
    .0370814
    .0522385
    .0692438
    .0755524
    .0682892
    .0484615
    .0224015
   -.0041455
   -.0299177
   -.0526463
   -.0683180
   -.0751625
   -.0738777
   -.0693567
   -.0643015
   -.0514587
   -.0335833
   -.0247390
   -.0208837
   -.0019332
    .0205914
    .0287700
    .0267842
    .0371180
    .0628608
    .0842695
    .0957025
    .1047900
    .1224998
    .1331239
    .1293686
    .1301530
    .1317124
    .1261433
    .1220430
    .1254917
    .1304016
    .1284530
    .1207013
    .1127691
    .1066580
    .1008775
    .0960822
    .0932983
    .0907473
    .0873297
    .0824856
    .0754990
    .0676968
    .0602263
    .0525243
    .0450857
    .0357341
    .0222725
    .0078673
   -.0039120
   -.0171326
   -.0345920
   -.0511467
   -.0609842
   -.0685396
   -.0792622
   -.0910328
   -.1004357
   -.1088052
   -.1141530
   -.1179815
   -.1245470
   -.1270439
   -.1206606
   -.1097980
   -.0917932
   -.0620277
   -.0234350
    .0164350
    .0455736
    .0550266
    .0504640
    .0429703
    .0281100
    .0065530
   -.0108986
   -.0210786
   -.0288136
   -.0365835
   -.0408651
   -.0373169
   -.0272148
   -.0118234
    .0042480
    .0164694
    .0226491
    .0254797
    .0275132
    .0264697
    .0320980
    .0454379
    .0518433
    .0465340
    .0342277
    .0277862
    .0327060
    .0152453
   -.0192878
   -.0442119
   -.0276456
    .0132616
    .0480576
    .0560229
    .0133636
   -.0185730
    .0043709
    .0320160
    .0072220
   -.0014806
    .0240691
    .0421066
    .0212572
    .0254933
    .0585634
    .0934979
    .0781190
    .0230093
   -.0077737
   -.0011502
    .0049358
   -.0036554
   -.0348544
   -.0845900
   -.1271538
   -.1306010
   -.0910455
   -.0265405
    .0366291
    .0567758
    .0225376
   -.0325331
   -.0867034
   -.1462483
   -.1841705
   -.1853199
   -.1622343
   -.1357815
   -.1261826
   -.1271629
   -.1238976
   -.1203551
   -.1077027
   -.0577199
   -.0007153
    .0333156
    .0504664
    .0395340
    .0167201
    .0036505
    .0000644
    .0083495
    .0315308
    .0569709
    .0625893
    .0327824
   -.0192454
   -.0425603
   -.0392407
   -.0451931
   -.0130519
    .0336615
    .0464136
    .0437586
    .0402491
    .0220405
   -.0209210
   -.0635352
   -.0639005
   -.0581476
   -.0766668
   -.0596520
   -.0117339
    .0249836
    .0443248
    .0553859
    .0617708
    .0730431
    .0653858
    .0421727
    .0322326
    .0190408
   -.0098239
   -.0369387
   -.0454428
   -.0371285
   -.0279665
   -.0012494
    .0551750
    .0971206
    .0844719
    .0348625
   -.0170675
   -.0486034
   -.0572464
   -.0541543
   -.0403670
   -.0157356
    .0126629
    .0353745
    .0442551
    .0266266
   -.0190979
   -.0666166
   -.0879934
   -.0863360
   -.0861275
   -.0745515
   -.0235073
    .0341776
    .0452133
    .0003701
   -.0546992
   -.0715600
   -.0450049
    .0075654
    .0577457
    .0772083
    .0536923
    .0131738
   -.0198030
   -.0344821
   -.0083023
    .0271659
    .0205822
   -.0170649
   -.0280133
   -.0253976
   -.0557164
   -.0609134
   -.0252574
   -.0059345
   -.0181693
   -.0095609
    .0197578
    .0154192
    .0052774
   -.0017017
    .0093764
    .0395037
    .0559343
    .0497529
    .0338884
    .0142587
   -.0065356
   -.0273589
   -.0112441
    .0363407
    .0688066
    .0784689
    .0716709
    .0460392
    .0284525
    .0387765
    .0452658
    .0169418
   -.0295542
   -.0523797
   -.0277279
    .0135241
    .0262340
    .0297446
    .0290427
    .0139865
   -.0154490
   -.0198506
   -.0259529
   -.0401771
   -.0462812
   -.0295658
   -.0346157
   -.0588825
   -.0705971
   -.0432297
   -.0302317
   -.0065513
    .0086138
    .0191926
    .0311281
    .0262310
    .0065752
   -.0113157
   -.0187113
   -.0080887
    .0197362
    .0359061
    .0048925
   -.0535721
   -.0790133
   -.0623934
   -.0458716
   -.0723041
   -.1109206
   -.0816480
   -.0473753
   -.0351769
   -.0361424
   -.0446920
   -.0466981
   -.0427217
   -.0353818
   -.0161800
   -.0031734
   -.0085280
   -.0146412
   -.0052232
    .0129340
    .0342815
    .0464560
    .0069334
   -.0546697
   -.0593223
   -.0166585
   -.0060518
   -.0195810
    .0088099
    .0680804
    .0568738
    .0209396
    .0314424
    .0424467
    .0077845
   -.0193995
   -.0013995
    .0098495
   -.0112275
   -.0347950
   -.0306279
   -.0225667
   -.0136822
    .0118119
    .0481173
    .0551496
    .0488678
    .0508499
    .0302568
    .0219682
    .0299340
    .0165721
    .0147668
    .0322510
    .0255132
   -.0021870
   -.0083623
   -.0050748
   -.0123966
   -.0185353
   -.0269999
   -.0409778
   -.0413528
   -.0166778
    .0177636
    .0352779
    .0293437
    .0129774
   -.0040353
   -.0105377
   -.0166767
   -.0245402
   -.0219741
    .0050032
    .0303063
    .0246774
    .0235070
    .0375174
    .0397792
    .0178149
    .0070607
    .0214697
    .0301484
    .0184063
    .0154054
    .0297531
    .0364209
    .0276466
    .0210120
    .0262185
    .0310863
    .0164922
    .0021670
    .0148790
    .0324567
    .0355462
    .0422404
    .0494573
    .0393775
    .0226483
    .0152170
    .0152484
    .0065677
   -.0032825
   -.0007201
    .0009542
   -.0119181
   -.0150551
   -.0115575
   -.0193782
   -.0344441
   -.0435529
   -.0480704
   -.0510424
   -.0495684
   -.0410404
   -.0354372
   -.0357891
   -.0309889
   -.0231846
   -.0209720
   -.0200924
   -.0156454
   -.0066420
   -.0007731
   -.0019186
   -.0030202
    .0021169
    .0091241
    .0043582
   -.0061193
   -.0064626
    .0000036
   -.0005940
   -.0078600
   -.0096837
   -.0041097
   -.0046291
   -.0143654
   -.0158060
   -.0103085
   -.0106012
   -.0134055
   -.0103320
   -.0034580
   -.0048455
   -.0111695
   -.0115731
   -.0060047
   -.0037765
   -.0058754
   -.0055189
   -.0024632
   -.0008106
   -.0012543
   -.0023351
   -.0037277
   -.0040364
   -.0031707
   -.0018032
   -.0009003
   -.0008032
   -.0017305
   -.0028440
   -.0040856
   -.0050509
   -.0059734
   -.0062867
   -.0059469
   -.0049526
   -.0039942
   -.0032707
   -.0028673
   -.0025186
   -.0022976
   -.0020187
   -.0018222
   -.0016994
   -.0014855
   -.0014124
   -.0010028
   -.0009696
   -.0001375
   -.0010108