   -.0065220
   -.0052234
   -.0063968
   -.0060871
   -.0066244
   -.0063108
   -.0066185
   -.0063653
   -.0065794
   -.0063688
   -.0065354
   -.0063679
   -.0065285
   -.0064059
   -.0065718
   -.0064758
   -.0066138
   -.0065080
   -.0065770
   -.0064726
   -.0065198
   -.0064208
   -.0052751
   -.0063960
   -.0064659
   -.0063924
   -.0064535
   -.0063870
   -.0064392
   -.0063739
   -.0064174
   -.0063462
   -.0063865
   -.0063629
   -.0064583
   -.0064986
   -.0066438
   -.0067193
   -.0069238
   -.0071161
   -.0075191
   -.0077438
   -.0078124
   -.0077679
   -.0077253
   -.0076012
   -.0074063
   -.0073283
   -.0072892
   -.0071342
   -.0071674
   -.0072477
   -.0074244
   -.0075956
   -.0078465
   -.0078799
   -.0079590
   -.0083982
   -.0098078
   -.0115931
   -.0128245
   -.0134621
   -.0135944
   -.0139653
   -.0139629
   -.0138641
   -.0140229
   -.0130055
   -.0116519
   -.0106413
   -.0078343
   -.0050463
   -.0047043
   -.0020018
    .0020451
    .0031819
    .0022644
    .0032067
    .0047127
    .0046113
    .0035079
    .0036588
    .0037252
    .0027249
    .0034016
   -.0013789
   -.0175229
   -.0239813
   -.0221228
   -.0259564
   -.0311142
   -.0320401
   -.0310837
   -.0221751
   -.0037436
   -.0029860
   -.0044636
    .0040407
    .0102987
    .0088982
    .0080133
    .0065174
    .0035679
   -.0003012
   -.0050415
   -.0102591
   -.0160150
   -.0217863
   -.0273558
   -.0326108
   -.0368618
   -.0400785
   -.0417324
   -.0412408
   -.0380750
   -.0321296
   -.0234100
   -.0142861
   -.0024651
    .0073446
    .0119711
    .0134509
    .0124095
    .0124321
    .0103179
    .0064483
    .0057967
    .0043013
   -.0007318
    .0000294
    .0024723
    .0028388
    .0053377
    .0076182
    .0033360
   -.0036933
   -.0124676
   -.0167581
   -.0182923
   -.0205352
   -.0177171
   -.0138399
   -.0070609
   -.0030790
   -.0047726
   -.0013047
    .0033154
    .0032927
    .0057522
    .0083108
    .0083885
    .0105304
    .0192183
    .0183000
    .0097893
    .0095009
    .0060339
   -.0010832
   -.0042570
   -.0126484
   -.0302687
   -.0395376
   -.0441916
   -.0485562
   -.0495502
   -.0474868
   -.0435090
   -.0378657
   -.0307244
   -.0225119
   -.0138200
   -.0052697
    .0029555
    .0099939
    .0155970
    .0200685
    .0234801
    .0228321
    .0131158
    .0127084
    .0145112
    .0100530
    .0108404
    .0110003
    .0037842
   -.0079098
   -.0229130
   -.0309868
   -.0358705
   -.0394471
   -.0384962
   -.0335363
   -.0237656
   -.0124179
   -.0042584
    .0021837
    .0057602
    .0087076
    .0113251
    .0135475
    .0172154
    .0192234
    .0171030
    .0162749
    .0292252
    .0228191
   -.0247412
   -.0375874
   -.0276987
   -.0354106
   -.0480963
   -.0504145
   -.0515260
   -.0481156
   -.0381162
   -.0227680
   -.0033444
    .0016055
   -.0014173
    .0067453
    .0095946
    .0085450
    .0121288
    .0128596
    .0133311
    .0129586
    .0094440
    .0041884
   -.0030015
   -.0094303
   -.0165443
   -.0232379
   -.0255123
   -.0275234
   -.0284687
   -.0268533
   -.0224982
   -.0155934
   -.0040303
    .0032395
    .0057283
    .0127628
    .0224633
    .0250895
    .0236496
    .0256057
    .0266624
    .0260428
    .0254973
    .0256235
    .0267602
    .0278212
    .0298929
    .0304231
    .0272114
    .0222743
    .0154423
    .0077691
   -.0012702
   -.0118691
   -.0220012
   -.0307886
   -.0379531
   -.0434287
   -.0466485
   -.0475013
   -.0452973
   -.0441301
   -.0428932
   -.0406462
   -.0407989
   -.0398360
   -.0383977
   -.0374893
   -.0375251
   -.0379715
   -.0384331
   -.0339147
   -.0261427
   -.0197315
   -.0072439
    .0009761
    .0056244
    .0126282
    .0123508
    .0128677
    .0150829
    .0127804
    .0090611
    .0065732
    .0025280
   -.0004077
    .0002947
   -.0013080
   -.0008730
   -.0018991
   -.0049709
   -.0080356
   -.0143273
   -.0209812
   -.0264399
   -.0305065
   -.0336815
   -.0336587
   -.0281401
   -.0219629
   -.0080056
    .0041527
    .0176226
    .0289750
    .0335788
    .0389495
    .0362524
    .0338262
    .0281808
    .0219293
    .0165660
    .0108908
    .0078931
    .0061069
    .0058929
    .0056305
    .0069826
    .0080323
    .0050072
    .0116723
    .0299552
    .0354137
    .0317900
    .0376574
    .0420800
    .0402491
    .0313377
    .0180946
    .0018445
   -.0057434
   -.0132196
   -.0223529
   -.0210936
   -.0192604
   -.0200665
   -.0191037
   -.0181232
   -.0184624
   -.0200915
   -.0221115
   -.0244300
   -.0213645
   -.0168067
   -.0121951
   -.0006666
    .0089558
    .0201956
    .0294450
    .0332000
    .0369734
    .0341859
    .0299656
    .0244519
    .0162719
    .0079589
   -.0002268
   -.0077888
   -.0137737
   -.0173786
   -.0198510
   -.0198472
   -.0194601
   -.0205166
   -.0210633
   -.0212096
   -.0214597
   -.0222676
   -.0203753
    .0063915
    .0131936
    .0055503
    .0092052
    .0104716
    .0048981
    .0022605
    .0011889
    .0015430
    .0033793
    .0073028
    .0109105
    .0148962
    .0178212
    .0216011
    .0115114
   -.0188712
   -.0207303
   -.0153795
   -.0227823
   -.0172673
   -.0165147
   -.0251663
   -.0331847
   -.0410496
   -.0467371
   -.0539028
   -.0544978
   -.0457262
   -.0372637
   -.0174382
    .0000824
    .0186677
    .0354825
    .0407294
    .0519606
    .0576191
    .0590511
    .0635171
    .0683899
    .0727497
    .0678463
    .0586542
    .0478562
    .0248158
    .0064304
   -.0144705
   -.0323800
   -.0392303
   -.0487380
   -.0474034
   -.0458941
   -.0481162
   -.0400384
   -.0304904
   -.0194898
    .0049948
    .0183767
    .0271362
    .0365827
    .0313398
    .0286460
    .0237945
    .0141972
    .0045606
   -.0047335
   -.0127146
   -.0183006
   -.0235702
   -.0248588
   -.0164348
   -.0104679
   -.0169799
   -.0244382
   -.0320708
   -.0340084
   -.0360516
   -.0369583
   -.0343122
   -.0289630
   -.0211104
   -.0130805
   -.0022112
    .0067575
    .0094314
    .0142635
    .0205683
    .0214024
    .0160853
    .0121800
    .0066154
   -.0026719
   -.0194972
   -.0289447
   -.0332750
   -.0414116
   -.0506028
   -.0537172
   -.0530203
   -.0549214
   -.0551662
   -.0538850
   -.0535282
   -.0536210
   -.0534004
   -.0526089
   -.0526245
   -.0521445
   -.0502898
   -.0500647
   -.0553245
   -.0563357
   -.0552538
   -.0563675
   -.0593799
   -.0621946
   -.0654921
   -.0693398
   -.0735429
   -.0779521
   -.0825957
   -.0871723
   -.0915273
   -.0951013
   -.0982221
   -.1012332
   -.1028821
   -.1037360
   -.1035562
   -.1038289
   -.1040142
   -.1045389
   -.1069055
   -.1090848
   -.1118667
   -.1126542
   -.1114367
   -.1142334
   -.1228888
   -.1217563
   -.1192032
   -.1198923
   -.1171828
   -.1139430
   -.1114130
   -.1090981
   -.1068288
   -.1043223
   -.1020192
   -.1004409
   -.1013789
   -.1034433
   -.1069242
   -.1074352
   -.1079946
   -.1104533
   -.1103183
   -.1101028
   -.1125282
   -.1148602
   -.1164839
   -.1172415
   -.1173043
   -.1164530
   -.1144219
   -.1117967
   -.1084072
   -.1046932
   -.1007343
   -.0968623
   -.0930396
   -.0891347
   -.0862573
   -.0846201
   -.0877323
   -.0937867
   -.1036794
   -.1149346
   -.1302096
   -.1445683
   -.1591227
   -.1727745
   -.1821872
   -.1895009
   -.1925831
   -.1973103
   -.2349709
   -.2413197
   -.2591308
   -.2541870
   -.2243698
   -.2061753
   -.1732973
   -.1153614
   -.0827997
   -.0645822
   -.1004731
   -.1406682
   -.1388900
   -.1204054
   -.0721334
   -.0263458
   -.0016724
    .0354048
    .0766373
    .1189274
    .2046627
    .2543936
    .2389047
    .2309274
    .1636661
    .1684052
    .1437616
    .1374151
    .1450851
    .1562393
    .1756053
    .1894042
    .2088190
    .2203016
    .2532709
    .2622752
    .2905018
    .3058215
    .3317503
    .3379044
    .3492231
    .3501246
    .3475457
    .3468857
    .3270027
    .3229843
    .3289358
    .3376587
    .3474348
    .3563171
    .3949140
    .3998074
    .4118788
    .4063994
    .3994117
    .3868159
    .3618377
    .3446378
    .3132962
    .2889575
    .2540573
    .2286206
    .2078733
    .1953920
    .1833198
    .1720494
    .1593897
    .1465925
    .1351744
    .1243971
    .1164324
    .1101912
    .1045374
    .1047312
    .1030225
    .1049396
    .1111737
    .1169439
    .1217466
    .1312111
    .1398232
    .1652400
    .1756930
    .1893151
    .1935749
    .2039823
    .2068769
    .2066313
    .2105609
    .2102933
    .2095686
    .2039536
    .1952980
    .1903874
    .1670891
    .1312473
    .1099857
    .0808081
    .0560101
    .0283950
   -.0029060
   -.0439357
   -.0735609
   -.1036386
   -.1315348
   -.1564977
   -.1830927
   -.2032988
   -.2195148
   -.2274815
   -.2451933
   -.2531889
   -.2589907
   -.2706529
   -.2748421
   -.2667108
   -.2601606
   -.2632939
   -.2659928
   -.2715267
   -.2754118
   -.2669071
   -.2497450
   -.2502413
   -.2499718
   -.2543323
   -.2547966
   -.2657606
   -.2929675
   -.3219930
   -.3323376
   -.3486480
   -.3437200
   -.3620698
   -.3751751
   -.3757382
   -.3837068
   -.3753963
   -.3662164
   -.3464462
   -.3276708
   -.2615894
   -.1934009
   -.1479246
   -.0938257
   -.0331777
    .0273124
    .0847426
    .1240410
    .1714905
    .2244388
    .2718718
    .3298333
    .3998303
    .4414171
    .4403853
    .4238815
    .4148183
    .3956952
    .3695822
    .3510636
    .2869779
    .2498415
    .2182735
    .2090324
    .2339604
    .2102987
    .1946693
    .1776729
    .1670670
    .1229071
    .0323082
    .0096289
   -.0160248
   -.0357085
   -.0318181
   -.0412359
   -.0437066
   -.0218388
   -.0151885
    .0126113
    .0285074
    .0350116
    .0515550
    .0578461
    .0582177
    .0460422
    .0487300
    .0460859
    .0458407
    .0423177
    .0434372
    .0419585
    .0459153
    .0461634
    .0509267
    .0543636
    .0449022
    .0458300
    .0487960
    .0513132
    .0477478
    .0522249
    .0548334
    .0549734
    .0536413
    .0588778
    .0636348
    .0686896
    .0748388
    .0837706
    .0949746
    .0980057
    .1062717
    .1117337
    .1133319
    .1157256
    .1000518
    .1001478
    .0892102
    .0689996
    .0603487
    .0497705
    .0402575
    .0316909
    .0296743
    .0114729
    .0237872
    .0031489
   -.0100521
   -.0237632
   -.0422684
   -.0702259
   -.0885820
   -.1033620
   -.1235324
   -.1461080
   -.1650273
   -.1829679
   -.1964335
   -.2034422
   -.2078007
   -.1909080
   -.1947859
   -.1966342
   -.1986872
   -.1974231
   -.1940953
   -.1944086
   -.1887238
   -.1885343
   -.1832211
   -.1833683
   -.1802568
   -.1842044
   -.1798280
   -.1749058
   -.1688275
   -.1463028
   -.1393085
   -.1325821
   -.1280311
   -.1307995
   -.1279406
   -.1266447
   -.1201213
   -.1256373
   -.1256455
   -.1291957
   -.1289958
   -.1277747
   -.1223654
   -.1200235
   -.1193341
   -.1130865
   -.1023977
   -.0909876
   -.0662465
   -.0471436
   -.0318938
   -.0230806
   -.0149075
    .0070160
    .0176881
    .0287345
    .0419410
    .0471861
    .0518319
    .0537865
    .0591755
    .0577157
    .0549186
    .0470156
    .0457197
    .0273690
    .0240085
    .0160899
   -.0012907
   -.0223797
   -.0315301
   -.0371554
   -.0494678
   -.0551229
   -.0891609
   -.0965551
   -.1013985
   -.1022449
   -.1066679
   -.1095972
   -.1096746
   -.1088251
   -.1062293
   -.1009619
   -.0876546
   -.0663771
   -.0594226
   -.0373988
   -.0236895
   -.0164292
   -.0113067
   -.0053364
   -.0077654
   -.0084307
   -.0069655
   -.0119623
   -.0134444
   -.0177120
   -.0258225
   -.0275500
   -.0339045
   -.0411692
   -.0530711
   -.0651627
   -.0762664
   -.0813951
   -.0954005
   -.1014306
   -.1133179
   -.1238459
   -.1276069
   -.1206833
   -.1199921
   -.1289801
   -.1392626
   -.1263015
   -.1220283
   -.1213653
   -.1328186
   -.1266870
   -.1378292
   -.1344696
   -.1343034
   -.1058683
   -.1006038
   -.1007943
   -.0914492
   -.0714370
   -.0678252
   -.0723466
   -.0684349
   -.0716056
   -.0745234
   -.0865536
   -.0971020
   -.1233798
   -.1396792
   -.1453138
   -.1599069
   -.1813359
   -.1991224
   -.2123407
   -.2256224
   -.2371640
   -.2497470
   -.2544866
   -.2634083
   -.2685270
   -.2681461
   -.2592045
   -.2523955
   -.2463618
   -.2390425
   -.2186999
   -.2054412
   -.2027483
   -.1981321
   -.1956188
   -.1870915
   -.1840395
   -.1737621
   -.1621766
   -.1583113
   -.1534964
   -.1456769
   -.1445338
   -.1459953
   -.1679804
   -.1673181
   -.1702284
   -.1753159
   -.1890389
   -.2123840
   -.2118872
   -.2196374
   -.2307870
   -.2364296
   -.2380399
   -.2385930
   -.2335885
   -.2186448
   -.2018394
   -.1983612
   -.1478139
   -.1368830
   -.1253398
   -.1138161
   -.0948552
   -.0690809
   -.0201177
    .0170601
    .0361444
    .0757424
    .1090577
    .1278826
    .1374460
    .1134419
    .1427755
    .1625207
    .2343841
    .2458969
    .2573975
    .2564108
    .2275943
    .2029321
    .1713846
    .1081898
    .0976920
    .0856632
    .0394035
    .0364706
    .0222659
    .0357187
    .0478674
    .0582527
    .0688060
    .0774096
    .1041903
    .1470848
    .1839282
    .2223017
    .2622934
    .2698573
    .2930053
    .3017658
    .3061523
    .2960222
    .2951537
    .2624936
    .2404520
    .2665112
    .2822057
    .3139132
    .3124021
    .3115434
    .3509259
    .3427801
    .3327408
    .2668329
    .2506836
    .2181823
    .1762780
    .1435859
    .1237345
    .1018795
    .0883136
    .0698487
    .0392250
    .0189639
    .0128851
    .0113312
    .0116325
    .0142208
    .0184984
    .0657074
    .0907035
    .1068260
    .1827675
    .2009583
    .2195801
    .2242457
    .2218037
    .1905636
    .1699169
    .1590738
    .1409505
    .1329600
    .1243024
    .1102659
    .1013716
    .0914488
    .0643243
    .0621547
    .0570010
    .0440892
    .0137719
   -.0030533
   -.0140945
   -.0270150
   -.0446748
   -.0523641
   -.0583252
   -.0617258
   -.0549018
   -.0725840
   -.0518842
   -.0532380
   -.0537340
   -.0732329
   -.0951193
   -.0718464
   -.0767954
   -.1002029
   -.0979008
   -.0874215
   -.0786960
   -.0780473
   -.0728819
   -.0672399
   -.0623257
   -.0587084
   -.0459603
   -.0381292
   -.0282593
   -.0191416
   -.0124543
   -.0075694
   -.0049327
    .0025405
    .0098322
    .0178740
    .0297915
    .0456428
    .0538086
    .0581675
    .0632843
    .0684008
    .0706730
    .0732447
    .0668825
    .0625717
    .0658117
    .0800417
    .0819373
    .0824756
    .0793499
    .0774902
    .0738214
    .0660628
    .0588723
    .0560723
    .0480241
    .0325943
    .0431454
    .0333693
    .0143385
    .0181501
    .0214318
    .0259241
    .0323233
    .0375086
    .0373002
    .0332462
    .0348253
    .0353803
    .0356552
    .0403446
    .0445565
    .0471435
    .0456035
    .0472440
    .0470876
    .0387946
    .0307326
    .0139560
    .0084953
    .0000536
   -.0148562
   -.0178668
   -.0250890
   -.0230318
   -.0233304
   -.0022350
    .0010078
    .0071700
    .0017114
   -.0084273
   -.0285055
   -.0388167
   -.0456341
   -.0637948
   -.0776280
   -.0855306
   -.0780689
   -.0883160
   -.0971606
   -.0790097
   -.0704964
   -.0602685
   -.0525940
   -.0434754
   -.0227251
   -.0124153
   -.0023240
    .0089937
    .0168359
    .0252555
    .0351574
    .0450920
    .0505785
    .0560479
    .0580633
    .0548691
    .0508417
    .0512827
    .0458271
    .0380746
    .0306871
    .0226650
    .0192897
    .0077410
    .0005124
   -.0003655
    .0055443
   -.0066909
   -.0059566
   -.0047225
   -.0009882
    .0029447
    .0008319
    .0017319
    .0014159
    .0063394
    .0112697
    .0126966
    .0144184
    .0167235
    .0201968
    .0250819
    .0239154
    .0191359
    .0173342
    .0122648
    .0050183
    .0014703
   -.0012102
   -.0026161
   -.0056724
   -.0183508
   -.0241125
   -.0329120
   -.0361821
   -.0408252
   -.0425076
   -.0424738
   -.0368965
   -.0326214
   -.0210251
   -.0132863
   -.0102417
   -.0080366
   -.0046850
    .0047303
    .0047400
    .0016334
    .0026325
    .0029575
   -.0003147
    .0001682
   -.0005550
   -.0029225
   -.0043932
   -.0017931
   -.0034816
   -.0046842
   -.0034610
   -.0050364
   -.0098376
   -.0044884
   -.0060069
   -.0157875
   -.0103148
   -.0037554
   -.0180868
   -.0173158
   -.0035694
    .0015972
    .0044636
    .0086796
    .0189231
    .0295697
    .0362459
    .0467940
    .0542293
    .0566326
    .0620183
    .0702025
    .0868806
    .0934820
    .0984377
    .0998291
    .1001897
    .1002132
    .1013480
    .1034946
    .1072834
    .1053131
    .1029972
    .1013475
    .0935719
    .0965395
    .0858631
    .0846721
    .0822308
    .0759652
    .0713099
    .0651749
    .0540882
    .0392261
    .0209676
    .0148320
    .0117555
    .0194940
    .0197711
    .0299851
    .0350005
    .0377950
    .0342972
    .0269251
    .0189197
    .0127187
    .0070168
   -.0003378
   -.0086558
   -.0161504
   -.0244402
   -.0326874
   -.0403782
   -.0458430
   -.0532583
   -.0597465
   -.0639855
   -.0642282
   -.0677764
   -.0673373
   -.0649920
   -.0610527
   -.0557119
   -.0469891
   -.0374627
   -.0350387
   -.0319044
   -.0298963
   -.0249533
   -.0145920
   -.0087153
   -.0083535
   -.0003710
    .0093525
    .0178741
    .0293323
    .0466445
    .0589473
    .0687793
    .0757075
    .0802084
    .0854749
    .0923013
    .0936180
    .0867983
    .0869527
    .0856763
    .0682589
    .0469025
    .0259808
    .0172268
    .0093596
    .0038100
   -.0080294
   -.0085328
   -.0100771
   -.0143610
   -.0184481
   -.0168304
   -.0234402
   -.0290838
   -.0329329
   -.0329237
   -.0325054
   -.0307007
   -.0274921
   -.0331251
   -.0231355
   -.0188084
   -.0103097
   -.0076883
    .0020804
    .0062424
    .0144303
    .0271779
    .0344047
    .0363092
    .0426809
    .0517229
    .0629667
    .0574847
    .0766941
    .0577325
    .0487633
    .0583198
    .0702487
    .0519231
    .0530886
    .0687862
    .1190340
    .0884599
    .1092007
    .1286208
    .1386076
    .1587978
    .1468658
    .1616579
    .1773956
    .1800581
    .1772454
    .1736950
    .1731235
    .1707601
    .1703641
    .1606155
    .1618875
    .1607658
    .1595780
    .1371655
    .1307005
    .1302423
    .1288061
    .1307152
    .1181447
    .1008361
    .0893094
    .0697663
    .0529322
    .0364952
    .0160202
   -.0109623
   -.0323803
   -.0325684
   -.0411322
   -.0603855
   -.0976598
   -.0939883
   -.0894168
   -.0968572
   -.1084056
   -.1129261
   -.1156886
   -.1041835
   -.0967577
   -.0900432
   -.0854106
   -.0789870
   -.0668218
   -.0592371
   -.0532689
   -.0504449
   -.0449638
   -.0416317
   -.0403565
   -.0408281
   -.0419341
   -.0411411
   -.0433913
   -.0505757
   -.0540536
   -.0567981
   -.0632958
   -.0632649
   -.0613592
   -.0646767
   -.0687624
   -.0704360
   -.0720534
   -.0817697
   -.0936730
   -.1024419
   -.1032869
   -.1068322
   -.1038830
   -.1038884
   -.0896705
   -.0876214
   -.0863147
   -.0779291
   -.0737122
   -.0770684
   -.0812817
   -.0796521
   -.0754383
   -.0703300
   -.0653079
   -.0607513
   -.0564661
   -.0571956
   -.0529149
   -.0461356
   -.0398833
   -.0344413
   -.0310714
   -.0301782
   -.0362207
   -.0291782
   -.0242497
   -.0357110
   -.0274003
   -.0311897
   -.0262432
   -.0261321
   -.0224572
   -.0171140
   -.0149292
   -.0155422
   -.0170915
   -.0123749
   -.0089934
   -.0071149
   -.0062356
   -.0091903
   -.0101129
   -.0110206
   -.0023778
   -.0108544
   -.0219015
   -.0275918
   -.0319404
   -.0385091
   -.0450930
   -.0486576
   -.0533264
   -.0659065
   -.0730689
   -.0652957
   -.0602076
   -.0649381
   -.0633218
   -.0597686
   -.0537679
   -.0475928
   -.0500846
   -.0475723
   -.0415650
   -.0423073
   -.0437924
   -.0443409
   -.0427383
   -.0411723
   -.0405347
   -.0405197
   -.0421588
   -.0436401
   -.0445063
   -.0453179
   -.0465865
   -.0472391
   -.0487299
   -.0503929
   -.0467756
   -.0426257
   -.0397871
   -.0382846
   -.0347714
   -.0295928
   -.0252271
   -.0201202
   -.0153843
   -.0098741
   -.0059517
   -.0037415
   -.0054145
   -.0073345
   -.0121388
   -.0157702
   -.0174499
   -.0066947
    .0111630
    .0104588
    .0092776
    .0054886
   -.0002206
   -.0023463
   -.0038136
   -.0202763
   -.0335491
   -.0429582
   -.0527165
   -.0661259
   -.0668894
   -.0616971
   -.0503712
   -.0504571
   -.0452630
   -.0352934
   -.0294440
   -.0295740
   -.0291599
   -.0236952
   -.0256082
   -.0197022
   -.0113977
   -.0048591
   -.0002279
    .0050245
    .0101775
    .0107445
    .0081517
    .0060346
    .0052660
   -.0096207
   -.0234003
   -.0319632
   -.0412709
   -.0488403
   -.0611382
   -.0681675
   -.0729733
   -.0678604
   -.0654979
   -.0641048
   -.0612630
   -.0590590
   -.0525355
   -.0478391
   -.0405366
   -.0382420
   -.0317065
   -.0188340
   -.0072266
    .0019962
    .0169207
    .0249340
    .0324103
    .0391241
    .0424075
    .0434431
    .0404540
    .0376186
    .0326050
    .0273706
    .0222126
    .0152417
    .0045857
    .0049080
    .0035434
   -.0007147
   -.0017204
   -.0130513
   -.0175134
   -.0244106
   -.0266457
   -.0276639
   -.0275382
   -.0297156
   -.0298372
   -.0260539
   -.0220601
   -.0223823
   -.0204996
   -.0182307
   -.0184084
   -.0112351
   -.0079060
   -.0059569
   -.0032089
   -.0027150
   -.0033742
   -.0022228
   -.0026883
   -.0039615
   -.0070803
   -.0077803
   -.0085162
   -.0128375
   -.0161487
   -.0185309
   -.0219830
   -.0295203
   -.0322808
   -.0347304
   -.0393558
   -.0421601
   -.0433410
   -.0461838
   -.0529915
   -.0557454
   -.0567602
   -.0547243
   -.0519341
   -.0502957
   -.0505712
   -.0495864
   -.0468448
   -.0486033
   -.0481553
   -.0492702
   -.0527485
   -.0498776
   -.0525659
   -.0499610
   -.0422439
   -.0489448
   -.0488513
   -.0355927
   -.0342989
   -.0335976
   -.0373378
   -.0218598
   -.0404365
   -.0525541
   -.0504853
   -.0353086
   -.0520756
   -.0576304
   -.0395556
   -.0373919
   -.0318671
   -.0298485
   -.0451972
   -.0496635
   -.0353537
   -.0556712
   -.0616733
   -.0539186
   -.0720124
   -.0759294
   -.0661759
   -.0659183
   -.0683077
   -.0818367
   -.0703080
   -.0698540
   -.0709263
   -.0796794
   -.0784170
   -.0762421
   -.0767001
   -.0825092
   -.0810949
   -.0795776
   -.0857897
   -.0862192
   -.0852995
   -.0835426
   -.0828288
   -.0821143
   -.0810647
   -.0805636
   -.0791433
   -.0773403
   -.0739046
   -.0712918
   -.0692620
   -.0667356
   -.0643142
   -.0612718
   -.0577989
   -.0540266
   -.0473216
   -.0410048
   -.0377289
   -.0317020
   -.0252358
   -.0214054
   -.0221043
   -.0198958
   -.0241135
   -.0215282
   -.0166205
   -.0103848
   -.0039550
    .0031040
    .0118770
    .0231310
    .0296575
    .0340715
    .0318406
    .0306977
    .0290450
    .0262738
    .0174443
    .0033978
   -.0140772
   -.0314954
   -.0350356
   -.0407394
   -.0446082
   -.0399365
   -.0415532
   -.0347706
   -.0246670
   -.0232533
   -.0313195
   -.0306869
   -.0262377
   -.0227688
   -.0317672
   -.0260865
   -.0250594
   -.0157308
   -.0203273
   -.0126329
   -.0044230
   -.0012984
    .0043604
    .0092045
    .0150057
    .0165564
    .0134931
    .0136561
    .0125657
    .0135864
    .0112053
    .0129007
    .0040462
    .0021292
    .0027435
    .0059177
   -.0035563
   -.0009824
   -.0017732
   -.0008654
   -.0027094
   -.0032458
   -.0021819
    .0020969
    .0134081
    .0205257
    .0298144
    .0375524
    .0521656
    .0614910
    .0711916
    .0769020
    .0881835
    .0922524
    .0987937
    .1071794
    .1117526
    .1143894
    .1126578
    .1163453
    .1226907
    .1114197
    .1043256
    .1046363
    .1004485
    .0958635
    .0787546
    .0718481
    .0621774
    .0574781
    .0519168
    .0487831
    .0561459
    .0630232
    .0801123
    .0913904
    .0872828
    .0862250
    .0721070
    .0792901
    .0576146
    .0690367
    .0712361
    .0876399
    .0861075
    .0901171
    .0893737
    .1060666
    .1127530
    .1019757
    .0944854
    .0874650
    .0749210
    .0598816
    .0434915
    .0303072
    .0215571
    .0030962
   -.0223796
   -.0299580
   -.0356716
   -.0382335
   -.0299641
   -.0289337
   -.0295860
   -.0276357
   -.0255672
   -.0213604
   -.0191632
   -.0163116
   -.0110150
   -.0045770
   -.0025676
    .0017416
    .0042062
    .0144688
    .0216353
    .0245545
    .0275543
    .0326488
    .0352362
    .0376495
    .0392863
    .0421762
    .0440409
    .0470747
    .0484789
    .0464100
    .0403353
    .0406696
    .0390227
    .0382049
    .0376014
    .0378842
    .0382453
    .0386830
    .0381575
    .0377688
    .0354423
    .0373031
    .0397066
    .0441684
    .0457986
    .0531721
    .0615647
    .0610957
    .0613401
    .0615128
    .0611036
    .0589693
    .0549383
    .0521303
    .0487556
    .0446049
    .0416239
    .0368596
    .0317248
    .0270104
    .0226844
    .0189803
    .0162564
    .0105661
   -.0003058
   -.0078064
   -.0159327
   -.0225442
   -.0279321
   -.0330116
   -.0361670
   -.0382844
   -.0420145
   -.0461267
   -.0515640
   -.0602023
   -.0612522
   -.0621581
   -.0641058
   -.0691424
   -.0707422
   -.0748898
   -.0689844
   -.0684098
   -.0724250
   -.0738272
   -.0686350
   -.0685738
   -.0688601
   -.0673464
   -.0648132
   -.0636650
   -.0607926
   -.0607979
   -.0610468
   -.0620944
   -.0655127
   -.0649223
   -.0643832
   -.0676952
   -.0726837
   -.0740807
   -.0753348
   -.0771167
   -.0770197
   -.0864042
   -.0842690
   -.0851220
   -.0821183
   -.0805901
   -.0770906
   -.0700452
   -.0622370
   -.0535577
   -.0484568
   -.0437227
   -.0432925
   -.0430516
   -.0445780
   -.0431696
   -.0427205
   -.0452729
   -.0504687
   -.0595058
   -.0653675
   -.0721953
   -.0776023
   -.0810726
   -.0833563
   -.0855852
   -.0816181
   -.0710251
   -.0722566
   -.0790963
   -.1026085
   -.1065836
   -.1155712
   -.1190342
   -.1200836
   -.1186380
   -.1166214
   -.1128963
   -.1118691
   -.1075454
   -.0877846
   -.0782248
   -.0657139
   -.0655096
   -.0661453
   -.0796558
   -.0860041
   -.0886034
   -.0914100
   -.0926292
   -.0937404
   -.0960340
   -.0987865
   -.0987510
   -.0956217
   -.0950699
   -.0958287
   -.0930374
   -.0887271
   -.0858527
   -.0779122
   -.0837542
   -.0912553
   -.0887518
   -.0848813
   -.0793823
   -.0742409
   -.0771601
   -.0659275
   -.0559499
   -.0446097
   -.0432500
   -.0369118
   -.0250811
   -.0193087
   -.0171207
   -.0130239
   -.0112285
   -.0104192
   -.0067916
   -.0049107
   -.0026063
   -.0009523
   -.0004308
   -.0018431
   -.0061524
   -.0094754
   -.0117130
   -.0158245
   -.0188084
   -.0207624
   -.0265529
   -.0329151
   -.0341795
   -.0358659
   -.0424616
   -.0442457
   -.0379378
   -.0352244
   -.0341383
   -.0302031
   -.0279385
   -.0252762
   -.0238676
   -.0229798
   -.0216383
   -.0210259
   -.0217982
   -.0221635
   -.0216530
   -.0214608
   -.0214186
   -.0214194
   -.0210096
   -.0203174
   -.0185681
   -.0167266
   -.0148299
   -.0126513
   -.0119214
   -.0074337
    .0001364
    .0042715
    .0079877
    .0122168
    .0103390
    .0105964
    .0118946
    .0120651
    .0128137
    .0126144
    .0125524
    .0107289
    .0067195
    .0037523
   -.0004844
   -.0051969
   -.0061126
   -.0069995
   -.0067268
   -.0067531
   -.0068539
   -.0062233
   -.0057673
   -.0051212
   -.0044685
   -.0039772
   -.0035811
   -.0032919
   -.0031410
   -.0031470
   -.0033394
   -.0038290
   -.0044841
   -.0053897
   -.0070102
   -.0086252
   -.0107908
   -.0127854
   -.0146945
   -.0163925
   -.0170992
   -.0177178
   -.0174797
   -.0171889
   -.0166168
   -.0154164
   -.0149047
   -.0137689
   -.0127715
   -.0114481
   -.0098254
   -.0064153
   -.0022363
    .0028513
    .0086964
    .0142242
    .0197916
    .0227451
    .0226791
    .0242411
    .0264176
    .0259392
    .0266759
    .0258733
    .0218120
    .0196180
    .0171967
    .0134827
    .0123633
    .0111906
    .0104924
    .0084146
    .0055533
    .0046240
    .0039971
    .0030868
    .0029225
    .0049539
    .0092710
    .0109435
    .0116992
    .0131355
    .0089534
    .0070264
    .0042075
   -.0001895
   -.0022183
   -.0052986
   -.0072718
   -.0089295
   -.0107248
   -.0130210
   -.0161184
   -.0179505
   -.0183543
   -.0205874
   -.0214237
   -.0222112
   -.0246094
   -.0271525
   -.0298891
   -.0326232
   -.0348215
   -.0369972
   -.0382627
   -.0387568
   -.0383019
   -.0373168
   -.0350923
   -.0321444
   -.0277524
   -.0247478
   -.0237838
   -.0202899
   -.0155067
   -.0109616
   -.0037446
    .0026583
    .0075199
    .0123314
    .0129486
    .0147491
    .0155299
    .0144430
    .0148396
    .0146379
    .0147354
    .0148534
    .0146687
    .0143869
    .0139417
    .0134741
    .0128371
    .0122184
    .0112138
    .0101637
    .0089637
    .0076911
    .0064691
    .0052234
    .0041187
    .0030629
    .0022088
    .0013924
    .0008773
    .0003741
    .0002162
   -.0000840
   -.0008319
   -.0014279
   -.0026257
   -.0034244
   -.0039389
   -.0039123
   -.0032527
   -.0024331
   -.0000079
    .0029532
    .0070615
    .0111758
    .0153646
    .0183583
    .0205337
    .0219362
    .0222986
    .0234920
    .0244350
    .0252962
    .0274928
    .0294794
    .0312909
    .0311025
    .0295440
    .0273457
    .0240152
    .0205419
    .0161239
    .0112506
    .0091628
    .0043712
   -.0013144
   -.0058097
   -.0141675
   -.0191522
   -.0229018
   -.0275368
   -.0261994
   -.0267600
   -.0263743
   -.0245080
   -.0245913
   -.0239820
   -.0231261
   -.0220319
   -.0202516
   -.0185945
   -.0164378
   -.0142436
   -.0119721
   -.0095642
   -.0073576
   -.0050668
   -.0031318
   -.0009104
    .0010670
    .0037496
    .0064815
    .0096785
    .0138158
    .0180498
    .0225222
    .0268788
    .0303184
    .0336188
    .0353639
    .0368206
    .0375612
    .0389223
    .0399045
    .0408520
    .0428339
    .0443995
    .0461380
    .0478883
    .0484672
    .0488269
    .0480284
    .0475485
    .0469859
    .0464674
    .0467668
    .0466689
    .0469881
    .0474288
    .0477577
    .0481833
    .0484369
    .0486337
    .0485735
    .0483418
    .0477554
    .0469241
    .0457373
    .0441785
    .0422686
    .0400299
    .0371604
    .0341602
    .0306461
    .0271714
    .0236032
    .0201216
    .0172727
    .0141566
    .0112029
    .0055661
   -.0035028
   -.0090237
   -.0160635
   -.0249503
   -.0271359
   -.0282274
   -.0280182
   -.0308768
   -.0353072
   -.0359785
   -.0366651
   -.0381551
   -.0373726
   -.0360635
   -.0340535
   -.0328400
   -.0316895
   -.0303950
   -.0292506
   -.0280569
   -.0267957
   -.0254807
   -.0240544
   -.0226543
   -.0212884
   -.0190886
   -.0160375
   -.0126822
   -.0087961
   -.0048861
   -.0010664
    .0024631
    .0046091
    .0062781
    .0065823
    .0071557
    .0077463
    .0084662
    .0100283
    .0110742
    .0126111
    .0141031
    .0153323
    .0166129
    .0173833
    .0179934
    .0179711
    .0176080
    .0166250
    .0152817
    .0133064
    .0111764
    .0086054
    .0061034
    .0038514
    .0017534
    .0004998
   -.0005318
   -.0005022
   -.0002807
    .0004633
    .0013405
    .0022894
    .0035524
    .0049429
    .0069365
    .0077071
    .0104209
    .0172664
    .0210868
    .0240180
    .0280289
    .0260825
    .0258405
    .0267781
    .0266920
    .0262745
    .0255912
    .0249127
    .0241639
    .0229014
    .0217817
    .0199963
    .0184012
    .0170328
    .0155283
    .0148784
    .0140261
    .0134295
    .0131803
    .0125518
    .0122011
    .0117208
    .0112514
    .0107870
    .0102961
    .0098121
    .0093161
    .0088304
    .0085172
    .0082700
    .0083501
    .0088287
    .0090132
    .0093774
    .0098824
    .0105004
    .0111431
    .0113115
    .0114833
    .0111094
    .0108332
    .0104259
    .0099602
    .0097759
    .0094921
    .0093612
    .0094019
    .0094334
    .0098261
    .0106658
    .0115615
    .0124575
    .0128745
    .0137440
    .0145295
    .0148870
    .0148888
    .0145621
    .0129270
    .0095795
    .0074325
    .0046627
    .0000688
   -.0017733
   -.0062526
   -.0133364
   -.0181453
   -.0278846
   -.0344693
   -.0346592
   -.0393759
   -.0398710
   -.0400782
   -.0436860
   -.0443331
   -.0443764
   -.0443935
   -.0434284
   -.0420214
   -.0401120
   -.0375664
   -.0348125
   -.0317825
   -.0287082
   -.0254684
   -.0220004
   -.0183794
   -.0148322
   -.0113050
   -.0079613
   -.0047019
   -.0017545
    .0008855
    .0032558
    .0051967
    .0066380
    .0078463
    .0090229
    .0099664
    .0106550
    .0104166
    .0116755
    .0128444
    .0143746
    .0148456
    .0145176
    .0148047
    .0155411
    .0159250
    .0160496
    .0163830
    .0167466
    .0173182
    .0180405
    .0194091
    .0197853
    .0207060
    .0247754
    .0269149
    .0284368
    .0309452
    .0290937
    .0291516
    .0298321
    .0288943
    .0291546
    .0292151
    .0282652
    .0272017
    .0263479
    .0242722
    .0210345
    .0162788
    .0096155
    .0026994
   -.0047388
   -.0130396
   -.0207081
   -.0278718
   -.0341279
   -.0392327
   -.0429734
   -.0455245
   -.0464958
   -.0458170
   -.0406402
   -.0396521
   -.0409716
   -.0392932
   -.0366257
   -.0368291
   -.0375302
   -.0395662
   -.0471128
   -.0498339
   -.0506216
   -.0556152
   -.0545215
   -.0537247
   -.0566618
   -.0591843
   -.0603479
   -.0610913
   -.0604476
   -.0586552
   -.0591798
   -.0598071
   -.0613442
   -.0641304
   -.0645504
   -.0669837
   -.0753852
   -.0765139
   -.0721188
   -.0699269
   -.0709834
   -.0690641
   -.0673250
   -.0646637
   -.0618181
   -.0580293
   -.0531258
   -.0485549
   -.0429141
   -.0368775
   -.0318420
   -.0268887
   -.0235689
   -.0206600
   -.0187621
   -.0164296
   -.0146763
   -.0139473
   -.0124241
   -.0113609
   -.0110229
   -.0110575
   -.0126951
   -.0145673
   -.0168113
   -.0185897
   -.0204684
   -.0222865
   -.0233881
   -.0240988
   -.0240368
   -.0245439
   -.0253453
   -.0260823
   -.0268261
   -.0270312
   -.0276412
   -.0283207
   -.0283250
   -.0285300
   -.0302421
   -.0307702
   -.0309454
   -.0316993
   -.0317568
   -.0318264
   -.0314927
   -.0309119
   -.0300597
   -.0293430
   -.0288234
   -.0282584
   -.0276869
   -.0280896
   -.0283087
   -.0286392
   -.0290120
   -.0301198
   -.0325466
   -.0351114
   -.0390516
   -.0434417
   -.0482490
   -.0528722
   -.0572093
   -.0610895
   -.0636252
   -.0655975
   -.0658980
   -.0654710
   -.0647971
   -.0633050
   -.0627520
   -.0620615
   -.0613798
   -.0608786
   -.0602734
   -.0598113
   -.0596328
   -.0595021
   -.0596778
   -.0597553
   -.0595615
   -.0593396
   -.0587340
   -.0586594
   -.0584628
   -.0581303
   -.0581648
   -.0582036
   -.0592496
   -.0602397
   -.0614104
   -.0626157
   -.0634903
   -.0644863
   -.0641701
   -.0619579
   -.0610731
   -.0610927
   -.0527337
   -.0451241
   -.0435939
   -.0393552
   -.0322993
   -.0280411
   -.0255801
   -.0229864
   -.0208935
   -.0175169
   -.0129661
   -.0097954
   -.0066727
   -.0025929
    .0006312
    .0040169
    .0062645
    .0083396
    .0097814
    .0115666
    .0141985
    .0168207
    .0202618
    .0221887
    .0231395
    .0240113
    .0242983
    .0239413
    .0244626
    .0249754
    .0253490
    .0251215
    .0251208
    .0217078
    .0147878
    .0116696
    .0085276
    .0026247
    .0040173
    .0041142
    .0021310
    .0022645
    .0023547
    .0024218
    .0026790
    .0027739
    .0030639
    .0033456
    .0038755
    .0044363
    .0053100
    .0061128
    .0067662
    .0075841
    .0084388
    .0092535
    .0098298
    .0102444
    .0104500
    .0103865
    .0100965
    .0094562
    .0080519
    .0064641
    .0041546
    .0017190
   -.0007921
   -.0034305
   -.0055660
   -.0075903
   -.0084997
   -.0091679
   -.0098134
   -.0096814
   -.0093848
   -.0087804
   -.0089334
   -.0087375
   -.0087615
   -.0086336
   -.0084156
   -.0076040
   -.0048215
   -.0009003
    .0027361
    .0062679
    .0095548
    .0121668
    .0126753
    .0123254
    .0104786
    .0079783
    .0058945
    .0032492
    .0016282
    .0001796
    .0003995
    .0008688
    .0020175
    .0035679
    .0050182
    .0069722
    .0088237
    .0107058
    .0121558
    .0134182
    .0140757
    .0143825
    .0140974
    .0135640
    .0123914
    .0110811
    .0097079
    .0083163
    .0076039
    .0068718
    .0068293
    .0068395
    .0069973
    .0075928
    .0078168
    .0083062
    .0087306
    .0092239
    .0097405
    .0103287
    .0111619
    .0120037
    .0129776
    .0139406
    .0148779
    .0158512
    .0167790
    .0177139
    .0186573
    .0195845
    .0204564
    .0212897
    .0217645
    .0221184
    .0220882
    .0219992
    .0222303
    .0226694
    .0244656
    .0263925
    .0272616
    .0277756
    .0270387
    .0255907
    .0232559
    .0204592
    .0174104
    .0138576
    .0103008
    .0066439
    .0032161
   -.0000267
   -.0027660
   -.0050700
   -.0066553
   -.0076169
   -.0078347
   -.0071071
   -.0056596
   -.0029846
    .0018540
    .0072464
    .0138435
    .0181669
    .0204784
    .0265893
    .0333782
    .0369799
    .0451974
    .0499277
    .0493174
    .0521398
    .0529612
    .0517084
    .0536941
    .0548408
    .0559618
    .0555875
    .0546644
    .0533656
    .0519041
    .0503832
    .0494565
    .0481308
    .0470615
    .0461257
    .0451751
    .0443843
    .0437207
    .0431163
    .0426710
    .0422593
    .0419425
    .0416650
    .0414040
    .0411877
    .0409742
    .0407680
    .0405436
    .0403053
    .0400113
    .0396808
    .0392907
    .0388335
    .0383149
    .0376205
    .0368130
    .0358712
    .0343965
    .0330379
    .0314220
    .0299708
    .0290627
    .0279083
    .0275124
    .0267690
    .0257884
    .0252288
    .0239908
    .0233721
    .0229701
    .0229209
    .0237198
    .0252343
    .0285865
    .0322068
    .0366990
    .0405053
    .0431223
    .0451103
    .0450130
    .0445682
    .0432033
    .0414391
    .0405552
    .0387915
    .0371893
    .0354586
    .0335014
    .0311351
    .0275557
    .0240090
    .0192380
    .0147202
    .0104383
    .0064073
    .0041053
    .0022169
    .0020803
    .0027190
    .0045867
    .0066273
    .0081394
    .0098914
    .0111409
    .0124920
    .0121985
    .0116089
    .0104072
    .0087393
    .0072960
    .0053565
    .0034309
    .0013684
   -.0007639
   -.0028827
   -.0049448
   -.0069463
   -.0088057
   -.0105365
   -.0121468
   -.0135525
   -.0141062
   -.0144077
   -.0159030
   -.0165154
   -.0178806
   -.0195867
   -.0222390
   -.0246656
   -.0269287
   -.0291616
   -.0305140
   -.0314384
   -.0313672
   -.0304288
   -.0279249
   -.0251328
   -.0217662
   -.0183843
   -.0149980
   -.0110654
   -.0083850
   -.0060510
   -.0051537
   -.0045826
   -.0044257
   -.0051441
   -.0054081
   -.0060677
   -.0064687
   -.0066713
   -.0070086
   -.0073521
   -.0078148
   -.0084438
   -.0090778
   -.0099008
   -.0111783
   -.0124911
   -.0144155
   -.0164396
   -.0186275
   -.0208796
   -.0228823
   -.0248221
   -.0263141
   -.0275229
   -.0281282
   -.0284523
   -.0281296
   -.0276141
   -.0271411
   -.0260512
   -.0250702
   -.0234796
   -.0207473
   -.0179155
   -.0144476
   -.0115137
   -.0095238
   -.0078335
   -.0081388
   -.0088351
   -.0098304
   -.0124190
   -.0155816
   -.0193332
   -.0244187
   -.0296754
   -.0349402
   -.0401361
   -.0441736
   -.0480439
   -.0501747
   -.0516466
   -.0516739
   -.0515209
   -.0513420
   -.0506496
   -.0508991
   -.0509626
   -.0510455
   -.0514026
   -.0518368
   -.0524375
   -.0530053
   -.0536593
   -.0542358
   -.0549342
   -.0553706
   -.0560258
   -.0569509
   -.0584163
   -.0618136
   -.0651963
   -.0694358
   -.0726736
   -.0762055
   -.0787553
   -.0789192
   -.0781214
   -.0764966
   -.0742880
   -.0724140
   -.0703246
   -.0686228
   -.0670709
   -.0656594
   -.0641323
   -.0630232
   -.0618392
   -.0598184
   -.0580777
   -.0562134
   -.0542899
   -.0537794
   -.0529539
   -.0525963
   -.0524514
   -.0518230
   -.0515274
   -.0510785
   -.0504947
   -.0498520
   -.0489053
   -.0481790
   -.0471471
   -.0460453
   -.0449329
   -.0436862
   -.0424674
   -.0410792
   -.0394505
   -.0377704
   -.0358808
   -.0339702
   -.0319913
   -.0300536
   -.0281339
   -.0266126
   -.0255362
   -.0257429
   -.0250476
   -.0204798
   -.0191433
   -.0215428
   -.0217110
   -.0222167
   -.0237538
   -.0251789
   -.0267233
   -.0282935
   -.0298244
   -.0312727
   -.0326111
   -.0337534
   -.0347438
   -.0355410
   -.0363250
   -.0368235
   -.0371370
   -.0369748
   -.0368420
   -.0370340
   -.0370569
   -.0376436
   -.0380794
   -.0384911
   -.0389016
   -.0388716
   -.0386683
   -.0378437
   -.0367580
   -.0354349
   -.0345218
   -.0330238
   -.0312514
   -.0299288
   -.0285536
   -.0280253
   -.0274946
   -.0271494
   -.0270423
   -.0266122
   -.0263448
   -.0260506
   -.0254280
   -.0249026
   -.0238828
   -.0212826
   -.0188198
   -.0166128
   -.0137370
   -.0115562
   -.0096867
   -.0093379
   -.0090487
   -.0089915
   -.0093602
   -.0091388
   -.0092754
   -.0092394
   -.0091647
   -.0092233
   -.0092358
   -.0092620
   -.0092429
   -.0092101
   -.0090740
   -.0088290
   -.0083785
   -.0078384
   -.0072266
   -.0064899
   -.0056827
   -.0044139
   -.0031726
   -.0011099
    .0013080
    .0031787
    .0051837
    .0060734
    .0072684
    .0091863
    .0106492
    .0131153
    .0151013
    .0168491
    .0188973
    .0200311
    .0211515
    .0227366
    .0236581
    .0244071
    .0251244
    .0248791
    .0242883
    .0240462
    .0239628
    .0239178
    .0236841
    .0236395
    .0231487
    .0217223
    .0202432
    .0179178
    .0154506
    .0128398
    .0100605
    .0077521
    .0054367
    .0034856
    .0018151
    .0008380
   -.0001315
   -.0011716
   -.0016015
   -.0027469
   -.0035945
   -.0049424
   -.0066402
   -.0074551
   -.0067862
   -.0067391
   -.0077538
   -.0038152
   -.0012565
   -.0021165
   -.0004920
   -.0002170
   -.0015048
   -.0013377
   -.0022713
   -.0045758
   -.0071138
   -.0097536
   -.0119178
   -.0126581
   -.0134663
   -.0134409
   -.0143880
   -.0152413
   -.0159765
   -.0166831
   -.0174614
   -.0180119
   -.0186705
   -.0190207
   -.0193548
   -.0194329
   -.0194733
   -.0195000
   -.0193448
   -.0193422
   -.0192707
   -.0192385
   -.0192320
   -.0192326
   -.0192594
   -.0192972
   -.0193372
   -.0193841
   -.0194174
   -.0194505
   -.0194576
   -.0194624
   -.0194476
   -.0194376
   -.0193791
   -.0192961
   -.0191294
   -.0189565
   -.0186646
   -.0183666
   -.0178255
   -.0174313
   -.0164333
   -.0149788
   -.0128091
   -.0091001
   -.0053644
    .0000236
    .0034909
    .0053028
    .0108104
    .0162747
    .0189003
    .0262423
    .0307290
    .0315011
    .0347690
    .0346057
    .0324061
    .0323646
    .0315550
    .0310590
    .0306071
    .0298539
    .0291815
    .0284941
    .0278722
    .0272432
    .0266608
    .0260996
    .0255415
    .0249816
    .0244120
    .0238346
    .0232460
    .0226575
    .0220582
    .0214668
    .0208703
    .0203070
    .0197344
    .0192075
    .0186695
    .0179817
    .0171027
    .0161125
    .0150585
    .0138634
    .0125699
    .0113801
    .0102582
    .0094659
    .0086373
    .0080822
    .0075669
    .0069003
    .0064009
    .0055709
    .0048209
    .0041865
    .0034734
    .0028582
    .0021480
    .0015359
    .0007691
    .0002539
   -.0002130
   -.0006936
   -.0010233
   -.0014606
   -.0019402
   -.0024252
   -.0029508
   -.0034888
   -.0040254
   -.0045199
   -.0049586
   -.0052951
   -.0055394
   -.0056542
   -.0055585
   -.0052974
   -.0048210
   -.0037230
   -.0026263
   -.0009854
    .0006758
    .0022912
    .0041111
    .0051849
    .0063186
    .0066816
    .0072639
    .0083673
    .0086932
    .0096256
    .0101342
    .0104443
    .0110105
    .0107243
    .0104474
    .0100076
    .0092697
    .0089130
    .0083552
    .0079869
    .0072971
    .0061563
    .0047777
    .0025117
    .0002201
   -.0030478
   -.0065496
   -.0101700
   -.0139452
   -.0169472
   -.0199503
   -.0219935
   -.0240836
   -.0254449
   -.0263873
   -.0278415
   -.0285495
   -.0296891
   -.0305166
   -.0303214
   -.0306126
   -.0306700
   -.0302959
   -.0303369
   -.0299968
   -.0297727
   -.0296176
   -.0294348
   -.0292917
   -.0291154
   -.0288746
   -.0286278
   -.0283256
   -.0277851
   -.0271758
   -.0262552
   -.0252462
   -.0242134
   -.0230106
   -.0219864
   -.0206189
   -.0198208
   -.0185558
   -.0166879
   -.0130166
   -.0067095
    .0006268
    .0092638
    .0134528
    .0139544
    .0168888
    .0162920
    .0136438
    .0140412
    .0134223
    .0130626
    .0126424
    .0118724
    .0113211
    .0102052
    .0091463
    .0077490
    .0066174
    .0059409
    .0048961
    .0042847
    .0032479
    .0020918
    .0014129
    .0001429
   -.0011048
   -.0025075
   -.0040589
   -.0054347
   -.0068634
   -.0080069
   -.0091282
   -.0097661
   -.0107218
   -.0118653
   -.0131027
   -.0157648
   -.0181974
   -.0214540
   -.0238718
   -.0275510
   -.0320308
   -.0337813
   -.0364681
   -.0409407
   -.0425798
   -.0443415
   -.0460941
   -.0451941
   -.0439341
   -.0424221
   -.0398520
   -.0378520
   -.0357112
   -.0340818
   -.0326845
   -.0319097
   -.0313281
   -.0307564
   -.0305660
   -.0299322
   -.0295771
   -.0293546
   -.0293383
   -.0294514
   -.0294723
   -.0294521
   -.0294011
   -.0293384
   -.0292862
   -.0292248
   -.0291517
   -.0290495
   -.0289174
   -.0287455
   -.0285312
   -.0282762
   -.0279660
   -.0276113
   -.0271934
   -.0267442
   -.0262543
   -.0257809
   -.0252793
   -.0248171
   -.0242725
   -.0238230
   -.0231633
   -.0222258
   -.0209596
   -.0186816
   -.0162964
   -.0138432
   -.0111314
   -.0087333
   -.0065640
   -.0048806
   -.0036698
   -.0029900
   -.0026320
   -.0022750
   -.0021700
   -.0014305
   -.0010443
   -.0006477
   -.0000119
    .0006113
    .0012474
    .0015320
    .0015637
    .0014141
    .0002192
    .0000482
   -.0001799
   -.0021800
   -.0040062
   -.0022810
   -.0012025
    .0000646
    .0021074
    .0032197
    .0048510
    .0059559
    .0069808
    .0072877
    .0074272
    .0075207
    .0072344
    .0072969
    .0071130
    .0068793
    .0065489
    .0059896
    .0053714
    .0047699
    .0041873
    .0034598
    .0026491
    .0016099
    .0006606
   -.0004509
   -.0017180
   -.0030110
   -.0043430
   -.0056719
   -.0069335
   -.0081032
   -.0091116
   -.0098863
   -.0106485
   -.0111067
   -.0113616
   -.0113459
   -.0110388
   -.0105981
   -.0099675
   -.0093190
   -.0087158
   -.0082229
   -.0078739
   -.0077847
   -.0078699
   -.0082296
   -.0088248
   -.0096193
   -.0106370
   -.0117837
   -.0131124
   -.0144974
   -.0159369
   -.0173507
   -.0186712
   -.0198052
   -.0207135
   -.0212009
   -.0215372
   -.0217076
   -.0215895
   -.0214808
   -.0212091
   -.0206669
   -.0200073
   -.0192054
   -.0182159
   -.0172003
   -.0160753
   -.0149893
   -.0139568
   -.0131211
   -.0124287
   -.0117885
   -.0108748
   -.0097556
   -.0087534
   -.0071952
   -.0056917
   -.0043739
   -.0027535
   -.0017727
   -.0008226
   -.0005212
   -.0004472
   -.0003578
   -.0006259
   -.0005773
   -.0006689
   -.0007635
   -.0008181
   -.0010412
   -.0013931
   -.0018835
   -.0023960
   -.0034898
   -.0045299
   -.0058606
   -.0071565
   -.0079958
   -.0092293
   -.0101051
   -.0112421
   -.0128565
   -.0138993
   -.0153475
   -.0161199
   -.0157819
   -.0162507
   -.0150868
   -.0140124
   -.0134797
   -.0122142
   -.0121259
   -.0121974
   -.0118952
   -.0119640
   -.0117152
   -.0116630
   -.0117977
   -.0119477
   -.0123059
   -.0127144
   -.0133197
   -.0140054
   -.0147972
   -.0156192
   -.0163103
   -.0168386
   -.0176249
   -.0185769
   -.0192919
   -.0198291
   -.0203482
   -.0208312
   -.0212240
   -.0214761
   -.0216231
   -.0217384
   -.0218946
   -.0226491
   -.0237191
   -.0249326
   -.0259822
   -.0275203
   -.0302045
   -.0327680
   -.0368551
   -.0410104
   -.0423884
   -.0441862
   -.0475751
   -.0498609
   -.0492961
   -.0485429
   -.0468005
   -.0445720
   -.0427229
   -.0406257
   -.0384050
   -.0355340
   -.0328984
   -.0304763
   -.0289052
   -.0276850
   -.0270958
   -.0267034
   -.0263811
   -.0263588
   -.0257381
   -.0251994
   -.0246451
   -.0240234
   -.0235034
   -.0229404
   -.0225307
   -.0220191
   -.0215273
   -.0210346
   -.0206094
   -.0202215
   -.0198108
   -.0193746
   -.0188361
   -.0183700
   -.0178209
   -.0174056
   -.0168896
   -.0165330
   -.0160802
   -.0157570
   -.0153853
   -.0150749
   -.0148208
   -.0144832
   -.0142352
   -.0140414
   -.0133266
   -.0150995
   -.0170764
   -.0181306
   -.0189022
   -.0196544
   -.0203702
   -.0210283
   -.0216947
   -.0221289
   -.0225188
   -.0225155
   -.0223825
   -.0217491
   -.0211222
   -.0201563
   -.0193072
   -.0182739
   -.0175668
   -.0168764
   -.0163711
   -.0156655
   -.0150650
   -.0145278
   -.0142747
   -.0143139
   -.0147890
   -.0154641
   -.0171905
   -.0189534
   -.0210939
   -.0231043
   -.0241071
   -.0251139
   -.0250846
   -.0247274
   -.0243653
   -.0232043
   -.0226367
   -.0215106
   -.0201121
   -.0186958
   -.0169958
   -.0151211
   -.0133898
   -.0114270
   -.0096668
   -.0088432
   -.0076375
   -.0059989
   -.0049150
   -.0040835
   -.0035063
   -.0033380
   -.0017003
   -.0003280
    .0000277
    .0006186
   -.0005540
   -.0019723
   -.0030283
   -.0048117
   -.0064544
   -.0080981
   -.0098513
   -.0114524
   -.0129790
   -.0142439
   -.0153354
   -.0160358
   -.0165064
   -.0165181
   -.0162660
   -.0154367
   -.0144521
   -.0132355
   -.0115998
   -.0096687
   -.0071853
   -.0049808
   -.0033215
   -.0006994
    .0018319
    .0040050
    .0053466
    .0062163
    .0064220
    .0061442
    .0059756
    .0055059
    .0055157
    .0055533
    .0055735
    .0057692
    .0058639
    .0060766
    .0061810
    .0063425
    .0063695
    .0064341
    .0063446
    .0062901
    .0061035
    .0059726
    .0057688
    .0056108
    .0054145
    .0053140
    .0051220
    .0050482
    .0048706
    .0048111
    .0046351
    .0045715
    .0043907
    .0043250
    .0041234
    .0040290
    .0038016
    .0036689
    .0034188
    .0032557
    .0029767
    .0027502
    .0024236
    .0020905
    .0015621
    .0010236
    .0000444
   -.0008951
   -.0021453
   -.0034075
   -.0047276
   -.0060568
   -.0071598
   -.0081423
   -.0088398
   -.0094389
   -.0100969
   -.0106285
   -.0118002
   -.0124900
   -.0132148
   -.0138941
   -.0138010
   -.0138192
   -.0137372
   -.0132961
   -.0132087
   -.0128567
   -.0125673
   -.0122208
   -.0118799
   -.0115022
   -.0111744
   -.0108174
   -.0105268
   -.0102111
   -.0099639
   -.0096919
   -.0094881
   -.0092502
   -.0090860
   -.0088857
   -.0087497
   -.0085887
   -.0085057
   -.0083877
   -.0083517
   -.0082772
   -.0082814
   -.0082566
   -.0083041
   -.0083115
   -.0083780
   -.0083760
   -.0084375
   -.0084138
   -.0084591
   -.0084151
   -.0084320
   -.0083621
   -.0083700
   -.0083209
   -.0083605
   -.0083834
   -.0085064
   -.0085929
   -.0088426
   -.0090273
   -.0093647
   -.0096496
   -.0100188
   -.0103497
   -.0107484
   -.0110691
   -.0114403
   -.0116536
   -.0116781
   -.0115908
   -.0118704
   -.0122195
   -.0129542
   -.0134994
   -.0143549
   -.0150934
   -.0158594
   -.0165663
   -.0169851
   -.0172535
   -.0174849
   -.0175331
   -.0177422
   -.0176059
   -.0177286
   -.0176421
   -.0177006
   -.0176660
   -.0177775
   -.0178008
   -.0179234
   -.0178850
   -.0179381
   -.0177973
   -.0177337
   -.0174351
   -.0172333
   -.0168472
   -.0165279
   -.0160389
   -.0156027
   -.0149402
   -.0144012
   -.0136492
   -.0130657
   -.0123466
   -.0118479
   -.0112737
   -.0109387
   -.0104703
   -.0103511
   -.0102640
   -.0103015
   -.0103488
   -.0102434
   -.0099386
   -.0097180
   -.0091755
   -.0087947
   -.0082008
   -.0077859
   -.0072863
   -.0070054
   -.0067368
   -.0068353
   -.0069405
   -.0074072
   -.0077019
   -.0081023
   -.0084966
   -.0091182
   -.0096273
   -.0102584
   -.0107417
   -.0113659
   -.0118320
   -.0124502
   -.0128960
   -.0135047
   -.0139251
   -.0145219
   -.0149120
   -.0154897
   -.0158486
   -.0164042
   -.0167303
   -.0172616
   -.0175549
   -.0180618
   -.0183238
   -.0188072
   -.0190391
   -.0194972
   -.0196977
   -.0201287
   -.0203010
   -.0207039
   -.0208424
   -.0212236
   -.0213359
   -.0217035
   -.0218040
   -.0221544
   -.0222401
   -.0225770
   -.0226455
   -.0229654
   -.0230174
   -.0233191
   -.0233503
   -.0236282
   -.0236341
   -.0238848
   -.0238642
   -.0240855
   -.0240388
   -.0242317
   -.0241569
   -.0243171
   -.0242121
   -.0243384
   -.0242040
   -.0242965
   -.0241351
   -.0241985
   -.0240154
   -.0240504
   -.0238441
   -.0238515
   -.0236260
   -.0236094
   -.0233701
   -.0233325
   -.0230805
   -.0230234
   -.0227603
   -.0226839
   -.0224104
   -.0223153
   -.0220320
   -.0219188
   -.0216262
   -.0214952
   -.0211939
   -.0210449
   -.0207354
   -.0205690
   -.0202515
   -.0200682
   -.0197439
   -.0195443
   -.0192134
   -.0189976
   -.0186606
   -.0184289
   -.0180865
   -.0178398
   -.0174925
   -.0172310
   -.0168788
   -.0166027
   -.0162451
   -.0159522
   -.0155875
   -.0152775
   -.0149059
   -.0145796
   -.0142022
   -.0138607
   -.0134782
   -.0131225
   -.0127357
   -.0123659
   -.0119745
   -.0115908
   -.0111940
   -.0107956
   -.0103919
   -.0099769
   -.0095645
   -.0091313
   -.0087083
   -.0082559
   -.0078208
   -.0073484
   -.0068996
   -.0064063
   -.0059424
   -.0054273
   -.0049463
   -.0044085
   -.0039082
   -.0033459
   -.0028232
   -.0022348
   -.0016864
   -.0010700
   -.0004920
    .0001539
    .0007665
    .0014440
    .0020970
    .0028095
    .0035112
    .0042625
    .0050239
    .0058184
    .0066542
    .0074977
    .0084285
    .0093281
    .0103841
    .0113498
    .0125761
    .0136218
    .0150895
    .0162366
    .0180680
    .0193541
    .0217829
    .0232843
    .0268642
    .0289071
    .0355937
    .0387408
    .0588031