   -.0065220
   -.0052234
   -.0063968
   -.0060871
   -.0066244
   -.0063108
   -.0066185
   -.0063653
   -.0065794
   -.0063688
   -.0065354
   -.0063679
   -.0065285
   -.0064059
   -.0065718
   -.0064758
   -.0066138
   -.0065080
   -.0065770
   -.0064726
   -.0065198
   -.0064208
   -.0052751
   -.0063960
   -.0064659
   -.0063924
   -.0064535
   -.0063870
   -.0064392
   -.0063739
   -.0064174
   -.0063462
   -.0063865
   -.0063629
   -.0064583
   -.0064986
   -.0066438
   -.0067193
   -.0069238
   -.0071161
   -.0075191
   -.0077438
   -.0078124
   -.0077679
   -.0077253
   -.0076012
   -.0074063
   -.0073283
   -.0072892
   -.0071342
   -.0071674
   -.0072477
   -.0074244
   -.0075956
   -.0078465
   -.0078799
   -.0079590
   -.0083982
   -.0098078
   -.0115931
   -.0128245
   -.0134621
   -.0135944
   -.0139653
   -.0139629
   -.0138641
   -.0140229
   -.0130055
   -.0116519
   -.0106413
   -.0078343
   -.0050463
   -.0047043
   -.0020018
    .0020451
    .0031819
    .0022644
    .0032067
    .0047127
    .0046113
    .0035079
    .0036588
    .0037252
    .0027249
    .0034016
   -.0013789
   -.0175229
   -.0239813
   -.0221228
   -.0259564
   -.0311142
   -.0320401
   -.0310837
   -.0221751
   -.0037436
   -.0029860
   -.0044636
    .0040407
    .0102987
    .0088982
    .0080133
    .0065174
    .0035679
   -.0003012
   -.0050415
   -.0102591
   -.0160150
   -.0217863
   -.0273558
   -.0326108
   -.0368618
   -.0400785
   -.0417324
   -.0412408
   -.0380750
   -.0321296
   -.0234100
   -.0142861
   -.0024651
    .0073446
    .0119711
    .0134509
    .0124095
    .0124321
    .0103179
    .0064483
    .0057967
    .0043013
   -.0007318
    .0000294
    .0024723
    .0028388
    .0053377
    .0076182
    .0033360
   -.0036933
   -.0124676
   -.0167581
   -.0182923
   -.0205352
   -.0177171
   -.0138399
   -.0070609
   -.0030790
   -.0047726
   -.0013047
    .0033154
    .0032927
    .0057522
    .0083108
    .0083885
    .0105304
    .0192183
    .0183000
    .0097893
    .0095009
    .0060339
   -.0010832
   -.0042570
   -.0126484
   -.0302687
   -.0395376
   -.0441916
   -.0485562
   -.0495502
   -.0474868
   -.0435090
   -.0378657
   -.0307244
   -.0225119
   -.0138200
   -.0052697
    .0029555
    .0099939
    .0155970
    .0200685
    .0234801
    .0228321
    .0131158
    .0127084
    .0145112
    .0100530
    .0108404
    .0110003
    .0037842
   -.0079098
   -.0229130
   -.0309868
   -.0358705
   -.0394471
   -.0384962
   -.0335363
   -.0237656
   -.0124179
   -.0042584
    .0021837
    .0057602
    .0087076
    .0113251
    .0135475
    .0172154
    .0192234
    .0171030
    .0162749
    .0292252
    .0228191
   -.0247412
   -.0375874
   -.0276987
   -.0354106
   -.0480963
   -.0504145
   -.0515260
   -.0481156
   -.0381162
   -.0227680
   -.0033444
    .0016055
   -.0014173
    .0067453
    .0095946
    .0085450
    .0121288
    .0128596
    .0133311
    .0129586
    .0094440
    .0041884
   -.0030015
   -.0094303
   -.0165443
   -.0232379
   -.0255123
   -.0275234
   -.0284687
   -.0268533
   -.0224982
   -.0155934
   -.0040303
    .0032395
    .0057283
    .0127628
    .0224633
    .0250895
    .0236496
    .0256057
    .0266624
    .0260428
    .0254973
    .0256235
    .0267602
    .0278212
    .0298929
    .0304231
    .0272114
    .0222743
    .0154423
    .0077691
   -.0012702
   -.0118691
   -.0220012
   -.0307886
   -.0379531
   -.0434287
   -.0466485
   -.0475013
   -.0452973
   -.0441301
   -.0428932
   -.0406462
   -.0407989
   -.0398360
   -.0383977
   -.0374893
   -.0375251
   -.0379715
   -.0384331
   -.0339147
   -.0261427
   -.0197315
   -.0072439
    .0009761
    .0056244
    .0126282
    .0123508
    .0128677
    .0150829
    .0127804
    .0090611
    .0065732
    .0025280
   -.0004077
    .0002947
   -.0013080
   -.0008730
   -.0018991
   -.0049709
   -.0080356
   -.0143273
   -.0209812
   -.0264399
   -.0305065
   -.0336815
   -.0336587
   -.0281401
   -.0219629
   -.0080056
    .0041527
    .0176226
    .0289750
    .0335788
    .0389495
    .0362524
    .0338262
    .0281808
    .0219293
    .0165660
    .0108908
    .0078931
    .0061069
    .0058929
    .0056305
    .0069826
    .0080323
    .0050072
    .0116723
    .0299552
    .0354137
    .0317900
    .0376574
    .0420800
    .0402491
    .0313377
    .0180946
    .0018445
   -.0057434
   -.0132196
   -.0223529
   -.0210936
   -.0192604
   -.0200665
   -.0191037
   -.0181232
   -.0184624
   -.0200915
   -.0221115
   -.0244300
   -.0213645
   -.0168067
   -.0121951
   -.0006666
    .0089558
    .0201956
    .0294450
    .0332000
    .0369734
    .0341859
    .0299656
    .0244519
    .0162719
    .0079589
   -.0002268
   -.0077888
   -.0137737
   -.0173786
   -.0198510
   -.0198472
   -.0194601
   -.0205166
   -.0210633
   -.0212096
   -.0214597
   -.0222676
   -.0203753
    .0063915
    .0131936
    .0055503
    .0092052
    .0104716
    .0048981
    .0022605
    .0011889
    .0015430
    .0033793
    .0073028
    .0109105
    .0148962
    .0178212
    .0216011
    .0115114
   -.0188712
   -.0207303
   -.0153795
   -.0227823
   -.0172673
   -.0165147
   -.0251663
   -.0331847
   -.0410496
   -.0467371
   -.0539028
   -.0544978
   -.0457262
   -.0372637
   -.0174382
    .0000824
    .0186677
    .0354825
    .0407294
    .0519606
    .0576191
    .0590511
    .0635171
    .0683899
    .0727497
    .0678463
    .0586542
    .0478562
    .0248158
    .0064304
   -.0144705
   -.0323800
   -.0392303
   -.0487380
   -.0474034
   -.0458941
   -.0481162
   -.0400384
   -.0304904
   -.0194898
    .0049948
    .0183767
    .0271362
    .0365827
    .0313398
    .0286460
    .0237945
    .0141972
    .0045606
   -.0047335
   -.0127146
   -.0183006
   -.0235702
   -.0248588
   -.0164348
   -.0104679
   -.0169799
   -.0244382
   -.0320708
   -.0340084
   -.0360516
   -.0369583
   -.0343122
   -.0289630
   -.0211104
   -.0130805
   -.0022112
    .0067575
    .0094314
    .0142635
    .0205683
    .0214024
    .0160853
    .0121800
    .0066154
   -.0026719
   -.0194972
   -.0289447
   -.0332750
   -.0414116
   -.0506028
   -.0537172
   -.0530203
   -.0549214
   -.0551662
   -.0538850
   -.0535282
   -.0536210
   -.0534004
   -.0526089
   -.0526245
   -.0521445
   -.0502898
   -.0500647
   -.0553245
   -.0563357
   -.0552538
   -.0563675
   -.0593799
   -.0621946
   -.0654921
   -.0693398
   -.0735429
   -.0779521
   -.0825957
   -.0871723
   -.0915273
   -.0951013
   -.0982221
   -.1012332
   -.1028821
   -.1037360
   -.1035562
   -.1038289
   -.1040142
   -.1045389
   -.1069055
   -.1090848
   -.1118667
   -.1126542
   -.1114367
   -.1142334
   -.1228888
   -.1217563
   -.1192032
   -.1198923
   -.1171828
   -.1139430
   -.1114130
   -.1090981
   -.1068288
   -.1043223
   -.1020192
   -.1004409
   -.1013789
   -.1034433
   -.1069242
   -.1074352
   -.1079946
   -.1104533
   -.1103183
   -.1101028
   -.1125282
   -.1148602
   -.1164839
   -.1172415
   -.1173043
   -.1164530
   -.1144219
   -.1117967
   -.1084072
   -.1046932
   -.1007343
   -.0968623
   -.0930396
   -.0891347
   -.0862573
   -.0846201
   -.0877323
   -.0937867
   -.1036794
   -.1149346
   -.1302096
   -.1445683
   -.1591227
   -.1727745
   -.1821872
   -.1895009
   -.1925831
   -.1973103
   -.2114647
   -.2240667
   -.2578561
   -.2558421
   -.2429977
   -.2221397
   -.2106159
   -.1785639
   -.1513129
   -.1154475
   -.0538336
    .0017095
    .0397858
    .0349611
    .0364638
    .0385170
    .0273619
    .0302824
    .0314123
    .0149232
    .0355696
    .0566766
    .1035731
    .1354844
    .1906062
    .2171071
    .2557347
    .2917030
    .3196199
    .3288422
    .2770285
    .2392594
    .2003577
    .2154401
    .2288577
    .2428637
    .2644165
    .2876759
    .2927183
    .3247296
    .3537583
    .3582609
    .3620414
    .3524723
    .3459603
    .3094286
    .3063499
    .3069261
    .3036685
    .3097092
    .3483690
    .3637355
    .3659998
    .3542717
    .3423364
    .3247802
    .3163456
    .3081353
    .2989887
    .2907660
    .3119241
    .3174204
    .2971473
    .2524604
    .2134767
    .2009830
    .1847544
    .1736144
    .1607213
    .1473968
    .1357289
    .1167416
    .1053097
    .0977578
    .0948785
    .0931479
    .0985411
    .1094576
    .1174615
    .1270803
    .1288592
    .1398042
    .1514260
    .1636185
    .1769808
    .1869550
    .1941361
    .2088095
    .2199265
    .2230038
    .2260635
    .2257807
    .2142782
    .1992444
    .1804802
    .1586468
    .1403908
    .1145337
    .0520144
    .0320592
   -.0036451
   -.0491813
   -.0720618
   -.1028696
   -.1311636
   -.1642309
   -.1896210
   -.2137185
   -.2355489
   -.2324710
   -.2463572
   -.2521201
   -.2549088
   -.2578514
   -.2552733
   -.2693257
   -.2676235
   -.2679035
   -.2612629
   -.2603283
   -.2355287
   -.2334129
   -.2369796
   -.2392331
   -.2407388
   -.2496376
   -.2638229
   -.2756793
   -.2962047
   -.2944103
   -.2846279
   -.2879344
   -.2991378
   -.2938548
   -.2878481
   -.2758669
   -.2797189
   -.2880325
   -.2856794
   -.2911496
   -.2858701
   -.2914607
   -.2760908
   -.2499021
   -.2243169
   -.1900560
   -.1609201
   -.1093627
   -.0490326
   -.0001528
    .0535288
    .1378926
    .1944651
    .2432485
    .2911432
    .3287232
    .3800466
    .4019000
    .4299313
    .4456968
    .4590569
    .4538420
    .4040034
    .3715415
    .3320649
    .2923949
    .2563906
    .1964640
    .1603876
    .1202082
    .0412119
    .0081669
   -.0187861
   -.0347690
   -.0126717
   -.0241644
   -.0307247
   -.0298093
   -.0120197
   -.0151026
   -.0262144
   -.0417346
   -.0520425
   -.0720036
   -.0623933
   -.0529820
   -.0274544
    .0126863
    .0294234
    .0384494
    .0503257
    .0630391
    .0696977
    .0770157
    .0818043
    .0873602
    .0924372
    .0948031
    .0951536
    .0840116
    .0840686
    .0833353
    .0803808
    .0771588
    .0658332
    .0690927
    .0730290
    .0770049
    .0787263
    .0807173
    .0790251
    .0766513
    .0761163
    .0756992
    .0803501
    .0808943
    .0865203
    .0961948
    .0961836
    .0975090
    .0976211
    .0972676
    .0936525
    .0845233
    .0727284
    .0681892
    .0455801
    .0229359
   -.0021042
   -.0364995
   -.0565159
   -.0826351
   -.0942164
   -.1088663
   -.1228379
   -.1227068
   -.1258206
   -.1285870
   -.1388575
   -.1447331
   -.1558439
   -.1671448
   -.1852163
   -.1952234
   -.1998884
   -.2014861
   -.2015731
   -.2095852
   -.2092545
   -.2036806
   -.1990563
   -.1913494
   -.1861029
   -.1807744
   -.1680639
   -.1590442
   -.1513720
   -.1446387
   -.1403033
   -.1327902
   -.1307627
   -.1328009
   -.1329094
   -.1496847
   -.1540028
   -.1696329
   -.1670504
   -.1615234
   -.1521184
   -.1502580
   -.1471502
   -.1389245
   -.1294362
   -.1141543
   -.0988379
   -.0856208
   -.0746131
   -.0568625
   -.0441954
   -.0321625
   -.0240081
   -.0193507
   -.0121992
   -.0032843
    .0000885
    .0126512
    .0245677
    .0315706
    .0443263
    .0506103
    .0539989
    .0513546
    .0460361
    .0476368
    .0330270
    .0161013
    .0060037
   -.0422533
   -.0598057
   -.0709393
   -.0789284
   -.0864451
   -.0904511
   -.0977594
   -.1030582
   -.1073888
   -.1058090
   -.1023952
   -.1004143
   -.0993031
   -.0987459
   -.0811559
   -.0759039
   -.0723110
   -.0651510
   -.0532838
   -.0468659
   -.0353922
   -.0282062
   -.0210857
   -.0160629
   -.0132839
   -.0091978
   -.0062581
   -.0027651
   -.0093075
   -.0179391
   -.0266099
   -.0330514
   -.0464193
   -.0569972
   -.0645407
   -.0723621
   -.0783866
   -.0939393
   -.1009553
   -.1097250
   -.1090637
   -.1136519
   -.1137619
   -.1092122
   -.1134880
   -.1144309
   -.1232469
   -.1437351
   -.1370634
   -.1162951
   -.1155621
   -.1187331
   -.1041091
   -.0841854
   -.0950413
   -.0722852
   -.0748218
   -.0711404
   -.0693514
   -.0583657
   -.0704793
   -.0743016
   -.0811222
   -.0856702
   -.1109871
   -.1151677
   -.1276155
   -.1493717
   -.1504744
   -.1561723
   -.1614509
   -.1741084
   -.1853286
   -.1997981
   -.2127003
   -.2285567
   -.2411876
   -.2566916
   -.2632061
   -.2667817
   -.2689264
   -.2668379
   -.2637528
   -.2612265
   -.2549711
   -.2430224
   -.2277400
   -.2137398
   -.2035778
   -.1911064
   -.1861871
   -.1760368
   -.1696725
   -.1565751
   -.1520868
   -.1491034
   -.1418502
   -.1367575
   -.1404550
   -.1584817
   -.1700930
   -.1771225
   -.2007519
   -.2045206
   -.2257017
   -.2436068
   -.2501028
   -.2649057
   -.2647153
   -.2640064
   -.2648119
   -.2529573
   -.2495118
   -.2378429
   -.2049363
   -.1761139
   -.1483626
   -.1198333
   -.1040080
   -.0938317
   -.0650791
   -.0533267
   -.0292792
   -.0030529
    .0371222
    .0746832
    .1070151
    .1251079
    .1612731
    .1811312
    .1919685
    .2200376
    .2422626
    .2083586
    .2065760
    .1910301
    .1677563
    .1169031
    .0774774
    .0423320
    .0163690
   -.0060423
   -.0106471
    .0453096
    .0538482
    .0946300
    .1250059
    .1717178
    .2090222
    .2528624
    .3052057
    .3460668
    .3576225
    .3630985
    .3514291
    .3527501
    .3060541
    .2838544
    .2681856
    .2673501
    .2712077
    .2923722
    .3395125
    .3290030
    .3092102
    .2981227
    .2780410
    .2570565
    .2361733
    .1947745
    .1705283
    .1007477
    .0684635
    .0618453
    .0460423
    .0220264
    .0142077
    .0096546
    .0075627
    .0086742
    .0179550
    .0260891
    .0959153
    .1776462
    .1900585
    .2313376
    .2370458
    .2409166
    .2578997
    .2453380
    .1821927
    .1459492
    .1387422
    .1392988
    .1059919
    .0914817
    .0611711
    .0523239
    .0552422
    .0412911
    .0459113
    .0382218
    .0243050
    .0085062
   -.0090011
   -.0140883
   -.0230231
   -.0388250
   -.0445915
   -.0449466
   -.0345652
   -.0264365
   -.0272776
   -.0195859
    .0049316
    .0117184
    .0105108
   -.0048879
    .0013837
    .0025771
   -.0356832
   -.0530033
   -.0520024
   -.0270454
   -.0517381
   -.0725142
   -.0927681
   -.0940386
   -.0887337
   -.0952770
   -.0993218
   -.1006413
   -.1004330
   -.0962899
   -.0911399
   -.0831203
   -.0678728
   -.0510881
   -.0435555
   -.0297778
   -.0136734
   -.0082911
   -.0009881
    .0092407
    .0196669
    .0237365
    .0322538
    .0406768
    .0484412
    .0572687
    .0667444
    .0684577
    .0661124
    .0645060
    .0644937
    .0661590
    .0652707
    .0585856
    .0484999
    .0495219
    .0508720
    .0445994
    .0342931
    .0378866
    .0339575
    .0246806
    .0426930
    .0392741
    .0328006
    .0406322
    .0436761
    .0441546
    .0474931
    .0542025
    .0611226
    .0698441
    .0843463
    .0897115
    .0882566
    .0953486
    .0951026
    .0931985
    .0869996
    .0824531
    .0729078
    .0629732
    .0523114
    .0387007
   -.0052946
   -.0203668
   -.0334135
   -.0474189
   -.0650342
   -.0767945
   -.0817588
   -.0864061
   -.0829930
   -.0837133
   -.0593708
   -.0571791
   -.0565008
   -.0494460
   -.0624905
   -.0610102
   -.0585727
   -.0611508
   -.0607505
   -.0552282
   -.0457856
   -.0333568
   -.0239295
   -.0195784
   -.0069967
    .0043387
    .0087464
    .0170902
    .0263336
    .0281633
    .0274050
    .0243458
    .0273428
    .0277926
    .0278854
    .0271172
    .0263369
    .0287174
    .0274087
    .0268035
    .0267401
    .0225224
    .0138687
    .0107853
    .0001644
   -.0087302
   -.0065431
   -.0068303
   -.0053550
   -.0101533
   -.0089303
   -.0023002
    .0016260
    .0122558
    .0080752
    .0127812
    .0161530
    .0221888
    .0223307
    .0211119
    .0216845
    .0192831
    .0148522
    .0122257
    .0103582
    .0007226
   -.0090046
   -.0123492
   -.0186508
   -.0266658
   -.0332866
   -.0386052
   -.0418365
   -.0412212
   -.0357693
   -.0342515
   -.0290621
   -.0289132
   -.0297027
   -.0230938
   -.0201096
   -.0142325
   -.0109115
   -.0039821
    .0045818
    .0037776
    .0083781
    .0137529
    .0137677
    .0129873
    .0120858
    .0084198
    .0016855
   -.0036502
   -.0141970
   -.0186376
   -.0380076
   -.0420029
   -.0447436
   -.0395980
   -.0371691
   -.0344938
   -.0318392
   -.0272667
   -.0223472
   -.0176107
   -.0116487
    .0064046
    .0134227
    .0195496
    .0286194
    .0398093
    .0536535
    .0630476
    .0671977
    .0736823
    .0800296
    .0781176
    .0853007
    .0903634
    .0916374
    .0856220
    .0871259
    .0876862
    .0879079
    .0932286
    .0963277
    .0950749
    .0902014
    .0882207
    .0799249
    .0741219
    .0673223
    .0580972
    .0572168
    .0568840
    .0559933
    .0545634
    .0472741
    .0484822
    .0571963
    .0670486
    .0732660
    .0799730
    .0895659
    .0875090
    .0775350
    .0702308
    .0598782
    .0326149
    .0194711
    .0006534
   -.0059286
   -.0132812
   -.0207648
   -.0355165
   -.0418138
   -.0477544
   -.0544384
   -.0579731
   -.0709710
   -.0758060
   -.0755349
   -.0775504
   -.0800321
   -.0805108
   -.0742913
   -.0708651
   -.0638842
   -.0558750
   -.0487716
   -.0538062
   -.0557651
   -.0379302
   -.0296350
   -.0165560
   -.0023244
    .0174399
    .0339264
    .0488398
    .0681322
    .0808615
    .0920669
    .0990358
    .0988911
    .1004584
    .0994146
    .0890409
    .0767530
    .0628394
    .0415132
    .0232829
    .0025175
    .0015718
   -.0090477
   -.0148217
   -.0150994
   -.0171680
   -.0157046
   -.0038197
    .0029789
    .0127179
    .0097510
    .0075692
    .0095145
    .0110317
    .0207676
    .0230163
    .0330737
    .0434375
    .0487198
    .0554553
    .0579443
    .0614355
    .0638888
    .0579245
    .0556985
    .0515185
    .0475731
    .0392262
    .0287459
    .0233014
    .0012845
   -.0144949
   -.0158154
   -.0244692
   -.0291410
   -.0263295
   -.0267546
   -.0381400
   -.0160797
   -.0033454
    .0250149
    .0479231
    .0638700
    .0776461
    .1019805
    .1409953
    .1402826
    .1233703
    .1395582
    .1628267
    .1727560
    .1827433
    .1880229
    .1926920
    .1964261
    .1938840
    .1865224
    .1794790
    .1744507
    .1651135
    .1573736
    .1481664
    .1342384
    .1278872
    .1220990
    .1141116
    .1168432
    .1056439
    .0994967
    .0866735
    .0753977
    .0706755
    .0642984
    .0550457
    .0424789
    .0260216
    .0125145
    .0107974
   -.0114439
   -.0331232
   -.0435142
   -.0536306
   -.0511635
   -.0394766
   -.0384845
   -.0564224
   -.0528537
   -.0537753
   -.0609880
   -.0677503
   -.0731239
   -.0779833
   -.0848550
   -.0889875
   -.0939838
   -.0984353
   -.1008911
   -.1036853
   -.1042912
   -.0986766
   -.0919564
   -.0844203
   -.0794474
   -.0759027
   -.0747035
   -.0544447
   -.0525486
   -.0520363
   -.0598396
   -.0594174
   -.0562763
   -.0511475
   -.0446312
   -.0411352
   -.0402278
   -.0393683
   -.0451713
   -.0459799
   -.0426271
   -.0490483
   -.0579673
   -.0679260
   -.0675231
   -.0740952
   -.0934792
   -.1007037
   -.1089384
   -.1092900
   -.1085420
   -.1054753
   -.1025711
   -.0928039
   -.0873875
   -.0840359
   -.0795662
   -.0762415
   -.0725809
   -.0623602
   -.0634559
   -.0554647
   -.0514721
   -.0404644
   -.0344912
   -.0235667
   -.0113232
   -.0013512
   -.0052421
    .0066848
    .0058992
    .0032410
    .0029208
    .0035910
    .0000065
   -.0044865
   -.0050162
   -.0063468
   -.0081195
   -.0079096
   -.0046578
    .0004322
   -.0136683
   -.0241821
   -.0292248
   -.0288538
   -.0319911
   -.0411000
   -.0467812
   -.0506476
   -.0542942
   -.0597713
   -.0574255
   -.0573319
   -.0471252
   -.0487477
   -.0537534
   -.0558918
   -.0548407
   -.0537569
   -.0530652
   -.0533821
   -.0513291
   -.0478182
   -.0359372
   -.0340436
   -.0376020
   -.0363459
   -.0341361
   -.0324530
   -.0342360
   -.0362384
   -.0366009
   -.0381757
   -.0394259
   -.0405449
   -.0412095
   -.0427403
   -.0454627
   -.0463145
   -.0457601
   -.0472697
   -.0492303
   -.0529449
   -.0541833
   -.0550481
   -.0538121
   -.0515705
   -.0465872
   -.0406670
   -.0337325
   -.0273305
   -.0175866
   -.0058973
    .0066684
    .0154817
    .0173905
    .0244193
    .0036174
    .0053039
    .0076358
    .0087551
    .0099802
    .0101210
    .0177988
    .0173546
    .0042726
    .0142396
    .0049617
   -.0020904
   -.0209612
   -.0453778
   -.0556370
   -.0624842
   -.0701313
   -.0733130
   -.0754098
   -.0741516
   -.0705657
   -.0612350
   -.0593330
   -.0543844
   -.0384124
   -.0328518
   -.0256548
   -.0197334
   -.0199208
   -.0194442
   -.0150876
   -.0163905
   -.0131493
   -.0150404
   -.0096291
   -.0130730
   -.0113597
   -.0082123
   -.0060715
   -.0087716
   -.0107778
   -.0168842
   -.0138078
   -.0152997
   -.0176079
   -.0258751
   -.0273024
   -.0258055
   -.0286819
   -.0418297
   -.0427128
   -.0434495
   -.0445756
   -.0447857
   -.0492268
   -.0472469
   -.0453565
   -.0410785
   -.0367613
   -.0328419
   -.0283059
   -.0222201
   -.0015380
    .0016615
    .0093528
    .0166093
    .0232109
    .0318661
    .0342995
    .0366617
    .0382432
    .0362359
    .0337516
    .0328429
    .0337865
    .0320104
    .0297811
    .0255353
    .0188966
    .0138065
    .0055998
   -.0029054
   -.0118659
   -.0222856
   -.0279112
   -.0328198
   -.0374828
   -.0417335
   -.0439475
   -.0435618
   -.0476898
   -.0497612
   -.0496718
   -.0498222
   -.0512702
   -.0503386
   -.0478215
   -.0480069
   -.0469061
   -.0443465
   -.0426417
   -.0424974
   -.0411703
   -.0363581
   -.0348333
   -.0328118
   -.0311350
   -.0314199
   -.0334528
   -.0337451
   -.0326965
   -.0329154
   -.0336781
   -.0353317
   -.0351364
   -.0353748
   -.0352747
   -.0327126
   -.0350945
   -.0347749
   -.0360665
   -.0422758
   -.0420330
   -.0391160
   -.0477056
   -.0505103
   -.0435883
   -.0590429
   -.0611871
   -.0486484
   -.0427772
   -.0510278
   -.0563631
   -.0570036
   -.0453020
   -.0423989
   -.0362325
   -.0347114
   -.0568920
   -.0591185
   -.0585059
   -.0404401
   -.0621610
   -.0496215
   -.0407901
   -.0534381
   -.0540703
   -.0504403
   -.0509434
   -.0355200
   -.0569345
   -.0617585
   -.0594858
   -.0519239
   -.0579165
   -.0772768
   -.0805015
   -.0782922
   -.0752024
   -.0790271
   -.0888134
   -.0863478
   -.0883990
   -.0887492
   -.0896040
   -.0925578
   -.0948839
   -.0960014
   -.0948483
   -.0951009
   -.0932522
   -.0892558
   -.0871697
   -.0827859
   -.0785439
   -.0743559
   -.0707013
   -.0660867
   -.0613279
   -.0552616
   -.0490905
   -.0436769
   -.0346244
   -.0269015
   -.0208510
   -.0160191
   -.0124642
   -.0127285
   -.0127952
   -.0207614
   -.0179609
   -.0167062
   -.0169462
   -.0162179
   -.0154167
   -.0095679
   -.0098023
   -.0094037
   -.0049663
    .0002872
    .0016162
    .0028633
    .0043397
    .0019541
   -.0001632
   -.0026124
   -.0012001
   -.0012594
   -.0062218
   -.0068546
   -.0098479
   -.0087764
   -.0061797
   -.0060738
   -.0030768
    .0091317
    .0159699
    .0128003
    .0193609
    .0277413
    .0135573
    .0167070
    .0129612
   -.0000009
   -.0194832
   -.0194075
   -.0242406
   -.0344974
   -.0442088
   -.0470832
   -.0458437
   -.0446845
   -.0416040
   -.0386454
   -.0335417
   -.0275420
   -.0248906
   -.0200578
   -.0163909
   -.0127325
   -.0067690
    .0024223
    .0117540
    .0225353
    .0297447
    .0396280
    .0462018
    .0559846
    .0646246
    .0692724
    .0719476
    .0771377
    .0819294
    .0877215
    .0922364
    .0921586
    .0930037
    .0958562
    .0954716
    .0910776
    .0886165
    .0826060
    .0817688
    .0788796
    .0771194
    .0781899
    .0774039
    .0750986
    .0748928
    .0746857
    .0678087
    .0702168
    .0692939
    .0643686
    .0654503
    .0612117
    .0607624
    .0590594
    .0648649
    .0679634
    .0743850
    .0766396
    .0953289
    .1015517
    .1110143
    .1215212
    .1306548
    .1300292
    .1270588
    .1327880
    .1299565
    .1157785
    .1104069
    .0816994
    .0800017
    .0714396
    .0494268
    .0377424
    .0154243
    .0043249
   -.0072940
   -.0110891
   -.0155531
   -.0205970
   -.0218975
   -.0265582
   -.0142619
   -.0160621
   -.0149403
   -.0138249
   -.0157557
   -.0132396
   -.0120783
   -.0144023
   -.0126750
   -.0147066
   -.0148548
   -.0067242
   -.0071642
    .0031020
    .0102672
    .0199716
    .0253685
    .0281020
    .0340117
    .0405396
    .0467778
    .0502314
    .0533090
    .0545787
    .0559025
    .0566535
    .0561625
    .0546577
    .0544970
    .0503414
    .0477642
    .0453005
    .0408083
    .0368864
    .0344215
    .0331105
    .0310999
    .0336113
    .0357014
    .0390113
    .0428326
    .0475201
    .0502813
    .0554165
    .0605233
    .0616908
    .0628261
    .0660805
    .0645950
    .0609894
    .0567070
    .0526590
    .0493944
    .0458536
    .0435347
    .0410014
    .0377124
    .0339072
    .0273560
    .0210641
    .0137071
    .0076554
    .0018990
   -.0075402
   -.0149623
   -.0206935
   -.0241178
   -.0286428
   -.0352317
   -.0403091
   -.0441244
   -.0489635
   -.0492926
   -.0543658
   -.0577188
   -.0640511
   -.0649246
   -.0636567
   -.0644856
   -.0677677
   -.0688158
   -.0639021
   -.0612340
   -.0627593
   -.0627275
   -.0574520
   -.0550896
   -.0564701
   -.0568742
   -.0610869
   -.0648973
   -.0667833
   -.0697746
   -.0717512
   -.0754143
   -.0768275
   -.0734456
   -.0737387
   -.0739846
   -.0728943
   -.0728877
   -.0728219
   -.0710611
   -.0693705
   -.0681227
   -.0704469
   -.0705154
   -.0753662
   -.0827669
   -.0830152
   -.0771175
   -.0713519
   -.0647651
   -.0574684
   -.0520472
   -.0457227
   -.0429058
   -.0422198
   -.0463944
   -.0485066
   -.0504623
   -.0530659
   -.0643987
   -.0693684
   -.0713553
   -.0703503
   -.0716932
   -.0637578
   -.0636643
   -.0659990
   -.0693366
   -.0741976
   -.0799196
   -.0874882
   -.0931200
   -.1065643
   -.1166920
   -.1194627
   -.1206752
   -.1222750
   -.1242797
   -.1191449
   -.1133377
   -.1120705
   -.0998350
   -.0781263
   -.0756789
   -.0699704
   -.0715056
   -.0754565
   -.0761819
   -.0820492
   -.0863548
   -.0962460
   -.0950345
   -.0983959
   -.0980964
   -.1016100
   -.0968239
   -.0829902
   -.0834121
   -.0824714
   -.0910797
   -.0937498
   -.0881679
   -.0845802
   -.0828603
   -.0783785
   -.0729667
   -.0602794
   -.0614534
   -.0584365
   -.0444302
   -.0400605
   -.0371130
   -.0272905
   -.0200956
   -.0189740
   -.0156005
   -.0112457
   -.0089165
   -.0065939
   -.0045695
   -.0027179
   -.0020641
   -.0030141
   -.0040501
   -.0073236
   -.0116336
   -.0129393
   -.0167903
   -.0215225
   -.0233065
   -.0270275
   -.0347176
   -.0385441
   -.0377807
   -.0395663
   -.0422102
   -.0345750
   -.0299779
   -.0302345
   -.0288142
   -.0282831
   -.0267700
   -.0260949
   -.0263952
   -.0272882
   -.0272612
   -.0279939
   -.0289844
   -.0282067
   -.0276013
   -.0270428
   -.0266630
   -.0261012
   -.0252411
   -.0232243
   -.0205456
   -.0176106
   -.0133444
   -.0097666
   -.0065360
    .0002001
    .0057627
    .0057735
    .0091886
    .0089306
    .0083061
    .0103414
    .0106820
    .0113140
    .0113358
    .0109250
    .0093461
    .0046777
    .0009639
   -.0013229
   -.0045660
   -.0056752
   -.0065316
   -.0057336
   -.0053261
   -.0056010
   -.0058914
   -.0060795
   -.0061282
   -.0062017
   -.0064759
   -.0068695
   -.0073880
   -.0080505
   -.0088738
   -.0098863
   -.0111803
   -.0126622
   -.0143334
   -.0165022
   -.0183469
   -.0202107
   -.0214768
   -.0223644
   -.0227409
   -.0219894
   -.0211029
   -.0195346
   -.0180761
   -.0164758
   -.0144183
   -.0129660
   -.0109275
   -.0089336
   -.0063551
   -.0033140
    .0011597
    .0068627
    .0126545
    .0169378
    .0195193
    .0214834
    .0227137
    .0211538
    .0195853
    .0209488
    .0192313
    .0171498
    .0162939
    .0124130
    .0102945
    .0100222
    .0084554
    .0080566
    .0075489
    .0075508
    .0070111
    .0052627
    .0049648
    .0058479
    .0063686
    .0073451
    .0086987
    .0125480
    .0135346
    .0103295
    .0103619
    .0062403
    .0032444
    .0016639
   -.0018557
   -.0036567
   -.0057806
   -.0085226
   -.0113399
   -.0138629
   -.0154580
   -.0173492
   -.0196055
   -.0188409
   -.0205704
   -.0229335
   -.0237111
   -.0260758
   -.0293045
   -.0324389
   -.0353058
   -.0375209
   -.0395191
   -.0405183
   -.0406289
   -.0397062
   -.0381853
   -.0356574
   -.0334991
   -.0300722
   -.0266784
   -.0253943
   -.0217983
   -.0145678
   -.0102009
   -.0028990
    .0039456
    .0058875
    .0097900
    .0102352
    .0108863
    .0122859
    .0119883
    .0122002
    .0123771
    .0128784
    .0133444
    .0134066
    .0133010
    .0128393
    .0121701
    .0112762
    .0104219
    .0092921
    .0081677
    .0069383
    .0057180
    .0045762
    .0034652
    .0025001
    .0016157
    .0008883
    .0001529
   -.0003540
   -.0009672
   -.0014550
   -.0021011
   -.0031497
   -.0038897
   -.0047126
   -.0047721
   -.0043336
   -.0032621
   -.0015937
    .0003875
    .0038270
    .0073069
    .0110530
    .0139300
    .0163007
    .0177431
    .0182266
    .0175393
    .0164083
    .0166878
    .0173145
    .0173818
    .0172089
    .0165174
    .0156074
    .0133162
    .0095263
    .0048231
   -.0002034
   -.0038080
   -.0070188
   -.0115840
   -.0137049
   -.0172724
   -.0236997
   -.0264890
   -.0313424
   -.0337022
   -.0314568
   -.0318101
   -.0269585
   -.0229152
   -.0211090
   -.0165062
   -.0137656
   -.0114062
   -.0086476
   -.0057163
   -.0022330
    .0010069
    .0044863
    .0078180
    .0110172
    .0141206
    .0168824
    .0196310
    .0219681
    .0246716
    .0272882
    .0308759
    .0347186
    .0386663
    .0422826
    .0456985
    .0488676
    .0513841
    .0526301
    .0534831
    .0529098
    .0521794
    .0508940
    .0511034
    .0515756
    .0519363
    .0523423
    .0523639
    .0523244
    .0520896
    .0506867
    .0491059
    .0467764
    .0450658
    .0435253
    .0421772
    .0415642
    .0406238
    .0399882
    .0393530
    .0385034
    .0375917
    .0364064
    .0350498
    .0333734
    .0314691
    .0292163
    .0267336
    .0239540
    .0208755
    .0175619
    .0140867
    .0102247
    .0064828
    .0026984
   -.0007785
   -.0042202
   -.0076282
   -.0100016
   -.0133628
   -.0170820
   -.0219985
   -.0314276
   -.0366560
   -.0374294
   -.0409198
   -.0404757
   -.0386100
   -.0358383
   -.0340803
   -.0359192
   -.0348646
   -.0319795
   -.0303846
   -.0280770
   -.0254270
   -.0224015
   -.0199048
   -.0178586
   -.0163004
   -.0148305
   -.0133738
   -.0118153
   -.0101548
   -.0082644
   -.0062122
   -.0039846
   -.0016557
    .0021193
    .0058336
    .0087297
    .0112174
    .0131967
    .0145083
    .0143055
    .0137003
    .0122544
    .0116309
    .0113391
    .0113466
    .0120910
    .0123240
    .0129034
    .0132833
    .0132677
    .0131329
    .0124741
    .0116043
    .0102284
    .0086273
    .0066267
    .0044925
    .0020862
   -.0001464
   -.0023740
   -.0041368
   -.0053561
   -.0061534
   -.0060594
   -.0057023
   -.0044760
   -.0032546
   -.0018022
   -.0004512
    .0007638
    .0024926
    .0042336
    .0073645
    .0103591
    .0116149
    .0179419
    .0226458
    .0221945
    .0254578
    .0252007
    .0240144
    .0252766
    .0255458
    .0250760
    .0245323
    .0238357
    .0229477
    .0215344
    .0202107
    .0184881
    .0170764
    .0158727
    .0146232
    .0139814
    .0131730
    .0125371
    .0121244
    .0114221
    .0109002
    .0102699
    .0096575
    .0090578
    .0084638
    .0078982
    .0073699
    .0069016
    .0066986
    .0066887
    .0070874
    .0078723
    .0084910
    .0089597
    .0092633
    .0096708
    .0100119
    .0098509
    .0095825
    .0089177
    .0083989
    .0078776
    .0074346
    .0072864
    .0071584
    .0072458
    .0075927
    .0080457
    .0088862
    .0100393
    .0112265
    .0124652
    .0129178
    .0135594
    .0142100
    .0142736
    .0136091
    .0124803
    .0105651
    .0070657
    .0047438
    .0035969
   -.0005292
   -.0034710
   -.0076982
   -.0166979
   -.0218324
   -.0280061
   -.0352404
   -.0353235
   -.0379278
   -.0414957
   -.0420218
   -.0456466
   -.0469462
   -.0464492
   -.0458092
   -.0447517
   -.0430158
   -.0408190
   -.0380231
   -.0350615
   -.0318427
   -.0286323
   -.0254223
   -.0220979
   -.0186141
   -.0152105
   -.0118525
   -.0087057
   -.0056844
   -.0029795
   -.0005128
    .0016606
    .0034227
    .0046526
    .0055532
    .0065368
    .0079628
    .0095337
    .0098928
    .0104614
    .0108282
    .0117154
    .0125985
    .0129710
    .0131607
    .0143887
    .0149724
    .0147750
    .0146484
    .0145544
    .0149735
    .0157975
    .0178209
    .0197627
    .0203262
    .0236449
    .0260531
    .0254710
    .0276958
    .0272754
    .0271476
    .0294259
    .0295701
    .0303053
    .0309121
    .0305051
    .0295712
    .0279684
    .0248155
    .0198292
    .0130349
    .0047377
   -.0031652
   -.0109785
   -.0185718
   -.0247994
   -.0304474
   -.0347836
   -.0380322
   -.0403676
   -.0419846
   -.0429430
   -.0437499
   -.0400205
   -.0376241
   -.0393696
   -.0404711
   -.0381220
   -.0389633
   -.0425331
   -.0442072
   -.0494224
   -.0515379
   -.0494241
   -.0539932
   -.0549854
   -.0542854
   -.0573296
   -.0611344
   -.0630030
   -.0636277
   -.0620394
   -.0590827
   -.0582878
   -.0581221
   -.0603662
   -.0658713
   -.0696634
   -.0702584
   -.0731434
   -.0771692
   -.0720676
   -.0691685
   -.0721703
   -.0719070
   -.0705292
   -.0671651
   -.0631759
   -.0583455
   -.0533277
   -.0483948
   -.0431774
   -.0374977
   -.0328410
   -.0284936
   -.0258299
   -.0232218
   -.0212390
   -.0182527
   -.0154498
   -.0135670
   -.0132600
   -.0128071
   -.0128962
   -.0133000
   -.0154003
   -.0174603
   -.0197296
   -.0211500
   -.0220767
   -.0229685
   -.0242183
   -.0254068
   -.0257566
   -.0261630
   -.0267965
   -.0277105
   -.0285315
   -.0287760
   -.0288668
   -.0292305
   -.0300120
   -.0300683
   -.0315028
   -.0321874
   -.0320579
   -.0321556
   -.0327365
   -.0331378
   -.0334007
   -.0327352
   -.0314505
   -.0298437
   -.0283113
   -.0269090
   -.0260652
   -.0261987
   -.0263771
   -.0273340
   -.0289642
   -.0313050
   -.0348186
   -.0381117
   -.0425071
   -.0469821
   -.0514403
   -.0553297
   -.0586390
   -.0613486
   -.0631637
   -.0647672
   -.0650515
   -.0644298
   -.0641927
   -.0632228
   -.0636386
   -.0636964
   -.0636517
   -.0637162
   -.0635038
   -.0632445
   -.0630750
   -.0626393
   -.0622404
   -.0613724
   -.0600966
   -.0589826
   -.0579023
   -.0577553
   -.0574716
   -.0574525
   -.0582893
   -.0591835
   -.0610342
   -.0625904
   -.0641312
   -.0654705
   -.0665229
   -.0679417
   -.0683141
   -.0652738
   -.0613172
   -.0609107
   -.0571426
   -.0476680
   -.0439280
   -.0408196
   -.0343114
   -.0297278
   -.0273254
   -.0251800
   -.0226700
   -.0188337
   -.0138659
   -.0102336
   -.0070896
   -.0035760
   -.0007836
    .0021504
    .0037867
    .0056650
    .0073756
    .0094391
    .0129411
    .0155482
    .0184080
    .0205429
    .0218320
    .0223582
    .0228311
    .0226047
    .0230455
    .0230875
    .0236391
    .0236373
    .0227366
    .0199162
    .0132977
    .0089468
    .0082576
    .0024937
    .0013353
    .0020907
    .0007116
    .0004751
    .0006699
    .0008581
    .0013020
    .0015962
    .0022021
    .0028374
    .0037538
    .0046447
    .0057009
    .0065082
    .0072131
    .0080707
    .0087620
    .0092829
    .0094983
    .0095111
    .0092708
    .0087084
    .0078845
    .0067443
    .0049222
    .0030882
    .0007851
   -.0014168
   -.0035406
   -.0055708
   -.0069025
   -.0080487
   -.0083094
   -.0090298
   -.0094743
   -.0094619
   -.0098468
   -.0099991
   -.0108561
   -.0112065
   -.0117738
   -.0117545
   -.0109683
   -.0089921
   -.0045338
   -.0002475
    .0033573
    .0068948
    .0090793
    .0106259
    .0097600
    .0084905
    .0059294
    .0034022
    .0017996
    .0001671
   -.0002566
   -.0002812
    .0010673
    .0024197
    .0040861
    .0058212
    .0072408
    .0087605
    .0098071
    .0105733
    .0107348
    .0106393
    .0099302
    .0090097
    .0077222
    .0064620
    .0048177
    .0035220
    .0025735
    .0019288
    .0022579
    .0026306
    .0036711
    .0046527
    .0056960
    .0071797
    .0081957
    .0095031
    .0107423
    .0120694
    .0134525
    .0149082
    .0165823
    .0181049
    .0196117
    .0209384
    .0220402
    .0230696
    .0238741
    .0246804
    .0254419
    .0262905
    .0271668
    .0280814
    .0286795
    .0291376
    .0291074
    .0282602
    .0272738
    .0262803
    .0262733
    .0264915
    .0251405
    .0235791
    .0204113
    .0169081
    .0128394
    .0086953
    .0047301
    .0007977
   -.0026179
   -.0056133
   -.0079223
   -.0096015
   -.0104301
   -.0105052
   -.0096372
   -.0079667
   -.0054220
   -.0018204
    .0025183
    .0076537
    .0143676
    .0201303
    .0260691
    .0310727
    .0333054
    .0379471
    .0461198
    .0488229
    .0518715
    .0552574
    .0513537
    .0506067
    .0511041
    .0488419
    .0483347
    .0476061
    .0470663
    .0459252
    .0442247
    .0419317
    .0399161
    .0380870
    .0369701
    .0356685
    .0347540
    .0340344
    .0333783
    .0329400
    .0326481
    .0324291
    .0323235
    .0322481
    .0322155
    .0321846
    .0321171
    .0320536
    .0319536
    .0318387
    .0316767
    .0314943
    .0312389
    .0309536
    .0306017
    .0302040
    .0297572
    .0291567
    .0284423
    .0276580
    .0264323
    .0255585
    .0246953
    .0242509
    .0244510
    .0244278
    .0250666
    .0252679
    .0252253
    .0257922
    .0258295
    .0267232
    .0280052
    .0297987
    .0323904
    .0353633
    .0397897
    .0434029
    .0468128
    .0484261
    .0481652
    .0475087
    .0448823
    .0425581
    .0396967
    .0367356
    .0348264
    .0321206
    .0297222
    .0270633
    .0240382
    .0206735
    .0163624
    .0125827
    .0083272
    .0051293
    .0026047
    .0007704
    .0009798
    .0014647
    .0034650
    .0055659
    .0080357
    .0098080
    .0106252
    .0114718
    .0112809
    .0109445
    .0089715
    .0071449
    .0051230
    .0030152
    .0013709
   -.0005344
   -.0022237
   -.0038920
   -.0055264
   -.0070294
   -.0084302
   -.0097198
   -.0108921
   -.0119522
   -.0128473
   -.0134005
   -.0132260
   -.0138960
   -.0158756
   -.0168258
   -.0195854
   -.0225642
   -.0261382
   -.0291017
   -.0316266
   -.0337512
   -.0347021
   -.0349833
   -.0341707
   -.0324797
   -.0293657
   -.0261793
   -.0225556
   -.0193282
   -.0165664
   -.0130349
   -.0112392
   -.0092536
   -.0083562
   -.0074522
   -.0069849
   -.0074875
   -.0078456
   -.0087337
   -.0092080
   -.0092929
   -.0095355
   -.0098090
   -.0103357
   -.0111357
   -.0121268
   -.0134686
   -.0153446
   -.0171737
   -.0194463
   -.0215616
   -.0236441
   -.0255128
   -.0269037
   -.0280464
   -.0285992
   -.0287819
   -.0283329
   -.0276552
   -.0264074
   -.0250635
   -.0237943
   -.0217834
   -.0199151
   -.0175733
   -.0141122
   -.0115745
   -.0089931
   -.0078289
   -.0081486
   -.0086262
   -.0111861
   -.0138038
   -.0166527
   -.0209656
   -.0255542
   -.0300250
   -.0352258
   -.0398023
   -.0437088
   -.0469248
   -.0486080
   -.0500096
   -.0497209
   -.0492673
   -.0479748
   -.0471752
   -.0469457
   -.0463383
   -.0471069
   -.0476019
   -.0482104
   -.0491831
   -.0503209
   -.0516583
   -.0530402
   -.0545403
   -.0559923
   -.0575590
   -.0588579
   -.0607346
   -.0631079
   -.0659915
   -.0705941
   -.0745161
   -.0784332
   -.0800559
   -.0807750
   -.0805705
   -.0795030
   -.0775199
   -.0751374
   -.0720105
   -.0701711
   -.0681186
   -.0668633
   -.0657347
   -.0647154
   -.0635102
   -.0627989
   -.0619916
   -.0602757
   -.0591808
   -.0581193
   -.0571939
   -.0574775
   -.0573493
   -.0574016
   -.0574588
   -.0568915
   -.0565633
   -.0559153
   -.0549380
   -.0538121
   -.0523338
   -.0509604
   -.0492676
   -.0475274
   -.0458714
   -.0444082
   -.0431081
   -.0417993
   -.0402990
   -.0387788
   -.0369587
   -.0350814
   -.0329436
   -.0306882
   -.0283096
   -.0262644
   -.0245065
   -.0238471
   -.0247525
   -.0229987
   -.0210246
   -.0237033
   -.0249882
   -.0251977
   -.0265096
   -.0280614
   -.0294508
   -.0308010
   -.0320467
   -.0332052
   -.0342587
   -.0351745
   -.0359597
   -.0365964
   -.0372503
   -.0377618
   -.0382722
   -.0384651
   -.0387247
   -.0393002
   -.0396366
   -.0403954
   -.0408357
   -.0411573
   -.0413092
   -.0409134
   -.0402953
   -.0391015
   -.0376694
   -.0359437
   -.0347724
   -.0337504
   -.0324724
   -.0316424
   -.0307850
   -.0307386
   -.0305438
   -.0303907
   -.0302941
   -.0297415
   -.0292197
   -.0285292
   -.0272463
   -.0258414
   -.0237566
   -.0203095
   -.0181075
   -.0158107
   -.0134419
   -.0126317
   -.0118568
   -.0124415
   -.0125631
   -.0127093
   -.0131042
   -.0128496
   -.0128663
   -.0126329
   -.0123652
   -.0122800
   -.0121537
   -.0120938
   -.0119877
   -.0119057
   -.0116846
   -.0113425
   -.0106267
   -.0096740
   -.0085633
   -.0073185
   -.0062169
   -.0049885
   -.0036131
   -.0019497
   -.0003227
    .0008424
    .0025473
    .0032194
    .0049891
    .0073895
    .0093183
    .0118778
    .0133168
    .0145135
    .0164733
    .0175635
    .0189323
    .0209837
    .0216800
    .0220741
    .0228911
    .0225857
    .0222158
    .0221213
    .0218685
    .0218279
    .0218012
    .0218937
    .0214397
    .0198235
    .0181525
    .0156341
    .0130716
    .0104070
    .0077113
    .0055635
    .0034300
    .0016526
    .0001267
   -.0008794
   -.0020362
   -.0032956
   -.0037744
   -.0049693
   -.0055209
   -.0068371
   -.0089947
   -.0105174
   -.0095312
   -.0078952
   -.0083990
   -.0074932
   -.0038673
   -.0040376
   -.0029838
   -.0013715
   -.0026863
   -.0038085
   -.0047862
   -.0070091
   -.0099353
   -.0121832
   -.0139198
   -.0142200
   -.0152805
   -.0156072
   -.0164183
   -.0169801
   -.0179233
   -.0186997
   -.0194066
   -.0198779
   -.0205489
   -.0208880
   -.0211583
   -.0212213
   -.0212494
   -.0213331
   -.0212354
   -.0213299
   -.0213321
   -.0214133
   -.0214944
   -.0215981
   -.0217103
   -.0218518
   -.0219819
   -.0221470
   -.0222810
   -.0224348
   -.0225438
   -.0226800
   -.0227858
   -.0229183
   -.0229470
   -.0229380
   -.0227834
   -.0226061
   -.0222220
   -.0217946
   -.0209530
   -.0202813
   -.0189150
   -.0170144
   -.0145555
   -.0101554
   -.0068921
   -.0029646
    .0009206
    .0027234
    .0074493
    .0152755
    .0188161
    .0237594
    .0292951
    .0293184
    .0316680
    .0329714
    .0310533
    .0299528
    .0288397
    .0284829
    .0281295
    .0274430
    .0268270
    .0261821
    .0255863
    .0249931
    .0244698
    .0239604
    .0234627
    .0229301
    .0223796
    .0217750
    .0211439
    .0204639
    .0197611
    .0190202
    .0182656
    .0175066
    .0167326
    .0160054
    .0154123
    .0146650
    .0138692
    .0130316
    .0120278
    .0108661
    .0097265
    .0086935
    .0077378
    .0070528
    .0063259
    .0057713
    .0051742
    .0043057
    .0036594
    .0026739
    .0020029
    .0015430
    .0010391
    .0006243
    .0001397
   -.0003509
   -.0011103
   -.0018462
   -.0026075
   -.0034589
   -.0040062
   -.0046641
   -.0052817
   -.0057534
   -.0062471
   -.0066823
   -.0070677
   -.0073922
   -.0076041
   -.0077093
   -.0076640
   -.0075095
   -.0071384
   -.0065713
   -.0059030
   -.0047795
   -.0035133
   -.0019246
   -.0004783
    .0008023
    .0022987
    .0030234
    .0039791
    .0044216
    .0054004
    .0068403
    .0075126
    .0084689
    .0086688
    .0085140
    .0087365
    .0081461
    .0077516
    .0073023
    .0066866
    .0065163
    .0061423
    .0059818
    .0055545
    .0043862
    .0027078
   -.0001539
   -.0029434
   -.0064871
   -.0100644
   -.0136426
   -.0171905
   -.0198072
   -.0224927
   -.0241840
   -.0260000
   -.0275922
   -.0289683
   -.0308812
   -.0316761
   -.0325056
   -.0329316
   -.0321783
   -.0322027
   -.0322409
   -.0319800
   -.0323170
   -.0322821
   -.0324770
   -.0327201
   -.0329238
   -.0331176
   -.0332194
   -.0331395
   -.0329922
   -.0326866
   -.0320970
   -.0313537
   -.0302800
   -.0291018
   -.0278744
   -.0263668
   -.0249652
   -.0228694
   -.0211450
   -.0183731
   -.0146298
   -.0096081
   -.0023691
    .0040434
    .0106013
    .0135818
    .0107439
    .0106559
    .0108657
    .0086317
    .0084119
    .0080009
    .0081687
    .0082433
    .0077499
    .0075582
    .0066704
    .0059007
    .0047894
    .0041017
    .0038280
    .0030223
    .0025393
    .0012492
   -.0003997
   -.0013745
   -.0029382
   -.0042653
   -.0056881
   -.0071263
   -.0083046
   -.0094872
   -.0103813
   -.0113018
   -.0116994
   -.0124203
   -.0137153
   -.0154644
   -.0188996
   -.0217168
   -.0253404
   -.0273881
   -.0295384
   -.0330803
   -.0371033
   -.0394927
   -.0441690
   -.0468207
   -.0471218
   -.0471430
   -.0465125
   -.0456659
   -.0444232
   -.0419250
   -.0404007
   -.0387050
   -.0375799
   -.0364948
   -.0357652
   -.0349276
   -.0339749
   -.0333806
   -.0323051
   -.0316383
   -.0311748
   -.0310824
   -.0313708
   -.0316462
   -.0319575
   -.0322170
   -.0324698
   -.0326948
   -.0328999
   -.0330213
   -.0330898
   -.0330763
   -.0330168
   -.0328616
   -.0326538
   -.0323233
   -.0319219
   -.0313736
   -.0307559
   -.0300176
   -.0292762
   -.0284621
   -.0276925
   -.0267097
   -.0257523
   -.0248978
   -.0238459
   -.0225300
   -.0205126
   -.0183233
   -.0161922
   -.0136961
   -.0117316
   -.0098459
   -.0085906
   -.0076590
   -.0070957
   -.0064960
   -.0056982
   -.0050733
   -.0038408
   -.0031624
   -.0026694
   -.0019740
   -.0014242
   -.0007031
   -.0002977
   -.0004409
   -.0009201
   -.0030181
   -.0055091
   -.0053500
   -.0050643
   -.0055369
   -.0039706
   -.0029023
   -.0016397
    .0006556
    .0012267
    .0023839
    .0028456
    .0034382
    .0035907
    .0038512
    .0041764
    .0042074
    .0045696
    .0046592
    .0045977
    .0043265
    .0035956
    .0026740
    .0016325
    .0006985
   -.0004405
   -.0013768
   -.0022709
   -.0029650
   -.0036481
   -.0043565
   -.0050306
   -.0057954
   -.0066147
   -.0074676
   -.0084129
   -.0092926
   -.0102477
   -.0113354
   -.0124410
   -.0134645
   -.0143524
   -.0149180
   -.0153644
   -.0154018
   -.0153456
   -.0150622
   -.0147145
   -.0143616
   -.0140590
   -.0138277
   -.0137657
   -.0138351
   -.0140861
   -.0145059
   -.0150913
   -.0158864
   -.0168165
   -.0178909
   -.0190621
   -.0202391
   -.0213977
   -.0223427
   -.0230179
   -.0234344
   -.0237145
   -.0237222
   -.0237652
   -.0236680
   -.0233645
   -.0229191
   -.0223395
   -.0214766
   -.0205816
   -.0194194
   -.0182653
   -.0169950
   -.0158940
   -.0148571
   -.0136193
   -.0125538
   -.0112965
   -.0103076
   -.0086619
   -.0072819
   -.0064101
   -.0052716
   -.0050377
   -.0045453
   -.0045083
   -.0044224
   -.0041564
   -.0041963
   -.0038472
   -.0036951
   -.0035970
   -.0034705
   -.0036865
   -.0041233
   -.0048366
   -.0055599
   -.0070240
   -.0082011
   -.0095228
   -.0105976
   -.0111095
   -.0121390
   -.0129201
   -.0143790
   -.0164674
   -.0176410
   -.0191807
   -.0195924
   -.0188102
   -.0190798
   -.0177984
   -.0172552
   -.0172610
   -.0158735
   -.0158331
   -.0157379
   -.0151863
   -.0154290
   -.0151859
   -.0150095
   -.0151464
   -.0152911
   -.0157776
   -.0163016
   -.0171076
   -.0179538
   -.0189360
   -.0198590
   -.0206097
   -.0210903
   -.0217855
   -.0225360
   -.0230051
   -.0232029
   -.0233514
   -.0233945
   -.0233367
   -.0231598
   -.0230338
   -.0230709
   -.0231827
   -.0238804
   -.0252695
   -.0278302
   -.0307356
   -.0332472
   -.0371276
   -.0390569
   -.0417609
   -.0451735
   -.0483759
   -.0489616
   -.0508947
   -.0524346
   -.0511855
   -.0498692
   -.0477848
   -.0454420
   -.0435137
   -.0416154
   -.0402684
   -.0383420
   -.0366883
   -.0351401
   -.0344981
   -.0338777
   -.0334817
   -.0328710
   -.0321424
   -.0314584
   -.0300265
   -.0286335
   -.0273351
   -.0260197
   -.0249515
   -.0240240
   -.0234158
   -.0228028
   -.0223349
   -.0218596
   -.0215771
   -.0213742
   -.0213331
   -.0212978
   -.0212702
   -.0212958
   -.0212965
   -.0214126
   -.0214311
   -.0216102
   -.0216207
   -.0217839
   -.0217258
   -.0218162
   -.0217052
   -.0215890
   -.0212955
   -.0207217
   -.0191053
   -.0194794
   -.0217552
   -.0224618
   -.0231845
   -.0236321
   -.0241034
   -.0244448
   -.0248250
   -.0249758
   -.0250920
   -.0248192
   -.0244307
   -.0235492
   -.0227691
   -.0217363
   -.0209711
   -.0200265
   -.0195139
   -.0190619
   -.0191171
   -.0190330
   -.0192151
   -.0194143
   -.0200007
   -.0209017
   -.0223829
   -.0237816
   -.0262898
   -.0281243
   -.0298511
   -.0309197
   -.0304714
   -.0302805
   -.0289817
   -.0275993
   -.0265157
   -.0244306
   -.0233300
   -.0215914
   -.0196472
   -.0179277
   -.0160162
   -.0142230
   -.0129496
   -.0115837
   -.0100838
   -.0095311
   -.0091667
   -.0080268
   -.0075150
   -.0069448
   -.0065106
   -.0069411
   -.0061201
   -.0060724
   -.0073570
   -.0077882
   -.0099593
   -.0117504
   -.0130807
   -.0151646
   -.0166705
   -.0179152
   -.0191925
   -.0200630
   -.0207728
   -.0210354
   -.0210691
   -.0205737
   -.0198237
   -.0185387
   -.0170477
   -.0150671
   -.0131789
   -.0112679
   -.0091652
   -.0071859
   -.0052694
   -.0040461
   -.0031500
   -.0011159
    .0001118
    .0009433
    .0008526
    .0005854
   -.0002731
   -.0012759
   -.0018212
   -.0025776
   -.0026716
   -.0027041
   -.0028094
   -.0026146
   -.0026349
   -.0024266
   -.0024247
   -.0022623
   -.0023106
   -.0021925
   -.0022785
   -.0021835
   -.0022368
   -.0021001
   -.0020711
   -.0019139
   -.0018368
   -.0015922
   -.0015146
   -.0012519
   -.0011788
   -.0009321
   -.0008933
   -.0006975
   -.0007110
   -.0005689
   -.0006629
   -.0006137
   -.0007977
   -.0008542
   -.0011217
   -.0012665
   -.0016241
   -.0019055
   -.0023849
   -.0028495
   -.0036468
   -.0044095
   -.0058218
   -.0070063
   -.0084895
   -.0097586
   -.0110522
   -.0122535
   -.0131721
   -.0139581
   -.0144963
   -.0149515
   -.0157330
   -.0164289
   -.0181071
   -.0188993
   -.0195870
   -.0200941
   -.0196270
   -.0194603
   -.0193441
   -.0187591
   -.0188356
   -.0184937
   -.0183342
   -.0180486
   -.0178408
   -.0175220
   -.0173432
   -.0170545
   -.0169263
   -.0166861
   -.0166048
   -.0164069
   -.0163633
   -.0161803
   -.0161557
   -.0159830
   -.0159484
   -.0157761
   -.0157656
   -.0156028
   -.0156024
   -.0154469
   -.0154521
   -.0153350
   -.0153784
   -.0153006
   -.0153706
   -.0152900
   -.0153669
   -.0152745
   -.0153497
   -.0152521
   -.0153133
   -.0152025
   -.0152804
   -.0152341
   -.0153991
   -.0154964
   -.0158097
   -.0159969
   -.0164622
   -.0167223
   -.0172142
   -.0175009
   -.0179133
   -.0181631
   -.0185349
   -.0187326
   -.0190703
   -.0191825
   -.0191976
   -.0190802
   -.0195342
   -.0200414
   -.0211425
   -.0218148
   -.0228658
   -.0235587
   -.0243110
   -.0249540
   -.0252662
   -.0254284
   -.0257342
   -.0258417
   -.0262825
   -.0261805
   -.0265003
   -.0264231
   -.0265804
   -.0265220
   -.0267161
   -.0267577
   -.0269976
   -.0269702
   -.0271279
   -.0269742
   -.0269884
   -.0266417
   -.0265098
   -.0261216
   -.0259374
   -.0255414
   -.0253409
   -.0248258
   -.0245842
   -.0239793
   -.0236707
   -.0230331
   -.0227145
   -.0221070
   -.0218565
   -.0213228
   -.0213389
   -.0212796
   -.0214669
   -.0216570
   -.0219038
   -.0219352
   -.0222228
   -.0220285
   -.0221265
   -.0217576
   -.0216475
   -.0211574
   -.0209132
   -.0204086
   -.0202079
   -.0199349
   -.0201474
   -.0201993
   -.0204178
   -.0204386
   -.0208782
   -.0210965
   -.0215826
   -.0218275
   -.0223227
   -.0225731
   -.0230710
   -.0233143
   -.0238045
   -.0240297
   -.0245049
   -.0247033
   -.0251553
   -.0253213
   -.0257446
   -.0258741
   -.0262655
   -.0263573
   -.0267163
   -.0267719
   -.0270999
   -.0271206
   -.0274159
   -.0273994
   -.0276591
   -.0276068
   -.0278275
   -.0277299
   -.0279129
   -.0277736
   -.0279258
   -.0277610
   -.0278819
   -.0276929
   -.0277913
   -.0275802
   -.0276569
   -.0274291
   -.0274873
   -.0272412
   -.0272771
   -.0270096
   -.0270215
   -.0267330
   -.0267203
   -.0264124
   -.0263770
   -.0260471
   -.0259834
   -.0256275
   -.0255329
   -.0251503
   -.0250237
   -.0246167
   -.0244633
   -.0240361
   -.0238531
   -.0233982
   -.0231816
   -.0226994
   -.0224497
   -.0219462
   -.0216667
   -.0211420
   -.0208344
   -.0202907
   -.0199558
   -.0193941
   -.0190327
   -.0184540
   -.0180669
   -.0174720
   -.0170599
   -.0164495
   -.0160126
   -.0153875
   -.0149264
   -.0142873
   -.0138029
   -.0131509
   -.0126441
   -.0119799
   -.0114512
   -.0107754
   -.0102256
   -.0095392
   -.0089699
   -.0082744
   -.0076866
   -.0069845
   -.0063815
   -.0056718
   -.0050508
   -.0043289
   -.0036864
   -.0029513
   -.0022866
   -.0015380
   -.0008517
   -.0000896
    .0006173
    .0013925
    .0021193
    .0029078
    .0036537
    .0044561
    .0052212
    .0060388
    .0068237
    .0076589
    .0084650
    .0093210
    .0101497
    .0110295
    .0118823
    .0127892
    .0136673
    .0146050
    .0155101
    .0164829
    .0174162
    .0184291
    .0193923
    .0204514
    .0214470
    .0225597
    .0235902
    .0247653
    .0258335
    .0270819
    .0281908
    .0295258
    .0306794
    .0321185
    .0333218
    .0348882
    .0361469
    .0378713
    .0391929
    .0411177
    .0425116
    .0446982
    .0461770
    .0487160
    .0502975
    .0533316
    .0550428
    .0588147
    .0607013
    .0656726
    .0678256
    .0750648
    .0778778
    .0909373
    .0948390
    .1344360