   -.0065220
   -.0052234
   -.0063968
   -.0060871
   -.0066244
   -.0063108
   -.0066185
   -.0063653
   -.0065794
   -.0063688
   -.0065354
   -.0063679
   -.0065285
   -.0064059
   -.0065718
   -.0064758
   -.0066138
   -.0065080
   -.0065770
   -.0064726
   -.0065198
   -.0064208
   -.0052751
   -.0063960
   -.0064659
   -.0063924
   -.0064535
   -.0063870
   -.0064392
   -.0063739
   -.0064174
   -.0063462
   -.0063865
   -.0063629
   -.0064583
   -.0064986
   -.0066438
   -.0067193
   -.0069238
   -.0071161
   -.0075191
   -.0077438
   -.0078124
   -.0077679
   -.0077253
   -.0076012
   -.0074063
   -.0073283
   -.0072892
   -.0071342
   -.0071674
   -.0072477
   -.0074244
   -.0075956
   -.0078465
   -.0078799
   -.0079590
   -.0083982
   -.0098078
   -.0115931
   -.0128245
   -.0134621
   -.0135944
   -.0139653
   -.0139629
   -.0138641
   -.0140229
   -.0130055
   -.0116519
   -.0106413
   -.0078343
   -.0050463
   -.0047043
   -.0020018
    .0020451
    .0031819
    .0022644
    .0032067
    .0047127
    .0046113
    .0035079
    .0036588
    .0037252
    .0027249
    .0034016
   -.0013789
   -.0175229
   -.0239813
   -.0221228
   -.0259564
   -.0311142
   -.0320401
   -.0310837
   -.0221751
   -.0037436
   -.0029860
   -.0044636
    .0040407
    .0102987
    .0088982
    .0080133
    .0065174
    .0035679
   -.0003012
   -.0050415
   -.0102591
   -.0160150
   -.0217863
   -.0273558
   -.0326108
   -.0368618
   -.0400785
   -.0417324
   -.0412408
   -.0380750
   -.0321296
   -.0234100
   -.0142861
   -.0024651
    .0073446
    .0119711
    .0134509
    .0124095
    .0124321
    .0103179
    .0064483
    .0057967
    .0043013
   -.0007318
    .0000294
    .0024723
    .0028388
    .0053377
    .0076182
    .0033360
   -.0036933
   -.0124676
   -.0167581
   -.0182923
   -.0205352
   -.0177171
   -.0138399
   -.0070609
   -.0030790
   -.0047726
   -.0013047
    .0033154
    .0032927
    .0057522
    .0083108
    .0083885
    .0105304
    .0192183
    .0183000
    .0097893
    .0095009
    .0060339
   -.0010832
   -.0042570
   -.0126484
   -.0302687
   -.0395376
   -.0441916
   -.0485562
   -.0495502
   -.0474868
   -.0435090
   -.0378657
   -.0307244
   -.0225119
   -.0138200
   -.0052697
    .0029555
    .0099939
    .0155970
    .0200685
    .0234801
    .0228321
    .0131158
    .0127084
    .0145112
    .0100530
    .0108404
    .0110003
    .0037842
   -.0079098
   -.0229130
   -.0309868
   -.0358705
   -.0394471
   -.0384962
   -.0335363
   -.0237656
   -.0124179
   -.0042584
    .0021837
    .0057602
    .0087076
    .0113251
    .0135475
    .0172154
    .0192234
    .0171030
    .0162749
    .0292252
    .0228191
   -.0247412
   -.0375874
   -.0276987
   -.0354106
   -.0480963
   -.0504145
   -.0515260
   -.0481156
   -.0381162
   -.0227680
   -.0033444
    .0016055
   -.0014173
    .0067453
    .0095946
    .0085450
    .0121288
    .0128596
    .0133311
    .0129586
    .0094440
    .0041884
   -.0030015
   -.0094303
   -.0165443
   -.0232379
   -.0255123
   -.0275234
   -.0284687
   -.0268533
   -.0224982
   -.0155934
   -.0040303
    .0032395
    .0057283
    .0127628
    .0224633
    .0250895
    .0236496
    .0256057
    .0266624
    .0260428
    .0254973
    .0256235
    .0267602
    .0278212
    .0298929
    .0304231
    .0272114
    .0222743
    .0154423
    .0077691
   -.0012702
   -.0118691
   -.0220012
   -.0307886
   -.0379531
   -.0434287
   -.0466485
   -.0475013
   -.0452973
   -.0441301
   -.0428932
   -.0406462
   -.0407989
   -.0398360
   -.0383977
   -.0374893
   -.0375251
   -.0379715
   -.0384331
   -.0339147
   -.0261427
   -.0197315
   -.0072439
    .0009761
    .0056244
    .0126282
    .0123508
    .0128677
    .0150829
    .0127804
    .0090611
    .0065732
    .0025280
   -.0004077
    .0002947
   -.0013080
   -.0008730
   -.0018991
   -.0049709
   -.0080356
   -.0143273
   -.0209812
   -.0264399
   -.0305065
   -.0336815
   -.0336587
   -.0281401
   -.0219629
   -.0080056
    .0041527
    .0176226
    .0289750
    .0335788
    .0389495
    .0362524
    .0338262
    .0281808
    .0219293
    .0165660
    .0108908
    .0078931
    .0061069
    .0058929
    .0056305
    .0069826
    .0080323
    .0050072
    .0116723
    .0299552
    .0354137
    .0317900
    .0376574
    .0420800
    .0402491
    .0313377
    .0180946
    .0018445
   -.0057434
   -.0132196
   -.0223529
   -.0210936
   -.0192604
   -.0200665
   -.0191037
   -.0181232
   -.0184624
   -.0200915
   -.0221115
   -.0244300
   -.0213645
   -.0168067
   -.0121951
   -.0006666
    .0089558
    .0201956
    .0294450
    .0332000
    .0369734
    .0341859
    .0299656
    .0244519
    .0162719
    .0079589
   -.0002268
   -.0077888
   -.0137737
   -.0173786
   -.0198510
   -.0198472
   -.0194601
   -.0205166
   -.0210633
   -.0212096
   -.0214597
   -.0222676
   -.0203753
    .0063915
    .0131936
    .0055503
    .0092052
    .0104716
    .0048981
    .0022605
    .0011889
    .0015430
    .0033793
    .0073028
    .0109105
    .0148962
    .0178212
    .0216011
    .0115114
   -.0188712
   -.0207303
   -.0153795
   -.0227823
   -.0172673
   -.0165147
   -.0251663
   -.0331847
   -.0410496
   -.0467371
   -.0539028
   -.0544978
   -.0457262
   -.0372637
   -.0174382
    .0000824
    .0186677
    .0354825
    .0407294
    .0519606
    .0576191
    .0590511
    .0635171
    .0683899
    .0727497
    .0678463
    .0586542
    .0478562
    .0248158
    .0064304
   -.0144705
   -.0323800
   -.0392303
   -.0487380
   -.0474034
   -.0458941
   -.0481162
   -.0400384
   -.0304904
   -.0194898
    .0049948
    .0183767
    .0271362
    .0365827
    .0313398
    .0286460
    .0237945
    .0141972
    .0045606
   -.0047335
   -.0127146
   -.0183006
   -.0235702
   -.0248588
   -.0164348
   -.0104679
   -.0169799
   -.0244382
   -.0320708
   -.0340084
   -.0360516
   -.0369583
   -.0343122
   -.0289630
   -.0211104
   -.0130805
   -.0022112
    .0067575
    .0094314
    .0142635
    .0205683
    .0214024
    .0160853
    .0121800
    .0066154
   -.0026719
   -.0194972
   -.0289447
   -.0332750
   -.0414116
   -.0506028
   -.0537172
   -.0530203
   -.0549214
   -.0551662
   -.0538850
   -.0535282
   -.0536210
   -.0534004
   -.0526089
   -.0526245
   -.0521445
   -.0502898
   -.0500647
   -.0553245
   -.0563357
   -.0552538
   -.0563675
   -.0593799
   -.0621946
   -.0654921
   -.0693398
   -.0735429
   -.0779521
   -.0825957
   -.0871723
   -.0915273
   -.0951013
   -.0982221
   -.1012332
   -.1028821
   -.1037360
   -.1035562
   -.1038289
   -.1040142
   -.1045389
   -.1069055
   -.1090848
   -.1118667
   -.1126542
   -.1114367
   -.1142334
   -.1228888
   -.1217563
   -.1192032
   -.1198923
   -.1171828
   -.1139430
   -.1114130
   -.1090981
   -.1068288
   -.1043223
   -.1020192
   -.1004409
   -.1013789
   -.1034433
   -.1069242
   -.1074352
   -.1079946
   -.1104533
   -.1103183
   -.1101028
   -.1125282
   -.1148602
   -.1164839
   -.1172415
   -.1173043
   -.1164530
   -.1144219
   -.1117967
   -.1084072
   -.1046932
   -.1007343
   -.0968623
   -.0930396
   -.0891347
   -.0862573
   -.0846201
   -.0877323
   -.0937867
   -.1036794
   -.1149346
   -.1302096
   -.1445683
   -.1591227
   -.1727745
   -.1821872
   -.1895009
   -.1925831
   -.1973103
   -.2219353
   -.2562170
   -.2577328
   -.2419801
   -.2219673
   -.1668800
   -.1438350
   -.1161648
   -.0809633
   -.0453572
   -.0089066
    .0208726
    .0252578
    .0402084
   -.0151818
   -.0301693
   -.0255776
   -.0212737
    .0038506
    .0382141
    .0751236
    .0982961
    .2141051
    .2577800
    .2960041
    .2914876
    .2827646
    .2302715
    .1323796
    .1165483
    .1378742
    .1399517
    .1680397
    .1836352
    .2269455
    .2497843
    .2892097
    .3103414
    .3261575
    .3430148
    .3539551
    .3589755
    .3378139
    .3297480
    .3227935
    .3198794
    .3224545
    .3334128
    .3693206
    .3830497
    .3993793
    .4003009
    .4055583
    .4011925
    .3832673
    .3627832
    .3452330
    .3243573
    .2976391
    .2789306
    .2573692
    .2033849
    .1842487
    .1654321
    .1539301
    .1353166
    .1306496
    .1309236
    .1327659
    .1341618
    .1402157
    .1421676
    .1406939
    .1378529
    .1399164
    .1416361
    .1551285
    .1645254
    .1678477
    .1735667
    .1777562
    .1817862
    .1905015
    .1963846
    .1977915
    .2026174
    .2041069
    .1955612
    .1951221
    .1922028
    .1829473
    .1674522
    .1581618
    .1417907
    .1227032
    .0966466
    .0786733
    .0570768
    .0312831
    .0070680
   -.0214558
   -.0517916
   -.0792843
   -.1046353
   -.1237347
   -.1465218
   -.1581232
   -.1715230
   -.1427563
   -.1474429
   -.1267935
   -.1191567
   -.1163353
   -.1316047
   -.1459504
   -.1623569
   -.1759026
   -.1867533
   -.2026115
   -.2658852
   -.2971935
   -.3175180
   -.3630538
   -.3743624
   -.4159200
   -.4299407
   -.4477219
   -.4581303
   -.4761266
   -.4900660
   -.4989181
   -.4966971
   -.4982095
   -.4733773
   -.4863123
   -.4531625
   -.4279744
   -.4201723
   -.3749979
   -.3338751
   -.2826120
   -.2125370
   -.1428313
   -.0796188
   -.0147612
    .0720460
    .1225718
    .1065578
    .1639606
    .1827371
    .2475350
    .2884415
    .3272468
    .3591349
    .3887090
    .4090539
    .4435655
    .4379051
    .4186546
    .3985348
    .3625196
    .3324386
    .2653268
    .2459000
    .1724522
    .1380832
    .1130164
    .0819850
    .0478715
    .0569260
    .0536516
    .1125545
    .1009120
    .0947087
    .0777539
    .0533357
    .0155682
    .0046683
   -.0080432
   -.0253781
   -.0374954
   -.0341858
   -.0277511
    .0000734
    .0179923
    .0299704
    .0453171
    .0547208
    .0594158
    .0616429
    .0589500
    .0574503
    .0578709
    .0544924
    .0541029
    .0504050
    .0480430
    .0498060
    .0521790
    .0556333
    .0615425
    .0537156
    .0571549
    .0582471
    .0598120
    .0633211
    .0708912
    .0781285
    .0756403
    .0732431
    .0706814
    .0705850
    .0721697
    .0756171
    .0778056
    .0807452
    .0842797
    .0838459
    .0848101
    .0957532
    .0965373
    .0980105
    .0983654
    .0925109
    .0814801
    .0596770
    .0447685
    .0082079
   -.0199404
   -.0328289
   -.0471736
   -.0577892
   -.0742538
   -.0920147
   -.1045719
   -.1184171
   -.1336749
   -.1436176
   -.1456472
   -.1474710
   -.1631995
   -.1757903
   -.1803584
   -.1896957
   -.2080580
   -.2114335
   -.2182595
   -.2166515
   -.2148429
   -.2078404
   -.1892209
   -.1785527
   -.1638444
   -.1585307
   -.1599807
   -.1620193
   -.1649288
   -.1718460
   -.1818043
   -.1794505
   -.1850188
   -.1815066
   -.1799899
   -.1692970
   -.1655035
   -.1620568
   -.1587714
   -.1586183
   -.1527294
   -.1448080
   -.1379347
   -.1303919
   -.1273831
   -.1187175
   -.1092502
   -.0987540
   -.0845593
   -.0700934
   -.0513578
   -.0383107
   -.0164856
    .0084495
    .0247706
    .0329125
    .0466804
    .0618806
    .0702150
    .0688840
    .0597444
    .0510425
    .0442250
    .0332175
    .0117498
    .0004760
   -.0154975
   -.0319267
   -.0441170
   -.0512190
   -.0685157
   -.0847957
   -.0927821
   -.0962945
   -.1017501
   -.1031664
   -.1024524
   -.1027383
   -.1011331
   -.0873329
   -.0796107
   -.0719291
   -.0678368
   -.0608469
   -.0603713
   -.0482890
   -.0359056
   -.0211872
   -.0166028
   -.0104353
   -.0078824
   -.0066028
   -.0068803
   -.0048775
   -.0032023
   -.0082732
   -.0088370
   -.0098639
   -.0156167
   -.0203206
   -.0370658
   -.0450954
   -.0558962
   -.0676217
   -.0727930
   -.0758949
   -.0902082
   -.1008892
   -.1132448
   -.1163516
   -.1291035
   -.1394254
   -.1507074
   -.1550361
   -.1425755
   -.1351348
   -.1467715
   -.1491863
   -.1267134
   -.1311353
   -.1448374
   -.1381921
   -.1276422
   -.1088639
   -.1131453
   -.1061774
   -.0926044
   -.0856428
   -.0856593
   -.0833792
   -.0770005
   -.0807072
   -.0840033
   -.0806603
   -.0932627
   -.1035310
   -.1286217
   -.1458168
   -.1586108
   -.1790417
   -.1961604
   -.2065978
   -.2200774
   -.2169710
   -.2162051
   -.2180496
   -.2197755
   -.2129486
   -.2014150
   -.1854687
   -.1839722
   -.1508963
   -.1424752
   -.1377950
   -.1269527
   -.1272843
   -.1286530
   -.1321287
   -.1417262
   -.1494328
   -.1524292
   -.1625225
   -.1761660
   -.1857918
   -.1932610
   -.2075386
   -.2296200
   -.2569118
   -.2616934
   -.2670492
   -.2643102
   -.2683458
   -.2639221
   -.2664873
   -.2668785
   -.2675275
   -.2625307
   -.2515993
   -.2358699
   -.2233133
   -.2179602
   -.1872447
   -.1540785
   -.1522745
   -.1276353
   -.1052281
   -.0565374
    .0277292
    .0600592
    .0770511
    .1083128
    .1352865
    .1499379
    .1385287
    .1309669
    .1128523
    .0890356
    .0791278
    .0767884
    .0813736
    .1007237
    .1266683
    .1461371
    .1372492
    .1268378
    .0900372
    .0642006
    .0429335
    .0353112
    .0106563
    .0005461
   -.0114610
   -.0095167
   -.0035083
    .0110550
    .0276872
    .0609228
    .1198564
    .1581583
    .2282604
    .2526424
    .2888574
    .3292063
    .3513803
    .3667369
    .3692069
    .3811292
    .3786654
    .3619967
    .3603902
    .2772921
    .2445013
    .2255746
    .2031441
    .1755470
    .1389901
    .1027576
    .1181407
    .1036385
    .0983790
    .1065860
    .1221510
    .1137496
    .1166608
    .1183058
    .1163878
    .1191575
    .1265023
    .1366210
    .1449354
    .1445899
    .1607963
    .1363170
    .1383601
    .1238409
    .1278262
    .1269578
    .1517697
    .1793939
    .2289837
    .2650590
    .2517550
    .2143213
    .1826019
    .1184669
    .1033777
    .0789865
    .0586615
    .0510986
    .0325561
    .0186030
    .0137113
    .0042369
   -.0088203
   -.0136096
   -.0174808
   -.0193813
   -.0228927
   -.0328029
   -.0441002
   -.0451121
   -.0405089
   -.0489786
   -.0472625
   -.0326614
   -.0310987
   -.0264677
   -.0178704
   -.0139174
   -.0009153
   -.0233432
   -.0371452
   -.0521150
   -.0349802
   -.0403015
   -.0683191
   -.0642016
   -.0747025
   -.0867120
   -.0931199
   -.0867004
   -.0834168
   -.0768847
   -.0686988
   -.0641757
   -.0575563
   -.0525346
   -.0418869
   -.0274076
   -.0107550
    .0017745
    .0094618
    .0222240
    .0345060
    .0378070
    .0410545
    .0430015
    .0465561
    .0506319
    .0505622
    .0535926
    .0595976
    .0625752
    .0663975
    .0658310
    .0609911
    .0547560
    .0591347
    .0589163
    .0511100
    .0395324
    .0277126
    .0284137
    .0344757
    .0407353
    .0180892
    .0246332
    .0421456
    .0528663
    .0543632
    .0621676
    .0752460
    .0830449
    .0798098
    .0812633
    .0837008
    .0846533
    .0737730
    .0700072
    .0626359
    .0520453
    .0284529
    .0181856
    .0055358
    .0001716
   -.0056056
   -.0099045
   -.0001616
    .0020522
   -.0070821
   -.0204986
   -.0427035
   -.0618827
   -.0677925
   -.0752274
   -.0727301
   -.0593063
   -.0583435
   -.0503616
   -.0404394
   -.0145089
   -.0033576
    .0058009
   -.0072510
   -.0122367
   -.0228664
   -.0366674
   -.0391349
   -.0460753
   -.0409862
   -.0308759
   -.0199153
   -.0167088
   -.0133992
   -.0088582
   -.0022443
    .0020444
    .0062954
    .0093588
    .0118055
    .0117313
    .0094301
    .0101958
    .0125653
    .0152098
    .0190353
    .0230769
    .0258528
    .0296713
    .0317213
    .0378539
    .0376970
    .0295110
    .0381571
    .0304117
    .0293840
    .0258677
    .0164014
    .0151042
    .0228562
    .0163542
    .0184211
    .0200846
    .0171620
    .0168591
    .0178441
    .0143787
    .0119379
    .0078640
    .0034517
   -.0007316
   -.0043050
   -.0102318
   -.0145569
   -.0168975
   -.0214950
   -.0229489
   -.0323030
   -.0346467
   -.0367048
   -.0392418
   -.0401099
   -.0404114
   -.0403015
   -.0379777
   -.0373733
   -.0371685
   -.0316680
   -.0268888
   -.0190488
   -.0120489
   -.0082508
   -.0044307
   -.0028230
    .0069832
    .0080999
    .0068961
    .0045028
    .0023143
    .0006477
   -.0011018
   -.0073701
   -.0129902
   -.0113226
   -.0113289
   -.0180699
   -.0217251
   -.0174804
   -.0176089
   -.0187177
   -.0176537
   -.0219602
   -.0203985
   -.0206585
   -.0085561
   -.0079180
   -.0019123
   -.0010232
    .0113732
    .0250953
    .0298975
    .0372120
    .0479126
    .0603457
    .0727260
    .0808266
    .0828210
    .0876308
    .0919291
    .0917747
    .0960728
    .1033064
    .1105509
    .1148130
    .1166770
    .1138489
    .1060695
    .0967011
    .0913181
    .0867764
    .0803431
    .0944708
    .0979540
    .0867197
    .0874303
    .0847643
    .0819824
    .0753372
    .0711472
    .0731785
    .0712193
    .0668818
    .0565439
    .0464487
    .0224859
    .0101639
    .0048074
   -.0017764
   -.0026108
   -.0047387
   -.0037023
   -.0057185
   -.0011148
   -.0038659
   -.0074243
   -.0138644
   -.0206179
   -.0272896
   -.0361431
   -.0421185
   -.0466056
   -.0555676
   -.0603288
   -.0649932
   -.0726724
   -.0816205
   -.0834115
   -.0760843
   -.0717917
   -.0653125
   -.0630519
   -.0481274
   -.0403252
   -.0325596
   -.0154163
   -.0072444
    .0008322
    .0071592
    .0135712
    .0246354
    .0255966
    .0356513
    .0398331
    .0526577
    .0617245
    .0626861
    .0633141
    .0705185
    .0818077
    .0859595
    .0952053
    .0956554
    .0815004
    .0669922
    .0548366
    .0471950
    .0383902
    .0389477
    .0357983
    .0278611
    .0211800
    .0219159
    .0089965
   -.0010866
   -.0079613
   -.0126879
   -.0197096
   -.0246773
   -.0322236
   -.0381579
   -.0402598
   -.0356746
   -.0324839
   -.0261070
   -.0217449
   -.0189202
   -.0152907
   -.0079724
    .0173685
    .0289761
    .0368607
    .0469766
    .0492426
    .0426988
    .0437113
    .0324674
    .0479039
    .0446056
    .0516336
    .0583608
    .0810956
    .0729157
    .0793418
    .0678764
    .0775413
    .0985243
    .1158974
    .0981479
    .0889911
    .1265542
    .1524153
    .1543667
    .1550488
    .1670646
    .1711038
    .1727639
    .1723472
    .1677296
    .1587385
    .1589842
    .1581526
    .1621515
    .1455616
    .1394408
    .1273531
    .1267844
    .1418008
    .1413707
    .1312918
    .1134321
    .0992190
    .0861709
    .0657064
    .0334711
    .0131525
   -.0038475
   -.0222537
   -.0492526
   -.0803711
   -.0871501
   -.0923563
   -.1009778
   -.0988348
   -.0967355
   -.0971808
   -.1062417
   -.1037124
   -.0984226
   -.0960314
   -.0912361
   -.0848583
   -.0768466
   -.0716186
   -.0649355
   -.0548718
   -.0458601
   -.0449043
   -.0412285
   -.0369346
   -.0392973
   -.0417865
   -.0421912
   -.0418746
   -.0407351
   -.0430023
   -.0442008
   -.0456094
   -.0476878
   -.0575963
   -.0628149
   -.0654739
   -.0773050
   -.0845663
   -.0925593
   -.0976628
   -.0973250
   -.0969358
   -.0954245
   -.0957617
   -.1069252
   -.0953977
   -.0891779
   -.0796791
   -.0782352
   -.0626025
   -.0637908
   -.0667103
   -.0724127
   -.0725356
   -.0708171
   -.0678596
   -.0614430
   -.0611376
   -.0599610
   -.0496345
   -.0433892
   -.0380695
   -.0349839
   -.0327124
   -.0355942
   -.0363635
   -.0465377
   -.0505418
   -.0525839
   -.0564983
   -.0251104
   -.0248948
   -.0196910
   -.0141663
   -.0051512
   -.0005516
    .0021526
    .0019676
    .0013141
   -.0024471
   -.0066964
   -.0073932
   -.0123743
   -.0157227
   -.0092831
   -.0085794
   -.0107616
   -.0179248
   -.0253355
   -.0303114
   -.0318794
   -.0358820
   -.0413019
   -.0494362
   -.0560018
   -.0658009
   -.0728783
   -.0693080
   -.0669777
   -.0633432
   -.0657225
   -.0594273
   -.0550694
   -.0511717
   -.0478425
   -.0472605
   -.0504883
   -.0438658
   -.0422564
   -.0420415
   -.0406703
   -.0428326
   -.0438268
   -.0429728
   -.0428309
   -.0426183
   -.0436982
   -.0439756
   -.0438118
   -.0452654
   -.0490637
   -.0460452
   -.0435478
   -.0427957
   -.0373274
   -.0331738
   -.0283487
   -.0246782
   -.0211069
   -.0185670
   -.0158995
   -.0128837
   -.0173138
   -.0200504
   -.0248975
   -.0237431
   -.0219944
   -.0258268
   -.0282732
   -.0126301
   -.0097508
   -.0149124
   -.0212841
   -.0261594
   -.0332575
   -.0407904
   -.0500244
   -.0521680
   -.0623853
   -.0596287
   -.0586601
   -.0544543
   -.0474030
   -.0369426
   -.0293398
   -.0216455
   -.0157474
   -.0036815
    .0081112
    .0121494
    .0136816
    .0157701
    .0145749
    .0063767
    .0049964
    .0050185
    .0030619
   -.0024718
   -.0056664
   -.0084150
   -.0090883
   -.0141906
   -.0194323
   -.0226090
   -.0264558
   -.0409163
   -.0524776
   -.0644352
   -.0655173
   -.0720712
   -.0762076
   -.0796783
   -.0774266
   -.0697652
   -.0658892
   -.0633907
   -.0567712
   -.0498452
   -.0445567
   -.0381327
   -.0137266
   -.0066549
   -.0025107
    .0012928
    .0096269
    .0152666
    .0211493
    .0280427
    .0300954
    .0321097
    .0401702
    .0420451
    .0462464
    .0453114
    .0425407
    .0316819
    .0296801
    .0246000
    .0193006
    .0126066
    .0041667
   -.0112485
   -.0147577
   -.0210651
   -.0258728
   -.0271098
   -.0287589
   -.0303719
   -.0286402
   -.0266539
   -.0233132
   -.0208361
   -.0183916
   -.0107318
   -.0092770
   -.0076114
   -.0050510
   -.0011459
    .0022040
    .0010343
   -.0014947
   -.0010935
   -.0012409
   -.0040499
   -.0052807
   -.0093169
   -.0126510
   -.0167344
   -.0217416
   -.0246438
   -.0306153
   -.0366319
   -.0395370
   -.0434830
   -.0464827
   -.0494230
   -.0518860
   -.0544234
   -.0545167
   -.0541838
   -.0554027
   -.0550248
   -.0528443
   -.0535933
   -.0527241
   -.0508138
   -.0511895
   -.0528206
   -.0482124
   -.0499003
   -.0477662
   -.0444115
   -.0437622
   -.0424969
   -.0390727
   -.0293974
   -.0283603
   -.0310246
   -.0341412
   -.0387164
   -.0389165
   -.0264446
   -.0337668
   -.0533054
   -.0567515
   -.0395649
   -.0418949
   -.0584020
   -.0678756
   -.0406010
   -.0379146
   -.0477255
   -.0559849
   -.0379806
   -.0507510
   -.0669952
   -.0696241
   -.0730334
   -.0550367
   -.0673010
   -.0677554
   -.0669917
   -.0713049
   -.0723187
   -.0737160
   -.0640887
   -.0643161
   -.0721209
   -.0796881
   -.0774918
   -.0782558
   -.0785727
   -.0858399
   -.0868026
   -.0855175
   -.0840978
   -.0852004
   -.0884449
   -.0900477
   -.0909799
   -.0899039
   -.0881669
   -.0868650
   -.0856615
   -.0833884
   -.0796255
   -.0760065
   -.0719592
   -.0659950
   -.0612663
   -.0581513
   -.0508568
   -.0419512
   -.0372322
   -.0380519
   -.0355090
   -.0313652
   -.0267221
   -.0223546
   -.0185453
   -.0183477
   -.0097046
   -.0007673
    .0062367
    .0132209
    .0203734
    .0237000
    .0279318
    .0312050
    .0285338
    .0221759
    .0022989
   -.0050404
   -.0148906
   -.0189725
   -.0247303
   -.0215647
   -.0205701
   -.0158667
   -.0206344
   -.0145450
   -.0122096
   -.0152211
   -.0174695
   -.0206684
   -.0157245
   -.0161314
   -.0226889
   -.0175630
   -.0156614
   -.0101191
   -.0068109
   -.0017453
    .0031607
    .0109549
    .0109872
    .0100504
    .0136041
    .0121781
    .0092220
    .0072967
    .0043086
    .0009771
   -.0040275
   -.0057914
   -.0122499
   -.0163346
   -.0224052
   -.0220956
   -.0296467
   -.0269152
   -.0203186
   -.0203577
   -.0184132
   -.0159816
   -.0089601
   -.0013331
    .0049394
    .0062392
    .0121238
    .0204311
    .0346092
    .0580125
    .0654360
    .0701235
    .0800579
    .0958136
    .1005580
    .1038256
    .1048487
    .1057585
    .1060180
    .1078597
    .1048140
    .1023740
    .0956387
    .0924832
    .0899909
    .0830345
    .0807932
    .0670251
    .0552005
    .0496250
    .0511900
    .0529253
    .0554837
    .0604703
    .0619322
    .0672350
    .0707104
    .0729848
    .0836129
    .0915114
    .1102887
    .1195068
    .1245668
    .1320380
    .1348978
    .1259664
    .1229741
    .1091958
    .0854222
    .0700756
    .0582496
    .0564866
    .0477564
    .0502763
    .0498189
    .0360833
    .0288574
    .0279867
    .0164253
    .0001702
   -.0104880
   -.0149682
   -.0253290
   -.0316209
   -.0387345
   -.0377065
   -.0363995
   -.0285933
   -.0236220
   -.0154882
   -.0084466
    .0055801
    .0133547
    .0192123
    .0250096
    .0296631
    .0342987
    .0394817
    .0414214
    .0416952
    .0417094
    .0406331
    .0336691
    .0321671
    .0282276
    .0252212
    .0243147
    .0243878
    .0250289
    .0293798
    .0255783
    .0244225
    .0229237
    .0234774
    .0232024
    .0231263
    .0236861
    .0262280
    .0294352
    .0337208
    .0412960
    .0433399
    .0557780
    .0605457
    .0659529
    .0707288
    .0732509
    .0741867
    .0741014
    .0725604
    .0708599
    .0667093
    .0631121
    .0593217
    .0545663
    .0503420
    .0451797
    .0348143
    .0264591
    .0213628
    .0152483
    .0091178
   -.0002833
   -.0076551
   -.0130016
   -.0187761
   -.0238119
   -.0266837
   -.0278386
   -.0281915
   -.0304128
   -.0332861
   -.0390584
   -.0422641
   -.0437581
   -.0438080
   -.0475148
   -.0511359
   -.0495590
   -.0490778
   -.0552559
   -.0533434
   -.0526184
   -.0589857
   -.0624039
   -.0628405
   -.0585453
   -.0644346
   -.0667651
   -.0696597
   -.0745335
   -.0784547
   -.0843040
   -.0864791
   -.0881346
   -.0884000
   -.0881699
   -.0861330
   -.0843276
   -.0785851
   -.0781795
   -.0756134
   -.0747992
   -.0743051
   -.0757974
   -.0786573
   -.0779117
   -.0778846
   -.0766288
   -.0771205
   -.0761529
   -.0744135
   -.0721259
   -.0584441
   -.0537339
   -.0417205
   -.0388367
   -.0391105
   -.0389507
   -.0414186
   -.0419653
   -.0426901
   -.0455354
   -.0481505
   -.0540316
   -.0678535
   -.0768360
   -.0800711
   -.0831193
   -.0863635
   -.0801847
   -.0834979
   -.0789003
   -.0768887
   -.0769488
   -.0798243
   -.0841912
   -.0940076
   -.1011884
   -.1051518
   -.1101502
   -.1141135
   -.1222632
   -.1160126
   -.1115231
   -.1026582
   -.0858649
   -.0746878
   -.0720612
   -.0711494
   -.0745114
   -.0779077
   -.0912774
   -.0908284
   -.0956011
   -.0954592
   -.0896283
   -.0842754
   -.0845171
   -.0842138
   -.0789322
   -.0781860
   -.0780718
   -.0740958
   -.0758796
   -.0816866
   -.0839392
   -.0762954
   -.0774531
   -.0816532
   -.0804414
   -.0805046
   -.0802425
   -.0747365
   -.0683548
   -.0608542
   -.0601302
   -.0528255
   -.0418319
   -.0357534
   -.0292683
   -.0201232
   -.0159806
   -.0153128
   -.0113250
   -.0087583
   -.0067283
   -.0042336
   -.0011865
    .0000058
   -.0015170
   -.0020385
   -.0036217
   -.0080676
   -.0104216
   -.0122869
   -.0182131
   -.0230090
   -.0222269
   -.0238570
   -.0318168
   -.0357476
   -.0376160
   -.0432899
   -.0468386
   -.0456520
   -.0444699
   -.0431911
   -.0427827
   -.0413901
   -.0377019
   -.0340327
   -.0310954
   -.0276800
   -.0244535
   -.0219408
   -.0198165
   -.0178065
   -.0155333
   -.0134074
   -.0107442
   -.0082838
   -.0062501
   -.0050106
   -.0068217
   -.0064200
   -.0023712
   -.0026586
    .0017501
    .0086519
    .0093559
    .0111213
    .0122582
    .0122673
    .0123239
    .0117070
    .0115266
    .0096528
    .0069637
    .0062671
    .0030540
   -.0022428
   -.0048834
   -.0072129
   -.0094635
   -.0122490
   -.0142608
   -.0151502
   -.0159415
   -.0162927
   -.0163905
   -.0163098
   -.0159399
   -.0153174
   -.0144559
   -.0133714
   -.0120713
   -.0106052
   -.0087943
   -.0066136
   -.0044520
   -.0018811
    .0002005
    .0020388
    .0034407
    .0041402
    .0045964
    .0040327
    .0036261
    .0029889
    .0024061
    .0022788
    .0017595
    .0016301
    .0008859
    .0002569
   -.0010478
   -.0026223
   -.0056438
   -.0090793
   -.0109737
   -.0105967
   -.0073734
   -.0044875
   -.0017216
    .0032302
    .0071471
    .0097017
    .0154765
    .0204293
    .0232980
    .0271797
    .0283623
    .0264705
    .0257918
    .0245768
    .0236848
    .0215388
    .0190368
    .0174477
    .0145222
    .0102166
    .0053768
    .0018504
   -.0003748
   -.0027917
   -.0013371
    .0024855
    .0031254
    .0057872
    .0055600
    .0029326
    .0005102
   -.0041900
   -.0064865
   -.0089108
   -.0111070
   -.0134462
   -.0165975
   -.0188074
   -.0205927
   -.0232452
   -.0244575
   -.0259886
   -.0280010
   -.0291899
   -.0302138
   -.0312001
   -.0318878
   -.0328035
   -.0333403
   -.0339269
   -.0345882
   -.0352792
   -.0345690
   -.0328532
   -.0298690
   -.0274952
   -.0251183
   -.0207151
   -.0189914
   -.0174438
   -.0129177
   -.0106351
   -.0052098
    .0014085
    .0051202
    .0103226
    .0136177
    .0147650
    .0169515
    .0178438
    .0184256
    .0186253
    .0184220
    .0181108
    .0178375
    .0175681
    .0171002
    .0167026
    .0160862
    .0154874
    .0147071
    .0137198
    .0125936
    .0112219
    .0097465
    .0080921
    .0064593
    .0047505
    .0032421
    .0017155
    .0005843
   -.0002463
   -.0008285
   -.0006355
   -.0007839
   -.0009405
   -.0013955
   -.0022381
   -.0031030
   -.0046731
   -.0063637
   -.0088563
   -.0104677
   -.0111710
   -.0105107
   -.0097831
   -.0083481
   -.0054023
   -.0023118
    .0006214
    .0020792
    .0028894
    .0049766
    .0077629
    .0119143
    .0158241
    .0204879
    .0264654
    .0323296
    .0375165
    .0406408
    .0429665
    .0477146
    .0508711
    .0555222
    .0611809
    .0627016
    .0645299
    .0629574
    .0584590
    .0560793
    .0504533
    .0471598
    .0446193
    .0407483
    .0377364
    .0346589
    .0316720
    .0289710
    .0257943
    .0228065
    .0198422
    .0170076
    .0144233
    .0118945
    .0097148
    .0073905
    .0053062
    .0027581
   -.0000087
   -.0037859
   -.0079252
   -.0112783
   -.0145321
   -.0171194
   -.0187826
   -.0197794
   -.0195016
   -.0191039
   -.0175359
   -.0161859
   -.0155039
   -.0160571
   -.0173209
   -.0176725
   -.0179291
   -.0177228
   -.0169528
   -.0158367
   -.0135994
   -.0119054
   -.0102309
   -.0089136
   -.0081696
   -.0071886
   -.0067534
   -.0061879
   -.0056441
   -.0050395
   -.0041568
   -.0031101
   -.0017424
   -.0001664
    .0017503
    .0038928
    .0063685
    .0090684
    .0119581
    .0150874
    .0184461
    .0216291
    .0249557
    .0278392
    .0305048
    .0327102
    .0346432
    .0365658
    .0388037
    .0429587
    .0463571
    .0499625
    .0570157
    .0567971
    .0515689
    .0499040
    .0468376
    .0451206
    .0407884
    .0366383
    .0347665
    .0305443
    .0245802
    .0201094
    .0153733
    .0112783
    .0067795
    .0028823
   -.0003095
   -.0033624
   -.0059669
   -.0083121
   -.0105528
   -.0128129
   -.0153947
   -.0184991
   -.0212226
   -.0244055
   -.0279459
   -.0306270
   -.0326569
   -.0337699
   -.0336538
   -.0326931
   -.0302840
   -.0283454
   -.0265012
   -.0250427
   -.0241625
   -.0228455
   -.0220135
   -.0209235
   -.0196517
   -.0180930
   -.0160177
   -.0137406
   -.0109042
   -.0079188
   -.0045447
   -.0011764
    .0022693
    .0053759
    .0083327
    .0106481
    .0124693
    .0137125
    .0141013
    .0141467
    .0133218
    .0125381
    .0113658
    .0105696
    .0101559
    .0102245
    .0107881
    .0117791
    .0125839
    .0104451
    .0105395
    .0137675
    .0140229
    .0180014
    .0242978
    .0247210
    .0261077
    .0266933
    .0261610
    .0255796
    .0247893
    .0240772
    .0233675
    .0222565
    .0213833
    .0199159
    .0184511
    .0170020
    .0152992
    .0142571
    .0129221
    .0117904
    .0110155
    .0100121
    .0094562
    .0089509
    .0086307
    .0084501
    .0083723
    .0084138
    .0085490
    .0087702
    .0091144
    .0092961
    .0093471
    .0094100
    .0092266
    .0096141
    .0099076
    .0100893
    .0103879
    .0106437
    .0113540
    .0118557
    .0125302
    .0130157
    .0132979
    .0136276
    .0136202
    .0135177
    .0133087
    .0127972
    .0120831
    .0113064
    .0101545
    .0092401
    .0087082
    .0080876
    .0073410
    .0067324
    .0065419
    .0069891
    .0073299
    .0070278
    .0074001
    .0050577
    .0013783
    .0008759
   -.0032676
   -.0072596
   -.0084854
   -.0159964
   -.0232577
   -.0276470
   -.0361148
   -.0393412
   -.0404526
   -.0429519
   -.0430247
   -.0435292
   -.0442094
   -.0439127
   -.0434060
   -.0424939
   -.0411937
   -.0396776
   -.0378190
   -.0355337
   -.0327742
   -.0298168
   -.0266711
   -.0233599
   -.0198087
   -.0161360
   -.0122785
   -.0084479
   -.0046938
   -.0009350
    .0026894
    .0060776
    .0093753
    .0123810
    .0143493
    .0153397
    .0154431
    .0170005
    .0181942
    .0199890
    .0209295
    .0209967
    .0214416
    .0216553
    .0212190
    .0204952
    .0200862
    .0200249
    .0203342
    .0206411
    .0206754
    .0187904
    .0182919
    .0204784
    .0203773
    .0224152
    .0264939
    .0272300
    .0291681
    .0296880
    .0287318
    .0284288
    .0272734
    .0249087
    .0218619
    .0188642
    .0153412
    .0124499
    .0100179
    .0072380
    .0047396
    .0019100
   -.0023487
   -.0071858
   -.0128000
   -.0192020
   -.0261918
   -.0331929
   -.0400841
   -.0457229
   -.0494637
   -.0492158
   -.0517175
   -.0529723
   -.0502234
   -.0480608
   -.0468011
   -.0421729
   -.0375947
   -.0383408
   -.0395816
   -.0451269
   -.0525407
   -.0553247
   -.0586165
   -.0615380
   -.0617635
   -.0608801
   -.0601143
   -.0600372
   -.0612497
   -.0628257
   -.0655537
   -.0673578
   -.0668240
   -.0619899
   -.0599448
   -.0673366
   -.0709913
   -.0707519
   -.0739019
   -.0727415
   -.0682124
   -.0648996
   -.0621458
   -.0605337
   -.0591084
   -.0561739
   -.0526883
   -.0485929
   -.0443388
   -.0400106
   -.0344695
   -.0293101
   -.0238136
   -.0194603
   -.0163319
   -.0148799
   -.0142630
   -.0121652
   -.0115299
   -.0109749
   -.0099121
   -.0094548
   -.0090709
   -.0093675
   -.0103453
   -.0127069
   -.0155274
   -.0172577
   -.0187758
   -.0198158
   -.0212914
   -.0225506
   -.0233630
   -.0242808
   -.0248613
   -.0260903
   -.0273574
   -.0276405
   -.0283498
   -.0302900
   -.0312816
   -.0324697
   -.0344124
   -.0356320
   -.0367106
   -.0364715
   -.0357840
   -.0349510
   -.0344999
   -.0343514
   -.0345644
   -.0346643
   -.0345885
   -.0351729
   -.0357971
   -.0356335
   -.0356099
   -.0361881
   -.0364867
   -.0375655
   -.0389841
   -.0411162
   -.0438107
   -.0472002
   -.0513861
   -.0553588
   -.0596638
   -.0626696
   -.0656154
   -.0684531
   -.0699077
   -.0707508
   -.0708011
   -.0702699
   -.0693438
   -.0678702
   -.0660464
   -.0640740
   -.0619751
   -.0602158
   -.0590550
   -.0585182
   -.0589305
   -.0595621
   -.0603227
   -.0611667
   -.0622910
   -.0631086
   -.0632042
   -.0632666
   -.0630280
   -.0628190
   -.0626253
   -.0622646
   -.0618830
   -.0604613
   -.0592369
   -.0610832
   -.0619975
   -.0532555
   -.0470062
   -.0451777
   -.0397258
   -.0324357
   -.0282090
   -.0248927
   -.0207834
   -.0179408
   -.0151573
   -.0121630
   -.0100878
   -.0073438
   -.0044365
   -.0021041
    .0012437
    .0045093
    .0080973
    .0106756
    .0126199
    .0143472
    .0165027
    .0193787
    .0209573
    .0222417
    .0238712
    .0243696
    .0241635
    .0248038
    .0247166
    .0241777
    .0237046
    .0246077
    .0224593
    .0170591
    .0141807
    .0092073
    .0030513
    .0031928
    .0016390
    .0000828
    .0010249
    .0015369
    .0019370
    .0024593
    .0028969
    .0033214
    .0035800
    .0038041
    .0037720
    .0038621
    .0041023
    .0043977
    .0045163
    .0046405
    .0049132
    .0052555
    .0056680
    .0061596
    .0066947
    .0073926
    .0082473
    .0088506
    .0094901
    .0095070
    .0091368
    .0083183
    .0067747
    .0048892
    .0020987
   -.0008703
   -.0036838
   -.0060825
   -.0087152
   -.0105191
   -.0112537
   -.0118115
   -.0115350
   -.0108292
   -.0092986
   -.0075129
   -.0060299
   -.0050637
   -.0043525
   -.0020509
   -.0003132
    .0020954
    .0055015
    .0085249
    .0112842
    .0134106
    .0150663
    .0165421
    .0165067
    .0160617
    .0141999
    .0124705
    .0101212
    .0080265
    .0062231
    .0042698
    .0028046
    .0017221
    .0013553
    .0015083
    .0023652
    .0036126
    .0054165
    .0074980
    .0099058
    .0122127
    .0144822
    .0164472
    .0178575
    .0190217
    .0193299
    .0197466
    .0198979
    .0200357
    .0203740
    .0204274
    .0205903
    .0206498
    .0206211
    .0204666
    .0200979
    .0195789
    .0187607
    .0178655
    .0169113
    .0159649
    .0151043
    .0143132
    .0135563
    .0128252
    .0119583
    .0109020
    .0096145
    .0079262
    .0060173
    .0038369
    .0019229
    .0005848
   -.0007018
   -.0010985
   -.0013672
   -.0013887
   -.0005705
    .0009281
    .0031462
    .0056753
    .0083694
    .0112021
    .0137951
    .0162652
    .0182930
    .0199627
    .0210247
    .0216707
    .0216433
    .0212000
    .0201078
    .0185398
    .0165395
    .0137507
    .0102123
    .0070644
    .0044563
    .0039292
    .0022597
   -.0001615
   -.0002969
   -.0026709
   -.0068987
   -.0035878
   -.0012162
    .0009120
    .0075247
    .0108548
    .0119209
    .0154597
    .0184983
    .0221082
    .0247150
    .0274630
    .0303781
    .0330306
    .0353377
    .0377688
    .0395308
    .0411866
    .0426266
    .0437614
    .0447462
    .0455674
    .0461894
    .0467471
    .0471620
    .0475414
    .0478707
    .0481718
    .0484870
    .0488037
    .0491315
    .0494725
    .0498279
    .0501897
    .0505640
    .0509578
    .0513490
    .0517773
    .0521805
    .0527370
    .0534344
    .0539790
    .0546441
    .0548425
    .0545786
    .0541528
    .0528936
    .0519243
    .0508211
    .0497554
    .0489962
    .0475533
    .0457809
    .0434127
    .0404443
    .0367554
    .0321611
    .0276557
    .0227230
    .0189972
    .0165903
    .0158354
    .0169271
    .0180642
    .0195296
    .0207943
    .0217610
    .0231170
    .0237201
    .0245191
    .0252702
    .0262860
    .0278212
    .0292542
    .0313029
    .0323164
    .0327145
    .0323492
    .0305794
    .0281543
    .0240601
    .0197366
    .0147828
    .0103528
    .0069570
    .0044452
    .0026435
    .0012256
    .0014346
    .0019638
    .0031305
    .0042455
    .0050837
    .0060092
    .0063675
    .0064984
    .0062477
    .0056763
    .0047542
    .0035665
    .0020276
    .0003099
   -.0016916
   -.0038483
   -.0064605
   -.0095122
   -.0121352
   -.0135715
   -.0163409
   -.0179988
   -.0185515
   -.0194355
   -.0200788
   -.0205224
   -.0211370
   -.0214331
   -.0219677
   -.0223833
   -.0231460
   -.0235590
   -.0240489
   -.0233872
   -.0214017
   -.0186656
   -.0151911
   -.0117019
   -.0078348
   -.0049288
   -.0027536
   -.0014486
   -.0013281
   -.0008361
   -.0006792
   -.0005446
   -.0005227
   -.0007414
   -.0011008
   -.0015574
   -.0021458
   -.0026178
   -.0030483
   -.0035486
   -.0037474
   -.0041513
   -.0045170
   -.0049571
   -.0057025
   -.0065715
   -.0078584
   -.0092558
   -.0110416
   -.0128522
   -.0149124
   -.0167695
   -.0186080
   -.0204016
   -.0218938
   -.0239755
   -.0264507
   -.0290961
   -.0319767
   -.0340272
   -.0350640
   -.0350302
   -.0335658
   -.0319404
   -.0298820
   -.0273269
   -.0250943
   -.0223048
   -.0193239
   -.0171984
   -.0156090
   -.0148822
   -.0156205
   -.0171424
   -.0203075
   -.0238754
   -.0287731
   -.0334468
   -.0378607
   -.0417710
   -.0447095
   -.0476486
   -.0500347
   -.0520560
   -.0539967
   -.0556111
   -.0570628
   -.0581389
   -.0590618
   -.0596528
   -.0600968
   -.0601317
   -.0602310
   -.0596414
   -.0579147
   -.0562513
   -.0535569
   -.0517257
   -.0509582
   -.0528247
   -.0559319
   -.0580271
   -.0604045
   -.0625894
   -.0646206
   -.0662684
   -.0673643
   -.0679752
   -.0681146
   -.0680429
   -.0677243
   -.0674770
   -.0672468
   -.0666940
   -.0666496
   -.0659229
   -.0641005
   -.0626074
   -.0602188
   -.0580920
   -.0561836
   -.0539939
   -.0521497
   -.0503273
   -.0486369
   -.0471275
   -.0456802
   -.0447266
   -.0438668
   -.0431708
   -.0426169
   -.0417032
   -.0407332
   -.0394847
   -.0380625
   -.0365464
   -.0349849
   -.0334120
   -.0319957
   -.0307787
   -.0299144
   -.0294073
   -.0289579
   -.0299782
   -.0298615
   -.0256246
   -.0239434
   -.0233915
   -.0205636
   -.0191828
   -.0188391
   -.0184260
   -.0184858
   -.0188872
   -.0196500
   -.0207162
   -.0220980
   -.0236555
   -.0254451
   -.0272200
   -.0289635
   -.0303666
   -.0316892
   -.0327226
   -.0335564
   -.0341652
   -.0341700
   -.0343694
   -.0343881
   -.0344111
   -.0346135
   -.0347166
   -.0350771
   -.0353987
   -.0360210
   -.0364536
   -.0365541
   -.0361045
   -.0358194
   -.0354875
   -.0343470
   -.0332344
   -.0317756
   -.0303098
   -.0290043
   -.0274677
   -.0261254
   -.0248534
   -.0236498
   -.0229889
   -.0229915
   -.0231294
   -.0230023
   -.0223445
   -.0220062
   -.0204348
   -.0176986
   -.0153731
   -.0129912
   -.0108759
   -.0093215
   -.0075503
   -.0063512
   -.0052921
   -.0043930
   -.0036908
   -.0030675
   -.0024833
   -.0019591
   -.0014435
   -.0009602
   -.0004733
   -.0001351
   -.0000126
   -.0002105
   -.0005937
   -.0011377
   -.0011846
   -.0012836
    .0000224
    .0016580
    .0032042
    .0055136
    .0075060
    .0090352
    .0105835
    .0113419
    .0131892
    .0152618
    .0173349
    .0197507
    .0214553
    .0227129
    .0240812
    .0253163
    .0265535
    .0275268
    .0276453
    .0270214
    .0264217
    .0260301
    .0258277
    .0249600
    .0245904
    .0240621
    .0229116
    .0217005
    .0198284
    .0178183
    .0156715
    .0131734
    .0108231
    .0081994
    .0057345
    .0036425
    .0022267
    .0010216
    .0000557
   -.0002121
   -.0009135
   -.0016151
   -.0024912
   -.0033756
   -.0037163
   -.0039728
   -.0055694
   -.0073186
   -.0028214
   -.0004518
   -.0005117
    .0011535
    .0007059
   -.0002085
    .0005650
    .0001034
   -.0010309
   -.0020083
   -.0042732
   -.0072249
   -.0094149
   -.0112188
   -.0120660
   -.0137006
   -.0149921
   -.0157244
   -.0163957
   -.0172453
   -.0179602
   -.0187686
   -.0193657
   -.0199637
   -.0202542
   -.0204333
   -.0204765
   -.0202960
   -.0201346
   -.0198358
   -.0194623
   -.0190323
   -.0185288
   -.0179915
   -.0174184
   -.0168294
   -.0162307
   -.0156254
   -.0150203
   -.0144099
   -.0137946
   -.0131620
   -.0125122
   -.0118405
   -.0111540
   -.0104486
   -.0097677
   -.0090974
   -.0084970
   -.0079743
   -.0076607
   -.0073405
   -.0078541
   -.0087962
   -.0089115
   -.0073470
   -.0032463
   -.0008751
    .0014328
    .0064386
    .0090044
    .0101980
    .0180864
    .0229872
    .0262490
    .0316920
    .0327407
    .0322998
    .0341313
    .0347217
    .0350759
    .0354011
    .0354099
    .0353676
    .0352578
    .0351433
    .0349899
    .0347957
    .0345777
    .0342808
    .0339631
    .0335809
    .0332006
    .0327810
    .0323836
    .0319572
    .0315639
    .0311552
    .0308010
    .0304359
    .0301244
    .0297428
    .0292767
    .0286231
    .0279057
    .0271906
    .0263648
    .0253180
    .0242425
    .0229849
    .0218014
    .0204115
    .0192948
    .0183108
    .0173902
    .0167330
    .0159744
    .0151827
    .0143956
    .0133773
    .0122957
    .0109537
    .0096848
    .0083311
    .0073389
    .0064391
    .0056257
    .0049126
    .0041762
    .0033919
    .0025553
    .0016650
    .0007429
   -.0002398
   -.0012134
   -.0022458
   -.0032439
   -.0043157
   -.0053548
   -.0063948
   -.0074184
   -.0084358
   -.0090072
   -.0096563
   -.0094622
   -.0088816
   -.0079681
   -.0064693
   -.0050003
   -.0030706
   -.0017673
   -.0008800
    .0000111
   -.0000150
    .0007446
    .0015657
    .0024599
    .0037585
    .0047000
    .0058265
    .0069072
    .0076263
    .0084959
    .0089634
    .0092840
    .0090907
    .0089687
    .0089458
    .0084120
    .0079133
    .0066676
    .0051491
    .0032960
    .0006912
   -.0020799
   -.0055277
   -.0087138
   -.0121036
   -.0142620
   -.0157419
   -.0171273
   -.0176630
   -.0189169
   -.0205285
   -.0218185
   -.0234406
   -.0245483
   -.0252686
   -.0263025
   -.0269919
   -.0275961
   -.0279800
   -.0280812
   -.0279781
   -.0276645
   -.0271721
   -.0265824
   -.0259354
   -.0250923
   -.0242709
   -.0231820
   -.0219591
   -.0205933
   -.0189908
   -.0172969
   -.0155150
   -.0140498
   -.0125215
   -.0125710
   -.0138770
   -.0146656
   -.0147173
   -.0123051
   -.0104278
   -.0062395
    .0024484
    .0069630
    .0092779
    .0134590
    .0156057
    .0170520
    .0179155
    .0182972
    .0184789
    .0181492
    .0176824
    .0165963
    .0147976
    .0128331
    .0102890
    .0083762
    .0067089
    .0051862
    .0040709
    .0027881
    .0016742
    .0005857
   -.0007356
   -.0020356
   -.0036371
   -.0052102
   -.0070522
   -.0088081
   -.0109311
   -.0123859
   -.0132367
   -.0145606
   -.0153505
   -.0167722
   -.0188763
   -.0235755
   -.0287726
   -.0293669
   -.0317488
   -.0348967
   -.0353137
   -.0380161
   -.0423892
   -.0436512
   -.0435804
   -.0433534
   -.0420554
   -.0405069
   -.0383543
   -.0359434
   -.0331648
   -.0306416
   -.0284215
   -.0264699
   -.0253815
   -.0245279
   -.0243689
   -.0246123
   -.0249059
   -.0250454
   -.0251328
   -.0251554
   -.0251078
   -.0249265
   -.0246531
   -.0242711
   -.0238446
   -.0233649
   -.0228921
   -.0223999
   -.0219374
   -.0214654
   -.0210380
   -.0206185
   -.0202723
   -.0199666
   -.0197564
   -.0195898
   -.0194573
   -.0192866
   -.0191218
   -.0190417
   -.0187666
   -.0183702
   -.0179761
   -.0167774
   -.0155441
   -.0139650
   -.0119672
   -.0097856
   -.0074647
   -.0049357
   -.0022971
    .0002949
    .0024632
    .0042301
    .0051058
    .0059059
    .0062156
    .0064503
    .0065240
    .0064852
    .0062171
    .0057789
    .0054682
    .0052092
    .0049571
    .0074224
    .0092869
    .0077524
    .0044829
    .0038279
    .0032337
    .0027003
    .0028520
    .0033530
    .0044374
    .0056703
    .0073591
    .0087957
    .0100817
    .0111474
    .0114654
    .0117185
    .0113607
    .0108085
    .0101532
    .0095608
    .0090325
    .0087202
    .0085090
    .0084022
    .0081694
    .0076448
    .0070382
    .0061583
    .0049148
    .0035328
    .0019401
    .0002831
   -.0014780
   -.0031318
   -.0047384
   -.0059731
   -.0071191
   -.0077269
   -.0080644
   -.0080029
   -.0076523
   -.0070755
   -.0063815
   -.0056198
   -.0049716
   -.0044204
   -.0040137
   -.0038484
   -.0038494
   -.0040589
   -.0044809
   -.0050021
   -.0057097
   -.0064357
   -.0072965
   -.0081062
   -.0089449
   -.0096582
   -.0103156
   -.0107339
   -.0111289
   -.0112198
   -.0114572
   -.0116100
   -.0117121
   -.0117776
   -.0117928
   -.0114806
   -.0111545
   -.0106206
   -.0100473
   -.0093638
   -.0087325
   -.0080496
   -.0075360
   -.0070671
   -.0068611
   -.0068592
   -.0067012
   -.0064786
   -.0066034
   -.0062556
   -.0055209
   -.0044547
   -.0029097
   -.0013523
    .0005388
    .0022188
    .0036912
    .0049980
    .0055849
    .0060636
    .0060261
    .0056787
    .0050686
    .0044211
    .0037206
    .0031757
    .0027904
    .0023291
    .0019626
    .0012506
    .0000715
   -.0011236
   -.0029798
   -.0043543
   -.0053060
   -.0063646
   -.0069749
   -.0079067
   -.0090834
   -.0095900
   -.0110118
   -.0107731
   -.0092473
   -.0079051
   -.0062736
   -.0056685
   -.0058756
   -.0058270
   -.0056619
   -.0054884
   -.0057760
   -.0060513
   -.0063433
   -.0065910
   -.0068377
   -.0070748
   -.0073594
   -.0075992
   -.0079339
   -.0081210
   -.0081894
   -.0084064
   -.0090457
   -.0095314
   -.0100334
   -.0105270
   -.0112456
   -.0120544
   -.0132481
   -.0146437
   -.0164019
   -.0183679
   -.0204433
   -.0217074
   -.0226862
   -.0233733
   -.0237118
   -.0235489
   -.0242565
   -.0271445
   -.0299809
   -.0289930
   -.0294468
   -.0316825
   -.0339355
   -.0353187
   -.0377101
   -.0394371
   -.0405744
   -.0414186
   -.0408051
   -.0394580
   -.0377735
   -.0357747
   -.0329919
   -.0298008
   -.0261181
   -.0226156
   -.0193858
   -.0163841
   -.0142368
   -.0122635
   -.0110928
   -.0103663
   -.0102924
   -.0106551
   -.0112681
   -.0119030
   -.0125944
   -.0131882
   -.0138663
   -.0143535
   -.0148055
   -.0150447
   -.0152842
   -.0153537
   -.0154230
   -.0152909
   -.0151438
   -.0147838
   -.0144118
   -.0138642
   -.0132805
   -.0126100
   -.0118360
   -.0110974
   -.0101598
   -.0092978
   -.0085818
   -.0075808
   -.0088036
   -.0093190
   -.0094326
   -.0091187
   -.0090074
   -.0088030
   -.0087439
   -.0086758
   -.0086625
   -.0087035
   -.0088006
   -.0090222
   -.0093760
   -.0099129
   -.0104956
   -.0111328
   -.0117421
   -.0122346
   -.0124326
   -.0123856
   -.0122322
   -.0120544
   -.0117223
   -.0111837
   -.0103599
   -.0091664
   -.0074743
   -.0057474
   -.0038120
   -.0023570
   -.0017621
   -.0015165
   -.0023952
   -.0031819
   -.0041357
   -.0050867
   -.0056705
   -.0064080
   -.0071540
   -.0078618
   -.0087259
   -.0093886
   -.0098222
   -.0098959
   -.0097470
   -.0101429
   -.0093794
   -.0086275
   -.0083415
   -.0080453
   -.0074063
   -.0067832
   -.0066634
   -.0057872
   -.0048064
   -.0035655
   -.0012687
    .0006414
    .0024636
    .0046318
    .0063119
    .0078610
    .0091423
    .0101868
    .0108705
    .0113332
    .0113945
    .0112227
    .0106256
    .0097537
    .0084464
    .0068790
    .0050571
    .0030259
    .0007293
   -.0014600
   -.0036389
   -.0049787
   -.0052065
   -.0052363
   -.0056266
   -.0054345
   -.0045052
   -.0031124
   -.0013832
    .0004666
    .0022464
    .0040031
    .0053491
    .0067523
    .0079613
    .0090364
    .0100916
    .0110869
    .0120875
    .0130935
    .0141021
    .0151378
    .0161505
    .0171667
    .0180973
    .0189639
    .0196597
    .0203139
    .0207571
    .0211762
    .0214200
    .0216289
    .0216753
    .0217096
    .0215928
    .0214750
    .0212118
    .0209628
    .0205792
    .0202149
    .0197306
    .0192953
    .0187568
    .0182885
    .0177157
    .0172184
    .0166234
    .0161253
    .0155194
    .0150819
    .0147167
    .0144540
    .0142245
    .0138819
    .0132858
    .0126694
    .0116813
    .0106584
    .0092885
    .0079782
    .0063879
    .0052693
    .0045855
    .0040273
    .0037218
    .0032398
    .0022595
    .0017105
    .0009422
    .0004754
    .0002098
    .0000470
   -.0000687
    .0000455
    .0001044
    .0003872
    .0006027
    .0010183
    .0013608
    .0018890
    .0023319
    .0029470
    .0034634
    .0041371
    .0046890
    .0053763
    .0059202
    .0065844
    .0070831
    .0077051
    .0081571
    .0087138
    .0090829
    .0095515
    .0098217
    .0101991
    .0103820
    .0106784
    .0107905
    .0110088
    .0110408
    .0111667
    .0110964
    .0111176
    .0109340
    .0108551
    .0106039
    .0105069
    .0102799
    .0102475
    .0101308
    .0101812
    .0101462
    .0102357
    .0101595
    .0101895
    .0099908
    .0098657
    .0095098
    .0092149
    .0087121
    .0084689
    .0080986
    .0078208
    .0075741
    .0075010
    .0074819
    .0074436
    .0071003
    .0068586
    .0062804
    .0058076
    .0051090
    .0047910
    .0046025
    .0046737
    .0049346
    .0053253
    .0056182
    .0060183
    .0061712
    .0064210
    .0065550
    .0068360
    .0070176
    .0073520
    .0075912
    .0079689
    .0082390
    .0086399
    .0089353
    .0094244
    .0098424
    .0105018
    .0111368
    .0119794
    .0127749
    .0137448
    .0145954
    .0155705
    .0163678
    .0172860
    .0180975
    .0189527
    .0195354
    .0202954
    .0208621
    .0218888
    .0228885
    .0241503
    .0254184
    .0268787
    .0282119
    .0297058
    .0309347
    .0322596
    .0332239
    .0341159
    .0347247
    .0353580
    .0358822
    .0366185
    .0370112
    .0375882
    .0379335
    .0385344
    .0389257
    .0395454
    .0399527
    .0405791
    .0409930
    .0416183
    .0420335
    .0426510
    .0430637
    .0436728
    .0440766
    .0446736
    .0450642
    .0456461
    .0460202
    .0465849
    .0469411
    .0474893
    .0478286
    .0483612
    .0486829
    .0491992
    .0495011
    .0500022
    .0502864
    .0507624
    .0510195
    .0514616
    .0516807
    .0520932
    .0522778
    .0526574
    .0528104
    .0531612
    .0532863
    .0536140
    .0537171
    .0540256
    .0541100
    .0544021
    .0544699
    .0547488
    .0548045
    .0550753
    .0551229
    .0553869
    .0554265
    .0556836
    .0557147
    .0559651
    .0559878
    .0562333
    .0562517
    .0564941
    .0565055
    .0567395
    .0567383
    .0569587
    .0569405
    .0571441
    .0571077
    .0572933
    .0572375
    .0574042
    .0573292
    .0574764
    .0573818
    .0575088
    .0573947
    .0575009
    .0573673
    .0574527
    .0572997
    .0573638
    .0571917
    .0572343
    .0570435
    .0570643
    .0568555
    .0568545
    .0566276
    .0566040
    .0563589
    .0563126
    .0560498
    .0559808
    .0557042
    .0556170
    .0553290
    .0552240
    .0549239
    .0547988
    .0544855
    .0543377
    .0540094
    .0538367
    .0534924
    .0532928
    .0529317
    .0527040
    .0523259
    .0520692
    .0516746
    .0513881
    .0509778
    .0506620
    .0502369
    .0498912
    .0494515
    .0490744
    .0486198
    .0482093
    .0477393
    .0472933
    .0468069
    .0463223
    .0458181
    .0452918
    .0447684
    .0441970
    .0436528
    .0430324
    .0424650
    .0417908
    .0411968
    .0404623
    .0398380
    .0390356
    .0383752
    .0374964
    .0367933
    .0358273
    .0350727
    .0340050
    .0331865
    .0319981
    .0310987
    .0297634
    .0287589
    .0272399
    .0260932
    .0243350
    .0229861
    .0209001
    .0192418
    .0166725
    .0144821
    .0111050
    .0077653
    .0022886
   -.0052521
   -.0164810
   -.0372286