    .0033899
    .0043172
    .0035175
    .0037088
    .0033349
    .0035247
    .0033134
    .0034621
    .0033135
    .0034377
    .0033330
    .0034558
    .0033997
    .0035369
    .0035218
    .0036493
    .0036085
    .0036673
    .0035746
    .0035834
    .0035029
    .0035270
    .0034195
    .0033953
    .0033199
    .0033824
    .0035057
    .0037465
    .0037302
    .0034764
    .0030497
    .0027087
    .0023405
    .0021595
    .0021014
    .0024403
    .0027665
    .0031879
    .0039156
    .0047016
    .0051297
    .0053859
    .0052458
    .0040003
    .0025035
    .0013918
    .0011575
    .0021822
    .0035869
    .0047724
    .0054464
    .0066223
    .0078860
    .0090405
    .0099923
    .0106096
    .0098201
    .0073722
    .0041083
    .0007049
   -.0009934
   -.0013064
   -.0021930
   -.0029515
   -.0038576
   -.0024448
    .0006230
    .0010895
   -.0002501
   -.0014299
    .0003924
    .0042050
    .0056379
    .0037824
   -.0002350
   -.0034610
   -.0030768
    .0011188
    .0072558
    .0127157
    .0148445
    .0131872
    .0102431
    .0090230
    .0097967
    .0110913
    .0122944
    .0149590
    .0209599
    .0314709
    .0427583
    .0439982
    .0325976
    .0134907
   -.0044012
   -.0102532
   -.0128881
   -.0197605
   -.0267553
   -.0307543
   -.0273295
   -.0138381
    .0011955
    .0083157
    .0059908
   -.0013672
   -.0109679
   -.0167639
   -.0168316
   -.0143107
   -.0135734
   -.0151203
   -.0159579
   -.0141921
   -.0111319
   -.0065948
    .0038158
    .0249321
    .0534821
    .0773203
    .0832349
    .0669501
    .0350624
   -.0018101
   -.0320958
   -.0446329
   -.0338571
   -.0055565
    .0244111
    .0407010
    .0374779
    .0199531
   -.0019178
   -.0210477
   -.0362704
   -.0510828
   -.0687228
   -.0880553
   -.1058132
   -.1178099
   -.1163620
   -.0935049
   -.0535778
   -.0123631
    .0160865
    .0297884
    .0356395
    .0394477
    .0403850
    .0369101
    .0303858
    .0214606
    .0073646
   -.0127190
   -.0314781
   -.0364317
   -.0212042
    .0090165
    .0400511
    .0602799
    .0674227
    .0652352
    .0552823
    .0376627
    .0111700
   -.0207128
   -.0462077
   -.0546684
   -.0333617
    .0028187
    .0325846
    .0305319
   -.0104924
   -.0602201
   -.0779157
   -.0459858
    .0187377
    .0796634
    .1004833
    .0725959
    .0194936
   -.0279566
   -.0492824
   -.0358263
    .0074043
    .0611586
    .1001471
    .1045298
    .0739263
    .0315424
    .0038083
    .0014395
    .0173960
    .0372398
    .0470115
    .0381126
    .0141571
   -.0115964
   -.0290548
   -.0357727
   -.0330298
   -.0242697
   -.0135907
   -.0060606
   -.0034737
    .0080087
    .0369978
    .0682475
    .0880964
    .0879007
    .0706330
    .0485533
    .0278953
    .0075431
   -.0151517
   -.0379478
   -.0563518
   -.0647271
   -.0576361
   -.0407045
   -.0331516
   -.0431054
   -.0588330
   -.0562879
   -.0224246
    .0259148
    .0626506
    .0742178
    .0683735
    .0685555
    .0831065
    .0947165
    .0809408
    .0331729
   -.0332174
   -.0867147
   -.0992716
   -.0675761
   -.0215486
   -.0046255
   -.0374789
   -.0951697
   -.1229248
   -.0830464
    .0112212
    .1037183
    .1417465
    .1209116
    .0887394
    .0816532
    .0921546
    .1053186
    .1208508
    .1379971
    .1449233
    .1239959
    .0634702
   -.0315486
   -.1350000
   -.2073873
   -.2104904
   -.1351511
   -.0260000
    .0484366
    .0598353
    .0324639
    .0111925
    .0303930
    .0787220
    .1076855
    .0827690
    .0102981
   -.0767621
   -.1397187
   -.1468326
   -.0963829
   -.0333971
   -.0043133
    .0110374
    .0221463
    .0397784
    .0742175
    .1021714
    .1046875
    .0760421
    .0202314
   -.0563240
   -.1373054
   -.1833309
   -.1553447
   -.0623429
    .0351502
    .0856487
    .0872774
    .0695337
    .0604852
    .0732463
    .1019016
    .1184956
    .1005815
    .0660235
    .0412880
    .0418083
    .0631490
    .0765912
    .0689985
    .0543760
    .0449113
    .0535525
    .0784042
    .0829939
    .0345743
   -.0576265
   -.1455770
   -.1690388
   -.0968189
    .0140917
    .0580564
    .0238166
   -.0118026
   -.0011379
    .0308182
    .0286998
    .0072937
    .0009326
    .0225429
    .0546283
    .0565314
    .0427814
    .0440175
    .0782243
    .1416247
    .1877139
    .1839810
    .1558652
    .1233247
    .1161658
    .1297158
    .1192369
    .0785826
    .0409136
    .0059205
    .0007097
    .0265288
    .0529655
    .0662005
    .0742409
    .0826901
    .0899862
    .1005451
    .1187456
    .1356247
    .1331184
    .0989979
    .0446675
    .0004023
   -.0086273
    .0200209
    .0721371
    .1281594
    .1764331
    .2136694
    .2329140
    .2250827
    .1923424
    .1444663
    .0866710
    .0206535
   -.0412966
   -.0772761
   -.0699823
   -.0238695
    .0416839
    .1136143
    .1824633
    .2300897
    .2392658
    .2093854
    .1555127
    .0930272
    .0314055
   -.0223850
   -.0585094
   -.0646316
   -.0344759
    .0243773
    .0928589
    .1465019
    .1678830
    .1570115
    .1269028
    .0881508
    .0438258
   -.0003839
   -.0291149
   -.0273555
   -.0011494
    .0277849
    .0446038
    .0336680
   -.0023955
   -.0302766
   -.0274183
   -.0053677
    .0161755
    .0244846
    .0065612
   -.0397402
   -.0981443
   -.1473415
   -.1757290
   -.1824468
   -.1720321
   -.1562516
   -.1564341
   -.1916450
   -.2626631
   -.3551978
   -.4237332
   -.4408392
   -.4288289
   -.3576840
   -.3525484
   -.2418918
   -.2078433
   -.2141313
   -.2269241
   -.2508803
   -.2741290
   -.2891776
   -.2852799
   -.2758436
   -.2457016
   -.2218425
   -.1811957
   -.1620385
   -.1303588
   -.1029257
   -.0809930
   -.0643103
   -.0541055
   -.0309708
   -.0292341
   -.0269861
   -.0158851
   -.0080089
    .0279636
    .0486911
    .0549629
    .0493559
    .0365648
    .0189942
   -.0155677
   -.0634226
   -.0765370
   -.0592389
   -.0285887
    .0028916
    .0138659
    .0141264
    .0078684
   -.0064428
   -.0396993
   -.0234572
    .0512965
    .1288657
    .1541784
    .1537092
    .0918509
    .0248559
   -.0584839
   -.2093809
   -.3025222
   -.3983159
   -.4328696
   -.4549792
   -.4263209
   -.4319421
   -.4647220
   -.5287969
   -.5419567
   -.5238622
   -.4907317
   -.3974791
   -.2976382
   -.1938990
   -.1206262
   -.0849088
   -.0652085
   -.0356251
   -.0385540
   -.0531333
   -.0525676
   -.0464783
   -.0200961
    .0314598
    .0711975
    .1197620
    .1442837
    .1393670
    .1186031
    .0800423
    .0522947
    .0236197
    .0018507
    .0012682
   -.0202696
   -.0693799
   -.1239563
   -.1701277
   -.2026809
   -.2174986
   -.2431859
   -.1355734
   -.0703673
    .0254030
    .1518550
    .3053581
    .3965215
    .4705884
    .5312792
    .5573273
    .5266584
    .4282190
    .2205703
    .0729917
    .0474441
    .0976016
    .0803249
    .1303398
    .2261363
    .2274392
    .4014913
    .4560994
    .2779653
    .1784751
    .4377906
    .5525774
    .8954225
    .8800819
    .7617335
   -.1502173
   -.4988570
   -.5721889
   -.4268241
   -.3485934
   -.3069604
   -.3749143
   -.5007401
   -.4936709
   -.3445581
   -.2183914
    .1946091
    .4537073
    .6923942
    .8718707
    .8065054
    .4824844
    .1676574
   -.0935664
   -.2503353
   -.3405230
   -.4781850
   -.3926276
   -.4038236
   -.4652911
   -.5629975
   -.5866621
   -.5519327
   -.4411775
   -.2886005
   -.1958768
   -.0621476
    .1278571
    .1889426
    .2747458
    .2778727
    .2375726
    .2268980
    .2213483
    .2294697
    .2620818
    .2774817
    .2644813
    .2354341
    .1754684
    .1180162
    .0812521
    .0149456
   -.0105139
   -.0504191
   -.0769307
   -.0895808
   -.0623844
   -.0566794
   -.0890747
   -.1099774
   -.1238013
   -.1565438
   -.1858254
   -.1800597
   -.1497887
   -.0885257
    .0316839
    .0980899
    .1471271
    .1991125
    .2228689
    .2288890
    .2070035
    .1870510
    .1522131
    .1150239
    .0727195
   -.0229011
   -.0820136
   -.0873094
   -.0073346
    .0379088
    .0225195
   -.0216043
   -.0870579
   -.1201192
   -.1818082
   -.1957634
   -.2046716
   -.1992546
   -.2035101
   -.1957308
   -.2005973
   -.2065216
   -.1902269
   -.1610006
   -.1178757
   -.0711926
    .0016405
    .0814187
    .1453591
    .1784488
    .1836581
    .1678255
    .1299568
    .0829433
    .0595804
    .0418289
    .0545426
    .0228866
   -.0193105
   -.0542231
   -.0744267
   -.0573242
   -.0236900
    .0473013
    .0994944
    .1474638
    .1702002
    .1708774
    .1784089
    .1721253
    .1593171
    .1769333
    .2015853
    .2519007
    .2955015
    .3207973
    .3055980
    .3188158
    .3066184
    .3487944
    .3838370
    .5065385
    .6317500
    .7457530
    .8165375
    .8565447
    .8614623
    .7719262
    .6515410
    .5688429
    .3608292
    .3304109
    .3346952
    .1841411
   -.0002901
   -.1305429
   -.2119568
   -.2423172
   -.0998720
   -.0174415
    .0503215
    .2059758
    .2505080
    .3470030
    .4556645
    .4948578
    .4416871
    .2470087
    .1028167
   -.0317931
   -.2443001
   -.5383130
   -.4979500
   -.4448649
   -.3514703
   -.1359377
   -.0799091
    .2333989
    .3196304
    .3668360
    .3455901
    .1585787
    .0098022
   -.0819999
   -.2608170
   -.4085550
   -.5548650
   -.5857025
   -.5430301
   -.6697104
   -.6307741
   -.5501486
   -.4925310
   -.3485967
   -.1605324
   -.0116965
    .1280709
    .2618301
    .3735503
    .5097948
    .5453001
    .4525837
    .2890313
    .1476142
    .0525415
   -.0214571
   -.0841031
   -.1498527
   -.1917712
   -.2506747
   -.3023376
   -.3490721
   -.3860715
   -.4250691
   -.4195858
   -.3918175
   -.2449319
   -.1826422
   -.1499480
   -.1306827
   -.1021196
   -.1365706
   -.1734276
   -.1881274
   -.1907312
   -.1601517
   -.0950030
   -.0401055
   -.0155744
   -.0059528
    .0291059
    .1003690
    .1411992
    .1763888
    .1968427
    .2235726
    .2506758
    .2537876
    .2058281
    .1258623
    .0198424
   -.1762548
   -.2785890
   -.3417908
   -.3260442
   -.2811885
   -.2152609
   -.0576647
   -.0213529
   -.1593934
   -.2356933
   -.2713660
   -.3106665
   -.2611140
   -.1615752
   -.0727825
    .0537344
    .1836091
    .2396023
    .3161469
    .3306117
    .2216045
    .1637317
   -.0192620
   -.1027435
   -.0976851
   -.0160762
    .0914952
    .1584419
    .1932982
    .2077262
    .1203691
    .0514941
    .0697417
    .0763492
    .1102981
    .1608107
    .1888531
    .2103399
    .1957887
    .1466030
    .1140417
    .1132420
    .0871076
    .0829339
    .0970304
    .0956298
    .1120319
    .1503636
    .1484666
    .1275535
    .0955171
    .0594324
    .0139403
   -.0280759
   -.0461345
   -.0636371
   -.0742694
   -.1091837
   -.1358019
   -.1620762
   -.1823159
   -.1950242
   -.2009715
   -.1752871
   -.1247386
   -.0835692
   -.0227100
    .0043979
    .0141383
    .0013020
   -.0504953
   -.0789264
   -.1644666
   -.1909094
   -.2115803
   -.2157831
   -.2028446
   -.1918556
   -.1874026
   -.2050110
   -.1687864
   -.1289403
   -.0952234
   -.0870304
   -.0822612
   -.0772035
   -.0765195
   -.0855911
   -.0911630
   -.1115384
   -.1209118
   -.1429498
   -.1714801
   -.1879336
   -.1894732
   -.1835100
   -.1757764
   -.1698489
   -.1380146
   -.0917161
   -.0569967
   -.0194249
   -.0335956
   -.0322201
   -.0121169
    .0251781
    .0914198
    .1208985
    .1390292
    .1222299
    .0922441
    .0528796
   -.0288872
   -.0678847
   -.0744871
   -.0618634
   -.0050975
    .0432487
    .1028755
    .1234945
    .1010703
    .0820042
    .0807154
    .1176103
    .1626770
    .2127652
    .2764504
    .3379289
    .3412132
    .2745419
    .1808393
    .1270567
    .0230525
    .0048287
    .0002388
    .0565042
    .1405083
    .2668341
    .3334892
    .3026032
    .2108601
    .0606759
   -.0466358
   -.0817728
   -.0700634
   -.0080225
    .1492971
    .1765141
    .2272631
    .2496187
    .2516675
    .1046821
   -.0781047
   -.1775567
   -.1395211
    .0098877
    .2030764
    .2866107
    .3124979
    .2496287
    .1573534
   -.0563495
   -.1258022
   -.1153298
   -.0012314
    .0722483
    .1306996
    .1575670
    .1592532
    .1018135
   -.0599925
   -.1388365
   -.1666967
   -.1319516
    .0158226
    .1145038
    .1385082
    .1106318
    .0551146
    .0028179
    .0035014
   -.0008845
    .0063930
    .0296262
    .0518691
    .0315685
    .0142185
    .0203652
    .0338984
    .0527344
    .0872463
    .1017316
    .1237456
    .1356567
    .1352059
    .1272634
    .1053290
    .0851465
    .0623089
    .0430422
    .0209981
   -.0066923
   -.0287009
   -.0371967
   -.0292567
    .0215991
    .0396846
    .0843112
    .1242620
    .1093275
    .0950350
    .0854956
    .0546369
    .0357748
    .0184996
    .0055489
    .0220576
    .0294317
    .0644041
    .0900829
    .0944807
    .0443723
   -.0046775
   -.0056574
   -.0106483
    .0044267
   -.0054035
    .0033429
    .0189041
    .0593474
    .0917585
    .0885268
    .0428114
   -.0246997
   -.0721764
   -.1109651
   -.1478383
   -.1626804
   -.1800504
   -.1811837
   -.1825257
   -.1099392
   -.1070052
   -.0885336
   -.0389023
    .0527363
    .1164908
    .1475183
    .1560408
    .1260004
    .0515403
   -.1015197
   -.1956708
   -.2399920
   -.2810092
   -.2683301
   -.2487425
   -.1715462
   -.1204284
   -.0539748
   -.0700917
   -.0897838
   -.1157771
   -.1324039
   -.1333885
   -.1164690
   -.0858590
   -.0765662
   -.0688158
   -.0626480
   -.0596896
   -.0613983
   -.0684541
   -.0805288
   -.0943328
   -.1067400
   -.1190452
   -.1310952
   -.1376534
   -.1332147
   -.1174445
   -.0919422
   -.0564538
   -.0087589
    .0490060
    .1011847
    .1276117
    .1161596
    .0641364
   -.0130886
   -.0833514
   -.1210630
   -.1311695
   -.1396773
   -.1548292
   -.1559658
   -.1414307
   -.1237222
   -.1108743
   -.1081753
   -.1146373
   -.1275096
   -.1444759
   -.1572643
   -.1548165
   -.1352402
   -.1094600
   -.0911345
   -.0833803
   -.0785933
   -.0710452
   -.0618098
   -.0521052
   -.0397657
   -.0255385
   -.0154404
   -.0111241
   -.0042701
    .0085719
    .0265621
    .0393394
    .0464859
    .0582937
    .0835819
    .1125517
    .1324036
    .1437718
    .1532009
    .1622819
    .1662503
    .1646389
    .1598803
    .1500356
    .1318485
    .1068058
    .0819751
    .0627391
    .0498510
    .0426343
    .0396006
    .0396214
    .0420614
    .0469232
    .0543112
    .0640402
    .0741450
    .0811150
    .0829929
    .0822982
    .0827319
    .0839373
    .0842555
    .0849104
    .0864895
    .0877926
    .0874758
    .0851879
    .0800862
    .0713604
    .0598060
    .0471682
    .0344311
    .0228752
    .0139515
    .0080663
    .0047990
    .0039106
    .0056163
    .0110458
    .0215844
    .0362950
    .0505407
    .0588989
    .0610922
    .0602476
    .0582451
    .0561238
    .0535647
    .0502580
    .0470460
    .0455952
    .0471579
    .0510557
    .0551212
    .0581679
    .0594937
    .0573746
    .0510375
    .0414062
    .0295214
    .0157086
    .0008813
   -.0137488
   -.0281074
   -.0430700
   -.0571349
   -.0665000
   -.0704086
   -.0729719
   -.0778132
   -.0810033
   -.0822803
   -.0835853
   -.0868849
   -.0882887
   -.0826769
   -.0680066
   -.0498951
   -.0354769
   -.0289207
   -.0298651
   -.0327790
   -.0332258
   -.0317389
   -.0298296
   -.0278353
   -.0257717
   -.0234537
   -.0208051
   -.0176098
   -.0139455
   -.0099133
   -.0056433
   -.0015907
    .0016592
    .0040026
    .0057625
    .0072561
    .0080370
    .0080681
    .0077896
    .0078926
    .0085028
    .0088486
    .0081130
    .0061118
    .0027175
   -.0022188
   -.0082101
   -.0146484
   -.0219599
   -.0310244
   -.0428283
   -.0576276
   -.0717768
   -.0789613
   -.0772876
   -.0700113
   -.0604329
   -.0500306
   -.0391140
   -.0273550
   -.0131952
    .0050604
    .0272286
    .0468909
    .0566932
    .0559281
    .0496537
    .0415792
    .0318331
    .0198331
    .0056558
   -.0095028
   -.0236216
   -.0355846
   -.0457848
   -.0552570
   -.0641765
   -.0711636
   -.0733538
   -.0698836
   -.0630485
   -.0555720
   -.0469869
   -.0353014
   -.0197901
   -.0000521
    .0234566
    .0481200
    .0699614
    .0855704
    .0928743
    .0920844
    .0863217
    .0789842
    .0711415
    .0629440
    .0536807
    .0433818
    .0329426
    .0221534
    .0103943
   -.0025909
   -.0164626
   -.0321993
   -.0495824
   -.0672890
   -.0836037
   -.0947761
   -.0981673
   -.0944260
   -.0861238
   -.0750354
   -.0619972
   -.0488517
   -.0357471
   -.0217206
   -.0057383
    .0120921
    .0296966
    .0447843
    .0554830
    .0610193
    .0628455
    .0620352
    .0591203
    .0549677
    .0497514
    .0383225
    .0342574
    .0229744
    .0098582
   -.0042212
   -.0193094
   -.0350039
   -.0505034
   -.0636729
   -.0720731
   -.0744859
   -.0710092
   -.0628387
   -.0510943
   -.0368608
   -.0240073
   -.0168547
   -.0165158
   -.0208775
   -.0263698
   -.0291199
   -.0263389
   -.0168593
   -.0007177
    .0204926
    .0418310
    .0572170
    .0639171
    .0624367
    .0578160
    .0548637
    .0564271
    .0630665
    .0717304
    .0788103
    .0824426
    .0820254
    .0783391
    .0748003
    .0757274
    .0834602
    .0959890
    .1077656
    .1137454
    .1110271
    .0941148
    .0580233
    .0083392
   -.0409701
   -.0775075
   -.0963985
   -.1010606
   -.1000349
   -.1005232
   -.1049713
   -.1117973
   -.1173317
   -.1185280
   -.1133397
   -.1016777
   -.0857964
   -.0691749
   -.0546125
   -.0436089
   -.0357719
   -.0281638
   -.0182606
   -.0063589
    .0068077
    .0204886
    .0329845
    .0417826
    .0451725
    .0437156
    .0392466
    .0339137
    .0296124
    .0277949
    .0288459
    .0315423
    .0343172
    .0355829
    .0341773
    .0304976
    .0261403
    .0229491
    .0226283
    .0255276
    .0306226
    .0367847
    .0426632
    .0474614
    .0499637
    .0489840
    .0447470
    .0388371
    .0316433
    .0223556
    .0105652
   -.0042144
   -.0214126
   -.0387832
   -.0529651
   -.0609023
   -.0620198
   -.0581491
   -.0516882
   -.0451980
   -.0415303
   -.0419284
   -.0442273
   -.0447532
   -.0421436
   -.0375129
   -.0323837
   -.0277056
   -.0246410
   -.0251451
   -.0302654
   -.0390774
   -.0498134
   -.0603027
   -.0690088
   -.0753319
   -.0800827
   -.0845580
   -.0886456
   -.0907578
   -.0900612
   -.0857727
   -.0780320
   -.0677140
   -.0549421
   -.0403677
   -.0259456
   -.0140829
   -.0055842
    .0005744
    .0057299
    .0107639
    .0157571
    .0205462
    .0253005
    .0294923
    .0328372
    .0362616
    .0394769
    .0414432
    .0425198
    .0437402
    .0447513
    .0453972
    .0453355
    .0451179
    .0448519
    .0443010
    .0451165
    .0472066
    .0484715
    .0488370
    .0453320
    .0397727
    .0336361
    .0276187
    .0225308
    .0186528
    .0160250
    .0143527
    .0131833
    .0126301
    .0123118
    .0120972
    .0126313
    .0149518
    .0200798
    .0290698
    .0417692
    .0565914
    .0707699
    .0812177
    .0862846
    .0864481
    .0823867
    .0746397
    .0629939
    .0466795
    .0261351
    .0047804
   -.0119110
   -.0200254
   -.0189433
   -.0093760
    .0067900
    .0255013
    .0421366
    .0532277
    .0571564
    .0564417
    .0554995
    .0559215
    .0561957
    .0553119
    .0533467
    .0502245
    .0457916
    .0405673
    .0342797
    .0264987
    .0185585
    .0131156
    .0116975
    .0134805
    .0162537
    .0184027
    .0191279
    .0190417
    .0178587
    .0142253
    .0088549
    .0045193
    .0034404
    .0061140
    .0111350
    .0169467
    .0216825
    .0238052
    .0228574
    .0188490
    .0132726
    .0074106
    .0012538
   -.0047736
   -.0083884
   -.0104387
   -.0113032
   -.0127665
   -.0137790
   -.0117613
   -.0106039
   -.0101092
   -.0105263
   -.0110847
   -.0112301
   -.0106015
   -.0087256
   -.0051345
    .0001955
    .0081931
    .0182797
    .0281795
    .0354969
    .0393420
    .0408403
    .0414651
    .0423455
    .0435749
    .0447070
    .0452302
    .0447177
    .0431088
    .0397187
    .0340959
    .0264490
    .0175457
    .0075355
   -.0039027
   -.0154262
   -.0259771
   -.0356021
   -.0450045
   -.0545683
   -.0641623
   -.0725256
   -.0785877
   -.0826128
   -.0837872
   -.0818640
   -.0771640
   -.0688027
   -.0570387
   -.0440831
   -.0321526
   -.0232263
   -.0172550
   -.0126424
   -.0095937
   -.0079303
   -.0071645
   -.0072846
   -.0079231
   -.0093657
   -.0115451
   -.0131023
   -.0125033
   -.0090613
   -.0036442
    .0026554
    .0086269
    .0139648
    .0182356
    .0211658
    .0226514
    .0226596
    .0217565
    .0203615
    .0181306
    .0151674
    .0121295
    .0097495
    .0075641
    .0058228
    .0052608
    .0061600
    .0086096
    .0123051
    .0164912
    .0201618
    .0234669
    .0266309
    .0291995
    .0310917
    .0329400
    .0353275
    .0377706
    .0391856
    .0387999
    .0366358
    .0337790
    .0314580
    .0299686
    .0289372
    .0278923
    .0270129
    .0263215
    .0253959
    .0244199
    .0238513
    .0234200
    .0230389
    .0231720
    .0239210
    .0255080
    .0280985
    .0304952
    .0316956
    .0315795
    .0298572
    .0269594
    .0240619
    .0216561
    .0194283
    .0172346
    .0156897
    .0160874
    .0174762
    .0187194
    .0203741
    .0210965
    .0221615
    .0237144
    .0258495
    .0292990
    .0344873
    .0409492
    .0479945
    .0551237
    .0621998
    .0692293
    .0759472
    .0823129
    .0884133
    .0935130
    .0964953
    .0964191
    .0933844
    .0879301
    .0790589
    .0657834
    .0489216
    .0305232
    .0141239
    .0020189
   -.0058967
   -.0108000
   -.0141954
   -.0164837
   -.0175572
   -.0174994
   -.0156095
   -.0121525
   -.0085045
   -.0055490
   -.0028060
    .0009551
    .0050097
    .0075863
    .0081471
    .0080818
    .0104439
    .0145122
    .0159767
    .0141556
    .0103056
    .0060675
    .0021588
   -.0017128
   -.0049262
   -.0060442
   -.0057132
   -.0054192
   -.0056950
   -.0065390
   -.0075009
   -.0083829
   -.0083635
   -.0073272
   -.0065863
   -.0066405
   -.0076016
   -.0097552
   -.0130857
   -.0170268
   -.0195807
   -.0214951
   -.0233068
   -.0257258
   -.0281539
   -.0283069
   -.0275317
   -.0272341
   -.0279479
   -.0296868
   -.0322057
   -.0343121
   -.0347577
   -.0332810
   -.0304557
   -.0269854
   -.0237501
   -.0217915
   -.0213980
   -.0217642
   -.0217723
   -.0209237
   -.0195172
   -.0181804
   -.0180555
   -.0198070
   -.0230696
   -.0271617
   -.0319763
   -.0375032
   -.0434626
   -.0485401
   -.0513816
   -.0532720
   -.0541252
   -.0546599
   -.0513207
   -.0462887
   -.0416018
   -.0381805
   -.0358094
   -.0340853
   -.0331456
   -.0330338
   -.0329373
   -.0330843
   -.0335330
   -.0342668
   -.0340481
   -.0312355
   -.0274065
   -.0235757
   -.0210254
   -.0194163
   -.0160618
   -.0124724
   -.0090349
   -.0066868
   -.0039435
   -.0000612
    .0042210
    .0077187
    .0109589
    .0132869
    .0162006
    .0207603
    .0251771
    .0295787
    .0336933
    .0383092
    .0430590
    .0471723
    .0505873
    .0534531
    .0553502
    .0560803
    .0557786
    .0536756
    .0503972
    .0471999
    .0448116
    .0430312
    .0414791
    .0404273
    .0396510
    .0383088
    .0368208
    .0358553
    .0349804
    .0340883
    .0334057
    .0326256
    .0321026
    .0332925
    .0344809
    .0352118
    .0341059
    .0336731
    .0325465
    .0297555
    .0249150
    .0209788
    .0189758
    .0185130
    .0189123
    .0195261
    .0195867
    .0184847
    .0159786
    .0120933
    .0076007
    .0029730
   -.0013950
   -.0052542
   -.0090769
   -.0124562
   -.0141438
   -.0138529
   -.0123478
   -.0110388
   -.0108486
   -.0116330
   -.0124774
   -.0123894
   -.0114254
   -.0096014
   -.0063772
   -.0020440
    .0019577
    .0052508
    .0081153
    .0101688
    .0108327
    .0099828
    .0080728
    .0053112
    .0022491
   -.0007709
   -.0035689
   -.0055912
   -.0063894
   -.0058234
   -.0041678
   -.0022276
   -.0004735
    .0008294
    .0008404
   -.0006849
   -.0025683
   -.0033441
   -.0028281
   -.0014596
    .0008892
    .0048030
    .0098934
    .0145502
    .0178299
    .0195501
    .0195979
    .0177971
    .0144576
    .0105237
    .0062955
    .0015978
   -.0030128
   -.0065568
   -.0086886
   -.0095546
   -.0093368
   -.0082385
   -.0065689
   -.0046536
   -.0026288
   -.0006881
    .0012433
    .0035109
    .0057432
    .0070639
    .0070186
    .0065066
    .0062389
    .0065701
    .0076963
    .0094502
    .0111011
    .0117274
    .0106903
    .0079047
    .0045207
    .0020828
    .0009495
    .0001341
   -.0013235
   -.0033649
   -.0061288
   -.0096974
   -.0126510
   -.0134541
   -.0123100
   -.0105367
   -.0087512
   -.0069775
   -.0050748
   -.0035547
   -.0019343
    .0011702
    .0055276
    .0102636
    .0149945
    .0184407
    .0183961
    .0149529
    .0099718
    .0043206
   -.0011413
   -.0052467
   -.0079288
   -.0092866
   -.0085116
   -.0063836
   -.0042148
   -.0018028
    .0010509
    .0039328
    .0069575
    .0106788
    .0146618
    .0179537
    .0200296
    .0213860
    .0223729
    .0226901
    .0225378
    .0216690
    .0203650
    .0195151
    .0194732
    .0201800
    .0211981
    .0222065
    .0230951
    .0230349
    .0213907
    .0185234
    .0150154
    .0116150
    .0089276
    .0075268
    .0075273
    .0083172
    .0097647
    .0115926
    .0132769
    .0145578
    .0154928
    .0159905
    .0162126
    .0161830
    .0157847
    .0152956
    .0158421
    .0179735
    .0208733
    .0240159
    .0274711
    .0311488
    .0347731
    .0378457
    .0399067
    .0405375
    .0394204
    .0362522
    .0316892
    .0258127
    .0181966
    .0099088
    .0019547
   -.0053665
   -.0109015
   -.0141205
   -.0163025
   -.0182669
   -.0195295
   -.0197272
   -.0180599
   -.0147393
   -.0108937
   -.0069884
   -.0029127
    .0009470
    .0044411
    .0080336
    .0112219
    .0132741
    .0145864
    .0149293
    .0135927
    .0109965
    .0082313
    .0060438
    .0044946
    .0029127
    .0008124
   -.0010806
   -.0019440
   -.0023452
   -.0033929
   -.0049493
   -.0060270
   -.0061414
   -.0054562
   -.0042766
   -.0027635
   -.0013851
   -.0003882
    .0004223
    .0006963
   -.0001528
   -.0018904
   -.0040412
   -.0064805
   -.0090682
   -.0115049
   -.0140051
   -.0166192
   -.0189689
   -.0196393
   -.0195181
   -.0207706
   -.0208763
   -.0203771
   -.0180578
   -.0151439
   -.0128428
   -.0110894
   -.0095923
   -.0083963
   -.0086759
   -.0110067
   -.0147699
   -.0190827
   -.0233334
   -.0274291
   -.0313364
   -.0347941
   -.0372854
   -.0374528
   -.0350021
   -.0313678
   -.0278041
   -.0238728
   -.0195312
   -.0159555
   -.0133382
   -.0110924
   -.0091211
   -.0073471
   -.0059555
   -.0050542
   -.0044092
   -.0042126
   -.0044440
   -.0047354
   -.0051108
   -.0054577
   -.0059709
   -.0072188
   -.0077802
   -.0076036
   -.0061586
   -.0044532
   -.0031084
   -.0037710
   -.0047021
   -.0055855
   -.0052238
   -.0050052
   -.0049326
   -.0043498
   -.0025536
   -.0002302
    .0021359
    .0045241
    .0084500
    .0124534
    .0156852
    .0181667
    .0205077
    .0229707
    .0243562
    .0242773
    .0236100
    .0224307
    .0205423
    .0178133
    .0140673
    .0101043
    .0073735
    .0058040
    .0045595
    .0033004
    .0023219
    .0020277
    .0022415
    .0025702
    .0029632
    .0038855
    .0047154
    .0047266
    .0048841
    .0062559
    .0081682
    .0088788
    .0082670
    .0074803
    .0070429
    .0059268
    .0037126
    .0012544
   -.0000701
   -.0012149
   -.0023207
   -.0028349
   -.0022918
   -.0016733
   -.0012138
    .0003826
    .0036012
    .0067148
    .0090316
    .0129894
    .0173339
    .0211985
    .0237343
    .0266812
    .0308677
    .0350435
    .0385666
    .0413091
    .0432438
    .0438030
    .0433354
    .0423607
    .0406882
    .0383218
    .0358250
    .0331204
    .0298615
    .0260030
    .0220414
    .0187244
    .0167659
    .0165146
    .0175037
    .0187540
    .0198857
    .0207816
    .0211534
    .0210530
    .0204156
    .0187144
    .0157378
    .0118432
    .0076435
    .0031296
   -.0016100
   -.0061928
   -.0102271
   -.0134402
   -.0152806
   -.0161116
   -.0162519
   -.0150771
   -.0124100
   -.0089078
   -.0058068
   -.0035561
   -.0014050
    .0011165
    .0038014
    .0057609
    .0065573
    .0068524
    .0077471
    .0085060
    .0083233
    .0075571
    .0066448
    .0057015
    .0046591
    .0036453
    .0030364
    .0026982
    .0016640
    .0001293
   -.0003823
    .0004320
    .0017108
    .0029612
    .0041715
    .0053022
    .0064008
    .0075637
    .0084343
    .0084382
    .0076183
    .0063944
    .0050937
    .0045621
    .0053208
    .0065811
    .0081323
    .0107906
    .0143443
    .0174510
    .0196119
    .0216078
    .0234860
    .0245809
    .0245965
    .0240206
    .0239850
    .0251395
    .0267080
    .0283132
    .0302289
    .0314337
    .0307090
    .0281113
    .0244384
    .0210136
    .0182463
    .0148093
    .0104922
    .0066678
    .0042063
    .0020991
   -.0006677
   -.0044710
   -.0088085
   -.0126182
   -.0158575
   -.0195672
   -.0235550
   -.0266954
   -.0289246
   -.0311675
   -.0327120
   -.0327308
   -.0322773
   -.0315812
   -.0302329
   -.0278702
   -.0247900
   -.0220836
   -.0195592
   -.0166835
   -.0115525
   -.0060833
   -.0056159
   -.0079038
   -.0099357
   -.0095111
   -.0088793
   -.0104765
   -.0134591
   -.0168984
   -.0203676
   -.0237811
   -.0269397
   -.0292278
   -.0302403
   -.0295829
   -.0270895
   -.0234226
   -.0195164
   -.0160139
   -.0126950
   -.0097005
   -.0072011
   -.0050015
   -.0029366
   -.0009280
    .0010682
    .0032003
    .0051773
    .0067171
    .0083342
    .0105305
    .0126000
    .0146312
    .0149957
    .0161317
    .0181941
    .0192986
    .0192959
    .0185192
    .0186252
    .0182328
    .0174257
    .0160120
    .0143026
    .0129569
    .0121917
    .0120217
    .0128863
    .0143148
    .0159560
    .0175507
    .0193357
    .0211640
    .0231409
    .0258602
    .0283313
    .0291474
    .0286226
    .0285850
    .0286311
    .0277641
    .0256321
    .0232584
    .0223530
    .0219471
    .0217932
    .0214873
    .0218003
    .0224587
    .0228022
    .0228298
    .0221698
    .0206974
    .0197554
    .0196504
    .0189374
    .0165499
    .0135744
    .0117683
    .0101819
    .0079937
    .0052514
    .0033179
    .0013716
   -.0010430
   -.0032040
   -.0034943
   -.0032981
   -.0033510
   -.0024348
   -.0009869
    .0005642
    .0022870
    .0047305
    .0068119
    .0078685
    .0077558
    .0074270
    .0075834
    .0078203
    .0072226
    .0066083
    .0064837
    .0070181
    .0068840
    .0057265
    .0055586
    .0067305
    .0078313
    .0094214
    .0122659
    .0152503
    .0176789
    .0189837
    .0198153
    .0204903
    .0204973
    .0197117
    .0181556
    .0163656
    .0147463
    .0135405
    .0123342
    .0103504
    .0084147
    .0072676
    .0055845
    .0039897
    .0036545
    .0034745
    .0033784
    .0037317
    .0048263
    .0063632
    .0078584
    .0091072
    .0099051
    .0098921
    .0091343
    .0084083
    .0080889
    .0081615
    .0084685
    .0087316
    .0082621
    .0065705
    .0044244
    .0029805
    .0026900
    .0018480
   -.0003603
   -.0016194
   -.0004216
    .0007830
   -.0000632
   -.0007803
    .0005951
    .0031292
    .0049772
    .0058335
    .0065009
    .0075991
    .0083570
    .0076150
    .0060110
    .0050150
    .0040501
    .0026984
    .0013673
    .0004666
    .0001660
   -.0002179
   -.0005898
   -.0002936
   -.0000661
   -.0010418
   -.0027825
   -.0044525
   -.0060696
   -.0081523
   -.0101505
   -.0106910
   -.0096689
   -.0084965
   -.0076493
   -.0062224
   -.0034788
   -.0008088
    .0010237
    .0031047
    .0056253
    .0075056
    .0089451
    .0105810
    .0121343
    .0124916
    .0117389
    .0098591
    .0070036
    .0040368
    .0017709
    .0003350
   -.0008110
   -.0018512
   -.0023258
   -.0025222
   -.0029182
   -.0033804
   -.0037047
   -.0038889
   -.0045581
   -.0054913
   -.0059506
   -.0053518
   -.0050634
   -.0054600
   -.0054557
   -.0045421
   -.0038255
   -.0040790
   -.0045383
   -.0046283
   -.0054351
   -.0070835
   -.0088083
   -.0105166
   -.0133702
   -.0168767
   -.0197965
   -.0217640
   -.0239850
   -.0270080
   -.0296029
   -.0306060
   -.0315839
   -.0334842
   -.0342742
   -.0330767
   -.0314871
   -.0296875
   -.0267252
   -.0222014
   -.0177318
   -.0146329
   -.0122013
   -.0099775
   -.0090922
   -.0091937
   -.0091239
   -.0093361
   -.0101959
   -.0108689
   -.0109873
   -.0116842
   -.0121331
   -.0119830
   -.0109320
   -.0102396
   -.0098997
   -.0097613
   -.0099727
   -.0105714
   -.0110853
   -.0110535
   -.0104205
   -.0091557
   -.0076366
   -.0062445
   -.0047304
   -.0036180
   -.0029927
   -.0025888
   -.0024116
   -.0024966
   -.0023578
   -.0019463
   -.0016518
   -.0018675
   -.0027071
   -.0039777
   -.0048290
   -.0050560
   -.0050936
   -.0052788
   -.0062309
   -.0082123
   -.0099208
   -.0099148
   -.0092259
   -.0097065
   -.0103566
   -.0100069
   -.0089861
   -.0087098
   -.0083016
   -.0074302
   -.0059353
   -.0047790
   -.0047153
   -.0045318
   -.0033783
   -.0021812
   -.0010335
    .0006424
    .0031628
    .0064037
    .0096143
    .0121454
    .0141837
    .0162967
    .0188388
    .0217289
    .0244267
    .0258164
    .0250716
    .0223928
    .0186730
    .0147270
    .0106791
    .0065853
    .0031216
    .0009377
   -.0003733
   -.0011307
   -.0011832
   -.0009841
   -.0007711
   -.0004829
    .0002317
    .0009908
    .0025779
    .0052119
    .0081234
    .0102021
    .0113624
    .0124877
    .0137966
    .0149595
    .0147239
    .0137396
    .0129635
    .0122610
    .0111577
    .0101513
    .0093184
    .0090113
    .0092905
    .0092792
    .0087730
    .0086251
    .0089963
    .0085584
    .0082292
    .0085200
    .0084794
    .0073314
    .0060909
    .0054670
    .0041172
    .0021094
    .0005749
    .0000185
   -.0007793
   -.0016213
   -.0019011
   -.0012710
   -.0008683
   -.0006005
    .0003376
    .0024169
    .0052839
    .0076138
    .0091062
    .0107351
    .0127741
    .0155192
    .0173372
    .0187756
    .0199476
    .0211922
    .0217104
    .0209622
    .0195473
    .0178614
    .0160246
    .0152779
    .0166467
    .0187340
    .0201001
    .0212419
    .0226539
    .0235928
    .0241791
    .0245775
    .0244994
    .0239308
    .0236996
    .0243358
    .0251633
    .0251879
    .0252728
    .0256475
    .0254705
    .0246842
    .0230590
    .0226210
    .0222300
    .0211840
    .0189601
    .0168979
    .0158775
    .0147571
    .0128834
    .0118092
    .0110521
    .0096442
    .0076418
    .0059430
    .0055996
    .0059845
    .0066332
    .0070514
    .0064504
    .0051242
    .0047539
    .0059529
    .0061063
    .0058282
    .0054412
    .0051560
    .0051584
    .0046782
    .0032904
    .0014086
   -.0002232
   -.0011374
   -.0012542
   -.0009941
   -.0002106
    .0013684
    .0035368
    .0055107
    .0066926
    .0071149
    .0072110
    .0073203
    .0074659
    .0074600
    .0072493
    .0072696
    .0071830
    .0061186
    .0049189
    .0046266
    .0051375
    .0055804
    .0056878
    .0056612
    .0059233
    .0061763
    .0054776
    .0039317
    .0027520
    .0024503
    .0022196
    .0020371
    .0015963
    .0008746
    .0001386
   -.0001707
    .0001722
    .0005566
   -.0000216
   -.0010529
   -.0013005
   -.0006186
   -.0009996
   -.0021748
   -.0023908
   -.0017278
   -.0015553
   -.0023708
   -.0033634
   -.0045601
   -.0054855
   -.0050305
   -.0037252
   -.0030382
   -.0027946
   -.0013756
    .0007018
    .0022795
    .0028078
    .0026631
    .0022535
    .0018211
    .0013632
    .0006964
   -.0001035
   -.0005698
   -.0005427
   -.0006175
   -.0013714
   -.0021689
   -.0023933
   -.0020525
   -.0022069
   -.0030128
   -.0037085
   -.0036467
   -.0027463
   -.0020717
   -.0014730
   -.0005784
    .0007161
    .0016378
    .0019780
    .0025203
    .0037675
    .0044807
    .0039747
    .0027442
    .0019530
    .0025278
    .0040768
    .0061911
    .0079392
    .0089596
    .0099147
    .0114207
    .0135677
    .0154436
    .0161705
    .0158755
    .0148858
    .0133226
    .0116919
    .0108256
    .0104446
    .0095431
    .0078904
    .0063979
    .0055943
    .0052527
    .0050424
    .0041917
    .0024426
    .0010945
    .0017795
    .0033282
    .0035890
    .0030890
    .0031502
    .0043414
    .0059295
    .0064106
    .0054261
    .0041883
    .0037855
    .0042290
    .0039516
    .0019806
   -.0001581
   -.0016265
   -.0031317
   -.0054686
   -.0077868
   -.0094995
   -.0117224
   -.0140959
   -.0150809
   -.0153288
   -.0156913
   -.0154307
   -.0148323
   -.0144893
   -.0135863
   -.0119080
   -.0105713
   -.0097582
   -.0091913
   -.0084187
   -.0077414
   -.0078239
   -.0079064
   -.0074822
   -.0067955
   -.0068049
   -.0073361
   -.0079766
   -.0084121
   -.0082043
   -.0068484
   -.0054194
   -.0053288
   -.0065802
   -.0085350
   -.0102650
   -.0108804
   -.0109407
   -.0113139
   -.0123123
   -.0142182
   -.0158591
   -.0156457
   -.0148202
   -.0149865
   -.0157453
   -.0157369
   -.0144707
   -.0127858
   -.0118769
   -.0116302
   -.0109781
   -.0100456
   -.0087941
   -.0071231
   -.0055595
   -.0048605
   -.0036870
   -.0012064
    .0017676
    .0029846
    .0027287
    .0034025
    .0064270
    .0093782
    .0105879
    .0117143
    .0139223
    .0171627
    .0200516
    .0214037
    .0221867
    .0236899
    .0257186
    .0264935
    .0261196
    .0256283
    .0250776
    .0242548
    .0230805
    .0219209
    .0211360
    .0206810
    .0207459
    .0210503
    .0211916
    .0215494
    .0225948
    .0232881
    .0233332
    .0233684
    .0237636
    .0237086
    .0230784
    .0223922
    .0219983
    .0219543
    .0215903
    .0210599
    .0206298
    .0205809
    .0202437
    .0196276
    .0191955
    .0191700
    .0197482
    .0199667
    .0200477
    .0201718
    .0205042
    .0210871
    .0216986
    .0222043
    .0226339
    .0229781
    .0232421
    .0233489
    .0231730
    .0228806
    .0228213
    .0231278
    .0238635
    .0246454
    .0251987
    .0254088
    .0250676
    .0245654
    .0242866
    .0241600
    .0237363
    .0228123
    .0218808
    .0211799
    .0208360
    .0201608
    .0196709
    .0193425
    .0199862
    .0203575
    .0206614
    .0208489
    .0209710
    .0203946
    .0205752
    .0214814
    .0225013
    .0231222
    .0230800
    .0228831
    .0223764
    .0219305
    .0216558
    .0207792
    .0192505
    .0176116
    .0157920
    .0138156
    .0118767
    .0101191
    .0082822
    .0065567
    .0057648
    .0053408
    .0046466
    .0042063
    .0039373
    .0040457
    .0042058
    .0034511
    .0026168
    .0023719
    .0022271
    .0015012
    .0008993
    .0006124
    .0007733
    .0007521
    .0001959
   -.0003817
   -.0001847
    .0001004
   -.0005869
   -.0010892
   -.0012021
   -.0012750
   -.0015311
   -.0018701
   -.0022118
   -.0028478
   -.0035469
   -.0042999
   -.0050772
   -.0057518
   -.0063182
   -.0069337
   -.0075933
   -.0078467
   -.0078374
   -.0073777
   -.0070988
   -.0068321
   -.0069263
   -.0070665
   -.0074383
   -.0080303
   -.0089142
   -.0096363
   -.0100091
   -.0099311
   -.0105669
   -.0108262
   -.0106701
   -.0099918
   -.0094032
   -.0089977
   -.0086298
   -.0079983
   -.0073024
   -.0067685
   -.0063077
   -.0057369
   -.0052839
   -.0047954
   -.0042099
   -.0035262
   -.0027413
   -.0018074
   -.0008405
   -.0000415
    .0004082
    .0008373
    .0011366
    .0016901
    .0021197
    .0022573
    .0021755
    .0021059
    .0020154
    .0021780
    .0025597
    .0030009
    .0033494
    .0037228
    .0041067
    .0044105
    .0046466
    .0049508
    .0051972
    .0053618
    .0055220
    .0057456
    .0057710
    .0058283
    .0060792
    .0062784
    .0059785
    .0056985
    .0052415
    .0052889
    .0052908
    .0048795
    .0046101
    .0044918
    .0047701
    .0051598
    .0051888
    .0049996
    .0049397
    .0048771
    .0047183
    .0045646
    .0043127
    .0040374
    .0038816
    .0037335
    .0035414
    .0033443
    .0031790
    .0031563
    .0031590
    .0031671
    .0031694
    .0032112
    .0032435
    .0032785
    .0033148
    .0033463
    .0033203
    .0032923
    .0032820
    .0032397
    .0031298
    .0030282
    .0029296
    .0028478
    .0027429
    .0026706
    .0026056
    .0025839
    .0025677
    .0025572
    .0025288
    .0025128
    .0025034
    .0024948
    .0024644
    .0024351
    .0024103
    .0023878
    .0023801
    .0023717
    .0023871
    .0023795
    .0023727
    .0020092
    .0023454
    .0023197
    .0023291
    .0023208
    .0023457
    .0023444
    .0023882
    .0024040
    .0024613
    .0024787
    .0025356
    .0025409
    .0025976
    .0026109
    .0026762
    .0026846
    .0027482
    .0027544
    .0028180
    .0028235
    .0028861
    .0028884
    .0029490
    .0029490
    .0030060
    .0030043
    .0030588
    .0030556
    .0031051
    .0031032
    .0031493
    .0031465
    .0031842
    .0031825
    .0032120
    .0032112
    .0032287
    .0032296
    .0032320
    .0032355
    .0032180
    .0032254
    .0031814
    .0031945
    .0031138
    .0031348
    .0029995
    .0030300
    .0028048
    .0028354
    .0023886
    .0022832
    .0012632
    .0011098