   -.0027904
   -.0030821
   -.0033696
   -.0034934
   -.0010569
   -.0033271
   -.0032712
   -.0032057
   -.0031235
   -.0031168
   -.0029395
   -.0029039
   -.0028704
   -.0028802
   -.0027714
   -.0024691
   -.0023072
   -.0023339
   -.0024891
   -.0026256
   -.0028118
   -.0025289
   -.0019935
   -.0013511
   -.0008766
   -.0005058
   -.0002894
   -.0000837
   -.0000417
   -.0003591
   -.0009788
   -.0015622
   -.0019405
   -.0016326
   -.0005828
    .0009078
    .0014901
    .0011671
   -.0000751
   -.0012657
   -.0018668
   -.0010186
    .0005248
    .0020578
    .0025703
    .0018767
   -.0001308
   -.0025169
   -.0044760
   -.0051922
   -.0047472
   -.0028200
    .0000368
    .0029672
    .0044824
    .0040828
    .0006771
   -.0047928
   -.0106324
   -.0140661
   -.0135352
   -.0080736
   -.0012013
    .0037856
    .0063833
    .0058544
    .0044420
    .0034319
    .0026979
    .0004358
   -.0046675
   -.0099644
   -.0135112
   -.0160376
   -.0189599
   -.0229953
   -.0260730
   -.0251852
   -.0187642
   -.0070196
    .0053088
    .0128511
    .0151611
    .0152406
    .0128522
    .0073987
   -.0027999
   -.0141636
   -.0198472
   -.0171777
   -.0067938
    .0064144
    .0152493
    .0151461
    .0047283
   -.0075411
   -.0141397
   -.0128540
   -.0034830
    .0079872
    .0184841
    .0247459
    .0235424
    .0135239
    .0011924
   -.0085355
   -.0123853
   -.0095779
   -.0000116
    .0139110
    .0264751
    .0292521
    .0234621
    .0116415
   -.0071499
   -.0280092
   -.0339294
   -.0232326
   -.0030776
    .0120132
    .0223138
    .0234981
    .0143697
   -.0048812
   -.0273468
   -.0416575
   -.0444133
   -.0385177
   -.0259909
   -.0097533
    .0075401
    .0207268
    .0222617
    .0086502
   -.0182892
   -.0464629
   -.0518839
   -.0279637
    .0052738
    .0286938
    .0389995
    .0296555
    .0072442
   -.0233313
   -.0473676
   -.0527724
   -.0341985
   -.0035138
    .0278772
    .0517783
    .0627343
    .0539826
    .0277826
   -.0109239
   -.0462381
   -.0651400
   -.0563784
   -.0208561
    .0247616
    .0633084
    .0755012
    .0548162
    .0053275
   -.0529891
   -.0734762
   -.0326861
    .0354975
    .0738784
    .0607011
    .0217700
   -.0197092
   -.0507040
   -.0599454
   -.0496014
   -.0227330
    .0135650
    .0456267
    .0625952
    .0626265
    .0456779
    .0218439
   -.0000961
   -.0209510
   -.0340168
   -.0276993
    .0019273
    .0379793
    .0484599
    .0333121
    .0095204
   -.0103631
   -.0165549
   -.0087041
    .0073181
    .0241426
    .0338369
    .0305884
    .0192789
    .0056606
   -.0067422
   -.0150613
   -.0188871
   -.0161514
   -.0051423
    .0092719
    .0203996
    .0217823
    .0106786
   -.0127501
   -.0390278
   -.0574615
   -.0602903
   -.0422880
   -.0029135
    .0256462
    .0188227
   -.0235476
   -.0616897
   -.0761932
   -.0620299
   -.0342104
   -.0162766
   -.0071971
    .0011269
    .0083974
    .0115357
    .0051693
   -.0140828
   -.0416895
   -.0604163
   -.0608480
   -.0409579
   -.0174800
   -.0047459
   -.0178408
   -.0457147
   -.0716460
   -.0739291
   -.0562290
   -.0280876
   -.0014116
    .0133642
    .0050506
   -.0212972
   -.0444343
   -.0542103
   -.0564769
   -.0661637
   -.0817554
   -.0985685
   -.1035097
   -.0923093
   -.0622240
   -.0170990
    .0321543
    .0760401
    .1116380
    .1263049
    .1224205
    .1019765
    .0673009
    .0272525
   -.0117905
   -.0343752
   -.0369050
   -.0269007
   -.0089810
    .0206610
    .0578444
    .0965904
    .1360393
    .1755408
    .2149097
    .2437512
    .2526641
    .2380004
    .2125765
    .1843485
    .1590876
    .1340099
    .1123019
    .0967348
    .0911394
    .0944172
    .1090866
    .1339539
    .1695916
    .2081523
    .2388716
    .2547427
    .2545307
    .2380810
    .2086784
    .1692524
    .1303166
    .1004069
    .0792511
    .0715780
    .0752244
    .0887547
    .1078246
    .1255539
    .1324547
    .1252989
    .1096138
    .0864463
    .0584571
    .0228974
   -.0144726
   -.0457486
   -.0632451
   -.0668325
   -.0579751
   -.0426174
   -.0321023
   -.0407761
   -.0707504
   -.1094516
   -.1474283
   -.1822685
   -.2034771
   -.2063394
   -.1877670
   -.1559689
   -.1376050
   -.1515366
   -.1931079
   -.2355770
   -.2746903
   -.2902219
   -.2821502
   -.2547959
   -.2130758
   -.1752638
   -.1523774
   -.1463348
   -.1609258
   -.1890482
   -.2159280
   -.2312981
   -.2320291
   -.1970929
   -.1270126
   -.0766906
   -.0694917
   -.0833689
   -.1050343
   -.1384412
   -.1527582
   -.1169464
   -.0561886
   -.0135383
   -.0225275
   -.0666195
   -.1191674
   -.1519425
   -.1559754
   -.1443250
   -.1240236
   -.0881912
   -.0470758
   -.0035798
    .0275572
    .0340533
    .0182025
   -.0160570
   -.0633497
   -.1286925
   -.2158024
   -.3098990
   -.3775888
   -.4025052
   -.3979791
   -.3778897
   -.3486678
   -.3075413
   -.2465987
   -.1631418
   -.0641731
    .0363337
    .1359138
    .2222082
    .2873442
    .3261413
    .3314856
    .3120413
    .2739894
    .2206844
    .1487134
    .0630551
   -.0383493
   -.1558566
   -.2732862
   -.3932161
   -.5064458
   -.5883069
   -.6326885
   -.6446241
   -.6248615
   -.6097728
   -.5767797
   -.4904914
   -.3831012
   -.2644421
   -.1115863
    .0656923
    .2369770
    .3973411
    .5345417
    .6414032
    .7192702
    .7621951
    .7570902
    .7178790
    .6511260
    .5559701
    .4344987
    .3034377
    .1551877
   -.0061706
   -.1576062
   -.2841661
   -.3807709
   -.4456087
   -.4904367
   -.5022651
   -.4509588
   -.3447930
   -.1935063
   -.0303489
    .1227434
    .2528129
    .3406172
    .3880885
    .4103555
    .4397988
    .5136748
    .6637563
    .7794163
    .6947987
    .4179575
    .1048184
   -.0757236
   -.1054098
   -.1022382
   -.1162933
   -.1156531
   -.0563751
    .0881746
    .2731988
    .4157809
    .5096632
    .5595755
    .5676611
    .5353591
    .4807826
    .4107549
    .3316474
    .2452432
    .1638961
    .0996587
    .0533868
    .0224933
    .0022958
   -.0095798
   -.0135343
   -.0084205
    .0055263
    .0236900
    .0445135
    .0672864
    .0947564
    .1238846
    .1370589
    .1280318
    .0987327
    .0615467
    .0316988
    .0318010
    .0573711
    .0873789
    .1073506
    .1052479
    .0854671
    .0506951
    .0144873
   -.0103638
   -.0078220
    .0194941
    .0622637
    .0976087
    .1042834
    .0843900
    .0507575
    .0045776
   -.0249476
   -.0289892
   -.0176959
    .0058299
    .0306529
    .0422880
    .0415740
    .0320385
    .0200056
    .0125034
    .0158403
    .0145814
    .0229146
    .0144084
   -.0024062
   -.0175224
   -.0222659
   -.0040012
    .0376547
    .0747004
    .0927421
    .0837003
    .0477977
    .0011342
   -.0480259
   -.0873074
   -.1080777
   -.1017907
   -.0684321
   -.0124627
    .0522707
    .1045698
    .1332534
    .1224411
    .0870174
    .0478440
    .0070953
   -.0287168
   -.0666400
   -.0979058
   -.1142773
   -.1228873
   -.1366728
   -.1523081
   -.1564283
   -.1415175
   -.1233834
   -.0979055
   -.0622374
   -.0245546
    .0071227
    .0319899
    .0505116
    .0587021
    .0568380
    .0424231
    .0202382
   -.0039256
   -.0323953
   -.0565128
   -.0731000
   -.0752870
   -.0553078
   -.0263831
   -.0032217
    .0116404
    .0204061
    .0147286
   -.0100719
   -.0439559
   -.0695229
   -.0675348
   -.0494617
   -.0258943
   -.0064935
    .0081308
    .0090596
   -.0076282
   -.0388396
   -.0683666
   -.0867548
   -.0938661
   -.0929673
   -.0885385
   -.0816158
   -.0716253
   -.0565366
   -.0347935
   -.0085504
    .0118294
    .0144915
   -.0039650
   -.0361220
   -.0720750
   -.1014754
   -.1111427
   -.0936069
   -.0625573
   -.0299350
   -.0058428
    .0060312
    .0113094
    .0117000
    .0107560
    .0129538
    .0158355
    .0138532
    .0069561
    .0006003
    .0004662
    .0012513
   -.0005676
    .0024492
    .0106802
    .0174223
    .0250641
    .0300937
    .0424592
    .0520876
    .0533136
    .0492799
    .0442815
    .0491765
    .0467273
    .0554144
    .0642497
    .0724175
    .0825600
    .0938578
    .1031760
    .1045145
    .0960994
    .0810757
    .0648272
    .0478182
    .0398581
    .0458240
    .0638159
    .0858312
    .0995026
    .0990754
    .0888883
    .0772358
    .0666621
    .0525683
    .0471870
    .0531751
    .0577911
    .0524696
    .0427589
    .0315176
    .0187720
    .0127003
    .0106997
    .0093377
    .0141985
    .0234429
    .0239371
    .0136815
   -.0045949
   -.0215206
   -.0333223
   -.0392528
   -.0407911
   -.0314144
   -.0135083
    .0002989
    .0027024
   -.0067300
   -.0202378
   -.0343346
   -.0452707
   -.0497279
   -.0452033
   -.0354920
   -.0251866
   -.0178523
   -.0184448
   -.0208205
   -.0121929
   -.0063987
   -.0062991
   -.0087355
   -.0123260
   -.0178810
   -.0261274
   -.0308512
   -.0271229
   -.0166751
   -.0028606
    .0078213
    .0130640
    .0153130
    .0159897
    .0119403
    .0032122
   -.0071286
   -.0105653
   -.0053868
    .0075501
    .0205474
    .0268296
    .0250750
    .0180388
    .0127017
    .0132297
    .0059738
    .0108223
    .0192948
    .0242129
    .0170675
    .0118651
    .0177694
    .0203387
    .0168647
    .0096021
    .0036287
   -.0006068
   -.0003144
    .0023741
    .0042826
    .0017401
   -.0080340
   -.0181368
   -.0237103
   -.0202020
   -.0127867
   -.0056561
   -.0016196
   -.0017924
   -.0062193
   -.0139449
   -.0217804
   -.0282268
   -.0354795
   -.0424821
   -.0509606
   -.0660730
   -.0864130
   -.1085147
   -.1283513
   -.1408888
   -.1441897
   -.1398800
   -.1326549
   -.1227458
   -.1098241
   -.0930870
   -.0778490
   -.0590774
   -.0352633
   -.0102651
    .0154842
    .0323919
    .0307705
    .0150012
   -.0134161
   -.0413455
   -.0512086
   -.0514044
   -.0468994
   -.0364448
   -.0151246
    .0161969
    .0490992
    .0687284
    .0698769
    .0619037
    .0516035
    .0398893
    .0320467
    .0311791
    .0356323
    .0438791
    .0526240
    .0623907
    .0747935
    .0901970
    .1055407
    .1173131
    .1208977
    .1165131
    .1054793
    .0913992
    .0781129
    .0684520
    .0638994
    .0663654
    .0703664
    .0712915
    .0701201
    .0667190
    .0608351
    .0569797
    .0443280
    .0362980
    .0338070
    .0321250
    .0242314
    .0170163
    .0068489
   -.0033776
   -.0110067
   -.0147273
   -.0140611
   -.0181167
   -.0244976
   -.0308393
   -.0444118
   -.0472632
   -.0491025
   -.0492951
   -.0487294
   -.0486650
   -.0500590
   -.0569834
   -.0690185
   -.0854376
   -.0988703
   -.1060113
   -.1050784
   -.1003801
   -.0835068
   -.0719886
   -.0686919
   -.0800325
   -.1091510
   -.1204614
   -.1229792
   -.1257201
   -.1217110
   -.0994273
   -.1031007
   -.1018194
   -.1049005
   -.0983055
   -.0961067
   -.0843581
   -.0855151
   -.0908462
   -.0948289
   -.0956778
   -.0915859
   -.0823007
   -.0651241
   -.0411259
   -.0199698
   -.0158611
   -.0311817
   -.0547933
   -.0755365
   -.0867054
   -.0848072
   -.0682865
   -.0379753
   -.0115282
    .0041644
    .0106509
    .0092185
    .0008043
   -.0118311
   -.0236266
   -.0274118
   -.0191461
   -.0060545
    .0059860
    .0151834
    .0140512
    .0024988
   -.0083923
   -.0115860
   -.0084232
    .0010552
    .0003404
    .0176101
    .0104981
   -.0014563
   -.0120195
   -.0171913
   -.0123605
   -.0115326
   -.0006031
    .0030414
   -.0025113
   -.0145047
   -.0256783
   -.0304492
   -.0334158
   -.0290281
   -.0352041
   -.0439058
   -.0505919
   -.0529462
   -.0545112
   -.0563369
   -.0581041
   -.0592509
   -.0621113
   -.0694217
   -.0783545
   -.0836558
   -.0886746
   -.0959557
   -.0983674
   -.0949609
   -.0917428
   -.0904326
   -.0901641
   -.0947527
   -.1051724
   -.1178614
   -.1275077
   -.1296956
   -.1260238
   -.1179538
   -.1030950
   -.0828690
   -.0643717
   -.0499938
   -.0437011
   -.0448049
   -.0491108
   -.0562464
   -.0675994
   -.0839769
   -.1001855
   -.1162143
   -.1351050
   -.1556617
   -.1776490
   -.2004817
   -.2139176
   -.2134641
   -.2080844
   -.2017094
   -.1898069
   -.1689282
   -.1413988
   -.1125872
   -.0836029
   -.0537862
   -.0236819
    .0064083
    .0396423
    .0765783
    .1137844
    .1421777
    .1638290
    .1758564
    .1704894
    .1542250
    .1341360
    .1156833
    .0965856
    .0757487
    .0582865
    .0469706
    .0368822
    .0276439
    .0219635
    .0213708
    .0262775
    .0300561
    .0327399
    .0370045
    .0416167
    .0405663
    .0339400
    .0237675
    .0146372
    .0066056
   -.0015732
   -.0031057
    .0047076
    .0241369
    .0497988
    .0768336
    .1048043
    .1276377
    .1352457
    .1281495
    .1117818
    .0846253
    .0524061
    .0172722
   -.0141630
   -.0355460
   -.0451647
   -.0458004
   -.0385731
   -.0229747
   -.0032919
    .0127085
    .0229273
    .0283117
    .0250980
    .0294965
    .0260929
    .0198772
    .0113786
    .0048148
    .0023150
    .0056439
    .0117264
    .0161897
    .0191399
    .0210211
    .0189093
    .0118078
    .0009419
   -.0081413
   -.0107176
   -.0079794
    .0004318
    .0125040
    .0238078
    .0303248
    .0308293
    .0255107
    .0155841
    .0023574
   -.0118466
   -.0224241
   -.0280588
   -.0274366
   -.0248898
   -.0228895
   -.0204770
   -.0148458
   -.0060485
    .0053800
    .0156079
    .0226036
    .0248195
    .0228645
    .0152873
    .0007766
   -.0178639
   -.0331268
   -.0390475
   -.0356668
   -.0272155
   -.0187485
   -.0094951
   -.0002397
    .0036796
    .0010290
   -.0054339
   -.0165012
   -.0297840
   -.0385379
   -.0391090
   -.0333305
   -.0256957
   -.0187846
   -.0125826
   -.0089853
   -.0109026
   -.0182741
   -.0286974
   -.0385848
   -.0441957
   -.0427128
   -.0353954
   -.0236179
   -.0120208
   -.0037263
   -.0010323
   -.0067054
   -.0207998
   -.0331304
   -.0421303
   -.0496659
   -.0571386
   -.0610940
   -.0613013
   -.0580081
   -.0524877
   -.0439329
   -.0327808
   -.0175719
    .0005467
    .0200479
    .0342701
    .0393235
    .0341233
    .0201127
   -.0026370
   -.0301055
   -.0593986
   -.0843274
   -.1042324
   -.1132032
   -.1069596
   -.0902985
   -.0691481
   -.0477085
   -.0254896
   -.0052722
    .0102541
    .0208298
    .0290168
    .0370798
    .0406118
    .0360809
    .0204843
   -.0026003
   -.0369499
   -.0731983
   -.0994274
   -.1149534
   -.1228641
   -.1213544
   -.1127115
   -.1003851
   -.0895962
   -.0796150
   -.0697188
   -.0588357
   -.0455964
   -.0340053
   -.0268108
   -.0218998
   -.0172130
   -.0133481
   -.0146080
   -.0196317
   -.0204912
   -.0192643
   -.0200520
   -.0215938
   -.0247772
   -.0262268
   -.0262020
   -.0253278
   -.0238858
   -.0216828
   -.0197225
   -.0181323
   -.0154059
   -.0104496
   -.0040263
    .0049446
    .0164666
    .0275583
    .0351130
    .0354325
    .0289230
    .0188239
    .0097752
    .0030168
   -.0017387
   -.0047002
   -.0048832
   -.0008774
    .0054472
    .0103039
    .0138474
    .0165927
    .0192042
    .0223041
    .0284592
    .0344277
    .0372447
    .0389107
    .0387729
    .0336476
    .0257621
    .0199232
    .0181334
    .0211086
    .0284870
    .0364149
    .0409494
    .0399482
    .0353372
    .0292222
    .0242367
    .0225179
    .0277058
    .0362654
    .0426761
    .0443294
    .0426491
    .0377974
    .0325423
    .0280121
    .0266840
    .0294003
    .0346468
    .0381540
    .0386691
    .0368481
    .0343511
    .0321697
    .0338410
    .0337722
    .0337323
    .0337342
    .0337818
    .0311691
    .0339673
    .0388744
    .0413047
    .0390506
    .0319288
    .0262321
    .0230649
    .0230212
    .0275587
    .0355972
    .0458657
    .0569893
    .0637891
    .0673884
    .0685202
    .0683400
    .0677078
    .0624497
    .0541956
    .0481734
    .0458641
    .0452818
    .0445496
    .0438028
    .0437162
    .0458045
    .0507537
    .0569689
    .0637389
    .0717541
    .0782988
    .0818437
    .0801460
    .0757902
    .0729522
    .0725341
    .0734299
    .0776534
    .0846288
    .0917988
    .0957278
    .0956940
    .0932392
    .0892840
    .0832580
    .0766913
    .0767130
    .0847278
    .0958516
    .1031526
    .1061073
    .1065051
    .1057474
    .1039652
    .1015570
    .0974959
    .0935451
    .0914937
    .0923820
    .0923916
    .0911805
    .0899810
    .0884714
    .0878073
    .0831568
    .0794689
    .0777325
    .0776450
    .0795964
    .0825230
    .0849466
    .0831530
    .0761946
    .0662393
    .0594617
    .0570816
    .0566726
    .0576347
    .0611459
    .0647399
    .0652757
    .0609877
    .0559429
    .0526279
    .0475719
    .0396939
    .0344696
    .0309634
    .0272529
    .0256976
    .0244978
    .0197754
    .0159859
    .0108426
    .0074263
    .0048445
    .0012395
   -.0012988
   -.0070446
   -.0109193
   -.0122162
   -.0151223
   -.0177696
   -.0201722
   -.0223523
   -.0243221
   -.0261659
   -.0279508
   -.0297914
   -.0316388
   -.0334205
   -.0351190
   -.0367027
   -.0395294
   -.0412355
   -.0424574
   -.0425191
   -.0404063
   -.0386439
   -.0399207
   -.0434659
   -.0458431
   -.0450940
   -.0439273
   -.0436113
   -.0428505
   -.0412437
   -.0393719
   -.0376210
   -.0372804
   -.0389868
   -.0406874
   -.0401865
   -.0368242
   -.0323288
   -.0289499
   -.0271643
   -.0266664
   -.0274186
   -.0244928
   -.0227033
   -.0209495
   -.0179113
   -.0189130
   -.0191571
   -.0157383
   -.0102509
   -.0083433
   -.0092696
   -.0109742
   -.0079761
   -.0070955
   -.0063590
   -.0057336
   -.0075739
   -.0081202
   -.0067513
   -.0048651
   -.0022604
   -.0009208
   -.0005331
    .0012031
    .0015254
   -.0027850
   -.0086475
   -.0144358
   -.0203164
   -.0218314
   -.0187347
   -.0158054
   -.0145861
   -.0139329
   -.0143842
   -.0168947
   -.0209940
   -.0237926
   -.0254403
   -.0269287
   -.0287335
   -.0301277
   -.0316805
   -.0340559
   -.0341202
   -.0352739
   -.0363527
   -.0374305
   -.0393399
   -.0397534
   -.0402093
   -.0406436
   -.0407385
   -.0406698
   -.0417285
   -.0418029
   -.0415820
   -.0410947
   -.0380534
   -.0387298
   -.0383288
   -.0368168
   -.0362844
   -.0351956
   -.0317772
   -.0252003
   -.0182523
   -.0141108
   -.0120619
   -.0111427
   -.0107748
   -.0084606
   -.0025450
    .0070269
    .0163869
    .0210231
    .0233122
    .0256660
    .0278292
    .0302870
    .0335671
    .0399182
    .0488143
    .0579871
    .0636274
    .0638684
    .0619961
    .0614117
    .0640709
    .0688754
    .0744498
    .0787537
    .0804087
    .0797055
    .0773568
    .0742417
    .0720290
    .0720142
    .0736242
    .0753389
    .0755185
    .0734294
    .0697543
    .0656276
    .0634275
    .0647055
    .0620620
    .0599896
    .0547376
    .0515363
    .0504817
    .0493514
    .0484322
    .0474768
    .0459871
    .0452715
    .0448214
    .0426933
    .0387729
    .0347983
    .0316401
    .0296704
    .0302427
    .0321341
    .0334652
    .0333741
    .0319274
    .0291706
    .0268173
    .0275703
    .0298468
    .0294460
    .0293374
    .0292416
    .0266389
    .0294481
    .0328859
    .0334162
    .0299722
    .0253331
    .0242863
    .0245400
    .0243565
    .0253513
    .0269380
    .0271839
    .0307716
    .0370314
    .0392136
    .0367039
    .0315220
    .0243043
    .0176205
    .0151523
    .0166689
    .0198344
    .0227723
    .0238168
    .0220258
    .0184996
    .0130656
    .0048892
   -.0010794
   -.0025930
   -.0034828
   -.0044053
   -.0038108
   -.0051443
   -.0097746
   -.0160237
   -.0230605
   -.0296644
   -.0314386
   -.0300245
   -.0304384
   -.0316916
   -.0321263
   -.0344919
   -.0380611
   -.0405212
   -.0426695
   -.0468960
   -.0537642
   -.0615785
   -.0699838
   -.0759766
   -.0789912
   -.0821482
   -.0830380
   -.0782021
   -.0718191
   -.0666074
   -.0631702
   -.0612545
   -.0639742
   -.0722927
   -.0840655
   -.0932510
   -.0969732
   -.0970446
   -.0946327
   -.0902439
   -.0855866
   -.0818894
   -.0800986
   -.0748928
   -.0653148
   -.0549627
   -.0487777
   -.0487352
   -.0548261
   -.0646030
   -.0725202
   -.0763574
   -.0758551
   -.0714167
   -.0640855
   -.0576082
   -.0508916
   -.0434287
   -.0373318
   -.0331035
   -.0302136
   -.0292284
   -.0305170
   -.0335875
   -.0358604
   -.0354257
   -.0307532
   -.0246847
   -.0198899
   -.0162809
   -.0131849
   -.0133154
   -.0153579
   -.0168474
   -.0178888
   -.0174141
   -.0119249
   -.0055750
   -.0037101
   -.0056968
   -.0080767
   -.0104639
   -.0123202
   -.0133751
   -.0130158
   -.0112848
   -.0083624
   -.0057195
   -.0050363
   -.0084469
   -.0126715
   -.0145183
   -.0146831
   -.0140258
   -.0130069
   -.0109682
   -.0091993
   -.0104918
   -.0138611
   -.0171529
   -.0199502
   -.0221812
   -.0236626
   -.0247883
   -.0245480
   -.0227996
   -.0217259
   -.0234859
   -.0268116
   -.0294004
   -.0281676
   -.0283484
   -.0289162
   -.0303559
   -.0331299
   -.0339755
   -.0325155
   -.0290057
   -.0235764
   -.0191439
   -.0186263
   -.0260067
   -.0383667
   -.0471272
   -.0503194
   -.0495794
   -.0452032
   -.0386551
   -.0297870
   -.0194724
   -.0092368
   -.0008250
    .0059565
    .0118202
    .0164814
    .0189848
    .0190822
    .0157932
    .0060333
   -.0089780
   -.0266336
   -.0440990
   -.0581755
   -.0661081
   -.0674813
   -.0610833
   -.0469733
   -.0306969
   -.0161647
   -.0023429
    .0127216
    .0274882
    .0397756
    .0473594
    .0500421
    .0495248
    .0465522
    .0398231
    .0285252
    .0138581
   -.0014401
   -.0149625
   -.0247928
   -.0315080
   -.0352937
   -.0361867
   -.0353068
   -.0326632
   -.0280753
   -.0219308
   -.0153086
   -.0084431
   -.0018030
    .0035416
    .0073597
    .0096636
    .0098067
    .0082673
    .0064041
    .0042851
    .0018963
   -.0008755
   -.0035999
   -.0061577
   -.0078722
   -.0078931
   -.0060445
   -.0041236
   -.0034586
   -.0036268
   -.0026672
    .0002231
    .0016916
    .0064788
    .0061603
    .0042732
    .0040486
    .0062795
    .0098428
    .0143931
    .0200535
    .0230353
    .0219978
    .0185619
    .0161208
    .0161887
    .0207883
    .0263906
    .0298906
    .0313009
    .0316696
    .0310519
    .0296348
    .0280950
    .0272344
    .0284720
    .0306236
    .0307829
    .0308382
    .0307826
    .0306197
    .0320463
    .0345180
    .0334782
    .0288538
    .0237505
    .0221560
    .0224437
    .0238541
    .0273232
    .0315919
    .0344432
    .0352977
    .0349336
    .0337652
    .0325330
    .0318687
    .0304043
    .0287284
    .0284448
    .0277766
    .0257948
    .0268696
    .0291750
    .0290094
    .0282554
    .0299160
    .0320791
    .0340327
    .0354807
    .0353979
    .0341618
    .0335328
    .0327362
    .0310838
    .0291987
    .0273704
    .0251736
    .0254428
    .0285319
    .0314694
    .0327254
    .0326007
    .0292623
    .0246513
    .0222290
    .0221037
    .0229709
    .0253505
    .0265706
    .0241432
    .0192992
    .0148278
    .0124140
    .0116528
    .0117523
    .0128620
    .0129813
    .0101928
    .0070871
    .0054969
    .0030696
    .0034719
    .0009757
   -.0004379
   -.0036687
   -.0051001
   -.0054730
   -.0050271
   -.0040870
   -.0049785
   -.0073876
   -.0097191
   -.0107154
   -.0101946
   -.0084981
   -.0069490
   -.0064037
   -.0071186
   -.0085126
   -.0097809
   -.0097977
   -.0085691
   -.0066034
   -.0073841
   -.0071577
   -.0086641
   -.0085308
   -.0079879
   -.0065872
   -.0040204
   -.0025939
   -.0036875
   -.0059146
   -.0089613
   -.0122388
   -.0139684
   -.0116315
   -.0052304
   -.0015881
   -.0038779
   -.0117608
   -.0190960
   -.0225333
   -.0236241
   -.0232151
   -.0231282
   -.0224512
   -.0199509
   -.0174392
   -.0159576
   -.0172478
   -.0213633
   -.0258354
   -.0258224
   -.0279279
   -.0245465
   -.0223930
   -.0249122
   -.0268971
   -.0268756
   -.0274132
   -.0230378
   -.0264338
   -.0295710
   -.0341134
   -.0342128
   -.0301865
   -.0249056
   -.0178596
   -.0128824
   -.0119428
   -.0115125
   -.0129696
   -.0161003
   -.0192983
   -.0219120
   -.0232380
   -.0244709
   -.0248821
   -.0237010
   -.0222117
   -.0183015
   -.0124853
   -.0063176
   -.0002569
    .0023144
    .0013709
   -.0011925
   -.0048902
   -.0093033
   -.0109094
   -.0095000
   -.0064003
   -.0014523
    .0044351
    .0099645
    .0131934
    .0124513
    .0087610
    .0043596
    .0021511
    .0018033
    .0027496
    .0060399
    .0106587
    .0152552
    .0197430
    .0233067
    .0253993
    .0248540
    .0215531
    .0172698
    .0120637
    .0105085
    .0153728
    .0205144
    .0238339
    .0243016
    .0211705
    .0154432
    .0173371
    .0170311
    .0213493
    .0208522
    .0168661
    .0155072
    .0143539
    .0152413
    .0160302
    .0131612
    .0118406
    .0110351
    .0121939
    .0150960
    .0147919
    .0123270
    .0085922
    .0030453
   -.0004342
    .0012076
    .0064630
    .0114263
    .0169678
    .0224708
    .0239239
    .0188102
    .0108779
    .0046560
    .0002567
   -.0024591
   -.0051457
   -.0071518
   -.0043882
    .0011114
    .0085379
    .0158719
    .0208007
    .0239119
    .0246221
    .0231398
    .0188158
    .0118776
    .0086462
    .0144359
    .0179682
    .0245661
    .0246235
    .0222663
    .0193865
    .0205941
    .0232318
    .0192635
    .0174759
    .0192329
    .0210768
    .0214233
    .0217638
    .0236465
    .0298212
    .0377817
    .0442230
    .0464209
    .0437358
    .0326565
    .0188719
    .0102910
    .0062270
    .0070912
    .0151814
    .0318636
    .0490822
    .0637474
    .0773075
    .0821017
    .0732528
    .0528794
    .0284516
    .0057042
   -.0126220
   -.0239124
   -.0239418
   -.0123252
    .0107215
    .0395149
    .0598638
    .0682541
    .0819975
    .0998928
    .1084621
    .1061625
    .0991403
    .0916681
    .0824964
    .0712147
    .0566822
    .0381582
    .0234121
    .0079048
   -.0114353
   -.0303753
   -.0414491
   -.0453847
   -.0463977
   -.0413931
   -.0299560
   -.0142401
    .0030829
    .0183393
    .0304666
    .0418976
    .0541441
    .0630129
    .0695084
    .0720734
    .0686669
    .0614977
    .0481759
    .0315278
    .0122329
   -.0064820
   -.0165903
   -.0176788
   -.0128628
   -.0037323
    .0091217
    .0253476
    .0420711
    .0560360
    .0656222
    .0686437
    .0631587
    .0513592
    .0376228
    .0224280
    .0116030
    .0055982
   -.0010964
   -.0075951
   -.0053197
    .0088164
    .0277918
    .0419376
    .0485815
    .0536952
    .0600402
    .0612723
    .0545993
    .0437098
    .0319180
    .0191595
    .0075249
    .0023298
    .0063933
    .0156930
    .0252395
    .0313520
    .0341609
    .0355663
    .0322168
    .0253707
    .0213486
    .0239469
    .0280369
    .0294530
    .0275729
    .0237030
    .0197955
    .0168666
    .0155855
    .0172788
    .0213180
    .0252618
    .0250889
    .0194155
    .0109431
    .0041654
    .0000980
   -.0019019
   -.0003598
    .0023666
    .0014009
   -.0033985
   -.0074908
   -.0100431
   -.0124925
   -.0146805
   -.0158628
   -.0172098
   -.0165124
   -.0179848
   -.0209755
   -.0230628
   -.0196130
   -.0192481
   -.0155890
   -.0141048
   -.0177660
   -.0204308
   -.0178315
   -.0153886
   -.0130505
   -.0103416
   -.0073296
   -.0050290
   -.0038056
   -.0033220
   -.0040722
   -.0023724
    .0016241
    .0048784
    .0071369
    .0069176
    .0034254
    .0001362
    .0010108
    .0034954
    .0070760
    .0083045
    .0050589
    .0018562
    .0048295
    .0062362
    .0088809
    .0103141
    .0110302
    .0112805
    .0118953
    .0117178
    .0104091
    .0076673
    .0035929
   -.0011144
   -.0046601
   -.0058346
   -.0065947
   -.0075322
   -.0065534
   -.0031508
    .0013715
    .0056359
    .0097183
    .0138090
    .0177991
    .0202507
    .0175620
    .0103323
    .0015432
   -.0033206
   -.0048335
   -.0079576
   -.0119361
   -.0137289
   -.0152255
   -.0164929
   -.0154178
   -.0133569
   -.0113570
   -.0088969
   -.0058457
   -.0026415
    .0006577
    .0041776
    .0070122
    .0093799
    .0113966
    .0124095
    .0124170
    .0121711
    .0115747
    .0106111
    .0096441
    .0087525
    .0074921
    .0054653
    .0024066
   -.0012553
   -.0035912
   -.0038292
   -.0044104
   -.0047883
   -.0037317
   -.0021160
   -.0006453
    .0023122
    .0055419
    .0068580
    .0061086
    .0048105
    .0042031
    .0051763
    .0064836
    .0060239
    .0063566
    .0079646
    .0093434
    .0101339
    .0117022
    .0115546
    .0124219
    .0137246
    .0144158
    .0149745
    .0169422
    .0180654
    .0215624
    .0226134
    .0224262
    .0219114
    .0212715
    .0231017
    .0257155
    .0291939
    .0293836
    .0297667
    .0294356
    .0283785
    .0284964
    .0314364
    .0319059
    .0346138
    .0323282
    .0305834
    .0309040
    .0318802
    .0317891
    .0328176
    .0314001
    .0290171
    .0274440
    .0271070
    .0270055
    .0259087
    .0256991
    .0239009
    .0221112
    .0203602
    .0196090
    .0182288
    .0184634
    .0154168
    .0139312
    .0123561
    .0109442
    .0111521
    .0094990
    .0063098
    .0042576
    .0027925
    .0019900
    .0018850
   -.0003327
   -.0032385
   -.0055296
   -.0067361
   -.0060305
   -.0039247
   -.0032368
   -.0034152
   -.0023835
   -.0016313
   -.0023955
   -.0036860
   -.0055475
   -.0086055
   -.0136121
   -.0204934
   -.0275037
   -.0313822
   -.0308102
   -.0264350
   -.0195403
   -.0124143
   -.0051545
    .0018011
    .0070019
    .0113685
    .0154793
    .0196800
    .0232354
    .0262318
    .0263668
    .0222251
    .0163255
    .0106725
    .0044353
   -.0021970
   -.0091951
   -.0168464
   -.0230070
   -.0271376
   -.0282286
   -.0271366
   -.0243600
   -.0193590
   -.0129950
   -.0052096
    .0030080
    .0105137
    .0163845
    .0197698
    .0196518
    .0185402
    .0178910
    .0132788
    .0044938
   -.0060046
   -.0162835
   -.0247789
   -.0306272
   -.0340530
   -.0357997
   -.0354179
   -.0321381
   -.0262614
   -.0207887
   -.0177653
   -.0162414
   -.0166813
   -.0200572
   -.0266059
   -.0344452
   -.0363909
   -.0332795
   -.0298217
   -.0281364
   -.0270849
   -.0266071
   -.0271682
   -.0295198
   -.0311951
   -.0308605
   -.0287460
   -.0258141
   -.0232146
   -.0203272
   -.0172634
   -.0146359
   -.0136373
   -.0142432
   -.0152335
   -.0149929
   -.0128941
   -.0077171
   -.0000017
    .0060893
    .0083014
    .0072860
    .0060847
    .0070198
    .0119586
    .0185458
    .0237180
    .0279596
    .0322962
    .0354236
    .0366484
    .0362752
    .0348714
    .0337426
    .0341944
    .0359819
    .0376107
    .0372466
    .0358710
    .0352921
    .0333761
    .0309604
    .0287333
    .0262782
    .0236430
    .0208659
    .0167268
    .0132601
    .0112821
    .0091476
    .0071674
    .0044489
   -.0020820
   -.0076127
   -.0083670
   -.0090162
   -.0109964
   -.0124174
   -.0155165
   -.0200691
   -.0218691
   -.0211044
   -.0217204
   -.0222436
   -.0232031
   -.0239325
   -.0228505
   -.0217799
   -.0211491
   -.0203414
   -.0213496
   -.0195523
   -.0173748
   -.0151425
   -.0124868
   -.0111029
   -.0113827
   -.0116521
   -.0108192
   -.0091894
   -.0075389
   -.0054921
   -.0028061
    .0008045
    .0046163
    .0051120
    .0033271
    .0017619
    .0014477
    .0018066
    .0033110
    .0064288
    .0103980
    .0095528
    .0057752
    .0045453
    .0065489
    .0091816
    .0071186
    .0067759
    .0049859
    .0053449
    .0053340
    .0038958
    .0027749
    .0014854
    .0000182
   -.0016073
   -.0033720
   -.0052563
   -.0072402
   -.0093077
   -.0114411
   -.0129855
   -.0169271
   -.0204508
   -.0225939
   -.0230980
   -.0221230
   -.0223120
   -.0249902
   -.0299050
   -.0341463
   -.0356214
   -.0353256
   -.0346332
   -.0338095
   -.0323706
   -.0305518
   -.0294780
   -.0302198
   -.0325371
   -.0339586
   -.0338189
   -.0333810
   -.0333504
   -.0325805
   -.0293897
   -.0253209
   -.0239483
   -.0245478
   -.0245820
   -.0215885
   -.0196683
   -.0164550
   -.0148073
   -.0132399
   -.0109744
   -.0082575
   -.0062865
   -.0035196
   -.0008835
    .0014767
    .0047402
    .0076783
    .0097882
    .0125689
    .0156371
    .0170654
    .0194747
    .0224369
    .0253531
    .0281651
    .0289597
    .0305537
    .0319322
    .0328447
    .0349271
    .0349154
    .0351747
    .0346191
    .0345894
    .0357199
    .0357567
    .0353814
    .0343666
    .0328021
    .0322272
    .0317916
    .0314032
    .0305458
    .0293262
    .0276745
    .0265777
    .0250586
    .0249090
    .0246068
    .0228698
    .0208021
    .0186724
    .0154831
    .0109005
    .0068969
    .0052209
    .0078319
    .0113530
    .0100848
    .0050570
   -.0000090
   -.0040658
   -.0069273
   -.0082205
   -.0089326
   -.0090862
   -.0077350
   -.0061758
   -.0060462
   -.0066638
   -.0076507
   -.0084968
   -.0093155
   -.0106286
   -.0127912
   -.0145228
   -.0130163
   -.0132391
   -.0108121
   -.0125174
   -.0150747
   -.0159806
   -.0142905
   -.0113930
   -.0100349
   -.0104935
   -.0117536
   -.0127359
   -.0127476
   -.0114007
   -.0105035
   -.0093807
   -.0095867
   -.0098760
   -.0101532
   -.0100612
   -.0095492
   -.0096420
   -.0103901
   -.0100512
   -.0103432
   -.0100459
   -.0099827
   -.0113456
   -.0114031
   -.0138981
   -.0136739
   -.0113953
   -.0075890
   -.0061809
   -.0071972
   -.0087954
   -.0101978
   -.0120205
   -.0149492
   -.0189171
   -.0230537
   -.0254304
   -.0255895
   -.0238468
   -.0198747
   -.0137753
   -.0091727
   -.0063832
   -.0031350
    .0000184
    .0013531
    .0013993
    .0006150
   -.0010386
   -.0039975
   -.0080718
   -.0118488
   -.0151924
   -.0175874
   -.0182063
   -.0161915
   -.0117396
   -.0077103
   -.0051380
   -.0001485
    .0063163
    .0094877
    .0100963
    .0101828
    .0106275
    .0104399
    .0094273
    .0071462
    .0043333
    .0033895
    .0030931
    .0018533
    .0012506
    .0030298
    .0072550
    .0104586
    .0103779
    .0079349
    .0059934
    .0070334
    .0093656
    .0101552
    .0095979
    .0088594
    .0085120
    .0095924
    .0098503
    .0101213
    .0104107
    .0107235
    .0110580
    .0114089
    .0121629
    .0117673
    .0114664
    .0116962
    .0130818
    .0154281
    .0163663
    .0150719
    .0132471
    .0133880
    .0152444
    .0178573
    .0183266
    .0164846
    .0149565
    .0151670
    .0165511
    .0181209
    .0189470
    .0190664
    .0189280
    .0189658
    .0182543
    .0169892
    .0158754
    .0150026
    .0140382
    .0136840
    .0142055
    .0154960
    .0142655
    .0139582
    .0136784
    .0134715
    .0142231
    .0143960
    .0131179
    .0131146
    .0130983
    .0130719
    .0131603
    .0132559
    .0138858
    .0136132
    .0138792
    .0148146
    .0138193
    .0136080
    .0149283
    .0169521
    .0194626
    .0225144
    .0223193
    .0200875
    .0191355
    .0191430
    .0187884
    .0185114
    .0186222
    .0195232
    .0213160
    .0234013
    .0250928
    .0268915
    .0294422
    .0312839
    .0315934
    .0307412
    .0298588
    .0289229
    .0268356
    .0238732
    .0214064
    .0191622
    .0168528
    .0147085
    .0131131
    .0121916
    .0136871
    .0166231
    .0177380
    .0161099
    .0132620
    .0105477
    .0096191
    .0110459
    .0110883
    .0108004
    .0105991
    .0101978
    .0103886
    .0099434
    .0100440
    .0103316
    .0103352
    .0104840
    .0109052
    .0108644
    .0114607
    .0118119
    .0122097
    .0126535
    .0131418
    .0136674
    .0154666
    .0176451
    .0176696
    .0161888
    .0140361
    .0172947
    .0179109
    .0215267
    .0202041
    .0186063
    .0178244
    .0179059
    .0196818
    .0198565
    .0198727
    .0198257
    .0197164
    .0195418
    .0192975
    .0189779
    .0185771
    .0180949
    .0175323
    .0168885
    .0166122
    .0138819
    .0116940
    .0101816
    .0095613
    .0098914
    .0101237
    .0099762
    .0109642
    .0117851
    .0109358
    .0088634
    .0062863
    .0032747
    .0006709
   -.0016476
   -.0048968
   -.0077851
   -.0084531
   -.0087774
   -.0100210
   -.0100818
   -.0091522
   -.0091133
   -.0092886
   -.0093409
   -.0108128
   -.0132546
   -.0157895
   -.0184022
   -.0208791
   -.0225389
   -.0236013
   -.0244714
   -.0248196
   -.0263783
   -.0276111
   -.0287866
   -.0313230
   -.0310143
   -.0309652
   -.0315949
   -.0319661
   -.0315025
   -.0313609
   -.0324661
   -.0346358
   -.0363221
   -.0362788
   -.0360781
   -.0350943
   -.0312758
   -.0274526
   -.0263486
   -.0298006
   -.0330707
   -.0319745
   -.0286818
   -.0274866
   -.0298725
   -.0299644
   -.0299979
   -.0299741
   -.0298964
   -.0295491
   -.0300882
   -.0305568
   -.0299595
   -.0287705
   -.0284051
   -.0279938
   -.0291344
   -.0284612
   -.0259692
   -.0236749
   -.0233739
   -.0247888
   -.0257320
   -.0245233
   -.0208483
   -.0171621
   -.0169446
   -.0190135
   -.0200628
   -.0189866
   -.0164844
   -.0134087
   -.0118863
   -.0121848
   -.0123850
   -.0119812
   -.0116493
   -.0104799
   -.0086573
   -.0085523
   -.0080502
   -.0086842
   -.0082110
   -.0065801
   -.0065046
   -.0062099
   -.0059460
   -.0069055
   -.0054289
   -.0048519
   -.0043231
   -.0039373
   -.0047616
   -.0059630
   -.0065079
   -.0059499
   -.0046101
   -.0031183
   -.0027209
   -.0035845
   -.0044914
   -.0057983
   -.0076222
   -.0076346
   -.0060839
   -.0049890
   -.0046615
   -.0045085
   -.0049653
   -.0054004
   -.0051388
   -.0056939
   -.0073355
   -.0061714
   -.0057608
   -.0053795
   -.0057368
   -.0059477
   -.0060379
   -.0057286
   -.0049970
   -.0045731
   -.0040860
   -.0035370
   -.0029308
   -.0022666
   -.0015447
   -.0007667
    .0000669
    .0000153
    .0023568
    .0042771
    .0053833
    .0060954
    .0067856
    .0074172
    .0075209
    .0074943
    .0098195
    .0133625
    .0155361
    .0150812
    .0138255
    .0143297
    .0161126
    .0174656
    .0187749
    .0201918
    .0207490
    .0201697
    .0194776
    .0200351
    .0209504
    .0212252
    .0215534
    .0215029
    .0217179
    .0214720
    .0212212
    .0211903
    .0205549
    .0200806
    .0195192
    .0188772
    .0191817
    .0160513
    .0148536
    .0160814
    .0172492
    .0167980
    .0146086
    .0138356
    .0132134
    .0125808
    .0132959
    .0114201
    .0095794
    .0090016
    .0092315
    .0094797
    .0084592
    .0063427
    .0045548
    .0036630
    .0031217
    .0023522
    .0014448
    .0009820
   -.0001750
   -.0023548
   -.0035357
   -.0047212
   -.0049451
   -.0062343
   -.0080764
   -.0095723
   -.0111688
   -.0116702
   -.0119550
   -.0125523
   -.0141665
   -.0149319
   -.0154783
   -.0154599
   -.0155283
   -.0160754
   -.0163800
   -.0162954
   -.0160924
   -.0153840
   -.0153578
   -.0148367
   -.0142189
   -.0135119
   -.0127190
   -.0118518
   -.0115567
   -.0104204
   -.0089087
   -.0078790
   -.0070315
   -.0061574
   -.0051360
   -.0049313
   -.0053374
   -.0057157
   -.0048166
   -.0041556
   -.0040980
   -.0038966
   -.0045460
   -.0043513
   -.0030693
   -.0012128
   -.0001046
   -.0007490
   -.0013583
   -.0000175
    .0033206
    .0026966
    .0031031
    .0009630
    .0013400
    .0026119
    .0021804
    .0020443
   -.0007044
   -.0017812
   -.0016991
   -.0013034
   -.0001645
   -.0003031
   -.0017493
   -.0033701
   -.0046870
   -.0055262
   -.0046703
   -.0043919
   -.0043030
   -.0041173
   -.0041163
   -.0026737
   -.0019813
    .0001893
   -.0005303
   -.0015210
   -.0007499
    .0010325
    .0036760
    .0026411
    .0011582
    .0011077
    .0013088
    .0016865
    .0026771
    .0027781
    .0028525
    .0029031
    .0029340
    .0029493
    .0029553
    .0029580
    .0029615
    .0029013
    .0031982
    .0030109
    .0030362
    .0023335
    .0029373
    .0036558
    .0037561
    .0032211
    .0028204
    .0028423
    .0034354
    .0034975
    .0035724
    .0036508
    .0031329
    .0034784
    .0036132
    .0038926
    .0045749
    .0049572
    .0049294
    .0045769
    .0043952
    .0041988
    .0038863
    .0037561
    .0039313
    .0039260
    .0037957
    .0037970
    .0042976
    .0046040
    .0043245
    .0043037
    .0035156
    .0039757
    .0042225
    .0041681
    .0037743
    .0024484
    .0025868
    .0038931
    .0035008
    .0032930
    .0024793
    .0020677
    .0025187
    .0022123
    .0018809
    .0015250
    .0011457
    .0007476
    .0023105
    .0016894
   -.0005282
   -.0009763
   -.0014416
   -.0019137
   -.0000354
   -.0041144
   -.0060811
   -.0062791
   -.0058357
   -.0052397
   -.0043117
   -.0030125
   -.0019848
   -.0024949
   -.0042964
   -.0062842
   -.0080866
   -.0096987
   -.0103104
   -.0099976
   -.0094625
   -.0085141
   -.0069191
   -.0049526
   -.0051941
   -.0082165
   -.0108951
   -.0106700
   -.0073572
   -.0077849
   -.0076047
   -.0073998
   -.0084172
   -.0068969
   -.0065975
   -.0060773
   -.0075149
   -.0071750
   -.0046219
   -.0046782
   -.0042383
   -.0052313
   -.0049836
   -.0033619
   -.0016784
   -.0005261
   -.0010696
   -.0011472
   -.0007163
    .0001803
    .0013986
    .0013645
    .0008618
    .0001744
    .0012855
    .0014833
    .0016318
    .0017302
    .0017809
    .0017835
    .0017352
    .0016314
    .0014673
    .0012421
    .0009615
    .0014961
    .0012275
   -.0001605
   -.0006280
   -.0011405
   -.0016910
   -.0022668
   -.0028428
   -.0034142
   -.0039905
   -.0038532
   -.0044771
   -.0052352
   -.0063850
   -.0081719
   -.0088812
   -.0088030
   -.0091040
   -.0080732
   -.0060519
   -.0069914
   -.0098192
   -.0114737
   -.0128269
   -.0141994
   -.0138217
   -.0122716
   -.0108180
   -.0094432
   -.0076497
   -.0056649
   -.0054925
   -.0074900
   -.0097752
   -.0115393
   -.0127670
   -.0110713
   -.0077017
   -.0060011
   -.0069398
   -.0073886
   -.0069647
   -.0065453
   -.0061242
   -.0056988
   -.0052659
   -.0051556
   -.0045858
   -.0037372
   -.0034082
   -.0028907
   -.0023494
   -.0018000
   -.0012649
    .0006309
    .0004506
    .0000101
   -.0003176
   -.0003965
    .0009038
    .0038649
    .0074088
    .0082053
    .0066145
    .0052685
    .0054702
    .0068392
    .0086549
    .0106076
    .0122702
    .0120621
    .0104042
    .0107262
    .0100214
    .0118489
    .0116940
    .0104354
    .0102696
    .0093819
    .0106143
    .0104709
    .0089990
    .0084617
    .0069879
    .0075238
    .0061151
    .0050925
    .0040280
    .0021177
    .0017864
    .0011674
    .0001275
   -.0012517
   -.0031727
   -.0040466
   -.0040567
   -.0040867
   -.0054539
   -.0060790
   -.0075813
   -.0078661
   -.0077207
   -.0077033
   -.0078194
   -.0085985
   -.0093087
   -.0098098
   -.0096098
   -.0089500
   -.0094322
   -.0094753
   -.0094723
   -.0094259
   -.0093376
   -.0092105
   -.0092092
   -.0092963
   -.0087410
   -.0083430
   -.0075506
   -.0067818
   -.0069960
   -.0070104
   -.0066281
   -.0060849
   -.0045378
   -.0036110
   -.0034660
   -.0034284
   -.0033584
   -.0029294
   -.0026005
   -.0025634
   -.0033394
   -.0049313
   -.0063401
   -.0049220
   -.0012267
   -.0026506
   -.0025994
   -.0045458
   -.0039679
   -.0026167
   -.0015116
   -.0013880
   -.0026545
   -.0040230
   -.0046122
   -.0047302
   -.0040607
   -.0026203
   -.0044535
   -.0047778
   -.0050904
   -.0056362
   -.0063297
   -.0069236
   -.0062785
   -.0050098
   -.0031404
   -.0013392
   -.0036351
   -.0072060
   -.0064960
   -.0029927
   -.0005506
   -.0005402
   -.0018512
   -.0036665
   -.0031088
   -.0032435
   -.0023565
   -.0036157
   -.0038836
   -.0042115
   -.0045313
   -.0041951
   -.0047439
   -.0055551
   -.0068287
   -.0079311
   -.0079112
   -.0071786
   -.0065300
   -.0061324
   -.0056232
   -.0049600
   -.0046230
   -.0047102
   -.0047400
   -.0041309
   -.0029132
   -.0009550
    .0005171
    .0011206
    .0020102
    .0031391
    .0042491
    .0053062
    .0064455
    .0075925
    .0085573
    .0099369
    .0104829
    .0113827
    .0122496
    .0130841
    .0138905
    .0146685
    .0154405
    .0162444
    .0170847
    .0179351
    .0187784
    .0195983
    .0203818
    .0213307
    .0222816
    .0227513
    .0231850
    .0233877
    .0235946
    .0242203
    .0237446
    .0240468
    .0240532
    .0239932
    .0241161
    .0237199
    .0241992
    .0237448
    .0225520
    .0206058
    .0189079
    .0190750
    .0215960
    .0245957
    .0232800
    .0194901
    .0162975
    .0165727
    .0172438
    .0163741
    .0155388
    .0147365
    .0139741
    .0137912
    .0131741
    .0125029
    .0111627
    .0094784
    .0091037
    .0081591
    .0073569
    .0067809
    .0055939
    .0051977
    .0039889
    .0044449
    .0070738
    .0068016
    .0036125
    .0004132
   -.0001669
    .0015422
    .0035321
    .0026268
   -.0001161
    .0000590
   -.0001094
    .0004188
    .0006297
    .0004225
    .0001344
    .0002682
    .0007576
    .0007842
    .0010724
    .0017921
    .0022930
    .0024844
    .0029687
    .0036130
    .0041895
    .0045646
    .0048579
    .0055443
    .0062180
    .0065172
    .0075543
    .0082674
    .0083525
    .0083536
    .0083571
    .0084929
    .0095514
    .0107515
    .0109692
    .0104677
    .0101084
    .0099382
    .0103134
    .0107113
    .0107027
    .0106486
    .0105491
    .0104064
    .0102231
    .0099974
    .0097257
    .0094049
    .0088882
    .0089031
    .0084234
    .0078317
    .0068994
    .0060143
    .0057557
    .0050273
    .0042539
    .0032956
    .0024090
    .0017581
    .0009020
    .0000453
   -.0008075
   -.0016527
   -.0024869
   -.0033095
   -.0041175
   -.0049071
   -.0056745
   -.0064135
   -.0071212
   -.0077024
   -.0104146
   -.0107027
   -.0094269
   -.0089344
   -.0111070
   -.0117700
   -.0124092
   -.0130199
   -.0135995
   -.0141443
   -.0151468
   -.0157707
   -.0157103
   -.0150435
   -.0149176
   -.0158396
   -.0171888
   -.0180934
   -.0184597
   -.0185255
   -.0185206
   -.0186544
   -.0191178
   -.0193589
   -.0172291
   -.0139199
   -.0136229
   -.0164866
   -.0173090
   -.0191981
   -.0168814
   -.0150142
   -.0154209
   -.0171588
   -.0188216
   -.0178581
   -.0179036
   -.0167413
   -.0177416
   -.0178296
   -.0177535
   -.0176614
   -.0175612
   -.0172910
   -.0170052
   -.0168856
   -.0166534
   -.0166061
   -.0166513
   -.0165851
   -.0167337
   -.0166920
   -.0165269
   -.0161058
   -.0157246
   -.0159378
   -.0157082
   -.0161090
   -.0155401
   -.0148610
   -.0140663
   -.0142585
   -.0139210
   -.0135759
   -.0132256
   -.0128701
   -.0125121
   -.0124853
   -.0117948
   -.0114369
   -.0115425
   -.0107517
   -.0103730
   -.0101752
   -.0095823
   -.0093869
   -.0091673
   -.0084549
   -.0082374
   -.0084489
   -.0082655
   -.0086214
   -.0077191
   -.0071498
   -.0073683
   -.0079278
   -.0084107
   -.0085207
   -.0081938
   -.0074373
   -.0065658
   -.0065082
   -.0074785
   -.0093116
   -.0101627
   -.0091342
   -.0075715
   -.0064503
   -.0064347
   -.0085588
   -.0113899
   -.0123306
   -.0107281
   -.0085079
   -.0077791
   -.0093537
   -.0122657
   -.0111227
   -.0112252
   -.0100332
   -.0105091
   -.0117227
   -.0127878
   -.0124208
   -.0126647
   -.0120665
   -.0132331
   -.0135890
   -.0139902
   -.0143955
   -.0147714
   -.0151059
   -.0153897
   -.0156176
   -.0157767
   -.0165793
   -.0150500
   -.0144156
   -.0147588
   -.0154383
   -.0159485
   -.0148593
   -.0138735
   -.0133263
   -.0127366
   -.0121064
   -.0117175
   -.0107881
   -.0099564
   -.0091303
   -.0084487
   -.0078167
   -.0068914
   -.0061074
   -.0053647
   -.0040512
   -.0034818
   -.0030642
   -.0028151
   -.0019686
   -.0011287
   -.0000701
    .0005584
    .0004431
    .0008532
    .0015271
    .0015980
    .0022354
    .0023413
    .0026906
    .0037455
    .0042801
    .0048125
    .0053443
    .0058720
    .0063969
    .0071700
    .0074207
    .0084006
    .0084152
    .0089048
    .0093740
    .0098116
    .0102180
    .0105915
    .0099371
    .0103424
    .0118215
    .0117852
    .0120148
    .0112151
    .0110943
    .0118608
    .0127191
    .0135118
    .0130821
    .0132895
    .0126605
    .0136874
    .0142630
    .0146782
    .0150880
    .0148717
    .0152565
    .0163742
    .0167945
    .0185326
    .0171623
    .0159984
    .0163652
    .0181968
    .0207927
    .0230618
    .0218299
    .0193619
    .0194760
    .0218361
    .0222417
    .0224533
    .0219348
    .0217646
    .0226713
    .0236845
    .0237226
    .0242895
    .0232945
    .0228280
    .0233604
    .0240871
    .0248437
    .0258433
    .0265780
    .0269155
    .0271912
    .0255383
    .0223977
    .0233716
    .0268688
    .0281366
    .0259547
    .0231204
    .0227747
    .0234011
    .0225717
    .0216806
    .0200562
    .0194062
    .0194559
    .0184082
    .0176731
    .0169235
    .0161582
    .0153802
    .0151297
    .0138690
    .0128077
    .0119079
    .0109934
    .0100105
    .0094321
    .0090123
    .0081154
    .0074446
    .0067306
    .0057075
    .0049197
    .0037387
    .0034562
    .0026196
    .0018749
    .0011410
   -.0002374
    .0000381
   -.0000657
   -.0008949
   -.0020269
   -.0030049
   -.0038825
   -.0045253
   -.0051064
   -.0052732
   -.0045962
   -.0040007
   -.0045594
   -.0055615
   -.0068225
   -.0071159
   -.0059175
   -.0051336
   -.0065105
   -.0067322
   -.0081413
   -.0075190
   -.0068131
   -.0069563
   -.0080409
   -.0092707
   -.0094134
   -.0090548
   -.0094239
   -.0098123
   -.0113754
   -.0112986
   -.0108425
   -.0107583
   -.0107875
   -.0119251
   -.0141689
   -.0145511
   -.0130416
   -.0116159
   -.0136464
   -.0150753
   -.0159960
   -.0144625
   -.0122751
   -.0140452
   -.0141191
   -.0158679
   -.0147764
   -.0133360
   -.0142773
   -.0145006
   -.0151829
   -.0152662
   -.0148683
   -.0136209
   -.0122571
   -.0115662
   -.0115531
   -.0118676
   -.0124875
   -.0133600
   -.0142027
   -.0132956
   -.0107227
   -.0084328
   -.0094884
   -.0123120
   -.0128069
   -.0112150
   -.0098262
   -.0089012
   -.0084503
   -.0088138
   -.0098163
   -.0094628
   -.0092765
   -.0090731
   -.0088600
   -.0086673
   -.0091405
   -.0087806
   -.0083289
   -.0075913
   -.0076547
   -.0082694
   -.0083420
   -.0089125
   -.0083424
   -.0081613
   -.0087438
   -.0088512
   -.0095854
   -.0093927
   -.0089143
   -.0092839
   -.0094012
   -.0095292
   -.0096584
   -.0097884
   -.0099109
   -.0100556
   -.0107248
   -.0107153
   -.0102239
   -.0102126
   -.0096156
   -.0107179
   -.0100248
   -.0098769
   -.0096770
   -.0091718
   -.0090852
   -.0086723
   -.0080598
   -.0075625
   -.0065970
   -.0059414
   -.0054996
   -.0045797
   -.0037400
   -.0024979
   -.0014353
   -.0009742
   -.0002706
    .0005798
    .0013214
    .0025257
    .0032821
    .0036466
    .0043022
    .0041759
    .0054610
    .0059279
    .0064006
    .0057689
    .0050126
    .0060218
    .0082467
    .0111199
    .0118843
    .0100144
    .0075790
    .0097812
    .0130111
    .0140721
    .0132082
    .0119980
    .0112977
    .0111093
    .0119904
    .0130902
    .0127559
    .0124736
    .0116424
    .0110898
    .0109450
    .0102730
    .0100378
    .0087010
    .0080489
    .0072873
    .0065192
    .0057488
    .0050067
    .0043095
    .0036491
    .0030203
    .0024644
    .0008512
    .0002116
    .0016486
    .0016181
    .0017176
    .0012779
    .0010622
    .0020985
    .0021449
    .0021860
    .0022655
    .0023657
    .0024425
    .0030756
    .0030992
    .0029839
    .0023748
    .0014795
    .0018111
    .0015548
    .0022423
    .0014291
    .0005272
    .0000940
   -.0003792
   -.0003982
   -.0014079
   -.0014205
   -.0018963
   -.0030492
   -.0036184
   -.0045034
   -.0044064
   -.0048338
   -.0056120
   -.0065096
   -.0072210
   -.0082880
   -.0084894
   -.0089152
   -.0095818
   -.0098685
   -.0099363
   -.0102328
   -.0102116
   -.0098040
   -.0103869
   -.0103312
   -.0111115
   -.0107361
   -.0095912
   -.0082583
   -.0095715
   -.0093517
   -.0091069
   -.0088319
   -.0075586
   -.0081562
   -.0077741
   -.0085655
   -.0071609
   -.0065115
   -.0060692
   -.0060275
   -.0067758
   -.0068601
   -.0063033
   -.0059193
   -.0052033
   -.0032886
   -.0005712
    .0010509
   -.0008696
   -.0040763
   -.0052044
   -.0024632
    .0012444
    .0024100
    .0010996
   -.0005175
   -.0012987
   -.0012465
   -.0005975
    .0001505
    .0010025
    .0023539
    .0022427
    .0025499
    .0017113
    .0019452
    .0034367
    .0045930
    .0047977
    .0038032
    .0021054
    .0015695
    .0032677
    .0060767
    .0069498
    .0053812
    .0031774
    .0025254
    .0035591
    .0050786
    .0060994
    .0067183
    .0059535
    .0052308
    .0051933
    .0051381
    .0050672
    .0049817
    .0045002
    .0043019
    .0042256
    .0043320
    .0044058
    .0042964
    .0041372
    .0036019
    .0036474
    .0039542
    .0041253
    .0041368
    .0035364
    .0028395
    .0034611
    .0033586
    .0039008
    .0033165
    .0028309
    .0026919
    .0027543
    .0029619
    .0034611
    .0035218
    .0034390
    .0032571
    .0028634
    .0035277
    .0037425
    .0040077
    .0043211
    .0046691
    .0050455
    .0057010
    .0063865
    .0066743
    .0070623
    .0073559
    .0075787
    .0079785
    .0083612
    .0083161
    .0081344
    .0082347
    .0086727
    .0094723
    .0106976
    .0117022
    .0124047
    .0130442
    .0133701
    .0131457
    .0129163
    .0125002
    .0116419
    .0104565
    .0088214
    .0061656
    .0054436
    .0081149
    .0103952
    .0100049
    .0075078
    .0047278
    .0030325
    .0031616
    .0040573
    .0043595
    .0026403
    .0007497
   -.0002645
   -.0012780
   -.0013464
   -.0027498
   -.0042314
   -.0051928
   -.0061203
   -.0064715
   -.0078605
   -.0087038
   -.0095557
   -.0102826
   -.0107771
   -.0109883
   -.0088823
   -.0097168
   -.0121176
   -.0131312
   -.0115189
   -.0093017
   -.0083384
   -.0087225
   -.0096810
   -.0106872
   -.0114546
   -.0113447
   -.0099709
   -.0084637
   -.0079436
   -.0086069
   -.0081147
   -.0075550
   -.0069284
   -.0062348
   -.0054912
   -.0047195
   -.0040904
   -.0026065
   -.0019036
   -.0017011
   -.0017385
   -.0008954
    .0004219
    .0013460
    .0014831
    .0016054
    .0020533
    .0024563
    .0034226
    .0035987
    .0034783
    .0037266
    .0037931
    .0043985
    .0042270
    .0043165
    .0037483
    .0040565
    .0046377
    .0042991
    .0042079
    .0033266
    .0035586
    .0037847
    .0036073
    .0034167
    .0032194
    .0030175
    .0028143
    .0030811
    .0022585
    .0022369
    .0020644
    .0024691
    .0021789
    .0016647
    .0015979
    .0014286
    .0023513
    .0024480
    .0015512
    .0000380
    .0006951
    .0019032
    .0030183
    .0043023
    .0047537
    .0035915
    .0013332
    .0009694
    .0039888
    .0068771
    .0072809
    .0056149
    .0042858
    .0039926
    .0041214
    .0045456
    .0054947
    .0052663
    .0034926
    .0024356
    .0016790
    .0013504
    .0014653
    .0003318
   -.0011685
   -.0022642
   -.0035929
   -.0049522
   -.0057328
   -.0052735
   -.0042952
   -.0041046
   -.0057968
   -.0084285
   -.0101051
   -.0099495
   -.0081628
   -.0075914
   -.0089567
   -.0108285
   -.0118369
   -.0120038
   -.0112552
   -.0107478
   -.0105284
   -.0103161
   -.0101128
   -.0099061
   -.0094436
   -.0092115
   -.0093713
   -.0092211
   -.0092567
   -.0088518
   -.0087871
   -.0087632
   -.0085564
   -.0082127
   -.0085942
   -.0085596
   -.0085302
   -.0084812
   -.0079432
   -.0080599
   -.0083113
   -.0087540
   -.0085260
   -.0078835
   -.0072954
   -.0070593
   -.0071489
   -.0072616
   -.0072167
   -.0070562
   -.0068044
   -.0060821
   -.0052637
   -.0055751
   -.0052643
   -.0055897
   -.0049079
   -.0040460
   -.0038624
   -.0034589
   -.0033868
   -.0032474
   -.0027848
   -.0021030
   -.0014163
   -.0005942
   -.0002416
    .0002385
   -.0001222
    .0002285
    .0014442
    .0025659
    .0033843
    .0039505
    .0032637
    .0020205
    .0016800
    .0024059
    .0033056
    .0039679
    .0052286
    .0075976
    .0085794
    .0066195
    .0031574
    .0027341
    .0056916
    .0072243
    .0058640
    .0041965
    .0038943
    .0042714
    .0043953
    .0036568
    .0033928
    .0023154
    .0029748
    .0035348
    .0032993
    .0027619
    .0028153
    .0030029
    .0033024
    .0040629
    .0041043
    .0039847
    .0027499
    .0026011
    .0048783
    .0072923
    .0072050
    .0057367
    .0035030
    .0052451
    .0074578
    .0090319
    .0102611
    .0105540
    .0101073
    .0115146
    .0122505
    .0143700
    .0145708
    .0155414
    .0164545
    .0171447
    .0181641
    .0186886
    .0192778
    .0199673
    .0203832
    .0205699
    .0198752
    .0197067
    .0194364
    .0190649
    .0185885
    .0180190
    .0162897
    .0158693
    .0153938
    .0151727
    .0148728
    .0134306
    .0119468
    .0100935
    .0091889
    .0085676
    .0081123
    .0061023
    .0048779
    .0036537
    .0024303
    .0012316
    .0000721
   -.0010286
   -.0029769
   -.0030199
   -.0039633
   -.0048145
   -.0061718
   -.0074404
   -.0076403
   -.0074859
   -.0079613
   -.0087026
   -.0093477
   -.0103680
   -.0113702
   -.0118851
   -.0122277
   -.0125345
   -.0123473
   -.0116389
   -.0110043
   -.0126881
   -.0142587
   -.0150263
   -.0144384
   -.0133408
   -.0115691
   -.0102551
   -.0110923
   -.0141077
   -.0160385
   -.0137883
   -.0101610
   -.0087509
   -.0110190
   -.0130179
   -.0116269
   -.0090081
   -.0078814
   -.0083124
   -.0083752
   -.0074864
   -.0064069
   -.0055386
   -.0045328
   -.0035635
   -.0029577
   -.0029734
   -.0025368
   -.0021652
   -.0018737
   -.0016778
   -.0015699
   -.0030892
   -.0030552
   -.0014278
   -.0001179
   -.0008504
   -.0028026
   -.0038996
   -.0027322
   -.0011605
   -.0014503
   -.0012764
   -.0010939
   -.0008727
   -.0009495
   -.0006317
   -.0000241
    .0003136
    .0010196
    .0005156
    .0006269
    .0017650
    .0024587
    .0029704
    .0034175
    .0037252
    .0047484
    .0054152
    .0066037
    .0068365
    .0075902
    .0080258
    .0094148
    .0099697
    .0107463
    .0109372
    .0114274
    .0123480
    .0134399
    .0135698
    .0137958
    .0139133
    .0139515
    .0139363
    .0138982
    .0139462
    .0132268
    .0130034
    .0129826
    .0134677
    .0141348
    .0138393
    .0128749
    .0119208
    .0108302
    .0101556
    .0104383
    .0097034
    .0088935
    .0079938
    .0070228
    .0060091
    .0049608
    .0039035
    .0032606
    .0019496
    .0009316
   -.0000071
   -.0009370
   -.0018343
   -.0026415
   -.0049533
   -.0056439
   -.0048449
   -.0038619
   -.0035808
   -.0072516
   -.0114570
   -.0110354
   -.0079186
   -.0067240
   -.0091436
   -.0118816
   -.0112460
   -.0114690
   -.0110654
   -.0124115
   -.0127393
   -.0130396
   -.0133043
   -.0135303
   -.0136735
   -.0132251
   -.0139313
   -.0139618
   -.0153009
   -.0142731
   -.0129111
   -.0120961
   -.0120332
   -.0140210
   -.0124898
   -.0120971
   -.0086435
   -.0089344
   -.0114069
   -.0120763
   -.0101037
   -.0070167
   -.0048380
   -.0053783
   -.0043750
   -.0043052
   -.0028764
   -.0016089
   -.0010384
   -.0003997
    .0005030
    .0013027
    .0017291
    .0021723
    .0028293
    .0033794
    .0041633
    .0048533
    .0059011
    .0064458
    .0069359
    .0080117
    .0083963
    .0089083
    .0097363
    .0102493
    .0106839
    .0115390
    .0124213
    .0130127
    .0138022
    .0141351
    .0144063
    .0145487
    .0147558
    .0153189
    .0162695
    .0167507
    .0170902
    .0173735
    .0172656
    .0177095
    .0181121
    .0178889
    .0182397
    .0185740
    .0181849
    .0185943
    .0188335
    .0188591
    .0186758
    .0188741
    .0188053
    .0186028
    .0188676
    .0186074
    .0184926
    .0190680
    .0182776
    .0182219
    .0181786
    .0184052
    .0180751
    .0182157
    .0181440
    .0176141
    .0181979
    .0179976
    .0166586
    .0156743
    .0159962
    .0171608
    .0179874
    .0171970
    .0149829
    .0137827
    .0137871
    .0134480
    .0132957
    .0138358
    .0127441
    .0117096
    .0113934
    .0111677
    .0117222
    .0108121
    .0106241
    .0107269
    .0101519
    .0101362
    .0100499
    .0099919
    .0098663
    .0108718
    .0102157
    .0075282
    .0063565
    .0078774
    .0092261
    .0088517
    .0077412
    .0062243
    .0050322
    .0050392
    .0061229
    .0065740
    .0066696
    .0064730
    .0069078
    .0070489
    .0072029
    .0077872
    .0075380
    .0077134
    .0075484
    .0082278
    .0085862
    .0082472
    .0082638
    .0075158
    .0077017
    .0080897
    .0075065
    .0071193
    .0061801
    .0054053
    .0048888
    .0047739
    .0041559
    .0033863
    .0022755
    .0012390
    .0008163
   -.0000972
   -.0004574
   -.0018104
   -.0028805
   -.0038076
   -.0046553
   -.0048075
   -.0053053
   -.0069995
   -.0078897
   -.0085458
   -.0089438
   -.0087750
   -.0088371
   -.0099128
   -.0109990
   -.0113748
   -.0117457
   -.0112841
   -.0125136
   -.0129082
   -.0141068
   -.0137481
   -.0141699
   -.0145772
   -.0153059
   -.0157903
   -.0156469
   -.0159805
   -.0155504
   -.0166009
   -.0168859
   -.0171558
   -.0161107
   -.0156801
   -.0177278
   -.0175203
   -.0174900
   -.0163578
   -.0156717
   -.0161410
   -.0173981
   -.0188232
   -.0182207
   -.0167657
   -.0160855
   -.0167679
   -.0173844
   -.0173888
   -.0173454
   -.0170747
   -.0174083
   -.0172606
   -.0169791
   -.0172353
   -.0171005
   -.0179668
   -.0171542
   -.0154442
   -.0158857
   -.0153821
   -.0167697
   -.0155946
   -.0126452
   -.0128305
   -.0119634
   -.0134612
   -.0123282
   -.0086643
   -.0057839
   -.0047740
   -.0048952
   -.0044254
   -.0027675
   -.0005218
    .0012263
    .0019050
    .0030637
    .0033482
    .0046225
    .0064338
    .0073739
    .0086619
    .0088710
    .0095142
    .0105576
    .0115952
    .0125546
    .0132248
    .0140156
    .0143665
    .0148285
    .0152199
    .0163140
    .0157719
    .0159180
    .0154680
    .0162211
    .0158891
    .0157962
    .0149050
    .0147060
    .0154250
    .0152472
    .0151079
    .0146894
    .0143940
    .0145614
    .0145689
    .0140834
    .0140475
    .0142536
    .0136416
    .0136655
    .0140329
    .0139677
    .0140711
    .0138492
    .0138123
    .0138015
    .0133045
    .0138582
    .0139065
    .0142171
    .0134423
    .0133735
    .0141091
    .0141697
    .0148925
    .0143808
    .0140628
    .0148879
    .0151511
    .0166863
    .0161841
    .0147334
    .0146501
    .0160754
    .0180757
    .0181776
    .0159587
    .0151996
    .0165300
    .0179280
    .0184682
    .0187703
    .0189536
    .0187666
    .0181433
    .0177681
    .0178539
    .0180047
    .0180972
    .0176376
    .0169398
    .0163449
    .0163251
    .0173219
    .0168455
    .0174740
    .0155243
    .0137238
    .0131578
    .0142486
    .0161013
    .0146759
    .0141526
    .0116158
    .0122426
    .0144504
    .0131484
    .0127123
    .0112299
    .0110963
    .0111227
    .0105020
    .0102322
    .0089645
    .0079888
    .0078313
    .0071617
    .0074309
    .0058734
    .0052541
    .0046558
    .0046907
    .0035324
    .0030013
    .0032616
    .0020097
    .0015315
    .0012011
    .0002404
    .0002318
   -.0000202
   -.0010538
   -.0012404
   -.0012339
   -.0013316
   -.0016272
   -.0023488
   -.0024521
   -.0023911
   -.0029528
   -.0027683
   -.0028768
   -.0040201
   -.0043749
   -.0047392
   -.0051136
   -.0054908
   -.0058635
   -.0066762
   -.0065954
   -.0070765
   -.0077396
   -.0075677
   -.0079229
   -.0075536
   -.0080066
   -.0088107
   -.0100072
   -.0097781
   -.0102322
   -.0106942
   -.0111647
   -.0116375
   -.0120928
   -.0123459
   -.0117446
   -.0113667
   -.0115581
   -.0124428
   -.0137797
   -.0153629
   -.0169497
   -.0162064
   -.0136139
   -.0120601
   -.0132334
   -.0157060
   -.0169554
   -.0160513
   -.0148132
   -.0147415
   -.0147778
   -.0157693
   -.0151221
   -.0144439
   -.0132371
   -.0136012
   -.0146371
   -.0150144
   -.0141235
   -.0131200
   -.0125556
   -.0114258
   -.0105101
   -.0102811
   -.0100935
   -.0107712
   -.0135729
   -.0145083
   -.0116850
   -.0093912
   -.0087650
   -.0080666
   -.0101371
   -.0098880
   -.0071249
   -.0059789
   -.0054561
   -.0051333
   -.0053558
   -.0039371
   -.0024700
   -.0015863
   -.0002170
    .0003666
    .0016676
    .0024509
    .0030611
    .0042808
    .0053179
    .0056218
    .0061401
    .0069721
    .0077178
    .0079066
    .0080989
    .0085279
    .0095036
    .0103399
    .0106971
    .0115704
    .0113639
    .0114522
    .0120478
    .0120584
    .0118344
    .0121602
    .0129866
    .0131778
    .0125950
    .0130618
    .0135378
    .0126707
    .0138735
    .0141057
    .0137708
    .0145290
    .0145908
    .0140155
    .0137983
    .0140667
    .0144145
    .0144667
    .0140705
    .0136112
    .0145349
    .0143413
    .0133714
    .0132247
    .0130473
    .0139672
    .0136181
    .0126883
    .0120017
    .0117790
    .0108817
    .0108963
    .0115191
    .0123723
    .0126421
    .0113435
    .0088882
    .0063079
    .0062490
    .0096956
    .0117342
    .0096109
    .0069045
    .0053509
    .0060586
    .0074277
    .0067707
    .0039825
    .0039189
    .0033290
    .0031961
    .0033467
    .0016993
    .0012692
    .0008465
    .0006346
    .0015805
    .0004707
   -.0009381
   -.0020266
   -.0038440
   -.0051712
   -.0045950
   -.0021185
   -.0018208
   -.0048811
   -.0056764
   -.0090371
   -.0073950
   -.0064959
   -.0071575
   -.0082690
   -.0095495
   -.0102201
   -.0117541
   -.0108612
   -.0118046
   -.0122332
   -.0137761
   -.0139843
   -.0132879
   -.0135434
   -.0137901
   -.0141865
   -.0149403
   -.0147642
   -.0141953
   -.0148644
   -.0150351
   -.0139137
   -.0139981
   -.0136525
   -.0127216
   -.0132612
   -.0130187
   -.0140040
   -.0131346
   -.0117430
   -.0116453
   -.0112258
   -.0114908
   -.0110540
   -.0098968
   -.0090382
   -.0087602
   -.0076773
   -.0067158
   -.0064077
   -.0058719
   -.0047865
   -.0037044
   -.0032461
   -.0031385
   -.0026232
   -.0015728
   -.0016041
   -.0013786
   -.0005419
    .0002192
    .0005632
    .0007587
    .0012898
    .0019151
    .0020753
    .0028489
    .0022465
    .0026776
    .0032780
    .0039930
    .0048593
    .0055214
    .0055829
    .0048808
    .0041348
    .0034962
    .0033134
    .0041721
    .0074439
    .0075281
    .0081217
    .0057958
    .0068633
    .0094814
    .0099109
    .0110287
    .0095948
    .0093154
    .0105191
    .0114850
    .0117152
    .0122578
    .0118990
    .0119888
    .0122569
    .0122614
    .0124265
    .0121445
    .0112310
    .0112564
    .0110231
    .0118415
    .0126946
    .0120579
    .0091283
    .0059360
    .0083156
    .0093186
    .0097325
    .0083072
    .0066425
    .0050939
    .0049511
    .0048468
    .0050304
    .0046388
    .0038916
    .0034713
    .0034616
    .0031126
    .0023421
    .0016889
    .0022491
    .0021206
    .0014440
    .0005831
    .0003744
    .0005699
   -.0007163
   -.0004639
   -.0006871
    .0005040
   -.0006772
   -.0016625
   -.0019402
   -.0028285
   -.0033056
   -.0026360
   -.0022784
   -.0039626
   -.0043654
   -.0062987
   -.0064485
   -.0062841
   -.0063567
   -.0070921
   -.0076176
   -.0084014
   -.0081686
   -.0088865
   -.0096044
   -.0100425
   -.0099237
   -.0107960
   -.0109695
   -.0107428
   -.0106314
   -.0117401
   -.0118010
   -.0133461
   -.0130238
   -.0123110
   -.0118040
   -.0116743
   -.0117837
   -.0118436
   -.0123534
   -.0123463
   -.0120319
   -.0116530
   -.0102921
   -.0101944
   -.0090808
   -.0098011
   -.0103011
   -.0106916
   -.0102975
   -.0087881
   -.0057236
   -.0036381
   -.0049534
   -.0073718
   -.0077834
   -.0051149
   -.0040972
   -.0040783
   -.0046414
   -.0050967
   -.0036642
   -.0022285
   -.0013002
   -.0012928
   -.0004255
    .0007792
    .0012681
    .0011389
    .0020157
    .0029433
    .0032445
    .0039202
    .0053395
    .0046749
    .0049848
    .0032310
    .0044613
    .0064372
    .0066193
    .0053121
    .0051382
    .0031348
    .0046340
    .0040854
    .0037255
    .0023276
    .0013193
    .0013435
    .0015835
    .0009730
    .0013201
    .0003650
   -.0009309
   -.0013026
   -.0015870
   -.0018495
   -.0026954
   -.0031055
   -.0031072
   -.0032521
   -.0040355
   -.0044910
   -.0041570
   -.0039256
   -.0042192
   -.0049904
   -.0047923
   -.0044551
   -.0048883
   -.0051786
   -.0045819
   -.0046260
   -.0049416
   -.0044166
   -.0040766
   -.0046905
   -.0041121
   -.0035997
   -.0045074
   -.0042490
   -.0036959
   -.0040925
   -.0039564
   -.0031447
   -.0031765
   -.0034721
   -.0021082
   -.0016361
   -.0017836
   -.0003257
   -.0001821
   -.0001929
    .0006265
    .0008601
    .0005916
    .0011030
    .0017699
    .0016470
    .0015180
    .0013260
    .0009478
    .0012230
    .0022118
    .0014301
    .0007125
   -.0007967
   -.0008988
   -.0007512
   -.0001356
    .0008256
   -.0009487
   -.0012540
   -.0037904
   -.0031310
   -.0013491
   -.0005525
   -.0014985
   -.0013730
   -.0026264
   -.0017577
   -.0005203
   -.0003102
   -.0007154
   -.0002952
   -.0003884
   -.0004534
    .0000611
    .0000016
   -.0011591
   -.0006773
    .0008008
    .0015951
    .0009646
   -.0006131
   -.0020477
   -.0002254
    .0034113
    .0032653
    .0013525
   -.0006451
   -.0002165
    .0008701
    .0023824
    .0035011
    .0039996
    .0034902
    .0026552
    .0022406
    .0023642
    .0020613
    .0026210
    .0021613
    .0021683
    .0025418
    .0025295
    .0022079
    .0022671
    .0023665
    .0026014
    .0028466
    .0029648
    .0026156
    .0025461
    .0024123
    .0019086
    .0014903
    .0021695
    .0025061
    .0020391
    .0017264
    .0012524
    .0019272
    .0017602
    .0010183
    .0008960
    .0011868
    .0013321
    .0010790
    .0007157
    .0001923
    .0002864
    .0004303
    .0002028
   -.0000532
    .0001716
    .0001610
    .0000570
    .0000127
    .0003414
    .0006219
    .0005084
    .0002088
    .0008180
    .0011635
    .0009135
    .0008661
    .0013416
    .0014311
    .0013955
    .0014368
    .0017088
    .0018495
    .0019725
    .0020930
    .0025125
    .0024372
    .0022972
    .0031953
    .0041658
    .0039520
    .0032207
    .0033925
    .0026578
    .0040120
    .0053397
    .0049001
    .0039043
    .0038541
    .0029394
    .0037861
    .0037376
    .0029496
    .0030613
    .0029502
    .0030110
    .0029887
    .0026051
    .0020681
    .0019528
    .0016308
    .0009989
    .0002395
   -.0004332
   -.0012998
   -.0012534
   -.0002012
    .0005663
    .0003926
   -.0015875
   -.0019690
   -.0036058
   -.0030923
   -.0026653
   -.0031889
   -.0036626
   -.0038048
   -.0041542
   -.0047166
   -.0044801
   -.0043805
   -.0051542
   -.0054831
   -.0048186
   -.0049160
   -.0055448
   -.0058098
   -.0055544
   -.0053441
   -.0050328
   -.0052118
   -.0056953
   -.0057654
   -.0052721
   -.0052567
   -.0055003
   -.0056570
   -.0053522
   -.0051042
   -.0048842
   -.0049612
   -.0050500
   -.0051611
   -.0046939
   -.0044004
   -.0044993
   -.0046766
   -.0044050
   -.0041328
   -.0037435
   -.0033878
   -.0032292
   -.0034579
   -.0033772
   -.0030340
   -.0025311
   -.0024523
   -.0024941
   -.0022315
   -.0018066
   -.0018103
   -.0017731
   -.0014274
   -.0013453
   -.0013893
   -.0009414
   -.0007471
   -.0009838
   -.0013195
   -.0011688
   -.0007188
   -.0000290
    .0001667
   -.0007908
   -.0010452
    .0009945
    .0010222
    .0000123
   -.0009945
   -.0009198
   -.0009126
   -.0012558
   -.0011051
   -.0014256
   -.0000478
    .0005730
    .0001873
   -.0001254
   -.0004355
   -.0006030
   -.0006698
   -.0005534
   -.0005039
   -.0000066
    .0004671
    .0004741
    .0002496
    .0007062
    .0011988
    .0014172
    .0012265
    .0011335
    .0011161
    .0011071
    .0009364
    .0013176
    .0022163
    .0034136
    .0033979
    .0024856
    .0026515
    .0045917
    .0044978
    .0040911
    .0036501
    .0035905
    .0038502
    .0042736
    .0044743
    .0044375
    .0041182
    .0039091
    .0039844
    .0043102
    .0041264
    .0037882
    .0039021
    .0042207
    .0040397
    .0038879
    .0037188
    .0034888
    .0033844
    .0036104
    .0035862
    .0034250
    .0032320
    .0033380
    .0033933
    .0034980
    .0033968
    .0033266
    .0033462
    .0035136
    .0034284
    .0033197
    .0034096
    .0036008
    .0033770
    .0032891
    .0034436
    .0035973
    .0034152
    .0033033
    .0033246
    .0034448
    .0035341
    .0035500
    .0033279
    .0033500
    .0034777
    .0034950
    .0033003
    .0033482
    .0034055
    .0035088
    .0035344
    .0035178
    .0033945
    .0033182
    .0033134
    .0033961
    .0034352
    .0035269
    .0034191
    .0033151
    .0032769
    .0034361
    .0033696
    .0032248
    .0029793
    .0030249
    .0031560
    .0031809
    .0029553
    .0027591
    .0027825
    .0029406
    .0028396
    .0027103
    .0027205
    .0028299
    .0028646
    .0027913
    .0026342
    .0026545
    .0026791
    .0027501
    .0027943
    .0028666
    .0028035
    .0027173
    .0025532
    .0025975
    .0026992
    .0028850
    .0028479
    .0027004
    .0025418
    .0027065
    .0028793
    .0029652
    .0028541
    .0027605
    .0028535
    .0030085
    .0031356
    .0032751
    .0032805
    .0032694
    .0033736
    .0035278
    .0035585
    .0036211
    .0036329
    .0038464
    .0039787
    .0041910
    .0042151
    .0042837
    .0044157
    .0046231
    .0046445
    .0046938
    .0048260
    .0049015
    .0049085
    .0050816
    .0051936
    .0052422
    .0053350
    .0054772
    .0054520
    .0054829
    .0055333
    .0055545
    .0054672
    .0055821
    .0055981
    .0055804
    .0054543
    .0055382
    .0055144
    .0054507
    .0053058
    .0052171
    .0051732
    .0052004
    .0051450
    .0050399
    .0048504
    .0048737
    .0047824
    .0046807
    .0044667
    .0043537
    .0041279
    .0041441
    .0040554
    .0039302
    .0037227
    .0037314
    .0035319
    .0034097
    .0033551
    .0025244
    .0031959
    .0032258
    .0031935
    .0031109
    .0030791
    .0031361
    .0031214
    .0030606
    .0029334
    .0028659
    .0028928
    .0029653
    .0030073
    .0030823
    .0031328
    .0032049
    .0032629
    .0033386
    .0033938
    .0034650
    .0035222
    .0035835
    .0036417
    .0036917
    .0037467
    .0037848
    .0038338
    .0038579
    .0038984
    .0039098
    .0039370
    .0039360
    .0039495
    .0039365
    .0039351
    .0039106
    .0038942
    .0038585
    .0038278
    .0037668
    .0037216
    .0036750
    .0036076
    .0035570
    .0034745
    .0034254
    .0033266
    .0032746
    .0031687
    .0031256
    .0032090
    .0031747
    .0032499
    .0032445
    .0032108