   -.0033913
   -.0039698
   -.0059207
   -.0059553
   -.0058348
   -.0056493
   -.0054755
   -.0052971
   -.0050379
   -.0047737
   -.0044641
   -.0044390
   -.0046881
   -.0052504
   -.0059978
   -.0067907
   -.0071875
   -.0071962
   -.0068322
   -.0062158
   -.0056819
   -.0052790
   -.0050216
   -.0047119
   -.0050159
   -.0050585
   -.0056743
   -.0064573
   -.0069841
   -.0069775
   -.0064172
   -.0058517
   -.0046380
   -.0028087
   -.0017933
   -.0008500
    .0002214
   -.0010783
   -.0025040
   -.0044574
   -.0032515
   -.0015515
   -.0022325
   -.0029777
   -.0037075
   -.0019098
    .0037264
    .0044656
    .0034010
    .0010317
    .0005289
   -.0029495
   -.0049223
   -.0055858
   -.0084591
   -.0097649
   -.0073711
   -.0001823
    .0051708
    .0088327
    .0106829
    .0104674
    .0083886
    .0041102
   -.0015015
   -.0072666
   -.0143548
   -.0199872
   -.0196744
   -.0143590
   -.0077525
   -.0012933
    .0035675
    .0055752
    .0053017
    .0036181
    .0004714
   -.0053855
   -.0142266
   -.0212278
   -.0213342
   -.0197372
   -.0159268
   -.0147425
   -.0085364
   -.0015777
    .0043052
    .0078851
    .0091772
    .0076634
    .0065444
    .0070648
    .0083633
    .0085010
    .0058065
    .0093970
    .0217877
    .0313817
    .0259460
    .0107671
    .0089162
    .0158658
    .0091240
   -.0102800
   -.0230718
   -.0243361
   -.0191344
   -.0108130
   -.0003452
    .0090654
    .0117879
    .0111360
    .0135171
    .0103352
   -.0076076
   -.0204893
   -.0095221
    .0036991
    .0008880
   -.0131710
   -.0197568
   -.0118094
   -.0013118
    .0052774
    .0092824
    .0120267
    .0138630
    .0142059
    .0111325
   -.0015852
   -.0249093
   -.0419234
   -.0391364
   -.0335177
   -.0347901
   -.0236828
    .0102322
    .0107291
   -.0162789
    .0037406
    .0272030
    .0110067
   -.0030791
    .0111493
    .0320114
    .0332762
    .0240020
    .0294383
    .0428727
    .0418242
    .0322894
    .0198319
    .0078572
   -.0022946
   -.0140641
   -.0270551
   -.0392183
   -.0484137
   -.0488576
   -.0410876
   -.0344377
   -.0304977
   -.0217432
   -.0083923
   -.0009772
    .0060788
    .0138754
    .0205356
    .0262725
    .0315161
    .0355119
    .0403266
    .0404451
    .0340651
    .0234187
    .0222993
    .0230646
    .0156621
    .0065627
    .0052369
    .0110921
    .0106759
    .0005508
   -.0160781
   -.0347885
   -.0557848
   -.0804274
   -.1007411
   -.1000141
   -.0765050
   -.0488281
   -.0324863
   -.0306947
   -.0433400
   -.0398960
    .0019876
    .0353165
    .0266835
    .0370182
    .0611994
    .0613912
    .0600500
    .0674930
    .0496144
    .0318469
    .0423111
    .0470613
    .0288612
    .0180153
    .0243932
    .0254047
    .0115845
   -.0050418
   -.0216511
   -.0403199
   -.0579556
   -.0667950
   -.0616158
   -.0545147
   -.0578559
   -.0421664
   -.0216483
   -.0176804
   -.0117928
    .0072319
    .0152971
    .0111715
    .0123798
    .0268961
    .0429492
    .0501507
    .0495001
    .0458761
    .0408551
    .0361816
    .0295751
    .0198499
    .0049228
   -.0188217
   -.0434410
   -.0558916
   -.0528724
   -.0405149
   -.0360675
   -.0306402
   -.0110941
    .0057133
   -.0026025
   -.0055145
    .0167588
    .0356020
    .0307160
    .0151533
    .0130537
    .0324711
    .0422941
    .0305527
    .0365362
    .0486695
    .0329848
    .0128467
    .0184838
    .0164417
   -.0054079
   -.0328267
   -.0499970
   -.0392914
   -.0134012
   -.0008753
   -.0103637
   -.0282341
   -.0374315
   -.0337962
   -.0266302
   -.0263448
   -.0335584
   -.0317256
   -.0172451
   -.0176856
   -.0332480
   -.0329994
   -.0085773
    .0203607
    .0357626
    .0340578
    .0223473
    .0143889
    .0194861
    .0310529
    .0359080
    .0281822
    .0121188
   -.0024306
   -.0052398
    .0019803
    .0098765
    .0190294
    .0254111
    .0188261
    .0002793
   -.0158300
   -.0118792
   -.0059274
   -.0164741
   -.0153969
    .0121198
    .0139344
   -.0111476
   -.0141317
    .0076554
    .0220259
    .0125223
    .0209728
    .0351805
    .0210108
    .0071781
    .0243753
    .0413465
    .0389044
    .0247301
    .0145744
    .0059196
    .0062406
    .0130022
    .0098115
   -.0033572
   -.0151362
   -.0211508
   -.0246860
   -.0257029
   -.0211087
   -.0088578
    .0006393
   -.0071788
   -.0297628
   -.0461801
   -.0325306
   -.0140946
   -.0208111
   -.0304588
   -.0205805
    .0037110
    .0221475
    .0274569
    .0253817
    .0250240
    .0330609
    .0308404
    .0302607
    .0554563
    .0599927
    .0599576
    .0907992
    .1000834
    .0708636
    .0603893
    .0690140
    .0509064
    .0268870
    .0316899
    .0283300
    .0023347
    .0050355
    .0084429
   -.0240465
   -.0182284
    .0043155
   -.0068349
   -.0256790
   -.0174903
    .0011190
    .0008234
   -.0145821
   -.0268881
   -.0209992
   -.0035251
    .0127731
    .0206033
    .0213977
    .0221768
    .0307543
    .0418109
    .0340476
    .0279619
    .0496406
    .0901141
    .1097600
    .1107927
    .1104435
    .1035110
    .0976343
    .0996065
    .1036108
    .1024333
    .0909827
    .0692616
    .0480014
    .0345845
    .0213915
    .0011682
   -.0294085
   -.0606192
   -.0864691
   -.1091622
   -.1345184
   -.1739200
   -.1943654
   -.1665892
   -.1419326
   -.1630203
   -.1772892
   -.1995976
   -.1729540
   -.0959598
   -.1114181
   -.1789722
   -.1929191
   -.1608069
   -.0948703
   -.0443697
    .0319667
    .0523668
    .0278863
   -.0181106
   -.0310675
   -.0033008
    .0437367
    .0485849
    .0451614
    .0239919
   -.0075755
   -.0528891
   -.0363724
    .0241154
    .0870262
    .1036022
    .0521203
    .0474178
    .0629984
    .1478260
    .1495612
    .0776778
    .0664182
    .0280587
    .0150610
    .0337732
    .0916637
    .1026901
    .0840705
    .0619249
    .0272992
    .0113416
    .0065601
   -.0036227
   -.0286479
   -.0517840
   -.0818315
   -.1016603
   -.0954032
   -.0881216
   -.0737930
   -.0410393
   -.0152507
   -.0036928
    .0208252
    .0416074
    .0372205
    .0201182
    .0140102
    .0220675
    .0550745
    .0450804
   -.0024632
   -.0222468
   -.0281582
   -.0096543
    .0331068
    .0957290
    .1045196
    .1010233
    .0946433
    .0842915
    .0685913
    .0688349
    .0364979
    .0092843
   -.0364927
   -.0927878
   -.1210977
   -.1211431
   -.0974370
   -.0760891
   -.0410891
   -.0019451
    .0558132
    .1735814
    .2162283
    .2223396
    .1692034
   -.0033668
   -.0440966
   -.1243685
   -.1600175
   -.1716080
   -.1565749
   -.1147984
   -.0620202
    .0211952
    .0658545
    .0495186
    .0133907
   -.1308570
   -.2163544
   -.2980836
   -.3353076
   -.4023055
   -.4736804
   -.5684580
   -.4764618
   -.2472752
    .0717889
    .2531974
    .1480609
    .0888796
    .1062063
    .1309431
    .0808808
   -.0202317
   -.1331419
   -.1663121
   -.2085503
   -.1920466
   -.0706170
   -.0189207
    .0258195
    .0949909
    .0811640
    .1046080
    .1082851
    .1019783
    .0609718
   -.0052222
   -.0558716
   -.0983844
   -.1103108
   -.0868107
   -.0038152
    .1038639
    .1378397
    .1492138
    .1602176
    .1711576
    .1834614
    .1724243
    .1539919
    .0885909
    .0376274
    .0004980
   -.0478932
   -.0555351
   -.0197053
    .0424956
    .0821578
   -.0464696
   -.1139904
   -.1664637
   -.0429687
    .0062207
    .0279803
   -.0790583
   -.1529468
   -.1670594
   -.0302383
    .0664322
    .1221217
    .1419191
    .1607630
    .1947536
    .2256560
    .2425356
    .2627537
    .2639512
    .2521633
    .1996178
    .1721840
    .2111078
    .2419965
    .2220372
    .1500848
    .1234532
    .1181187
    .0975925
    .0753417
   -.0220778
   -.1361030
   -.2044992
   -.2687117
   -.2811176
   -.2848954
   -.3040412
   -.3495039
   -.4016972
   -.4498331
   -.4463826
   -.3900837
   -.2880221
   -.2660436
   -.3131627
   -.3321523
   -.2970576
   -.2326452
   -.1661175
   -.1571862
   -.2381014
   -.3140831
   -.2854546
   -.2447978
   -.1669880
   -.0523434
    .0325994
    .0550926
   -.0065052
   -.0862215
   -.1066353
   -.0167637
   -.0166173
   -.0544762
   -.0684271
   -.0669685
    .0131774
    .0821778
    .1067839
    .1134412
    .0758656
    .0286452
    .0046646
    .0410068
    .0601082
    .0663910
    .0693727
    .0870896
    .0631658
    .0596583
    .0692369
    .0637516
    .0582066
    .0563149
    .0391966
    .0114488
   -.0169445
   -.0290895
   -.0254723
   -.0078649
    .0003038
    .0105626
    .0003142
   -.0182093
   -.0045553
    .0145185
    .0193213
   -.0007139
   -.0253878
   -.0199545
   -.0098137
   -.0004453
    .0023438
    .0093826
    .0065088
    .0092269
    .0170073
    .0290125
    .0305981
    .0152805
   -.0295911
   -.0395825
   -.0430900
   -.0413260
   -.0292778
   -.0176194
   -.0163711
   -.0297630
   -.0104487
    .0121585
    .0289380
    .0273996
    .0184583
    .0394748
    .0640461
    .0822653
    .0979979
    .1116199
    .1316795
    .1501649
    .1695429
    .1903821
    .1986334
    .1862921
    .1863040
    .1965351
    .2218203
    .2413342
    .2521370
    .2385998
    .2361553
    .2607202
    .2884390
    .2912885
    .2546922
    .1846808
    .1059910
   -.0558978
   -.1638334
   -.1692446
    .0047256
    .1350545
    .0275325
   -.2052348
   -.2969157
   -.2272198
   -.1182055
   -.2737110
   -.3931973
   -.3980239
   -.4320852
   -.4258044
   -.3288761
   -.2246078
   -.0935937
    .0804693
    .1667365
    .1215078
    .0098065
   -.0899426
   -.1086318
   -.2160891
   -.1888682
   -.2101379
   -.2007167
   -.2270137
   -.2936035
   -.3201518
   -.2427082
   -.1906393
   -.1176145
   -.0557186
   -.0660655
   -.1043789
   -.1202387
   -.1116531
   -.0867445
   -.0340647
   -.0281220
   -.0174130
    .0171407
    .0463865
    .0997279
    .1343594
    .1412034
    .1187315
    .1010428
    .0548908
    .0405664
    .0154548
   -.0033739
   -.0288072
   -.0231601
   -.0114823
    .0058524
   -.0122761
   -.0363899
   -.0340547
   -.0186770
    .0074716
    .0391246
    .0463128
    .0387308
    .0470660
    .0651689
    .0989960
    .1297627
    .1389803
    .1238958
    .1191095
    .1420476
    .1691579
    .1566812
    .1194178
    .1129943
    .0916051
    .1223405
    .1472643
    .1247658
    .1026141
    .0761039
    .0705127
    .0618585
    .0511915
    .0468908
    .0077459
   -.0187082
   -.0293108
    .0242382
    .0540025
    .0928695
    .1211226
    .1308871
    .1421459
    .1430501
    .1522951
    .1405333
    .1401724
    .1484069
    .1258067
    .0832015
    .0493423
    .0406946
    .0536067
    .1080229
    .1275962
    .0982567
    .0701028
    .0665285
    .0330818
   -.0010468
   -.0799496
   -.1473289
   -.1646384
   -.1590614
   -.1405333
   -.1262768
   -.1342947
   -.0835802
   -.0596033
   -.0101415
    .0262815
    .0330592
    .0203926
   -.0119996
   -.0354480
   -.0680782
   -.0922879
   -.0819943
   -.0805705
   -.0736504
   -.0712094
   -.0811884
   -.0697006
   -.0473831
   -.0037468
    .0001539
   -.0212064
   -.0533887
   -.1041693
   -.1452865
   -.1547323
   -.1652208
   -.1803279
   -.1895886
   -.1865373
   -.1705283
   -.1410860
   -.1096336
   -.0882341
   -.0673944
   -.0098376
    .0316781
    .0360510
    .0418803
    .0569875
    .0678226
    .0750996
    .0636341
    .0276837
    .0265726
    .0335862
    .0403260
    .0227518
    .0159411
    .0034251
   -.0149642
   -.0247042
   -.0235009
   -.0237359
   -.0324176
   -.0320040
   -.0384071
   -.0268525
    .0232393
    .0758184
    .1252419
    .1541953
    .1645324
    .1953654
    .2452861
    .2680013
    .2851918
    .2661449
    .2156401
    .1294939
    .0949572
    .0775331
    .1246544
    .1559109
    .2255650
    .2602333
    .1913767
    .0794312
    .0237104
   -.0013088
   -.0475320
   -.1399777
   -.1984598
   -.3039852
   -.3426138
   -.3428914
   -.3205310
   -.2675277
   -.1974159
   -.1463775
   -.0853809
   -.0174460
    .0367656
    .0630950
    .0459228
   -.0439152
   -.1312284
   -.1550171
   -.1519279
   -.1208885
   -.0613711
   -.0350026
   -.0502006
   -.0252940
    .0329467
    .0380147
    .0018046
   -.0802819
   -.1212872
   -.1382389
   -.1365900
   -.1285800
   -.1069583
   -.0670956
   -.0513570
   -.0359683
   -.0285225
   -.0238688
   -.0138200
   -.0109147
   -.0153777
   -.0181240
   -.0217442
   -.0158438
    .0002763
    .0188689
    .0343859
    .0378435
    .0339989
    .0328015
    .0249304
    .0220781
    .0227760
    .0263954
    .0301402
    .0302325
    .0296755
    .0315290
    .0363212
    .0436996
    .0459084
    .0489425
    .0437421
    .0361520
    .0273268
    .0185744
    .0285679
    .0292418
    .0166180
   -.0017330
   -.0044516
    .0007634
    .0319599
    .0623982
    .1053277
    .1192835
    .1114895
    .0939381
    .0834574
    .0882494
    .1045043
    .1311965
    .1148194
    .0991673
    .0828000
    .0671905
    .0672481
    .0975199
    .1114964
    .0865267
    .0480081
   -.0123865
   -.0793408
   -.0659383
   -.0524627
   -.0938212
   -.1513705
   -.0787722
   -.0159420
    .0132861
    .0606910
    .0827168
    .0550455
    .0723505
    .1060272
    .1159286
    .0046976
   -.0406900
   -.0656114
   -.0543159
   -.0101348
    .0065784
    .0407824
    .0278576
    .0012252
   -.0106534
   -.0458371
   -.1274164
   -.2329419
   -.2768835
   -.2341903
   -.1220199
   -.0153212
    .0052480
   -.0976070
   -.1126935
   -.0892174
    .0002450
   -.0595651
   -.1148718
   -.1270597
   -.1272442
   -.0970976
   -.0683933
   -.0216345
    .0321646
    .0822749
    .1200438
    .1399989
    .1403240
    .1177823
    .0689430
    .0296876
    .0082854
    .0058731
    .0000247
    .0131185
    .0227729
    .0318681
    .0431194
    .0410021
    .0342630
    .0363854
    .0457923
    .0478542
    .0364015
    .0274920
    .0315958
    .0507976
    .0754214
    .0859626
    .0986389
    .1121546
    .1356440
    .1632988
    .1784391
    .1820267
    .1722352
    .1607174
    .1447705
    .1334088
    .1203513
    .1011360
    .0828025
    .0677989
    .0473437
    .0513859
    .0398411
    .0260057
   -.0230946
   -.0585247
   -.0842441
   -.0998127
   -.1079178
   -.0989795
   -.1070189
   -.1173693
   -.0986354
   -.0747176
   -.0540454
   -.0411514
   -.0332929
   -.0258555
   -.0331543
   -.0435193
   -.0187844
   -.0074264
   -.0135305
   -.0361296
   -.0365492
   -.0156101
    .0068365
   -.0156859
   -.0399592
   -.0447671
   -.0388180
   -.0248070
   -.0144507
   -.0141656
   -.0180262
   -.0245085
   -.0568052
   -.0773759
   -.0632055
   -.0479927
   -.0337569
   -.0228110
   -.0476420
   -.0520440
   -.0515656
   -.0492887
   -.0422840
   -.0415762
   -.0397037
   -.0418326
   -.0537433
   -.0482502
   -.0435924
   -.0381801
   -.0313220
   -.0372245
   -.0397794
   -.0259882
   -.0201795
   -.0194528
   -.0250677
   -.0342223
   -.0334923
   -.0307061
   -.0297552
   -.0353246
   -.0341660
   -.0327395
   -.0270518
   -.0142097
   -.0037434
    .0063664
    .0130021
    .0190227
    .0258228
    .0319074
    .0350062
    .0396772
    .0440129
    .0497327
    .0645487
    .0772538
    .0802195
    .0813280
    .0848096
    .0847954
    .0822805
    .0772584
    .0647637
    .0572850
    .0513130
    .0479710
    .0306724
    .0110075
    .0096517
    .0075478
    .0068741
    .0086042
    .0110946
    .0118688
    .0123649
    .0204961
    .0370283
    .0547497
    .0567702
    .0458382
    .0509277
    .0554289
    .0711766
    .0820753
    .0694629
    .0681901
    .0724738
    .0703950
    .0674566
    .0607528
    .0477226
    .0305535
    .0090882
   -.0155743
   -.0281689
   -.0326475
   -.0371326
   -.0338167
   -.0379577
   -.0473037
   -.0580013
   -.0561779
   -.0375177
   -.0261488
   -.0126658
   -.0137496
   -.0184969
   -.0199341
   -.0080475
    .0306873
    .0478803
    .0532924
    .0447950
    .0244802
    .0170441
    .0200366
    .0285329
    .0277139
    .0018474
   -.0254916
   -.0322522
   -.0358023
   -.0353958
   -.0251904
   -.0201530
   -.0311676
   -.0466071
   -.0534507
   -.0378989
   -.0248042
   -.0096773
    .0023457
    .0141607
    .0209587
    .0322111
    .0442861
    .0627835
    .0684103
    .0705034
    .0673572
    .0583354
    .0524968
    .0464534
    .0406626
    .0381882
    .0436004
    .0299913
    .0190684
    .0036639
   -.0101441
   -.0182416
   -.0142444
   -.0134747
   -.0320966
   -.0490850
   -.0623149
   -.0599030
   -.0463293
   -.0361858
   -.0288258
   -.0272333
   -.0307060
   -.0355094
   -.0378179
   -.0356180
   -.0317772
   -.0293202
   -.0281109
   -.0276356
   -.0272099
   -.0257863
   -.0228571
   -.0189728
   -.0145350
   -.0067646
    .0054678
    .0173572
    .0250340
    .0260124
    .0225270
    .0146166
    .0062183
    .0041809
    .0090884
    .0173848
    .0257790
    .0304233
    .0311581
    .0312304
    .0314543
    .0315717
    .0315612
    .0309081
    .0294192
    .0270676
    .0242045
    .0206045
    .0163357
    .0122885
    .0085453
    .0020548
   -.0097168
   -.0354798
   -.0708623
   -.0872999
   -.0754575
   -.0847809
   -.0924418
   -.0790451
   -.0682592
   -.0666042
   -.0643113
   -.0601578
   -.0512959
   -.0413885
   -.0313291
   -.0183109
   -.0030579
    .0093514
    .0183713
    .0268725
    .0337561
    .0357354
    .0347792
    .0332464
    .0337864
    .0371232
    .0411741
    .0437105
    .0450410
    .0456556
    .0456244
    .0445613
    .0407007
    .0323061
    .0200492
    .0069547
   -.0044604
   -.0175839
   -.0274728
   -.0402524
   -.0528291
   -.0553853
   -.0552599
   -.0641959
   -.0770289
   -.0760298
   -.0553572
   -.0421709
   -.0477084
   -.0443944
   -.0308411
   -.0225152
   -.0166464
   -.0076541
   -.0011856
    .0030639
    .0051488
    .0059552
    .0072285
    .0108492
    .0174305
    .0258183
    .0341115
    .0419716
    .0483347
    .0522473
    .0553406
    .0579990
    .0586985
    .0580380
    .0556047
    .0506662
    .0432941
    .0341173
    .0261139
    .0221879
    .0219614
    .0243671
    .0284501
    .0322345
    .0347812
    .0368149
    .0364224
    .0302388
    .0181933
    .0021748
   -.0140504
   -.0249762
   -.0242447
   -.0130310
   -.0068778
   -.0150583
   -.0264066
   -.0234263
   -.0105102
   -.0029999
   -.0097948
   -.0241493
   -.0300193
   -.0221470
   -.0108315
   -.0044646
   -.0030916
   -.0044266
   -.0004970
    .0123953
    .0275845
    .0356155
    .0324628
    .0292063
    .0371427
    .0483066
    .0554796
    .0519336
    .0418533
    .0407962
    .0485701
    .0566968
    .0632113
    .0665662
    .0637154
    .0538244
    .0479483
    .0541971
    .0647640
    .0724467
    .0743177
    .0682066
    .0588837
    .0521943
    .0487807
    .0489006
    .0529121
    .0567183
    .0571484
    .0519487
    .0418203
    .0339296
    .0307479
    .0292098
    .0284430
    .0288108
    .0300704
    .0316122
    .0334746
    .0355434
    .0371367
    .0379576
    .0379480
    .0366237
    .0339450
    .0301958
    .0249906
    .0192792
    .0151783
    .0121303
    .0086811
    .0059123
    .0042177
    .0033004
    .0050461
    .0071209
    .0027300
   -.0061490
   -.0145034
   -.0209790
   -.0220560
   -.0186487
   -.0141979
   -.0114509
   -.0107832
   -.0106576
   -.0113150
   -.0129918
   -.0157140
   -.0200724
   -.0258659
   -.0322637
   -.0379126
   -.0422116
   -.0446855
   -.0446542
   -.0431848
   -.0414445
   -.0396666
   -.0384281
   -.0376487
   -.0366463
   -.0342320
   -.0301570
   -.0266415
   -.0254046
   -.0252234
   -.0250995
   -.0257887
   -.0270723
   -.0292107
   -.0314687
   -.0294060
   -.0213860
   -.0104512
    .0005761
    .0101224
    .0171618
    .0202837
    .0197416
    .0177192
    .0169478
    .0196766
    .0248788
    .0308966
    .0379347
    .0445068
    .0484837
    .0498250
    .0498574
    .0494598
    .0480621
    .0457693
    .0431186
    .0380075
    .0321496
    .0260921
    .0220468
    .0181119
    .0142643
    .0106399
    .0066644
    .0017160
   -.0031261
   -.0058013
   -.0075132
   -.0093849
   -.0108464
   -.0116780
   -.0118253
   -.0112152
   -.0099210
   -.0081248
   -.0057574
   -.0029137
    .0002583
    .0043841
    .0091114
    .0133756
    .0183200
    .0242141
    .0297274
    .0337567
    .0351276
    .0316690
    .0258626
    .0227328
    .0226344
    .0244229
    .0253252
    .0227843
    .0181354
    .0133572
    .0100472
    .0097736
    .0114621
    .0134242
    .0145432
    .0145302
    .0141720
    .0133652
    .0122566
    .0127723
    .0157660
    .0194374
    .0224142
    .0253650
    .0281610
    .0294985
    .0287565
    .0270669
    .0252843
    .0242732
    .0228596
    .0194236
    .0138960
    .0063732
   -.0016857
   -.0078275
   -.0115858
   -.0134172
   -.0138577
   -.0132877
   -.0120256
   -.0106609
   -.0098904
   -.0094365
   -.0087976
   -.0081167
   -.0084975
   -.0105378
   -.0126750
   -.0132139
   -.0120595
   -.0106498
   -.0105496
   -.0117319
   -.0143331
   -.0188148
   -.0255202
   -.0344064
   -.0439642
   -.0515685
   -.0542486
   -.0517541
   -.0467412
   -.0411839
   -.0355230
   -.0298394
   -.0237235
   -.0174954
   -.0127008
   -.0097773
   -.0082965
   -.0083298
   -.0096005
   -.0112398
   -.0122000
   -.0119555
   -.0104202
   -.0077227
   -.0039978
    .0007843
    .0060591
    .0107613
    .0143983
    .0173496
    .0199258
    .0223184
    .0238960
    .0242281
    .0245034
    .0258771
    .0289758
    .0331902
    .0365470
    .0387037
    .0395134
    .0380703
    .0335403
    .0247326
    .0129421
    .0025635
   -.0053484
   -.0126447
   -.0176856
   -.0190156
   -.0174713
   -.0155996
   -.0157934
   -.0165152
   -.0153867
   -.0128963
   -.0085410
   -.0020895
    .0056290
    .0115981
    .0155812
    .0189829
    .0216932
    .0240776
    .0254166
    .0253879
    .0245585
    .0217288
    .0162852
    .0121942
    .0084246
    .0038008
   -.0020027
   -.0080275
   -.0127068
   -.0155530
   -.0160512
   -.0146706
   -.0133018
   -.0124321
   -.0129968
   -.0154313
   -.0182004
   -.0206234
   -.0228835
   -.0265680
   -.0312417
   -.0357528
   -.0392506
   -.0417924
   -.0444077
   -.0456804
   -.0455728
   -.0450197
   -.0430572
   -.0400988
   -.0361459
   -.0306737
   -.0243854
   -.0184051
   -.0123527
   -.0064895
   -.0014372
    .0029067
    .0067223
    .0100577
    .0126835
    .0148425
    .0169658
    .0183619
    .0185272
    .0182450
    .0164366
    .0137784
    .0131091
    .0144596
    .0149150
    .0149905
    .0129119
    .0078118
    .0038006
    .0030108
    .0030287
    .0024168
    .0012716
   -.0021984
   -.0079259
   -.0128379
   -.0148468
   -.0136874
   -.0109724
   -.0084116
   -.0060784
   -.0052677
   -.0082174
   -.0135655
   -.0163406
   -.0146191
   -.0125841
   -.0140227
   -.0202630
   -.0251158
   -.0223447
   -.0169090
   -.0127580
   -.0085457
   -.0051866
   -.0037208
   -.0026334
   -.0017403
   -.0015658
   -.0013325
   -.0008936
   -.0009789
   -.0013764
   -.0012161
   -.0005172
    .0003382
    .0020622
    .0049620
    .0079484
    .0102664
    .0123330
    .0133266
    .0114113
    .0070739
    .0019819
   -.0032698
   -.0079779
   -.0124748
   -.0177130
   -.0231057
   -.0277305
   -.0304134
   -.0312554
   -.0322784
   -.0336065
   -.0337813
   -.0332933
   -.0322234
   -.0299302
   -.0270264
   -.0240972
   -.0221902
   -.0217978
   -.0217258
   -.0222604
   -.0233289
   -.0249016
   -.0268986
   -.0269023
   -.0240575
   -.0193253
   -.0137168
   -.0083311
   -.0031362
    .0017462
    .0055225
    .0071117
    .0058997
    .0026390
   -.0009300
   -.0035544
   -.0053992
   -.0066130
   -.0066211
   -.0073172
   -.0091654
   -.0105585
   -.0102327
   -.0067481
   -.0026335
   -.0012598
   -.0032245
   -.0063303
   -.0061474
   -.0037247
   -.0022786
   -.0018454
   -.0017134
   -.0013737
    .0001325
    .0029652
    .0069047
    .0108786
    .0130841
    .0152932
    .0169272
    .0188044
    .0194033
    .0201899
    .0213807
    .0228215
    .0245110
    .0263147
    .0280038
    .0295987
    .0309536
    .0312289
    .0291298
    .0241150
    .0184775
    .0153160
    .0132667
    .0101273
    .0064145
    .0027932
   -.0006343
   -.0035499
   -.0056941
   -.0069677
   -.0075112
   -.0078036
   -.0082403
   -.0091407
   -.0098665
   -.0099958
   -.0094120
   -.0090560
   -.0090031
   -.0089392
   -.0091732
   -.0096962
   -.0099357
   -.0088352
   -.0067267
   -.0052363
   -.0055714
   -.0075811
   -.0097550
   -.0116584
   -.0135345
   -.0149956
   -.0156934
   -.0144824
   -.0104098
   -.0055740
   -.0014634
    .0028599
    .0069691
    .0090058
    .0076799
    .0039547
    .0000613
   -.0020152
   -.0022377
   -.0023524
   -.0028295
   -.0036377
   -.0047170
   -.0056892
   -.0063120
   -.0051481
   -.0022884
    .0006258
    .0026315
    .0028293
    .0015781
   -.0005679
   -.0047147
   -.0099101
   -.0142592
   -.0179173
   -.0198974
   -.0186198
   -.0156773
   -.0134890
   -.0104486
   -.0057429
   -.0018428
    .0009583
    .0039434
    .0059628
    .0075202
    .0095781
    .0117003
    .0141069
    .0166734
    .0181587
    .0182355
    .0188080
    .0199799
    .0232192
    .0270132
    .0292688
    .0303786
    .0303200
    .0288163
    .0263340
    .0235823
    .0206196
    .0173027
    .0139689
    .0108169
    .0080333
    .0060818
    .0046803
    .0036191
    .0031695
    .0032014
    .0034581
    .0038970
    .0045438
    .0052344
    .0061503
    .0073017
    .0082145
    .0092520
    .0088193
    .0069680
    .0038767
    .0013302
   -.0006943
   -.0027664
   -.0036286
   -.0029107
   -.0011513
    .0014339
    .0048505
    .0090418
    .0132272
    .0175194
    .0211641
    .0232610
    .0240746
    .0264105
    .0276254
    .0266209
    .0240303
    .0221797
    .0191483
    .0145492
    .0090391
    .0028992
   -.0014333
   -.0048244
   -.0083451
   -.0110670
   -.0128318
   -.0122245
   -.0104428
   -.0087954
   -.0072125
   -.0059748
   -.0048767
   -.0027873
    .0001973
    .0014473
   -.0012299
   -.0078142
   -.0164711
   -.0242068
   -.0291414
   -.0300910
   -.0279313
   -.0255514
   -.0236973
   -.0213845
   -.0174026
   -.0105949
   -.0036607
    .0057330
    .0113702
    .0156925
    .0191939
    .0214963
    .0232341
    .0246541
    .0255240
    .0259555
    .0260886
    .0265579
    .0270867
    .0267417
    .0255174
    .0234833
    .0206895
    .0177699
    .0151901
    .0142485
    .0148250
    .0149206
    .0144829
    .0141958
    .0135978
    .0128579
    .0121216
    .0104481
    .0075205
    .0041624
    .0009541
   -.0023530
   -.0065193
   -.0105269
   -.0146663
   -.0179480
   -.0205332
   -.0229033
   -.0246228
   -.0258405
   -.0264176
   -.0261171
   -.0245396
   -.0217390
   -.0183537
   -.0147633
   -.0111408
   -.0077454
   -.0052115
   -.0040408
   -.0036740
   -.0036941
   -.0039779
   -.0040727
   -.0040850
   -.0041101
   -.0036014
   -.0029078
   -.0023726
   -.0017463
   -.0010378
    .0004299
    .0035728
    .0079271
    .0115246
    .0135299
    .0151100
    .0165413
    .0169567
    .0157882
    .0133748
    .0106772
    .0079454
    .0052982
    .0027578
    .0005256
   -.0008806
   -.0017243
   -.0027658
   -.0039108
   -.0053294
   -.0070294
   -.0078610
   -.0077461
   -.0076484
   -.0070648
   -.0056382
   -.0038765
   -.0019280
    .0000104
    .0011175
    .0008350
   -.0002413
   -.0016187
   -.0035657
   -.0055533
   -.0072093
   -.0088709
   -.0105352
   -.0117777
   -.0126958
   -.0134540
   -.0140011
   -.0142495
   -.0140228
   -.0133389
   -.0126755
   -.0121735
   -.0115538
   -.0107585
   -.0098189
   -.0085135
   -.0073164
   -.0070837
   -.0075304
   -.0081286
   -.0093153
   -.0110819
   -.0129689
   -.0140890
   -.0133406
   -.0109607
   -.0079639
   -.0053310
   -.0035151
   -.0026261
   -.0027475
   -.0038617
   -.0053778
   -.0070314
   -.0087696
   -.0095498
   -.0086651
   -.0069945
   -.0049358
   -.0035190
   -.0041466
   -.0058986
   -.0077703
   -.0091461
   -.0087132
   -.0069285
   -.0049331
   -.0028640
   -.0009250
    .0005658
    .0015289
    .0015687
    .0005212
   -.0006994
   -.0013288
   -.0012865
   -.0008147
    .0008906
    .0042954
    .0078626
    .0104368
    .0115075
    .0108708
    .0097431
    .0086985
    .0072956
    .0056203
    .0051177
    .0063030
    .0077100
    .0084872
    .0091077
    .0097399
    .0102510
    .0106937
    .0117965
    .0127385
    .0127361
    .0133393
    .0133245
    .0122566
    .0106019
    .0096752
    .0088267
    .0087763
    .0104744
    .0132794
    .0157428
    .0159331
    .0139877
    .0128946
    .0100891
    .0074342
    .0049732
    .0032756
    .0026897
    .0024279
    .0015894
    .0009775
    .0006697
    .0002641
   -.0002673
   -.0006485
   -.0007830
   -.0013702
   -.0028121
   -.0045796
   -.0061829
   -.0076064
   -.0087870
   -.0097162
   -.0103636
   -.0107982
   -.0109656
   -.0101461
   -.0083603
   -.0063594
   -.0043576
   -.0020665
    .0009514
    .0037623
    .0051472
    .0059649
    .0066835
    .0061668
    .0047995
    .0035368
    .0024229
    .0012046
    .0002696
   -.0000696
   -.0002047
   -.0008683
   -.0020388
   -.0034162
   -.0048966
   -.0065344
   -.0082381
   -.0100366
   -.0119646
   -.0142271
   -.0162069
   -.0174152
   -.0181174
   -.0187403
   -.0188519
   -.0180852
   -.0168922
   -.0160941
   -.0156589
   -.0148138
   -.0126884
   -.0114929
   -.0123307
   -.0148023
   -.0156036
   -.0169050
   -.0184973
   -.0199055
   -.0198011
   -.0186112
   -.0169445
   -.0151030
   -.0135749
   -.0123809
   -.0117074
   -.0118328
   -.0127641
   -.0139737
   -.0149318
   -.0154284
   -.0162087
   -.0166174
   -.0161224
   -.0154021
   -.0148403
   -.0142465
   -.0140231
   -.0141445
   -.0144823
   -.0138163
   -.0125636
   -.0113142
   -.0106132
   -.0106547
   -.0108304
   -.0106552
   -.0103627
   -.0097134
   -.0084738
   -.0067399
   -.0047859
   -.0029716
   -.0007607
    .0017576
    .0040063
    .0059819
    .0078961
    .0094414
    .0103827
    .0111167
    .0117013
    .0120219
    .0120732
    .0118216
    .0110224
    .0096485
    .0083047
    .0070968
    .0059067
    .0042412
    .0028135
    .0017315
    .0008928
   -.0000545
   -.0008168
   -.0014145
   -.0019918
   -.0023486
   -.0021469
   -.0016144
   -.0010296
   -.0008428
   -.0007355
   -.0004019
    .0000723
    .0002863
    .0005010
    .0007452
    .0009693
    .0012566
    .0017062
    .0022404
    .0033697
    .0049613
    .0064004
    .0075317
    .0086440
    .0097053
    .0107081
    .0114995
    .0122971
    .0130391
    .0140196
    .0150609
    .0159969
    .0165116
    .0165784
    .0164103
    .0163583
    .0160867
    .0160469
    .0160827
    .0162314
    .0164995
    .0170150
    .0174304
    .0177659
    .0178132
    .0178086
    .0176645
    .0173870
    .0169300
    .0166380
    .0163723
    .0162522
    .0160762
    .0159474
    .0157671
    .0156357
    .0153989
    .0151830
    .0148804
    .0146061
    .0142403
    .0138988
    .0135162
    .0132452
    .0129403
    .0126680
    .0123402
    .0121076
    .0118724
    .0117054
    .0115121
    .0113800
    .0112096
    .0110927
    .0109362
    .0108241
    .0106768
    .0105802
    .0104436
    .0103377
    .0101902
    .0100811
    .0099296
    .0098084
    .0096614
    .0095747
    .0094739
    .0094091
    .0093055
    .0092263
    .0090941
    .0089767
    .0088271
    .0087008
    .0085411
    .0083977
    .0082235
    .0080684
    .0078801
    .0077115
    .0075110
    .0073339
    .0071247
    .0069389
    .0067168
    .0065178
    .0062778
    .0060612
    .0057976
    .0055589
    .0052626
    .0049954
    .0046517
    .0043428
    .0039194
    .0035390
    .0029532
    .0023780
    .0012702
    .0001445
   -.0028130