   -.0000140
    .0005710
    .0000700
    .0001685
   -.0000961
    .0000155
   -.0001364
   -.0000485
   -.0001622
   -.0000916
   -.0001838
   -.0001262
   -.0002010
   -.0001526
   -.0002208
   -.0001846
   -.0002516
   -.0002302
   -.0002918
   -.0002677
   -.0003168
   -.0002953
   -.0003327
   -.0002983
   -.0003165
   -.0002827
   -.0003190
   -.0003308
   -.0004001
   -.0004122
   -.0004511
   -.0004471
   -.0004735
   -.0004524
   -.0004687
   -.0004810
   -.0005134
   -.0004541
   -.0004009
   -.0003439
   -.0003466
   -.0003727
   -.0004601
   -.0005404
   -.0006170
   -.0006528
   -.0006917
   -.0007107
   -.0007471
   -.0007728
   -.0007911
   -.0007261
   -.0005946
   -.0005051
   -.0004931
   -.0005775
   -.0007528
   -.0008527
   -.0008709
   -.0008743
   -.0008072
   -.0006738
   -.0005012
   -.0003713
   -.0003121
   -.0002828
   -.0001504
   -.0000349
   -.0000320
   -.0000314
   -.0001528
   -.0002638
   -.0004298
   -.0006807
   -.0009498
   -.0011361
   -.0012100
   -.0012472
   -.0011936
   -.0009958
   -.0006656
   -.0003810
   -.0002055
   -.0001881
   -.0001712
   -.0000756
   -.0000382
   -.0001904
   -.0005640
   -.0010894
   -.0013023
   -.0013225
   -.0009038
   -.0003038
    .0003978
    .0010655
    .0013776
    .0013374
    .0013434
    .0012583
    .0013435
    .0013873
    .0011832
    .0006346
    .0000901
   -.0002375
   -.0005097
   -.0007587
   -.0005161
   -.0002077
    .0000671
    .0003144
    .0009397
    .0014793
    .0018163
    .0019121
    .0020020
    .0020179
    .0019276
    .0018856
    .0019544
    .0016713
    .0011258
    .0008522
    .0009219
    .0010971
    .0013588
    .0017957
    .0019792
    .0013147
    .0000117
   -.0013646
   -.0022952
   -.0027247
   -.0025461
   -.0015164
    .0005364
    .0033509
    .0063231
    .0085719
    .0095708
    .0094087
    .0085902
    .0073606
    .0059519
    .0047231
    .0042977
    .0050161
    .0063242
    .0072370
    .0078790
    .0084930
    .0087137
    .0078330
    .0057661
    .0031474
    .0006871
   -.0017588
   -.0039865
   -.0053052
   -.0053037
   -.0042300
   -.0023835
   -.0000198
    .0026338
    .0047612
    .0059738
    .0069109
    .0079306
    .0089261
    .0097790
    .0099226
    .0096888
    .0100210
    .0113518
    .0132412
    .0148426
    .0155011
    .0155835
    .0154207
    .0150591
    .0143080
    .0136829
    .0134757
    .0134364
    .0131718
    .0118682
    .0097887
    .0080324
    .0067656
    .0058616
    .0054574
    .0055166
    .0057858
    .0064415
    .0077354
    .0097563
    .0119081
    .0134641
    .0140887
    .0139297
    .0130523
    .0117667
    .0104971
    .0096959
    .0094153
    .0094482
    .0097681
    .0108224
    .0126598
    .0148619
    .0168051
    .0183645
    .0198163
    .0212209
    .0218049
    .0208773
    .0193218
    .0176784
    .0172230
    .0164067
    .0153181
    .0151243
    .0159181
    .0173222
    .0178139
    .0173408
    .0174323
    .0186143
    .0204126
    .0204282
    .0173792
    .0136951
    .0111341
    .0097212
    .0091820
    .0094190
    .0106254
    .0135959
    .0186050
    .0233543
    .0273611
    .0286076
    .0268819
    .0233192
    .0185211
    .0130724
    .0080028
    .0039618
    .0013303
    .0008353
    .0026988
    .0065595
    .0116234
    .0170569
    .0221370
    .0265751
    .0303468
    .0329019
    .0335873
    .0329706
    .0318960
    .0301830
    .0281214
    .0265591
    .0251959
    .0228308
    .0194171
    .0157339
    .0119935
    .0087202
    .0065169
    .0051611
    .0043704
    .0046058
    .0054338
    .0058401
    .0056636
    .0054120
    .0053297
    .0052857
    .0051871
    .0050689
    .0049778
    .0050368
    .0055227
    .0067639
    .0088237
    .0112418
    .0131179
    .0139899
    .0142326
    .0149804
    .0166035
    .0181642
    .0182081
    .0160415
    .0126461
    .0093731
    .0069242
    .0056332
    .0059220
    .0075004
    .0098395
    .0132454
    .0172470
    .0196503
    .0193582
    .0172059
    .0140537
    .0103995
    .0073694
    .0057754
    .0056120
    .0066732
    .0088876
    .0117963
    .0148104
    .0177055
    .0204886
    .0228299
    .0240169
    .0233092
    .0201251
    .0150295
    .0092957
    .0040045
   -.0001498
   -.0028144
   -.0044563
   -.0057183
   -.0065352
   -.0060284
   -.0029038
    .0026347
    .0091788
    .0157717
    .0217519
    .0256638
    .0268204
    .0258395
    .0231466
    .0184500
    .0124756
    .0065888
    .0016761
   -.0022234
   -.0052170
   -.0072479
   -.0083200
   -.0087493
   -.0097749
   -.0125730
   -.0158258
   -.0174930
   -.0167133
   -.0130724
   -.0084295
   -.0039289
    .0007548
    .0043255
    .0046662
    .0021279
   -.0008655
   -.0044820
   -.0073974
   -.0097440
   -.0114970
   -.0123481
   -.0119459
   -.0105069
   -.0085067
   -.0059016
   -.0033723
   -.0017784
   -.0012064
   -.0013506
   -.0019947
   -.0033504
   -.0049999
   -.0057608
   -.0050312
   -.0033801
   -.0016332
   -.0001789
    .0007469
    .0006043
   -.0011181
   -.0044700
   -.0091372
   -.0140256
   -.0176261
   -.0192605
   -.0190416
   -.0170289
   -.0135674
   -.0096430
   -.0069585
   -.0069766
   -.0097598
   -.0138144
   -.0175677
   -.0209745
   -.0243721
   -.0267032
   -.0265531
   -.0233311
   -.0180819
   -.0124913
   -.0079056
   -.0048522
   -.0032569
   -.0030211
   -.0045031
   -.0078772
   -.0122472
   -.0156660
   -.0171969
   -.0172759
   -.0164856
   -.0147755
   -.0119042
   -.0087786
   -.0071455
   -.0070865
   -.0077326
   -.0092384
   -.0121628
   -.0164277
   -.0214286
   -.0265207
   -.0308695
   -.0336504
   -.0344474
   -.0330957
   -.0292527
   -.0228660
   -.0148036
   -.0066920
    .0000741
    .0047923
    .0072660
    .0076471
    .0064781
    .0044227
    .0015042
   -.0025421
   -.0077499
   -.0135610
   -.0191810
   -.0239034
   -.0274081
   -.0292306
   -.0291784
   -.0274155
   -.0241025
   -.0198983
   -.0157282
   -.0118245
   -.0091276
   -.0099707
   -.0153187
   -.0241065
   -.0347566
   -.0458483
   -.0555066
   -.0621108
   -.0646217
   -.0625580
   -.0552423
   -.0421396
   -.0254444
   -.0098606
    .0018128
    .0096861
    .0147689
    .0178574
    .0196057
    .0207997
    .0219666
    .0231939
    .0242490
    .0250072
    .0250590
    .0233342
    .0196828
    .0150600
    .0103078
    .0059710
    .0026006
    .0007312
    .0008951
    .0032946
    .0072318
    .0115840
    .0157657
    .0198223
    .0239151
    .0280512
    .0320615
    .0355872
    .0380886
    .0397655
    .0416894
    .0435285
    .0454090
    .0450170
    .0433805
    .0405177
    .0382574
    .0367944
    .0351921
    .0329797
    .0297770
    .0252256
    .0194625
    .0130768
    .0055770
   -.0042875
   -.0161538
   -.0286144
   -.0413698
   -.0550081
   -.0700307
   -.0861054
   -.1018692
   -.1154061
   -.1258376
   -.1330554
   -.1373336
   -.1389326
   -.1385202
   -.1369517
   -.1344211
   -.1314414
   -.1289292
   -.1273155
   -.1265905
   -.1268149
   -.1282943
   -.1313813
   -.1357481
   -.1411072
   -.1479152
   -.1564207
   -.1665231
   -.1777185
   -.1890708
   -.1994761
   -.2081521
   -.2147753
   -.2192551
   -.2213800
   -.2213328
   -.2184654
   -.2114297
   -.1999804
   -.1841781
   -.1646343
   -.1426843
   -.1199651
   -.0973192
   -.0737756
   -.0485457
   -.0227017
    .0015110
    .0230720
    .0425175
    .0603627
    .0754594
    .0880037
    .0991323
    .1102590
    .1214492
    .1309377
    .1372400
    .1423315
    .1470288
    .1584204
    .1837599
    .2054359
    .2119613
    .2102536
    .2048215
    .1980605
    .1782922
    .1550331
    .1312335
    .1183611
    .1098617
    .0940171
    .0748178
    .0561039
    .0411391
    .0277985
    .0127455
   -.0048536
   -.0248047
   -.0455798
   -.0643320
   -.0800976
   -.0919501
   -.0996589
   -.1054703
   -.1120173
   -.1162357
   -.1190504
   -.1179461
   -.1161858
   -.1205179
   -.1213211
   -.1185299
   -.1149484
   -.1094430
   -.1125271
   -.1160380
   -.1201435
   -.1256644
   -.1395634
   -.1595327
   -.1806145
   -.1970986
   -.2080004
   -.2197347
   -.2234958
   -.2352101
   -.2337007
   -.2358473
   -.2482284
   -.2522544
   -.2736700
   -.2788175
   -.2827050
   -.2766477
   -.2334838
   -.2036628
   -.1822291
   -.1696774
   -.1606475
   -.1476219
   -.1157188
   -.1002469
   -.0946213
   -.0630558
   -.0097546
    .0148589
    .0428660
    .0699819
    .0974077
    .1113229
    .1367710
    .1426192
    .1412791
    .1383995
    .1242411
    .1130565
    .1020226
    .0885150
    .0757857
    .0625323
    .0453206
    .0264612
    .0199876
    .0166451
   -.0044847
   -.0057209
   -.0161618
   -.0237134
   -.0325329
   -.0467054
   -.0627348
   -.0769496
   -.0946579
   -.1101120
   -.1277662
   -.1392405
   -.1554670
   -.1681697
   -.1750103
   -.1861414
   -.1823835
   -.1770602
   -.1708617
   -.1630094
   -.1511004
   -.1308076
   -.1132065
   -.1032813
   -.0912408
   -.0988546
   -.1031294
   -.1187060
   -.1456065
   -.1637778
   -.1785752
   -.2008766
   -.2105645
   -.2196497
   -.2230205
   -.2197793
   -.1310775
   -.1056605
   -.0830220
   -.0607377
   -.0707078
   -.0889943
   -.1029062
   -.1087849
   -.1030957
   -.0874219
   -.0756425
   -.0653136
   -.0317614
    .0006677
    .0697832
    .0987798
    .1271764
    .1562681
    .1641028
    .1810745
    .1887817
    .2125597
    .2321262
    .2395276
    .2476221
    .2569026
    .2694143
    .2664178
    .2565056
    .2484815
    .2468008
    .2435069
    .2395623
    .2359575
    .2337515
    .2315193
    .2244856
    .2189705
    .2135561
    .2066065
    .1982787
    .1859938
    .1641265
    .1317116
    .0821348
    .0459373
    .0169568
   -.0073976
   -.0319401
   -.0488185
   -.0579131
   -.0396363
   -.0372780
   -.0520010
   -.0689463
   -.0506643
   -.0642895
   -.0750287
   -.0985441
   -.1174630
   -.1492171
   -.1760227
   -.1987451
   -.2296725
   -.2415643
   -.2526628
   -.2439403
   -.2433544
   -.2349525
   -.2443676
   -.2649960
   -.2813452
   -.3011844
   -.3195235
   -.3365872
   -.3558106
   -.3679895
   -.3847314
   -.3867268
   -.3857214
   -.3747319
   -.3688442
   -.3572110
   -.3434410
   -.3212500
   -.3025838
   -.2640044
   -.2479777
   -.2356429
   -.2167092
   -.1975056
   -.1794835
   -.1592685
   -.1371907
   -.1122287
   -.0978710
   -.0718731
   -.0407934
   -.0207311
   -.0049706
    .0054250
    .0142479
    .0203818
    .0243250
    .0252546
    .0261223
    .0272678
    .0023967
   -.0029730
   -.0046146
    .0024256
   -.0463989
   -.0501136
   -.0487248
   -.0483477
   -.0437508
   -.0359722
   -.0230648
   -.0096605
    .0040232
    .0269910
    .0415231
    .0636051
    .0839602
    .1080118
    .1259643
    .1389615
    .1483058
    .1572328
    .1650440
    .1845757
    .1954772
    .2036988
    .2149039
    .2230700
    .2253328
    .2272998
    .2308220
    .2280584
    .2185716
    .2009842
    .1829099
    .1694231
    .1574711
    .1530795
    .1253407
    .0894095
    .0711690
    .0567614
    .0573444
    .0460556
    .0269489
    .0127338
   -.0113695
   -.0230904
   -.0311294
   -.0513529
   -.0542098
   -.0590461
   -.0554936
   -.0391407
   -.0236662
   -.0011614
    .0075776
    .0118700
    .0209719
    .0198472
    .0249421
    .0208406
    .0140957
    .0101090
    .0000288
   -.0107104
   -.0251130
   -.0330060
   -.0408894
   -.0417228
   -.0460411
   -.0100492
    .0066023
    .0202057
    .0516771
    .0718069
    .0744893
    .0817993
    .0846245
    .0753843
    .0933018
    .1141799
    .1416351
    .1702844
    .1986569
    .2227373
    .2432335
    .2631117
    .2750253
    .2818312
    .2898837
    .2986883
    .3055668
    .3164125
    .3232690
    .3373222
    .3467406
    .3495945
    .3539043
    .3528497
    .3510926
    .3475545
    .3425303
    .3298332
    .3194541
    .3059022
    .2897963
    .2665327
    .2450724
    .2242671
    .1984962
    .1747082
    .1526070
    .1257180
    .0998004
    .0692757
    .0415793
    .0121461
   -.0165626
   -.0475027
   -.0762516
   -.1050218
   -.1338111
   -.1620184
   -.1895183
   -.2143414
   -.2371446
   -.2573423
   -.2729790
   -.2784658
   -.2921850
   -.3013404
   -.2953591
   -.2967253
   -.3091562
   -.3165624
   -.3232037
   -.3300753
   -.3333583
   -.3356431
   -.3392071
   -.3372725
   -.3331474
   -.3294788
   -.3250652
   -.3207923
   -.3169527
   -.3125016
   -.3061499
   -.3029984
   -.2998813
   -.3089180
   -.3156889
   -.3147983
   -.3114464
   -.3037894
   -.2938753
   -.2799868
   -.2577003
   -.2445899
   -.2162529
   -.1968760
   -.1801711
   -.1665063
   -.1549885
   -.1487525
   -.1436205
   -.1363527
   -.1209975
   -.1041594
   -.0858597
   -.0700829
   -.0490230
   -.0271727
   -.0066346
    .0101101
    .0324342
    .0565884
    .0672192
    .0668464
    .0643283
    .0442623
    .0504310
    .0605005
    .0703659
    .0868382
    .0921508
    .1199282
    .1281807
    .1380844
    .1423993
    .1444739
    .1289330
    .1310053
    .1359050
    .1384419
    .1420106
    .1479755
    .1549372
    .1619329
    .1697104
    .1895336
    .1945445
    .2009812
    .2055578
    .2092530
    .2120868
    .2196386
    .2227766
    .2266991
    .2308079
    .2336926
    .2369353
    .2400123
    .2403356
    .2412421
    .2426081
    .2424063
    .2408876
    .2388282
    .2355867
    .2321954
    .2275028
    .2221945
    .2157503
    .2057096
    .1966317
    .1882038
    .1802428
    .1715712
    .1618410
    .1518907
    .1439988
    .1347546
    .1257353
    .1173231
    .1089723
    .1004890
    .0903596
    .0811316
    .0762111
    .0717445
    .0675925
    .0627555
    .0615029
    .0619424
    .0593160
    .0575138
    .0544698
    .0554140
    .0561444
    .0564299
    .0565661
    .0600885
    .0623320
    .0599833
    .0580996
    .0538305
    .0497594
    .0469399
    .0428128
    .0400872
    .0379824
    .0341680
    .0313788
    .0264640
    .0226593
    .0211840
    .0125394
    .0051172
   -.0038719
   -.0114974
   -.0167982
   -.0179512
   -.0230683
   -.0192351
   -.0162087
   -.0128660
   -.0112676
   -.0093498
   -.0069383
   -.0041283
    .0009753
    .0048488
    .0079920
    .0096670
    .0127328
    .0142539
    .0170768
    .0256266
    .0298102
    .0329122
    .0352680
    .0439161
    .0537277
    .0606883
    .0704844
    .0733995
    .0777969
    .0832284
    .0838396
    .0768730
    .0731286
    .0703633
    .0662953
    .0651363
    .0587154
    .0526358
    .0526652
    .0501384
    .0522634
    .0534207
    .0541039
    .0536913
    .0504321
    .0539436
    .0554641
    .0558147
    .0561613
    .0573275
    .0582555
    .0602515
    .0606436
    .0648293
    .0694052
    .0748149
    .0833848
    .0867154
    .0882965
    .0935573
    .1042120
    .1086411
    .1119797
    .1153233
    .1210182
    .1239946
    .1248972
    .1252299
    .1241908
    .1256360
    .1249838
    .1223839
    .1186303
    .1149103
    .1107587
    .1061835
    .0994382
    .0943810
    .0882131
    .0824631
    .0764937
    .0704692
    .0652355
    .0584656
    .0492050
    .0419186
    .0346559
    .0306779
    .0265862
    .0233951
    .0159642
    .0111106
    .0077152
    .0019786
   -.0062875
   -.0074715
    .0031013
    .0063724
    .0124391
    .0088388
    .0068758
   -.0059034
   -.0105071
   -.0142938
   -.0177835
   -.0217124
   -.0241873
   -.0271693
   -.0282619
   -.0247778
   -.0207432
   -.0130060
   -.0073029
   -.0084776
   -.0133829
   -.0193849
   -.0270220
   -.0392553
   -.0410644
   -.0401321
   -.0387430
   -.0397037
   -.0402031
   -.0416537
   -.0431568
   -.0462576
   -.0489531
   -.0523147
   -.0572288
   -.0621881
   -.0665649
   -.0713071
   -.0769922
   -.0847276
   -.0857403
   -.0860647
   -.0848931
   -.0861025
   -.0851115
   -.0826609
   -.0787949
   -.0750899
   -.0721385
   -.0687936
   -.0634298
   -.0572261
   -.0505855
   -.0428378
   -.0401557
   -.0361780
   -.0305388
   -.0216148
   -.0110601
    .0029929
    .0194496
    .0302501
    .0431974
    .0509910
    .0639117
    .0669059
    .0752872
    .0833478
    .0898062
    .0978840
    .0960462
    .0970565
    .1030024
    .1056490
    .1097680
    .1162343
    .1209977
    .1274773
    .1345886
    .1426997
    .1440535
    .1488374
    .1565265
    .1597208
    .1670450
    .1638392
    .1606470
    .1605582
    .1561119
    .1517872
    .1462048
    .1358427
    .1271540
    .1173763
    .1047141
    .0914959
    .0777747
    .0617576
    .0470687
    .0303676
    .0150473
   -.0014738
   -.0201345
   -.0394695
   -.0641672
   -.0828218
   -.1026617
   -.1209021
   -.1386149
   -.1577233
   -.1729527
   -.1814560
   -.1871454
   -.1895119
   -.1878215
   -.1865694
   -.1809890
   -.1765498
   -.1685170
   -.1580670
   -.1506185
   -.1452585
   -.1412545
   -.1371892
   -.1318635
   -.1244056
   -.1177775
   -.1141582
   -.1106440
   -.1088255
   -.1171816
   -.1096611
   -.1019018
   -.0911790
   -.0775258
   -.0633321
   -.0441303
   -.0332692
   -.0100230
    .0133814
    .0240318
    .0329742
    .0401112
    .0462716
    .0502501
    .0538490
    .0598308
    .0665147
    .0722254
    .0783254
    .0844357
    .0902602
    .0944552
    .1008806
    .1047370
    .1098241
    .1129207
    .1147469
    .1154580
    .1166878
    .1182833
    .1206451
    .1217598
    .1233565
    .1267134
    .1316262
    .1380845
    .1455941
    .1527015
    .1596382
    .1683424
    .1728679
    .1762945
    .1797013
    .1800257
    .1814955
    .1846573
    .1837168
    .1809112
    .1783313
    .1777072
    .1753585
    .1748829
    .1737199
    .1728108
    .1740480
    .1754169
    .1749877
    .1719389
    .1721665
    .1701657
    .1657538
    .1583304
    .1505884
    .1449722
    .1224390
    .1130971
    .1034553
    .0894976
    .0742751
    .0603860
    .0531557
    .0423577
    .0281833
    .0124803
   -.0029607
   -.0179881
   -.0330510
   -.0482295
   -.0647705
   -.0789836
   -.0917696
   -.1037093
   -.1139491
   -.1207472
   -.1253188
   -.1308651
   -.1334638
   -.1379667
   -.1397411
   -.1450642
   -.1536556
   -.1588730
   -.1608532
   -.1614361
   -.1615848
   -.1610221
   -.1610562
   -.1627051
   -.1647019
   -.1645781
   -.1678721
   -.1692815
   -.1719607
   -.1738205
   -.1731769
   -.1678970
   -.1630021
   -.1519836
   -.1450168
   -.1367236
   -.1270147
   -.1174075
   -.1082284
   -.1123987
   -.1035183
   -.0949165
   -.0844133
   -.0730830
   -.0638843
   -.0538101
   -.0471452
   -.0399049
   -.0323290
   -.0247618
   -.0158406
   -.0072544
    .0013888
    .0100639
    .0182597
    .0256787
    .0317219
    .0388875
    .0468060
    .0556051
    .0606623
    .0585917
    .0648392
    .0683696
    .0729888
    .0764537
    .0783239
    .0817628
    .0820614
    .0802375
    .0749917
    .0692754
    .0612945
    .0503077
    .0417295
    .0314492
    .0193361
    .0065136
   -.0080041
   -.0210939
   -.0397902
   -.0671229
   -.0951854
   -.1081231
   -.1178523
   -.1536902
   -.1753291
   -.1767163
   -.1783122
   -.1740654
   -.1723175
   -.1682544
   -.1656359
   -.1593843
   -.1555490
   -.1496626
   -.1440135
   -.1399317
   -.1252150
   -.1198091
   -.1137390
   -.1045322
   -.0928385
   -.0736105
   -.0552363
   -.0419002
   -.0256274
   -.0134361
   -.0018762
    .0055365
    .0113301
    .0149517
    .0180768
    .0209121
    .0198270
    .0213289
    .0204517
    .0182669
    .0189558
    .0189669
    .0172404
    .0126533
    .0024977
    .0019978
   -.0001734
   -.0011577
   -.0073769
   -.0097963
   -.0126532
   -.0146059
   -.0168811
   -.0175813
   -.0161775
   -.0164634
   -.0150832
   -.0090946
   -.0097643
   -.0077724
   -.0084257
   -.0094310
   -.0142528
   -.0143332
   -.0191348
   -.0242136
   -.0311997
   -.0394693
   -.0454670
   -.0499448
   -.0512763
   -.0520931
   -.0567725
   -.0615026
   -.0644130
   -.0681902
   -.0695337
   -.0701680
   -.0703114
   -.0691918
   -.0670534
   -.0654538
   -.0632443
   -.0605997
   -.0575921
   -.0535408
   -.0488334
   -.0450396
   -.0389424
   -.0318810
   -.0255923
   -.0191617
   -.0169793
   -.0123061
   -.0053885
   -.0001403
    .0074990
    .0145337
    .0234374
    .0315349
    .0473651
    .0560765
    .0636652
    .0702473
    .0770961
    .0826161
    .0853535
    .0867423
    .0859886
    .0858105
    .0854428
    .0831625
    .0796931
    .0735489
    .0676490
    .0616178
    .0583748
    .0550220
    .0510017
    .0472336
    .0422004
    .0374024
    .0324410
    .0281014
    .0174496
    .0126881
    .0066859
   -.0012012
   -.0084914
   -.0143844
   -.0216367
   -.0291779
   -.0337443
   -.0386014
   -.0433906
   -.0452373
   -.0458177
   -.0493602
   -.0489687
   -.0391041
   -.0380456
   -.0402621
   -.0507986
   -.0541431
   -.0596621
   -.0623101
   -.0682763
   -.0717784
   -.0608243
   -.0537801
   -.0485968
   -.0384394
   -.0333835
   -.0316534
   -.0280752
   -.0259735
   -.0216086
   -.0253112
   -.0222484
   -.0180521
   -.0126554
   -.0068947
    .0010537
    .0104182
    .0231892
    .0417489
    .0588857
    .0729637
    .0838142
    .0971708
    .1090393
    .1193877
    .1302798
    .1380148
    .1439491
    .1503807
    .1550772
    .1592500
    .1627115
    .1643151
    .1654047
    .1652817
    .1654310
    .1634084
    .1619256
    .1519575
    .1390996
    .1293271
    .1184478
    .1022970
    .0884755
    .0679515
    .0496691
    .0313138
    .0091602
   -.0087673
   -.0054577
   -.0096006
   -.0183412
   -.0253802
   -.0317155
   -.0382165
   -.0469713
   -.0604695
   -.0611044
   -.0722663
   -.0806415
   -.0814319
   -.0727818
   -.0670707
   -.0628721
   -.0476939
   -.0400095
   -.0277284
   -.0005430
   -.0012098
   -.0120765
   -.0283909
   -.0464592
   -.0626401
   -.0719366
   -.0784295
   -.0777500
   -.0765968
   -.0706411
   -.0645118
   -.0482556
   -.0428574
   -.0482526
   -.0515823
   -.0817773
   -.0976561
   -.1011554
   -.0945281
   -.0899473
   -.0784238
   -.0579344
   -.0369681
   -.0211636
   -.0003545
    .0307788
    .0489600
    .0794311
    .0971746
    .1141308
    .1209926
    .1337915
    .1426840
    .1451473
    .1509765
    .1534209
    .1586457
    .1647096
    .1681065
    .1725551
    .1738445
    .1740119
    .1793959
    .1789002
    .1779833
    .1791840
    .1787689
    .1713389
    .1584300
    .1494187
    .1346469
    .1066337
    .0787444
    .0575072
    .0463892
    .0376923
    .0341313
    .0301589
    .0301312
    .0397863
    .0490961
    .0605073
    .0665740
    .0770260
    .0842641
    .0855927
    .0909464
    .0758970
    .0676495
    .0629138
    .0516372
    .0498163
    .0603270
    .0713236
    .0846606
    .0985884
    .1151342
    .1122961
    .1014716
    .0939637
    .0825014
    .0260013
    .0124461
    .0049697
   -.0025711
   -.0137578
    .0009039
    .0032337
    .0029171
    .0040647
    .0072400
    .0038656
    .0031683
   -.0010507
   -.0021696
   -.0055957
   -.0049503
   -.0060090
   -.0015689
    .0033598
    .0065335
    .0084916
    .0112738
    .0209614
    .0259842
    .0271826
    .0267164
    .0236060
    .0190244
    .0140671
    .0035210
   -.0079368
   -.0198569
   -.0413803
   -.0534662
   -.0636807
   -.0752843
   -.0828634
   -.0897256
   -.0960023
   -.0985739
   -.1037195
   -.1109720
   -.1177187
   -.1234115
   -.1273214
   -.1321639
   -.1368093
   -.1451010
   -.1485548
   -.1525414
   -.1569261
   -.1632997
   -.1672978
   -.1744671
   -.1790212
   -.1810672
   -.1862074
   -.1869652
   -.1871679
   -.1878201
   -.1885643
   -.1880983
   -.1867170
   -.1841190
   -.1798214
   -.1761120
   -.1662413
   -.1594017
   -.1526007
   -.1459825
   -.1383132
   -.1284379
   -.1197848
   -.1125263
   -.1048736
   -.0983382
   -.0909870
   -.0855977
   -.0799672
   -.0750590
   -.0710579
   -.0678754
   -.0651401
   -.0631600
   -.0630833
   -.0609758
   -.0587479
   -.0581819
   -.0577257
   -.0546257
   -.0558581
   -.0543641
   -.0570726
   -.0622960
   -.0704057
   -.0730540
   -.0786929
   -.0822298
   -.0850958
   -.0878729
   -.0892168
   -.0895846
   -.0893502
   -.0880747
   -.0833336
   -.0826146
   -.0790627
   -.0786892
   -.0775498
   -.0787791
   -.0818489
   -.0837220
   -.0854487
   -.0865188
   -.0854135
   -.0849888
   -.0807369
   -.0786958
   -.0771833
   -.0776114
   -.0788201
   -.0804895
   -.0854561
   -.0872504
   -.0904424
   -.0930598
   -.0957668
   -.0987720
   -.0997571
   -.0995214
   -.0998217
   -.1003412
   -.0989468
   -.1003793
   -.0999736
   -.0979679
   -.0999124
   -.1012035
   -.1044921
   -.1066333
   -.1071783
   -.1074060
   -.1062887
   -.1041331
   -.1013019
   -.0981064
   -.0908705
   -.0847292
   -.0763563
   -.0702425
   -.0642261
   -.0609211
   -.0564918
   -.0546924
   -.0537572
   -.0576654
   -.0573536
   -.0547820
   -.0525620
   -.0496621
   -.0461657
   -.0422246
   -.0396495
   -.0364955
   -.0318376
   -.0305669
   -.0277459
   -.0315560
   -.0336789
   -.0405438
   -.0403177
   -.0392570
   -.0376958
   -.0348941
   -.0306531
   -.0259708
   -.0222172
   -.0194703
   -.0170018
   -.0155607
   -.0150344
   -.0145102
   -.0146096
   -.0116998
   -.0107891
   -.0090962
   -.0093818
   -.0098125
   -.0100494
   -.0103216
   -.0090795
   -.0110604
   -.0131600
   -.0158608
   -.0201207
   -.0242873
   -.0288712
   -.0341936
   -.0394059
   -.0440461
   -.0485600
   -.0537906
   -.0601146
   -.0655156
   -.0708514
   -.0761836
   -.0820816
   -.0858006
   -.0910246
   -.0975578
   -.1037467
   -.1079295
   -.1120298
   -.1174023
   -.1201819
   -.1218067
   -.1219188
   -.1222448
   -.1227997
   -.1228308
   -.1221219
   -.1199032
   -.1170479
   -.1139033
   -.1110368
   -.1026885
   -.0961310
   -.0917070
   -.0878894
   -.0845983
   -.0804549
   -.0824390
   -.0781794
   -.0744359
   -.0691218
   -.0648175
   -.0595510
   -.0534603
   -.0427443
   -.0372833
   -.0324496
   -.0301420
   -.0260349
   -.0243798
   -.0218689
   -.0205127
   -.0262715
   -.0256879
   -.0234660
   -.0215720
   -.0189119
   -.0140155
   -.0087864
   -.0028774
    .0019904
    .0073773
    .0105837
    .0132835
    .0151644
    .0182469
    .0223395
    .0270071
    .0329354
    .0402213
    .0487317
    .0565800
    .0634524
    .0697254
    .0735060
    .0753037
    .0769514
    .0787969
    .0795559
    .0804602
    .0795151
    .0784702
    .0766399
    .0758027
    .0714020
    .0692733
    .0664757
    .0669282
    .0652013
    .0693769
    .0668230
    .0637318
    .0610631
    .0554253
    .0476393
    .0396037
    .0329733
    .0215597
    .0100711
   -.0076840
   -.0175307
   -.0287343
   -.0381729
   -.0456585
   -.0508755
   -.0544991
   -.0564317
   -.0606944
   -.0622567
   -.0583386
   -.0594638
   -.0608841
   -.0627179
   -.0644328
   -.0667939
   -.0702835
   -.0743299
   -.0806287
   -.0895797
   -.0948532
   -.0970644
   -.1021847
   -.1037816
   -.1042670
   -.1025960
   -.1000454
   -.0984653
   -.0951012
   -.0913555
   -.0897305
   -.0891344
   -.0909306
   -.0956599
   -.1066424
   -.1126631
   -.1166376
   -.1230103
   -.1291849
   -.1320421
   -.1353645
   -.1374147
   -.1391111
   -.1399346
   -.1392533
   -.1381436
   -.1358999
   -.1328991
   -.1297798
   -.1259088
   -.1223264
   -.1147641
   -.1078808
   -.1009696
   -.0917085
   -.0782621
   -.0666396
   -.0531479
   -.0414081
   -.0341218
   -.0214750
   -.0090756
    .0125518
    .0292949
    .0555458
    .0726025
    .0870558
    .0988127
    .1007909
    .0992003
    .1000154
    .0951111
    .0911409
    .0913755
    .0860886
    .0869211
    .0936543
    .0850470
    .0846941
    .0794133
    .0730057
    .0697030
    .0637514
    .0577002
    .0528640
    .0353971
    .0283817
    .0221148
    .0215701
    .0262922
    .0214653
    .0704996
    .0868783
    .0941968
    .1141980
    .1215583
    .1327949
    .1400495
    .1446448
    .1494945
    .1569660
    .1592273
    .1555328
    .1487322
    .1428103
    .1324287
    .1094303
    .0922112
    .0244822
    .0110377
   -.0006713
   -.0155793
   -.0291057
   -.0394420
   -.0537487
   -.0644875
   -.0802257
   -.0939111
   -.1093247
   -.1198049
   -.1352734
   -.1437957
   -.1503154
   -.1546294
   -.1419025
   -.1249819
   -.1123545
   -.1024287
   -.0888206
   -.0417466
   -.0170804
   -.0017218
    .0211374
    .0294905
    .0501212
    .0577346
    .0774553
    .0724882
    .0457488
    .0379508
    .0310356
    .0178101
    .0218733
    .0149628
    .0245676
   -.0222741
   -.0562441
   -.0858257
   -.1055034
   -.1275226
   -.1359943
   -.1433928
   -.1505911
   -.1467026
   -.1494945
   -.1430533
   -.1380323
   -.1192684
   -.1100467
   -.0888831
   -.0807417
   -.0771544
   -.0745260
   -.0618822
   -.0479910
   -.0391803
   -.0256713
   -.0250019
   -.0172600
   -.0220225
    .0080406
    .0338123
    .0475688
    .0812928
    .0986552
    .1046951
    .1038921
    .0982799
    .0892326
    .0832212
    .0732709
    .0622036
    .0522911
    .0355870
    .0181986
    .0142152
    .0088476
    .0095486
    .0058982
   -.0005368
   -.0182566
   -.0371802
   -.0469736
   -.0577915
   -.0697136
   -.0720040
   -.0715773
   -.0685224
   -.0644694
   -.0578640
   -.0498795
   -.0362294
   -.0244756
   -.0024640
    .0215424
    .0397753
    .0529286
    .0646792
    .0840517
    .0947990
    .1038077
    .1189361
    .1255845
    .1334890
    .1395871
    .1499018
    .1614576
    .1678749
    .1796215
    .1838546
    .1869407
    .1884766
    .1844871
    .1817161
    .1747013
    .1710803
    .1633600
    .1500588
    .1394786
    .1255519
    .1186451
    .1000579
    .0628904
    .0622791
    .0658702
    .0713277
    .0960996
    .1117211
    .1220299
    .1812705
    .2125278
    .2229466
    .2359600
    .2336194
    .2345470
    .2217514
    .2152971
    .2145862
    .2070825
    .2015119
    .1982679
    .1971167
    .2008585
    .2148711
    .2283338
    .2657030
    .2559496
    .2310007
    .2176477
    .1727150
    .1320593
    .0933627
    .0584984
    .0189856
    .0105403
   -.0103385
   -.0197397
   -.0236088
   -.0235549
   -.0180057
   -.0194838
   -.0008586
   -.0003743
    .0000671
   -.0046653
   -.0092910
   -.0139549
   -.0332146
   -.0474165
   -.0684184
   -.0975334
   -.1301589
   -.1233666
   -.1113818
   -.1018498
   -.0703525
   -.0446230
    .0137239
    .0232080
    .0461592
    .0767073
    .0864650
    .0904041
    .0824602
    .0575196
    .0413763
    .0131433
   -.0150604
   -.0618086
   -.1196022
   -.1892063
   -.2102296
   -.2208935
   -.2393359
   -.2408332
   -.1975451
   -.1561589
   -.1335488
   -.1075042
   -.0963349
   -.0973381
   -.1026209
   -.1121261
   -.1276920
   -.1981630
   -.1949381
   -.2052381
   -.1158298
   -.0643556
    .0294442
    .0711292
    .1302126
    .1448363
    .1699501
    .1663116
    .1222287
    .1092779
    .0852829
    .0668171
    .0953299
    .1227136
    .1367939
    .2174767
    .2149749
    .1907356
    .1616589
    .1365319
    .1196763
    .0911622
    .0821525
    .0398797
    .0250888
    .0141151
    .0010325
   -.0099338
   -.0169290
   -.0220426
   -.0259882
   -.0239127
   -.0308655
   -.0369120
   -.0425184
   -.0312081
   -.0162174
   -.0076448
   -.0076535
   -.0016239
    .0203645
    .0408513
    .0483403
    .0640821
    .0780446
    .1136891
    .1210316
    .1323358
    .1443892
    .1482816
    .1657025
    .1598634
    .1524151
    .1434897
    .1285869
    .1139250
    .0958894
    .0892960
    .0778999
    .0702791
    .0352372
   -.0053824
   -.0565991
   -.0751801
   -.0813790
   -.0926676
   -.1042369
   -.1102110
   -.1168912
   -.1190280
   -.1201502
   -.1150051
   -.1067017
   -.0771069
   -.0640691
   -.0547126
   -.0475653
   -.0293494
   -.0119073
    .0032810
    .0303172
    .0805238
    .1005123
    .0953743
    .0858512
    .0781733
    .0699874
    .0624789
    .0516221
    .0365435
    .0047660
   -.0118607
   -.0260822
   -.0495738
   -.0652890
   -.0677808
   -.0685086
   -.0724995
   -.0710539
   -.0702137
   -.0657081
   -.0731650
   -.0722220
   -.0679808
   -.0647276
   -.0657757
   -.0598877
   -.0515698
   -.0302095
    .0008894
    .0215342
    .0380206
    .0591227
    .0755126
    .0964540
    .1145319
    .1252980
    .1274944
    .1300641
    .1264085
    .1211473
    .1166508
    .1023640
    .0948039
    .0965628
    .0946820
    .0906023
    .0971948
    .0944326
    .0747990
    .0671664
    .0592819
    .0525083
    .0241642
    .0121633
    .0057165
    .0005577
   -.0049750
   -.0079168
   -.0070871
   -.0060282
   -.0049288
   -.0023766
    .0091802
    .0167202
    .0257202
    .0322604
    .0360078
    .0360630
    .0353201
    .0391323
    .0360773
    .0318128
    .0286743
    .0282421
    .0286313
    .0311299
    .0328147
    .0305838
    .0269523
    .0237571
    .0167199
    .0124614
    .0067361
   -.0004197
   -.0079444
   -.0138635
   -.0215091
   -.0278976
   -.0383795
   -.0426460
   -.0453942
   -.0478463
   -.0500758
   -.0518907
   -.0523367
   -.0500247
   -.0501878
   -.0490119
   -.0485672
   -.0480083
   -.0495473
   -.0496573
   -.0472819
   -.0471949
   -.0442507
   -.0448063
   -.0450036
   -.0421279
   -.0406526
   -.0399761
   -.0376210
   -.0326031
   -.0281219
   -.0268439
   -.0220568
   -.0193071
   -.0179684
   -.0227973
   -.0367664
   -.0426220
   -.0451714
   -.0509738
   -.0498089
   -.0496495
   -.0419158
   -.0344766
   -.0284578
   -.0253999
   -.0226306
   -.0183448
   -.0144757
   -.0110743
   -.0154031
   -.0141753
   -.0215534
   -.0235324
   -.0231367
   -.0126806
   -.0042581
    .0052794
    .0140311
    .0287324
    .0351956
    .0375923
    .0360802
    .0369365
    .0345620
    .0338640
    .0304737
    .0310456
    .0334339
    .0347763
    .0352719
    .0353765
    .0346215
    .0333023
    .0320434
    .0306427
    .0285702
    .0240695
    .0176158
    .0140011
    .0099681
    .0055633
    .0029303
   -.0001365
   -.0028021
   -.0045150
   -.0073477
   -.0110705
   -.0152953
   -.0186097
   -.0218332
   -.0241731
   -.0258970
   -.0282758
   -.0302938
   -.0321355
   -.0331621
   -.0351469
   -.0362117
   -.0366746
   -.0362436
   -.0362523
   -.0361595
   -.0357338
   -.0353428
   -.0350688
   -.0352117
   -.0355972
   -.0360550
   -.0366918
   -.0363125
   -.0357240
   -.0352532
   -.0341204
   -.0314888
   -.0282046
   -.0243147
   -.0202857
   -.0166998
   -.0129048
   -.0068544
   -.0036169
   -.0015176
    .0014407
    .0037178
    .0072193
    .0108052
    .0143514
    .0174571
    .0201961
    .0224533
    .0236947
    .0251198
    .0251885
    .0248755
    .0245097
    .0239298
    .0228979
    .0213162
    .0180393
    .0161282
    .0136476
    .0116945
    .0101058
    .0087354
    .0076285
    .0062551
    .0068022
    .0075702
    .0077089
    .0090359
    .0113456
    .0120265
    .0113113
    .0100766
    .0082461
    .0042065
   -.0038036
   -.0111291
   -.0183613
   -.0239464
   -.0302685
   -.0340657
   -.0341050
   -.0292374
   -.0271948
   -.0260816
   -.0148261
   -.0096233
   -.0055949
   -.0071810
   -.0247398
   -.0303605
   -.0345102
   -.0326807
   -.0246124
   -.0197909
   -.0115067
   -.0041152
    .0026719
    .0084777
    .0164998
    .0272868
    .0343152
    .0391932
    .0436821
    .0468386
    .0485568
    .0446495
    .0441825
    .0450800
    .0441860
    .0424188
    .0415991
    .0410565
    .0454224
    .0486368
    .0511242
    .0510723
    .0509115
    .0480206
    .0434372
    .0387140
    .0286395
    .0197489
    .0142179
    .0042980
   -.0024679
   -.0097585
   -.0180183
   -.0245681
   -.0331985
   -.0388311
   -.0449470
   -.0493849
   -.0529870
   -.0544781
   -.0563493
   -.0575376
   -.0564366
   -.0570997
   -.0588155
   -.0560349
   -.0577047
   -.0582281
   -.0587596
   -.0604034
   -.0621272
   -.0604053
   -.0620458
   -.0629729
   -.0634015
   -.0646059
   -.0651464
   -.0666440
   -.0686794
   -.0717525
   -.0751253
   -.0772723
   -.0810035
   -.0851431
   -.0891666
   -.0923537
   -.0957550
   -.1001127
   -.1029688
   -.1058051
   -.1091359
   -.1105549
   -.1134875
   -.1163646
   -.1220937
   -.1285331
   -.1309960
   -.1340379
   -.1360831
   -.1382586
   -.1397144
   -.1375188
   -.1354529
   -.1353592
   -.1335940
   -.1305462
   -.1286756
   -.1282670
   -.1273420
   -.1256948
   -.1243690
   -.1213144
   -.1182122
   -.1183756
   -.1191045
   -.1195490
   -.1194197
   -.1212395
   -.1230648
   -.1250131
   -.1265858
   -.1284061
   -.1301830
   -.1316919
   -.1331623
   -.1347256
   -.1350558
   -.1344309
   -.1328143
   -.1305219
   -.1264773
   -.1208693
   -.1149056
   -.1095354
   -.1044974
   -.0989395
   -.0933313
   -.0883196
   -.0840230
   -.0805949
   -.0782784
   -.0766289
   -.0749793
   -.0732175
   -.0717216
   -.0705481
   -.0701195
   -.0699999
   -.0693123
   -.0688113
   -.0687253
   -.0684838
   -.0674754
   -.0667802
   -.0661730
   -.0658570
   -.0646726
   -.0629418
   -.0611228
   -.0594202
   -.0580616
   -.0567337
   -.0553412
   -.0538326
   -.0521925
   -.0506440
   -.0494840
   -.0488485
   -.0486673
   -.0479913
   -.0463303
   -.0441869
   -.0419040
   -.0398119
   -.0378791
   -.0348301
   -.0307862
   -.0267494
   -.0230098
   -.0200115
   -.0170771
   -.0137207
   -.0101368
   -.0066301
   -.0036043
   -.0017696
    .0002675
    .0037845
    .0072889
    .0098238
    .0106853
    .0119604
    .0141653
    .0158176
    .0164130
    .0155435
    .0142171
    .0128300
    .0113688
    .0097955
    .0080049
    .0061158
    .0042405
    .0017500
   -.0017764
   -.0060651
   -.0101841
   -.0129829
   -.0152166
   -.0166744
   -.0174848
   -.0187035
   -.0203917
   -.0224617
   -.0240745
   -.0252169
   -.0271566
   -.0290545
   -.0307654
   -.0311895
   -.0313804
   -.0310860
   -.0303771
   -.0279162
   -.0253231
   -.0235916
   -.0220724
   -.0204857
   -.0183215
   -.0166568
   -.0160903
   -.0158262
   -.0156341
   -.0156895
   -.0164561
   -.0176986
   -.0189485
   -.0203468
   -.0222012
   -.0246686
   -.0273236
   -.0293338
   -.0303116
   -.0304026
   -.0300780
   -.0296294
   -.0285709
   -.0258970
   -.0214769
   -.0176878
   -.0157776
   -.0138538
   -.0122900
   -.0088558
   -.0047204
   -.0009959
    .0023229
    .0057863
    .0097236
    .0137057
    .0170684
    .0190501
    .0197603
    .0199173
    .0199587
    .0199401
    .0197257
    .0194026
    .0191475
    .0189838
    .0188049
    .0181247
    .0172951
    .0165403
    .0149097
    .0125124
    .0099384
    .0077663
    .0066987
    .0068068
    .0076080
    .0085606
    .0093464
    .0105533
    .0122359
    .0140113
    .0153462
    .0157812
    .0155926
    .0150889
    .0144413
    .0139703
    .0139572
    .0143450
    .0151139
    .0162854
    .0177586
    .0193191
    .0207876
    .0219423
    .0227577
    .0231494
    .0230667
    .0224517
    .0213544
    .0200943
    .0184462
    .0165983
    .0145985
    .0124523
    .0097133
    .0068372
    .0047057
    .0026474
    .0014323
   -.0000016
   -.0018748
   -.0027090
   -.0020584
   -.0003085
    .0026062
    .0067141
    .0112888
    .0155230
    .0187393
    .0221541
    .0272512
    .0326760
    .0380930
    .0425682
    .0466234
    .0506301
    .0541587
    .0570396
    .0593450
    .0605478
    .0608160
    .0605105
    .0598232
    .0589468
    .0582723
    .0579979
    .0577697
    .0577348
    .0577058
    .0569902
    .0573145
    .0576270
    .0574277
    .0565158
    .0563047
    .0562212
    .0560300
    .0555670
    .0543178
    .0526706
    .0514928
    .0503000
    .0488005
    .0471026
    .0452677
    .0430334
    .0408203
    .0391438
    .0379169
    .0372967
    .0371481
    .0373024
    .0377562
    .0379861
    .0380903
    .0384618
    .0391115
    .0398391
    .0403488
    .0408288
    .0411623
    .0412207
    .0409743
    .0403927
    .0396703
    .0389996
    .0383882
    .0377914
    .0372489
    .0369789
    .0372881
    .0376074
    .0376086
    .0370165
    .0368853
    .0368316
    .0364822
    .0354303
    .0339810
    .0327193
    .0319797
    .0314204
    .0305207
    .0288610
    .0265018
    .0247112
    .0236708
    .0226426
    .0219277
    .0214677
    .0217097
    .0228087
    .0247642
    .0272008
    .0295789
    .0316381
    .0327383
    .0341407
    .0357952
    .0368119
    .0363848
    .0362937
    .0366967
    .0367055
    .0354851
    .0332716
    .0313378
    .0291619
    .0263842
    .0226594
    .0184152
    .0152951
    .0124022
    .0093819
    .0063171
    .0047351
    .0033662
    .0015692
   -.0008784
   -.0023421
   -.0030484
   -.0039844
   -.0052855
   -.0069125
   -.0083281
   -.0092756
   -.0093878
   -.0087504
   -.0078136
   -.0066907
   -.0056830
   -.0047880
   -.0035224
   -.0014919
    .0006819
    .0026720
    .0039163
    .0049833
    .0070760
    .0098491
    .0126016
    .0149853
    .0165404
    .0183595
    .0209781
    .0238065
    .0264398
    .0289889
    .0315312
    .0338309
    .0355496
    .0370483
    .0386757
    .0400928
    .0411647
    .0417043
    .0414432
    .0402326
    .0381498
    .0353369
    .0320694
    .0286965
    .0254414
    .0225533
    .0199185
    .0171539
    .0135992
    .0103011
    .0082668
    .0067450
    .0050227
    .0027234
    .0005005
   -.0011197
   -.0023560
   -.0031906
   -.0033089
   -.0028660
   -.0023000
   -.0023679
   -.0029779
   -.0026150
   -.0021255
   -.0015033
   -.0011491
   -.0009281
   -.0006215
   -.0001279
    .0005538
    .0011400
    .0017338
    .0015530
    .0020614
    .0027805
    .0029793
    .0020573
    .0011557
    .0005419
    .0000438
   -.0001512
    .0000520
    .0006340
    .0021468
    .0044785
    .0071987
    .0096029
    .0117070
    .0149731
    .0187563
    .0225780
    .0258315
    .0289939
    .0324520
    .0358702
    .0392126
    .0422651
    .0448026
    .0466685
    .0476036
    .0477225
    .0473139
    .0467303
    .0461630
    .0456535
    .0450280
    .0442760
    .0435753
    .0430596
    .0430649
    .0431389
    .0433559
    .0428140
    .0412519
    .0398801
    .0390237
    .0381886
    .0370246
    .0355470
    .0338506
    .0319372
    .0298075
    .0274875
    .0248403
    .0214228
    .0173968
    .0139241
    .0114461
    .0092654
    .0069704
    .0037804
    .0010434
   -.0002613
   -.0009710
   -.0016629
   -.0028941
   -.0045590
   -.0063791
   -.0082202
   -.0094446
   -.0104234
   -.0119011
   -.0145469
   -.0167483
   -.0169852
   -.0163871
   -.0155310
   -.0153505
   -.0152557
   -.0139652
   -.0120200
   -.0099116
   -.0082674
   -.0079037
   -.0072677
   -.0064588
   -.0069324
   -.0092589
   -.0132438
   -.0159518
   -.0175317
   -.0201885
   -.0244261
   -.0282222
   -.0301976
   -.0320187
   -.0338125
   -.0358982
   -.0377801
   -.0394383
   -.0408790
   -.0421329
   -.0430458
   -.0436108
   -.0441229
   -.0445239
   -.0453590
   -.0458764
   -.0456282
   -.0446798
   -.0433931
   -.0416634
   -.0399002
   -.0382118
   -.0359153
   -.0330607
   -.0305099
   -.0283496
   -.0274548
   -.0271588
   -.0267013
   -.0268019
   -.0276622
   -.0295785
   -.0301452
   -.0299874
   -.0300580
   -.0309627
   -.0328133
   -.0348183
   -.0361931
   -.0366766
   -.0367628
   -.0367410
   -.0367272
   -.0368359
   -.0364809
   -.0357701
   -.0344406
   -.0325678
   -.0303091
   -.0277962
   -.0246615
   -.0209066
   -.0172574
   -.0138670
   -.0114964
   -.0095815
   -.0072769
   -.0050622
   -.0029675
   -.0013386
   -.0005044
    .0008504
    .0034976
    .0064716
    .0089571
    .0100404
    .0107319
    .0124130
    .0149289
    .0172889
    .0190377
    .0201277
    .0201930
    .0191329
    .0174222
    .0157812
    .0135617
    .0108636
    .0069974
    .0023982
   -.0019855
   -.0057849
   -.0083654
   -.0097028
   -.0104980
   -.0112171
   -.0120928
   -.0130115
   -.0137893
   -.0139384
   -.0130978
   -.0114695
   -.0098078
   -.0081045
   -.0063755
   -.0048086
   -.0034168
   -.0021898
   -.0009394
    .0011061
    .0036903
    .0061196
    .0085255
    .0100681
    .0114941
    .0132440
    .0152924
    .0174979
    .0198403
    .0224293
    .0251560
    .0279118
    .0305723
    .0328528
    .0346282
    .0360566
    .0370842
    .0373514
    .0369900
    .0362860
    .0351290
    .0333501
    .0310859
    .0284734
    .0252882
    .0217110
    .0181467
    .0144507
    .0104677
    .0063690
    .0024081
   -.0011625
   -.0042927
   -.0070929
   -.0094859
   -.0112208
   -.0122550
   -.0128547
   -.0134272
   -.0139173
   -.0139292
   -.0134583
   -.0129058
   -.0125121
   -.0122413
   -.0119944
   -.0117702
   -.0115909
   -.0114514
   -.0113303
   -.0112074
   -.0110675
   -.0108818
   -.0106174
   -.0102452
   -.0098165
   -.0096226
   -.0101710
   -.0116945
   -.0136986
   -.0156989
   -.0176314
   -.0193657
   -.0207215
   -.0219137
   -.0239305
   -.0261651
   -.0285931
   -.0303233
   -.0308542
   -.0317275
   -.0327777
   -.0342997
   -.0347214
   -.0322806
   -.0305214
   -.0296526
   -.0286312
   -.0266857
   -.0251853
   -.0243246
   -.0236226
   -.0232409
   -.0236680
   -.0245309
   -.0258017
   -.0263396
   -.0259186
   -.0256632
   -.0260672
   -.0267257
   -.0274913
   -.0277398
   -.0271333
   -.0260630
   -.0249277
   -.0238059
   -.0226511
   -.0214444
   -.0201857
   -.0189077
   -.0178907
   -.0178511
   -.0188194
   -.0187121
   -.0171692
   -.0160410
   -.0152590
   -.0147707
   -.0136179
   -.0113148
   -.0087238
   -.0065618
   -.0049562
   -.0039392
   -.0033112
   -.0029303
   -.0028326
   -.0029398
   -.0028279
   -.0022377
   -.0015137
   -.0013937
   -.0023246
   -.0040367
   -.0059925
   -.0077570
   -.0091483
   -.0103822
   -.0112994
   -.0115182
   -.0111522
   -.0107590
   -.0104111
   -.0097209
   -.0090303
   -.0083343
   -.0074783
   -.0063563
   -.0046897
   -.0023560
   -.0000492
    .0015120
    .0024953
    .0029677
    .0025273
    .0016446
    .0009363
    .0002551
   -.0006332
   -.0011188
   -.0015238
   -.0021048
   -.0030277
   -.0034016
   -.0032355
   -.0032734
   -.0034811
   -.0039059
   -.0042768
   -.0034012
   -.0015881
   -.0003030
    .0000404
   -.0002835
    .0001638
    .0010405
    .0003210
   -.0016391
   -.0035128
   -.0046648
   -.0065173
   -.0087562
   -.0114129
   -.0139311
   -.0171620
   -.0208409
   -.0242580
   -.0268298
   -.0298312
   -.0330805
   -.0364003
   -.0390920
   -.0410242
   -.0426276
   -.0442166
   -.0455666
   -.0463019
   -.0454851
   -.0438190
   -.0423675
   -.0408707
   -.0393532
   -.0373999
   -.0353483
   -.0335250
   -.0315947
   -.0300466
   -.0285429
   -.0269517
   -.0245557
   -.0228934
   -.0216225
   -.0207411
   -.0197782
   -.0189017
   -.0183189
   -.0175188
   -.0167051
   -.0164317
   -.0167583
   -.0165504
   -.0147026
   -.0128837
   -.0112422
   -.0095348
   -.0062224
   -.0026011
    .0000389
    .0020435
    .0052657
    .0078454
    .0089959
    .0092086
    .0098908
    .0106955
    .0099054
    .0081182
    .0066679
    .0054154
    .0029929
    .0003536
   -.0016890
   -.0028792
   -.0036677
   -.0042603
   -.0045118
   -.0046279
   -.0042891
   -.0038046
   -.0042340
   -.0049410
   -.0060155
   -.0063349
   -.0056064
   -.0053621
   -.0055362
   -.0056377
   -.0056804
   -.0048131
   -.0037071
   -.0027241
   -.0019409
   -.0012955
   -.0006927
   -.0001208
    .0003809
    .0008014
    .0011100
    .0013007
    .0013394
    .0012013
    .0008442
    .0002778
   -.0001573
    .0003605
    .0017983
    .0031216
    .0037453
    .0041103
    .0049070
    .0061111
    .0070266
    .0071686
    .0065029
    .0050459
    .0029827
    .0006018
   -.0024176
   -.0065593
   -.0113639
   -.0160534
   -.0207072
   -.0254973
   -.0300863
   -.0343435
   -.0384698
   -.0426015
   -.0467033
   -.0506392
   -.0540427
   -.0564840
   -.0573906
   -.0570152
   -.0563363
   -.0557456
   -.0548045
   -.0534382
   -.0520516
   -.0509779
   -.0498309
   -.0482557
   -.0467521
   -.0457498
   -.0450934
   -.0446775
   -.0447332
   -.0453005
   -.0460202
   -.0464144
   -.0458955
   -.0441912
   -.0418416
   -.0397400
   -.0374897
   -.0349338
   -.0322246
   -.0302460
   -.0285286
   -.0266992
   -.0250003
   -.0236276
   -.0218836
   -.0200017
   -.0182696
   -.0181034
   -.0179281
   -.0172236
   -.0166549
   -.0164246
   -.0165354
   -.0171524
   -.0183836
   -.0197953
   -.0207239
   -.0208872
   -.0205935
   -.0202160
   -.0199203
   -.0199414
   -.0206739
   -.0224301
   -.0246886
   -.0262103
   -.0269066
   -.0275118
   -.0279033
   -.0283378
   -.0287685
   -.0285978
   -.0271947
   -.0249076
   -.0226040
   -.0206603
   -.0193648
   -.0187518
   -.0182855
   -.0172845
   -.0155840
   -.0142379
   -.0134158
   -.0134433
   -.0129605
   -.0126647
   -.0130122
   -.0147510
   -.0165054
   -.0174706
   -.0187682
   -.0208424
   -.0235953
   -.0251012
   -.0252403
   -.0250412
   -.0249180
   -.0241880
   -.0216361
   -.0182475
   -.0147283
   -.0117971
   -.0088559
   -.0051221
   -.0008631
    .0030786
    .0059128
    .0067809
    .0069772
    .0090040
    .0111908
    .0123994
    .0127829
    .0144590
    .0161471
    .0171852
    .0172250
    .0179584
    .0192558
    .0202738
    .0207429
    .0205702
    .0206719
    .0215158
    .0227320
    .0239273
    .0250061
    .0257458
    .0257993
    .0253739
    .0254123
    .0263801
    .0272119
    .0273079
    .0268003
    .0275935
    .0292806
    .0308753
    .0320891
    .0330247
    .0337408
    .0341510
    .0342190
    .0341130
    .0343272
    .0346749
    .0344050
    .0330617
    .0302285
    .0270386
    .0245133
    .0219009
    .0192191
    .0158247
    .0125836
    .0101203
    .0077712
    .0055652
    .0031626
    .0005383
   -.0018413
   -.0033798
   -.0045332
   -.0055779
   -.0073900
   -.0095502
   -.0104771
   -.0109273
   -.0115115
   -.0134484
   -.0143562
   -.0134648
   -.0121487
   -.0106438
   -.0093428
   -.0078556
   -.0060330
   -.0039510
   -.0016940
    .0004603
    .0025029
    .0047644
    .0076169
    .0102516
    .0123690
    .0131444
    .0144663
    .0160935
    .0167876
    .0162778
    .0139117
    .0110391
    .0084151
    .0051855
    .0018067
   -.0024834
   -.0071299
   -.0116724
   -.0157055
   -.0187608
   -.0206454
   -.0216946
   -.0225531
   -.0236563
   -.0250439
   -.0264197
   -.0274402
   -.0281584
   -.0287791
   -.0293882
   -.0299564
   -.0304682
   -.0308685
   -.0309902
   -.0305527
   -.0296387
   -.0284639
   -.0268121
   -.0243645
   -.0208990
   -.0165342
   -.0115072
   -.0064240
   -.0020747
    .0022916
    .0073919
    .0124828
    .0166857
    .0197708
    .0217639
    .0231031
    .0244365
    .0255752
    .0266204
    .0276079
    .0282708
    .0284404
    .0281262
    .0276789
    .0271948
    .0262303
    .0247471
    .0226510
    .0198670
    .0162949
    .0117085
    .0069621
    .0023303
   -.0023128
   -.0071047
   -.0113901
   -.0148403
   -.0175977
   -.0198386
   -.0207594
   -.0202239
   -.0191318
   -.0182791
   -.0172551
   -.0157440
   -.0118860
   -.0083655
   -.0058829
   -.0035806
   -.0004845
    .0029730
    .0057562
    .0084348
    .0114360
    .0135825
    .0159902
    .0188768
    .0220404
    .0252241
    .0276606
    .0293822
    .0307529
    .0319579
    .0329774
    .0333601
    .0323768
    .0301337
    .0273526
    .0246007
    .0213505
    .0178059
    .0141140
    .0101676
    .0063637
    .0030273
   -.0004348
   -.0035087
   -.0056743
   -.0069457
   -.0084327
   -.0106344
   -.0127091
   -.0137920
   -.0140405
   -.0140199
   -.0139534
   -.0138165
   -.0136819
   -.0137151
   -.0137652
   -.0129491
   -.0108692
   -.0084420
   -.0067864
   -.0066707
   -.0069134
   -.0056783
   -.0037691
   -.0022666
   -.0019893
   -.0022592
   -.0017670
   -.0016309
   -.0020929
   -.0035015
   -.0056662
   -.0079681
   -.0101847
   -.0123540
   -.0144825
   -.0165441
   -.0185071
   -.0203714
   -.0219319
   -.0226152
   -.0222710
   -.0220973
   -.0236661
   -.0262054
   -.0286271
   -.0293564
   -.0286725
   -.0280742
   -.0271600
   -.0253952
   -.0231045
   -.0203719
   -.0171964
   -.0135773
   -.0095695
   -.0054255
   -.0018152
    .0007451
    .0023658
    .0034347
    .0040868
    .0043716
    .0042948
    .0039315
    .0037427
    .0034715
    .0021576
    .0003869
   -.0013289
   -.0011510
   -.0004254
    .0002446
    .0010042
    .0024051
    .0042883
    .0053273
    .0060865
    .0066378
    .0078300
    .0089268
    .0092025
    .0089931
    .0082429
    .0081963
    .0090471
    .0093565
    .0092118
    .0088276
    .0095493
    .0107296
    .0107690
    .0101037
    .0093963
    .0096849
    .0103999
    .0110354
    .0115941
    .0119939
    .0118607
    .0113055
    .0116698
    .0132711
    .0143676
    .0146317
    .0146331
    .0159499
    .0181840
    .0196344
    .0203776
    .0209284
    .0219770
    .0230106
    .0235186
    .0233833
    .0225328
    .0209835
    .0192285
    .0177786
    .0167315
    .0156235
    .0139426
    .0116180
    .0099334
    .0104479
    .0116779
    .0131711
    .0147770
    .0167098
    .0193319
    .0221576
    .0245234
    .0266057
    .0282875
    .0297806
    .0313529
    .0329273
    .0344046
    .0356875
    .0364769
    .0365376
    .0359412
    .0354105
    .0358357
    .0365314
    .0361411
    .0346501
    .0325589
    .0304774
    .0286283
    .0268431
    .0247344
    .0228387
    .0214195
    .0201679
    .0197924
    .0201632
    .0202780
    .0200001
    .0191322
    .0183165
    .0178479
    .0174931
    .0169217
    .0156626
    .0138791
    .0116459
    .0095011
    .0083049
    .0077175
    .0065937
    .0051957
    .0039267
    .0040598
    .0042564
    .0042920
    .0045160
    .0055597
    .0078416
    .0105261
    .0130302
    .0155435
    .0180459
    .0204328
    .0234977
    .0264894
    .0286897
    .0303272
    .0316918
    .0334054
    .0349046
    .0358725
    .0361268
    .0357791
    .0350071
    .0340951
    .0336663
    .0336475
    .0334712
    .0328819
    .0319610
    .0307678
    .0293162
    .0275909
    .0256096
    .0235448
    .0219640
    .0207990
    .0194224
    .0178239
    .0158648
    .0143367
    .0135368
    .0124846
    .0108102
    .0084132
    .0061707
    .0047803
    .0028605
    .0006038
   -.0019679
   -.0041758
   -.0058780
   -.0073314
   -.0087641
   -.0105879
   -.0122783
   -.0127312
   -.0124466
   -.0125911
   -.0132847
   -.0141502
   -.0141253
   -.0146856
   -.0155960
   -.0162318
   -.0155525
   -.0153040
   -.0154508
   -.0157698
   -.0152422
   -.0148151
   -.0145131
   -.0144546
   -.0135433
   -.0119389
   -.0107785
   -.0100003
   -.0092385
   -.0076013
   -.0065712
   -.0059807
   -.0055061
   -.0047065
   -.0047663
   -.0054544
   -.0064974
   -.0067818
   -.0075319
   -.0090195
   -.0111647
   -.0127589
   -.0132926
   -.0142218
   -.0154794
   -.0166559
   -.0166096
   -.0155438
   -.0144974
   -.0137072
   -.0132597
   -.0132808
   -.0135350
   -.0131197
   -.0117091
   -.0105907
   -.0101985
   -.0104718
   -.0105667
   -.0098107
   -.0086026
   -.0075230
   -.0068974
   -.0066955
   -.0067918
   -.0063667
   -.0050730
   -.0044306
   -.0051472
   -.0068506
   -.0087249
   -.0094692
   -.0095068
   -.0097437
   -.0098584
   -.0097626
   -.0087967
   -.0071019
   -.0056032
   -.0041138
   -.0028102
   -.0011927
    .0005195
    .0016289
    .0025112
    .0030210
    .0024855
    .0013457
   -.0001483
   -.0013008
   -.0025362
   -.0036838
   -.0045916
   -.0058312
   -.0077454
   -.0103159
   -.0125666
   -.0141651
   -.0162525
   -.0186892
   -.0209677
   -.0222354
   -.0233512
   -.0250703
   -.0272962
   -.0298805
   -.0314792
   -.0317497
   -.0325101
   -.0332831
   -.0338463
   -.0334958
   -.0322731
   -.0318093
   -.0319019
   -.0324031
   -.0321283
   -.0314749
   -.0310703
   -.0307780
   -.0297071
   -.0277779
   -.0262811
   -.0249656
   -.0238784
   -.0224282
   -.0209032
   -.0197473
   -.0188565
   -.0184960
   -.0182223
   -.0177580
   -.0175030
   -.0173346
   -.0169539
   -.0166644
   -.0170038
   -.0180858
   -.0196221
   -.0204814
   -.0216150
   -.0232030
   -.0250268
   -.0268077
   -.0283012
   -.0295015
   -.0302758
   -.0303873
   -.0299016
   -.0293970
   -.0286580
   -.0274980
   -.0266405
   -.0256653
   -.0243107
   -.0224141
   -.0209684
   -.0197817
   -.0186874
   -.0171796
   -.0155478
   -.0143313
   -.0137977
   -.0140346
   -.0148169
   -.0149685
   -.0147307
   -.0155487
   -.0174746
   -.0198238
   -.0216783
   -.0231169
   -.0243493
   -.0255829
   -.0275108
   -.0297301
   -.0317443
   -.0326778
   -.0328744
   -.0332269
   -.0332311
   -.0329342
   -.0320038
   -.0308152
   -.0298354
   -.0287869
   -.0277375
   -.0270113
   -.0264608
   -.0261165
   -.0250729
   -.0238623
   -.0227948
   -.0214667
   -.0204314
   -.0201306
   -.0204560
   -.0208108
   -.0208685
   -.0208015
   -.0206615
   -.0206689
   -.0216067
   -.0234451
   -.0256395
   -.0264894
   -.0277718
   -.0300435
   -.0327464
   -.0342331
   -.0353618
   -.0374090
   -.0397761
   -.0413866
   -.0414188
   -.0421272
   -.0434326
   -.0449189
   -.0457695
   -.0455926
   -.0451632
   -.0448399
   -.0445582
   -.0442390
   -.0439770
   -.0438182
   -.0437893
   -.0437220
   -.0432255
   -.0421483
   -.0407829
   -.0391133
   -.0370996
   -.0354421
   -.0343150
   -.0336485
   -.0327053
   -.0308138
   -.0292310
   -.0283657
   -.0278843
   -.0276522
   -.0271816
   -.0265168
   -.0261929
   -.0263795
   -.0268249
   -.0271077
   -.0264179
   -.0257890
   -.0261235
   -.0268662
   -.0279764
   -.0284482
   -.0285444
   -.0292365
   -.0301754
   -.0313048
   -.0316852
   -.0310916
   -.0311980
   -.0319589
   -.0323984
   -.0310198
   -.0300189
   -.0297133
   -.0297684
   -.0286814
   -.0270774
   -.0265680
   -.0267629
   -.0269634
   -.0262684
   -.0249385
   -.0232610
   -.0222565
   -.0219033
   -.0217940
   -.0207491
   -.0187430
   -.0170641
   -.0160352
   -.0153967
   -.0150171
   -.0149058
   -.0151685
   -.0155578
   -.0151022
   -.0137378
   -.0133941
   -.0145616
   -.0167745
   -.0171473
   -.0176359
   -.0178814
   -.0178294
   -.0173489
   -.0166747
   -.0169255
   -.0176626
   -.0187765
   -.0189710
   -.0188184
   -.0194569
   -.0205765
   -.0220676
   -.0231350
   -.0234697
   -.0236813
   -.0240460
   -.0245181
   -.0250420
   -.0258692
   -.0272442
   -.0288345
   -.0297938
   -.0302565
   -.0309354
   -.0322087
   -.0340570
   -.0353540
   -.0358715
   -.0364281
   -.0374767
   -.0388669
   -.0388769
   -.0385282
   -.0387027
   -.0396445
   -.0404786
   -.0406966
   -.0405217
   -.0400261
   -.0390609
   -.0375365
   -.0354989
   -.0334296
   -.0317242
   -.0299921
   -.0282311
   -.0262287
   -.0235742
   -.0203192
   -.0166481
   -.0136458
   -.0113308
   -.0091423
   -.0058631
   -.0022996
   -.0005096
    .0002534
    .0013259
    .0042722
    .0066221
    .0077142
    .0085282
    .0112683
    .0125511
    .0130414
    .0143158
    .0158248
    .0167715
    .0168872
    .0183983
    .0202937
    .0208002
    .0203375
    .0199537
    .0211549
    .0232590
    .0251570
    .0264198
    .0265701
    .0259092
    .0260177
    .0277446
    .0292433
    .0290304
    .0281720
    .0277909
    .0290960
    .0302619
    .0311006
    .0311838
    .0310437
    .0309758
    .0306851
    .0302531
    .0299110
    .0294693
    .0286950
    .0278466
    .0268051
    .0258395
    .0259444
    .0266693
    .0262613
    .0243811
    .0217374
    .0195680
    .0182210
    .0169059
    .0156266
    .0146245
    .0130252
    .0108078
    .0081841
    .0060858
    .0052329
    .0035221
    .0012993
   -.0006986
   -.0007448
   -.0013068
   -.0022387
   -.0031631
   -.0030793
   -.0017989
   -.0003399
    .0003212
    .0004603
    .0005713
    .0023879
    .0052323
    .0069669
    .0076317
    .0079911
    .0094732
    .0120314
    .0138658
    .0150711
    .0161701
    .0178194
    .0201520
    .0224809
    .0246588
    .0266897
    .0283333
    .0292766
    .0298108
    .0312803
    .0329579
    .0336918
    .0336836
    .0342408
    .0355533
    .0362900
    .0361464
    .0352376
    .0341204
    .0343957
    .0353400
    .0354508
    .0351234
    .0356049
    .0360981
    .0363227
    .0361985
    .0363905
    .0368258
    .0368935
    .0366988
    .0363623
    .0360314
    .0356031
    .0350715
    .0343367
    .0332557
    .0322283
    .0319514
    .0320931
    .0318548
    .0308988
    .0292176
    .0278676
    .0272575
    .0260511
    .0239307
    .0210412
    .0193591
    .0177942
    .0152459
    .0113115
    .0086348
    .0079386
    .0077198
    .0067792
    .0047268
    .0022826
    .0003705
   -.0010293
   -.0015640
   -.0017978
   -.0007187
    .0011788
    .0023855
   -.0014932
   -.0038334
   -.0027777
   -.0012363
    .0013204
    .0040928
    .0071554
    .0097339
    .0113807
    .0124776
    .0137943
    .0156800
    .0181703
    .0205061
    .0221216
    .0231999
    .0241388
    .0249852
    .0269081
    .0288797
    .0299176
    .0309915
    .0315973
    .0324816
    .0340736
    .0348839
    .0349139
    .0345418
    .0346067
    .0362341
    .0364887
    .0357852
    .0347563
    .0347339
    .0352319
    .0354767
    .0354216
    .0353737
    .0353581
    .0351457
    .0346557
    .0338891
    .0330015
    .0316678
    .0299919
    .0285240
    .0276535
    .0271171
    .0266571
    .0261901
    .0257087
    .0252131
    .0243235
    .0230332
    .0216181
    .0204660
    .0197161
    .0193641
    .0193959
    .0196998
    .0203822
    .0211600
    .0213686
    .0211455
    .0210893
    .0209148
    .0215503
    .0229336
    .0237604
    .0238382
    .0234044
    .0229530
    .0236922
    .0243804
    .0240245
    .0236553
    .0230768
    .0234592
    .0243411
    .0250607
    .0252829
    .0251454
    .0245823
    .0241904
    .0247536
    .0250769
    .0246958
    .0240585
    .0231932
    .0229428
    .0231903
    .0239490
    .0244351
    .0238599
    .0228729
    .0217534
    .0221495
    .0222977
    .0214362
    .0202400
    .0199542
    .0207409
    .0207878
    .0201962
    .0197946
    .0193661
    .0188831
    .0183417
    .0177639
    .0171632
    .0166639
    .0162218
    .0159055
    .0156139
    .0154113
    .0151219
    .0148851
    .0145363
    .0142167
    .0140552
    .0141249
    .0142816
    .0142575
    .0142509
    .0144945
    .0148348
    .0145602
    .0137204
    .0130869
    .0129290
    .0124397
    .0115930
    .0108718
    .0103278
    .0096079
    .0087781
    .0087126
    .0100314
    .0103686
    .0090189
    .0070130
    .0056831
    .0059844
    .0061812
    .0060497
    .0058193
    .0054989
    .0050091
    .0043534
    .0036576
    .0029287
    .0021006
    .0016178
    .0014160
    .0011796
    .0003346
   -.0005258
   -.0012680
   -.0020418
   -.0027260
   -.0031156
   -.0033356
   -.0038233
   -.0044814
   -.0047900
   -.0049060
   -.0050700
   -.0053690
   -.0056550
   -.0059545
   -.0062437
   -.0065666
   -.0069099
   -.0072977
   -.0076989
   -.0081627
   -.0087224
   -.0093776
   -.0100902
   -.0108043
   -.0111188
   -.0105356
   -.0107489
   -.0119372
   -.0135580
   -.0144574
   -.0145863
   -.0149146
   -.0157948
   -.0165539
   -.0169999
   -.0173267
   -.0175615
   -.0180967
   -.0184456
   -.0185742
   -.0184776
   -.0185375
   -.0189543
   -.0193155
   -.0194719
   -.0195419
   -.0193639
   -.0191232
   -.0193688
   -.0196482
   -.0201059
   -.0201488
   -.0194555
   -.0186969
   -.0182756
   -.0183761
   -.0175444
   -.0165000
   -.0164315
   -.0161871
   -.0163428
   -.0159062
   -.0153755
   -.0150413
   -.0148771
   -.0151289
   -.0149935
   -.0145027
   -.0141809
   -.0145494
   -.0146940
   -.0147120
   -.0148424
   -.0151710
   -.0155248
   -.0160215
   -.0167419
   -.0174364
   -.0178574
   -.0182064
   -.0186073
   -.0190851
   -.0194879
   -.0200163
   -.0202861
   -.0204075
   -.0203206
   -.0201905
   -.0199598
   -.0197725
   -.0195776
   -.0195897
   -.0197964
   -.0199552
   -.0198000
   -.0198795
   -.0199788
   -.0198178
   -.0196265
   -.0196580
   -.0202444
   -.0210191
   -.0214626
   -.0217380
   -.0219667
   -.0224266
   -.0229688
   -.0234780
   -.0236629
   -.0237644
   -.0241047
   -.0250059
   -.0257913
   -.0264042
   -.0268487
   -.0274937
   -.0280622
   -.0285404
   -.0289950
   -.0294769
   -.0298017
   -.0303372
   -.0307507
   -.0308426
   -.0305973
   -.0302738
   -.0301000
   -.0303531
   -.0303422
   -.0301018
   -.0297921
   -.0295137
   -.0294190
   -.0294067
   -.0291031
   -.0286315
   -.0280074
   -.0274148
   -.0267781
   -.0261867
   -.0256258
   -.0252820
   -.0248643
   -.0243923
   -.0239847
   -.0237814
   -.0234880
   -.0231561
   -.0229354
   -.0228343
   -.0226733
   -.0226162
   -.0225746
   -.0227443
   -.0229636
   -.0230809
   -.0229319
   -.0227982
   -.0228217
   -.0230642
   -.0231176
   -.0231474
   -.0231371
   -.0232374
   -.0232298
   -.0232311
   -.0231125
   -.0230300
   -.0228518
   -.0226870
   -.0223940
   -.0221812
   -.0219228
   -.0216309
   -.0212130
   -.0208783
   -.0205491
   -.0202534
   -.0198568
   -.0194786
   -.0190321
   -.0185639
   -.0180181
   -.0175965
   -.0172756
   -.0169415
   -.0165026
   -.0160762
   -.0156519
   -.0152726
   -.0149510
   -.0146815
   -.0143284
   -.0139006
   -.0134369
   -.0130384
   -.0127274
   -.0124419
   -.0121097
   -.0117300
   -.0113599
   -.0110202
   -.0107765
   -.0105751
   -.0103784
   -.0101025
   -.0098166
   -.0095306
   -.0093229
   -.0091077
   -.0088904
   -.0085994
   -.0083107
   -.0080088
   -.0078211
   -.0076628
   -.0075167
   -.0072584
   -.0069971
   -.0066851
   -.0064001
   -.0060542
   -.0058161
   -.0055639
   -.0053217
   -.0050033
   -.0047812
   -.0045133
   -.0042704
   -.0039272
   -.0036392
   -.0032861
   -.0029923
   -.0026271
   -.0023329
   -.0019724
   -.0016974
   -.0013548
   -.0011041
   -.0008004
   -.0005942
   -.0002992
   -.0000810
    .0002102
    .0003744
    .0006167
    .0007949
    .0010799
    .0012671
    .0015522
    .0017550
    .0020621
    .0022669
    .0025674
    .0027476
    .0030175
    .0031941
    .0034970
    .0037031
    .0040284
    .0042460
    .0045628
    .0047595
    .0050904
    .0053148
    .0056613
    .0058826
    .0062391
    .0064823
    .0068688
    .0071253
    .0075206
    .0077777
    .0081790
    .0084379
    .0088469
    .0091100
    .0095275
    .0097948
    .0102149
    .0104686
    .0108728
    .0111151
    .0115192
    .0117633
    .0121717
    .0124148
    .0128203
    .0130551
    .0134545
    .0136857
    .0140841
    .0143123
    .0147081
    .0149343
    .0153300
    .0155580
    .0159560
    .0161861
    .0165848
    .0168159
    .0172137
    .0174450
    .0178407
    .0180726
    .0184663
    .0186996
    .0190914
    .0193273
    .0197163
    .0199535
    .0203363
    .0205742
    .0209513
    .0211922
    .0215632
    .0218070
    .0221696
    .0224173
    .0227721
    .0230266
    .0233719
    .0236327
    .0239663
    .0242357
    .0245573
    .0248374
    .0251443
    .0254365
    .0257265
    .0260340
    .0263047
    .0266307
    .0268788
    .0272267
    .0274481
    .0278224
    .0280127
    .0284195
    .0285728
    .0290194
    .0291279
    .0296241
    .0296780
    .0302369
    .0302231
    .0308629
    .0307653
    .0315138
    .0313062
    .0322012
    .0318411
    .0329411
    .0323542
    .0337571
    .0327926
    .0346584
    .0327572
    .0350370
    .0305279
    .0376218