    .0011820
    .0012525
    .0011887
    .0012006
    .0011705
    .0011844
    .0011669
    .0011779
    .0011648
    .0011733
    .0011626
    .0011695
    .0011604
    .0011658
    .0011583
    .0011634
    .0011574
    .0011615
    .0011563
    .0011607
    .0011561
    .0011593
    .0011560
    .0011601
    .0011569
    .0011603
    .0011591
    .0011619
    .0011607
    .0011649
    .0011637
    .0011656
    .0011647
    .0011670
    .0011664
    .0011683
    .0011682
    .0011700
    .0011702
    .0011720
    .0011726
    .0011742
    .0011751
    .0011767
    .0011779
    .0011795
    .0011809
    .0011825
    .0011841
    .0011857
    .0011875
    .0011891
    .0011910
    .0011925
    .0011946
    .0011962
    .0011984
    .0012000
    .0012024
    .0012039
    .0012065
    .0012083
    .0012107
    .0012063
    .0012009
    .0012009
    .0011985
    .0011904
    .0011909
    .0011857
    .0011779
    .0011778
    .0011812
    .0011733
    .0011646
    .0011640
    .0011596
    .0011470
    .0011459
    .0011388
    .0011277
    .0011255
    .0011197
    .0011047
    .0011040
    .0011045
    .0010954
    .0010795
    .0010779
    .0010668
    .0010520
    .0010486
    .0010407
    .0010201
    .0010188
    .0010323
    .0010516
    .0010527
    .0010648
    .0010807
    .0010842
    .0010931
    .0011170
    .0011179
    .0011172
    .0011301
    .0011552
    .0011580
    .0011733
    .0011948
    .0012009
    .0012102
    .0012383
    .0012420
    .0012587
    .0012839
    .0012908
    .0012857
    .0013072
    .0013337
    .0013393
    .0016266
    .0013846
    .0013885
    .0014063
    .0014384
    .0014499
    .0014408
    .0014386
    .0014348
    .0014373
    .0014412
    .0014507
    .0014532
    .0014589
    .0014584
    .0014607
    .0014588
    .0014633
    .0014635
    .0014471
    .0014109
    .0013874
    .0013317
    .0012911
    .0012645
    .0012302
    .0011901
    .0011348
    .0010903
    .0010707
    .0010301
    .0009912
    .0009219
    .0008757
    .0008478
    .0008493
    .0009358
    .0010621
    .0011241
    .0011801
    .0012508
    .0013507
    .0014586
    .0015331
    .0016008
    .0017071
    .0018288
    .0019128
    .0019830
    .0020627
    .0021676
    .0021001
    .0017558
    .0014709
    .0011815
    .0008396
    .0004514
    .0001225
   -.0002175
   -.0005930
   -.0009395
   -.0012557
   -.0016353
   -.0020159
   -.0023563
   -.0026604
   -.0029840
   -.0030925
   -.0027454
   -.0022457
   -.0018440
   -.0014146
   -.0009181
   -.0004552
   -.0000563
    .0003506
    .0007703
    .0012107
    .0016636
    .0022122
    .0029069
    .0032597
    .0032395
    .0033076
    .0033816
    .0034525
    .0034901
    .0035218
    .0035704
    .0035945
    .0036383
    .0036738
    .0036850
    .0037283
    .0037698
    .0038425
    .0039023
    .0037391
    .0034443
    .0031642
    .0028808
    .0025852
    .0022792
    .0019801
    .0016833
    .0013839
    .0010841
    .0007823
    .0004811
    .0001830
   -.0001111
   -.0004009
   -.0007184
   -.0011608
   -.0018136
   -.0025987
   -.0033974
   -.0041854
   -.0049921
   -.0056987
   -.0058252
   -.0050033
   -.0038087
   -.0027698
   -.0018126
   -.0008559
    .0000833
    .0009965
    .0019229
    .0028834
    .0038130
    .0047455
    .0056555
    .0065710
    .0074313
    .0082223
    .0087182
    .0086027
    .0081622
    .0077241
    .0073338
    .0069678
    .0066519
    .0064033
    .0061560
    .0058813
    .0056078
    .0053180
    .0050587
    .0048873
    .0047450
    .0045448
    .0042224
    .0037919
    .0032860
    .0027130
    .0021094
    .0014817
    .0009952
    .0009774
    .0012080
    .0013106
    .0012174
    .0013755
    .0012824
    .0001384
   -.0015684
   -.0032136
   -.0047701
   -.0061510
   -.0068868
   -.0067100
   -.0062926
   -.0060666
   -.0058192
   -.0055210
   -.0052479
   -.0049445
   -.0046506
   -.0043474
   -.0040640
   -.0037623
   -.0034867
   -.0032175
   -.0028657
   -.0024324
   -.0017219
   -.0004679
    .0010230
    .0024425
    .0030952
    .0021923
    .0004057
   -.0013214
   -.0028142
   -.0036473
   -.0033166
   -.0025270
   -.0020070
   -.0015743
   -.0010458
   -.0005030
    .0000113
    .0005616
    .0011015
    .0016054
    .0020999
    .0026006
    .0031206
    .0036487
    .0041969
    .0048338
    .0056086
    .0064446
    .0072895
    .0081209
    .0089143
    .0092849
    .0087671
    .0078169
    .0069898
    .0063589
    .0058985
    .0055167
    .0051308
    .0047630
    .0044088
    .0040702
    .0037332
    .0034469
    .0032185
    .0032889
    .0040417
    .0051289
    .0060738
    .0066171
    .0066140
    .0063095
    .0054854
    .0035785
    .0009623
   -.0013857
   -.0022456
   -.0003350
    .0023405
    .0022273
   -.0014158
   -.0063701
   -.0109003
   -.0135146
   -.0126974
   -.0102913
   -.0081500
   -.0062529
   -.0044045
   -.0031398
   -.0029953
   -.0033570
   -.0036218
   -.0038022
   -.0039269
   -.0039396
   -.0039340
   -.0039173
   -.0038593
   -.0033815
   -.0020067
   -.0001498
    .0019561
    .0044134
    .0064465
    .0061169
    .0025125
   -.0023205
   -.0067094
   -.0088621
   -.0069681
   -.0035000
   -.0010523
   -.0002612
   -.0011843
   -.0026282
   -.0029815
   -.0012552
    .0011470
    .0028445
    .0033185
    .0022753
    .0001768
   -.0012214
   -.0013405
   -.0013165
   -.0008350
   -.0007283
   -.0002171
    .0038923
    .0092046
    .0111390
    .0072173
    .0002965
   -.0056479
   -.0075696
   -.0035496
    .0019057
    .0046329
    .0036582
    .0008873
   -.0015111
   -.0027256
   -.0022390
   -.0010036
    .0000810
    .0010664
    .0021392
    .0033387
    .0047864
    .0065176
    .0078989
    .0077027
    .0055723
    .0030555
    .0006044
   -.0003418
    .0023745
    .0063005
    .0066649
    .0035321
   -.0005150
   -.0038482
   -.0038857
   -.0021814
   -.0007342
    .0002977
    .0005212
   -.0007270
   -.0023904
   -.0040093
   -.0057760
   -.0083337
   -.0121624
   -.0158502
   -.0146000
   -.0058374
    .0047152
    .0104971
    .0078420
    .0015079
   -.0033317
   -.0038286
    .0019369
    .0091225
    .0125006
    .0116748
    .0095144
    .0078749
    .0071166
    .0076110
    .0085595
    .0091628
    .0093892
    .0090261
    .0081295
    .0072179
    .0066651
    .0066074
    .0069071
    .0072458
    .0063658
    .0042143
    .0021589
    .0000012
   -.0020289
   -.0041508
   -.0061874
   -.0081459
   -.0100218
   -.0118646
   -.0135967
   -.0152474
   -.0169066
   -.0185373
   -.0199828
   -.0199376
   -.0165165
   -.0113538
   -.0063033
   -.0015592
    .0025245
    .0024849
   -.0036152
   -.0116322
   -.0166107
   -.0160842
   -.0131362
   -.0107112
   -.0086226
   -.0065612
   -.0045764
   -.0026170
   -.0006861
    .0011736
    .0030413
    .0048049
    .0063783
    .0071471
    .0063816
    .0052002
    .0055603
    .0084465
    .0121143
    .0154449
    .0188033
    .0224033
    .0259438
    .0287790
    .0280814
    .0212231
    .0116987
    .0032761
   -.0018030
   -.0015894
    .0009472
    .0028840
    .0044158
    .0057031
    .0062154
    .0063593
    .0066986
    .0074712
    .0088066
    .0102793
    .0116498
    .0130601
    .0145641
    .0162582
    .0181814
    .0198515
    .0185588
    .0148756
    .0101541
    .0056132
    .0017228
   -.0024141
   -.0063032
   -.0093024
   -.0115406
   -.0118849
   -.0116002
   -.0119442
   -.0119194
   -.0121130
   -.0121996
   -.0120250
   -.0118218
   -.0120984
   -.0125922
   -.0122849
   -.0108270
   -.0060250
   -.0000964
    .0035800
    .0044226
    .0036310
    .0033065
    .0034011
    .0034216
    .0034023
    .0033908
    .0033478
    .0032175
    .0025375
    .0008472
   -.0012760
   -.0022747
   -.0006644
    .0021621
    .0044951
    .0050943
    .0029841
   -.0004038
   -.0035687
   -.0063641
   -.0073144
   -.0048644
   -.0010388
    .0022442
    .0053098
    .0084170
    .0105403
    .0106864
    .0098316
    .0090878
    .0084507
    .0077958
    .0071660
    .0065214
    .0058423
    .0052489
    .0050414
    .0046830
    .0039245
    .0041819
    .0050556
    .0053098
    .0002935
   -.0078693
   -.0138856
   -.0141197
   -.0084678
   -.0033981
    .0006854
    .0019967
   -.0013185
   -.0064639
   -.0111508
   -.0156489
   -.0200897
   -.0217929
   -.0179950
   -.0115312
   -.0050850
    .0016238
    .0081680
    .0114582
    .0099280
    .0073918
    .0089832
    .0169566
    .0262961
    .0294513
    .0248953
    .0175961
    .0113505
    .0073552
    .0058061
    .0050930
    .0038048
    .0023021
    .0010624
    .0000114
   -.0010381
   -.0021690
   -.0025149
   -.0007546
    .0020852
    .0047444
    .0072259
    .0095641
    .0109099
    .0107195
    .0098882
    .0088491
    .0069155
    .0045146
    .0035057
    .0054551
    .0081156
    .0068116
    .0003362
   -.0070202
   -.0142864
   -.0187227
   -.0167940
   -.0122111
   -.0100322
   -.0112335
   -.0134615
   -.0153222
   -.0173475
   -.0201157
   -.0238754
   -.0251052
   -.0198626
   -.0112991
   -.0035842
    .0030985
    .0055959
    .0014393
   -.0044072
   -.0067992
   -.0034947
    .0021019
    .0056846
    .0061460
    .0055425
    .0051749
    .0048551
    .0044156
    .0040750
    .0040101
    .0074297
    .0172787
    .0287887
    .0338874
    .0296777
    .0223459
    .0156887
    .0087513
    .0014314
   -.0032483
   -.0028074
    .0000691
    .0026085
    .0047963
    .0068935
    .0087928
    .0101873
    .0109057
    .0112639
    .0115657
    .0106884
    .0070841
    .0022102
   -.0022035
   -.0057516
   -.0083099
   -.0104376
   -.0129884
   -.0157101
   -.0179047
   -.0153606
   -.0040024
    .0098565
    .0154245
    .0079154
   -.0057889
   -.0232087
   -.0387355
   -.0439792
   -.0403198
   -.0306846
   -.0192006
   -.0103978
   -.0055748
   -.0020021
    .0018623
    .0052819
    .0083402
    .0109625
    .0113210
    .0064161
   -.0010855
   -.0076007
   -.0093627
   -.0038217
    .0084334
    .0263177
    .0452892
    .0573111
    .0565390
    .0421813
    .0117776
   -.0243327
   -.0524397
   -.0677382
   -.0735135
   -.0691143
   -.0604146
   -.0528888
   -.0475202
   -.0443859
   -.0426095
   -.0408451
   -.0379900
   -.0304357
   -.0159385
    .0004062
    .0148868
    .0247078
    .0259141
    .0231208
    .0215518
    .0229177
    .0286704
    .0365399
    .0435740
    .0463298
    .0416353
    .0336693
    .0268217
    .0202731
    .0127319
    .0028473
   -.0102032
   -.0186459
   -.0165542
   -.0107791
   -.0065050
   -.0024483
    .0018750
    .0028431
   -.0032527
   -.0126030
   -.0205819
   -.0244295
   -.0222259
   -.0175591
   -.0122617
   -.0039016
    .0063778
    .0163327
    .0248262
    .0272209
    .0206969
    .0116701
    .0066634
    .0083096
    .0117570
    .0136162
    .0136459
    .0124177
    .0108718
    .0111147
    .0143307
    .0180786
    .0143141
    .0001446
   -.0189168
   -.0319044
   -.0324175
   -.0295959
   -.0335261
   -.0443521
   -.0555956
   -.0596916
   -.0486450
   -.0298108
   -.0145979
   -.0045705
   -.0012443
   -.0078493
   -.0167476
   -.0167367
   -.0034265
    .0146376
    .0248253
    .0200459
    .0059242
   -.0129392
   -.0262509
   -.0253175
   -.0175670
   -.0119972
   -.0135870
   -.0275715
   -.0473298
   -.0656583
   -.0806482
   -.0904971
   -.0889189
   -.0701174
   -.0438698
   -.0189774
    .0053247
    .0296131
    .0488489
    .0584063
    .0566748
    .0398018
    .0170850
   -.0021326
   -.0120737
   -.0096972
   -.0026033
    .0033756
    .0036277
   -.0074231
   -.0200989
   -.0230369
   -.0166834
   -.0012131
    .0191616
    .0417310
    .0674702
    .0872439
    .0865502
    .0650740
    .0384933
    .0158907
    .0053706
    .0164331
    .0367951
    .0524822
    .0569590
    .0457103
    .0253199
    .0014619
   -.0172238
   -.0258167
   -.0312752
   -.0390446
   -.0460162
   -.0472324
   -.0373229
   -.0195129
   -.0099548
   -.0117347
   -.0160813
   -.0210050
   -.0155532
    .0094825
    .0424260
    .0668231
    .0772132
    .0772082
    .0664843
    .0484390
    .0267902
    .0055667
   -.0063579
   -.0023601
    .0096228
    .0234271
    .0379903
    .0518692
    .0582651
    .0496452
    .0315105
    .0098064
   -.0054191
   -.0057896
    .0088011
    .0391713
    .0743675
    .0997996
    .1085193
    .1046051
    .0894426
    .0706320
    .0570559
    .0511661
    .0477562
    .0434469
    .0381659
    .0286524
    .0095720
   -.0140000
   -.0357083
   -.0504824
   -.0536650
   -.0438110
   -.0200964
    .0061993
    .0192618
    .0110400
   -.0065042
   -.0194844
   -.0212866
   -.0118408
    .0014478
    .0079584
    .0026291
   -.0101680
   -.0291270
   -.0467220
   -.0530341
   -.0530774
   -.0576454
   -.0642353
   -.0676357
   -.0626645
   -.0442355
   -.0202405
    .0009509
    .0136708
    .0123947
    .0020497
   -.0127870
   -.0285905
   -.0414637
   -.0506977
   -.0601711
   -.0720718
   -.0894608
   -.1054557
   -.1099331
   -.1043785
   -.0899133
   -.0715920
   -.0541265
   -.0391104
   -.0312240
   -.0304718
   -.0299211
   -.0233506
   -.0095944
    .0055770
    .0192476
    .0290353
    .0314070
    .0298724
    .0291181
    .0297342
    .0360246
    .0516635
    .0709653
    .0860096
    .0923607
    .0895197
    .0741825
    .0533718
    .0353959
    .0291397
    .0394709
    .0547724
    .0604216
    .0480474
    .0273624
    .0081019
   -.0102861
   -.0281371
   -.0412649
   -.0468065
   -.0430573
   -.0262304
    .0007449
    .0336183
    .0597092
    .0655459
    .0510191
    .0301019
    .0123139
   -.0034650
   -.0147973
   -.0169972
   -.0158978
   -.0162679
   -.0171943
   -.0171829
   -.0168330
   -.0120294
    .0040861
    .0260782
    .0393505
    .0296116
   -.0006334
   -.0344275
   -.0569635
   -.0613618
   -.0574199
   -.0531339
   -.0461879
   -.0375671
   -.0299963
   -.0243304
   -.0227039
   -.0231360
   -.0222663
   -.0145009
    .0015233
    .0194021
    .0305473
    .0276829
    .0133725
   -.0105296
   -.0344637
   -.0570058
   -.0695838
   -.0684956
   -.0599298
   -.0356669
    .0023852
    .0351885
    .0588949
    .0594865
    .0457908
    .0010420
   -.0152114
   -.0193217
   -.0138957
    .0052281
    .0238773
    .0203618
    .0014536
   -.0143331
   -.0570556
   -.0615109
   -.0576062
   -.0509460
   -.0425873
   -.0391918
   -.0395654
   -.0427853
   -.0386000
   -.0328635
   -.0286437
   -.0211020
   -.0097902
   -.0043737
    .0008492
    .0013951
   -.0074881
   -.0114335
   -.0177897
   -.0099368
    .0089522
    .0235788
    .0346774
    .0412654
    .0470387
    .0397385
    .0527855
    .0691035
    .0798803
    .0847753
    .0812570
    .0714752
    .0523986
    .0239938
   -.0052147
   -.0440743
   -.0774755
   -.1046320
   -.1051061
   -.0544079
   -.0308061
   -.0272587
   -.0785550
   -.1211116
   -.1325471
   -.0885728
   -.0431836
    .0177768
    .0378519
    .0461826
    .0395018
    .0137629
   -.0138084
   -.0339949
   -.0454100
   -.0483526
   -.0163584
   -.0059795
    .0278907
    .0485133
    .0587256
    .0676681
    .0463289
    .0158261
    .0221525
    .0351961
    .0430988
    .0743276
    .0872870
    .1017116
    .1066893
    .1038035
    .0647368
    .0259543
   -.0272694
   -.0417394
   -.0248644
   -.0061820
    .0364347
    .0589280
    .0641550
    .0386233
    .0009354
   -.0152382
   -.0386767
   -.0539442
   -.0265268
    .0424201
    .0842055
    .1231265
    .1269591
    .0815417
    .0265725
   -.0258817
   -.0684314
   -.1022877
   -.1007055
   -.0664944
   -.0208641
    .0372421
    .0708386
    .0546971
    .0388897
    .0272492
   -.0247210
   -.0496801
   -.0265449
    .0762702
    .1419131
    .1605635
    .1228769
    .0849374
    .0461408
   -.0341274
   -.0771159
   -.0955686
   -.0972970
   -.0917578
   -.0715073
   -.0450030
   -.0206022
    .0383147
    .0429493
    .0191464
    .0275263
   -.0107260
   -.0189150
   -.0172674
    .0270715
    .0617151
    .0845512
    .0996905
    .0962476
    .0414586
   -.0428022
   -.0839001
   -.0837914
   -.0483348
   -.0245271
    .0440972
    .0672455
    .0731630
    .0412837
    .0017217
   -.0363730
   -.0463722
   -.0157126
    .0192718
    .0467191
    .0735348
    .0969172
    .0948872
    .0638862
    .0317471
   -.0109123
   -.0511736
   -.0768576
   -.0706070
   -.0479300
   -.0130708
    .0344207
    .0503471
    .0505046
    .0373981
    .0269033
   -.0027269
   -.0342807
   -.0515986
   -.0577406
   -.0550534
   -.0450270
   -.0251226
   -.0096857
   -.0033981
   -.0009923
   -.0280211
   -.0450166
   -.0548105
   -.0518194
   -.0406979
   -.0278761
   -.0054977
    .0164737
    .0533117
    .0763489
    .0768597
    .0445060
    .0227308
   -.0070994
   -.0213497
   -.0230301
    .0019595
    .0237759
    .0386356
    .0539914
    .0602398
    .0419180
    .0217228
    .0137662
   -.0060575
   -.0086602
    .0237400
    .0343698
    .0513949
    .0602910
    .0522935
    .0277194
   -.0219703
   -.0582143
   -.0864783
   -.1037205
   -.1032915
   -.0727580
   -.0305335
   -.0044016
    .0212082
    .0135214
    .0044133
   -.0428097
   -.0467295
   -.0410032
   -.0229091
   -.0036500
    .0135796
    .0177564
    .0325562
    .0419116
    .0427115
    .0306718
    .0251005
    .0165669
    .0098042
    .0160967
    .0271888
    .0408256
    .0519904
    .0534363
    .0502766
    .0385824
    .0185806
    .0055275
   -.0141750
   -.0194149
   -.0092585
    .0201460
    .0398568
    .0471239
    .0372701
    .0028351
   -.0262257
   -.0750082
   -.0971546
   -.1099708
   -.1011268
   -.0679878
   -.0077549
    .0516436
    .0612521
    .0304553
   -.0235307
   -.0607762
   -.0915916
   -.0954396
   -.0807870
    .0109167
    .0402174
    .1247347
    .1255326
    .0884040
    .0272923
   -.0525455
   -.1574061
   -.2017972
   -.1733793
   -.0950744
   -.0184526
    .1115694
    .1347022
    .1214836
    .0342629
    .0043101
   -.0752842
   -.0882655
   -.0603473
    .0494973
    .0505080
    .0609492
    .0167980
   -.0484063
   -.1158348
   -.1742168
   -.1804191
   -.1638682
   -.1223134
   -.0550799
    .0353142
    .0865933
    .0987360
    .1083273
    .0813399
    .0809568
    .1008467
    .1292986
    .1490923
    .1849353
    .1879255
    .1694678
    .1346551
    .0777877
    .0118530
   -.0291294
   -.0333339
   -.0228111
   -.0139066
    .0384942
    .0411198
    .0384736
    .0137418
   -.0126451
   -.0597016
   -.0825521
   -.0836255
   -.0798506
   -.0673596
   -.0482698
   -.0340965
   -.0199837
   -.0094390
   -.0187532
   -.0287703
   -.0234294
   -.0153261
    .0004873
    .0215684
    .0428044
    .0581680
    .0691813
    .0738162
    .0677920
    .0613034
    .0598520
    .0595992
    .0648440
    .0832433
    .1000505
    .1155624
    .1117284
    .1096221
    .0957827
    .0503562
    .0148487
   -.0175914
   -.0534863
   -.0798323
   -.0481681
   -.0003968
    .0743127
    .1084029
    .1161093
    .1076678
    .0745449
    .0375283
   -.0077988
   -.0352676
   -.0504938
   -.0646410
   -.0713689
   -.0662073
   -.0355805
   -.0321076
   -.0305410
   -.0403497
   -.0583290
   -.0814203
   -.0798690
   -.0733298
   -.0835694
   -.0421637
   -.0255926
    .0084769
    .0541204
    .0972864
    .1080804
    .0932389
    .0799845
    .0366671
   -.0271273
   -.0914896
   -.1135471
   -.1128750
   -.0850677
   -.0297875
    .0139069
    .0338829
    .0431332
    .0312120
    .0116849
    .0306763
    .0356125
    .0452260
    .0538176
    .0590905
    .0480475
    .0540367
    .0456196
    .0400141
    .0216004
   -.0213650
   -.0634170
   -.0751915
   -.0596998
   -.0207291
    .0110749
    .0348355
    .0605937
    .0852970
    .0848680
    .0797099
    .0587150
    .0279852
   -.0022842
   -.0346899
   -.0578768
   -.0290878
    .0090717
    .0330743
    .0164289
   -.0329967
   -.0643648
   -.0568524
   -.0650373
   -.0728912
   -.0725137
   -.0563924
    .0311946
    .0689229
    .0905350
    .0979569
    .0585936
    .0193389
   -.0104153
   -.0228434
   -.0186715
   -.0122685
   -.0039191
    .0182906
    .0642871
    .0587770
    .0459010
    .0096141
   -.0656922
   -.0737271
   -.0727366
   -.0432229
   -.0133438
    .0228342
    .0637511
    .0672037
    .0479886
    .0138912
   -.0312798
   -.0364406
   -.0015867
    .0223031
    .0466382
    .0610157
    .0374617
    .0185875
   -.0016978
   -.0120440
   -.0142881
   -.0077645
    .0059353
    .0226367
    .0432533
    .0432325
    .0380450
    .0183004
    .0036823
   -.0123849
   -.0382554
   -.0528479
   -.0557552
   -.0460476
   -.0480582
   -.0630075
   -.0690883
   -.0808907
   -.1014552
   -.1271134
   -.1248848
   -.1257426
   -.1104959
   -.0841502
   -.0563383
   -.0256341
   -.0065566
    .0035501
    .0022636
    .0072199
    .0120728
    .0136431
    .0240344
    .0254506
    .0290727
    .0308573
    .0181400
    .0033225
   -.0273180
   -.0733173
   -.1106832
   -.1345405
   -.1460929
   -.1273978
   -.1047228
   -.0826564
   -.0534974
   -.0419562
   -.0514294
   -.0228989
   -.0174587
   -.0087472
    .0088744
    .0333656
    .0834943
    .1246895
    .1664675
    .1646809
    .1567718
    .1201536
    .0642841
    .0253251
    .0150118
    .0356014
    .0603885
    .0741066
    .1141182
    .1285664
    .1433323
    .1371126
    .1038158
    .0636281
    .0327630
   -.0018630
   -.0277106
   -.0330478
   -.0546825
   -.0932188
   -.1294466
   -.1573503
   -.1637373
   -.1539570
   -.1166647
   -.0884576
   -.0347377
    .0138323
    .0634666
    .1049848
    .1297119
    .1321226
    .1051531
    .0633394
    .0295127
   -.0152074
   -.0571927
   -.0731446
   -.0890212
   -.0878791
   -.0933458
   -.0951291
   -.1021843
   -.1071021
   -.1110894
   -.1217147
   -.1238405
   -.1205251
   -.0724343
   -.0319111
    .0006145
    .0462065
    .0678107
    .0491883
   -.0069433
   -.0694144
   -.1117327
   -.1276710
   -.0910814
   -.0724159
   -.0378252
    .0004059
    .0089395
   -.0124108
   -.0453581
   -.0769889
   -.0965062
   -.0567910
    .0588722
    .1884007
    .2777550
    .3067507
    .2875039
    .2613446
    .2058170
    .1285401
    .0017639
    .0162227
    .0400862
    .0579995
    .1064772
    .0975723
    .0950338
    .0803826
   -.0096777
   -.0925032
   -.0986664
   -.0426805
    .0734240
    .1557195
    .2261761
    .2656256
    .2325138
    .1656589
    .0413019
   -.0483805
   -.1053020
   -.1062398
   -.0349287
   -.0101554
    .0174710
    .0339006
    .0036014
   -.0273259
   -.0376792
   -.0493779
   -.0367440
    .0158273
    .0733378
    .1273954
    .1512321
    .1706167
    .1792833
    .1668667
    .1429926
    .1013845
    .0496178
    .0102024
   -.0183029
   -.0436320
   -.0451161
   -.0445279
   -.0325782
   -.0314727
   -.0466232
   -.0896285
   -.1264579
   -.1398464
   -.1495149
   -.1102539
   -.0670287
   -.0173326
    .0181592
    .0325595
   -.0185189
   -.0468275
   -.0589161
   -.0576816
   -.0455871
   -.0468880
   -.0363097
   -.0268790
   -.0083617
    .0193298
    .0312765
    .0374549
    .0644943
    .0770167
    .0783585
    .0722774
    .0650003
    .0592667
    .0461644
    .0291706
    .0073459
   -.0270504
   -.0483777
   -.0677248
   -.0703720
   -.0620092
   -.0435416
   -.0306598
   -.0082414
    .0098335
    .0261725
    .0460076
    .0517302
    .0512160
    .0360529
    .0198229
    .0054007
   -.0214857
   -.0166493
   -.0099339
   -.0082372
   -.0092186
   -.0173549
   -.0179906
   -.0116138
    .0006378
    .0102480
    .0468973
    .0924090
    .1475993
    .1826908
    .1947738
    .1982115
    .1711182
    .1348775
    .0665621
   -.0310635
   -.0665706
   -.0972165
   -.1156147
   -.1153854
   -.0767658
   -.0577745
   -.0604733
   -.0597334
   -.0780215
   -.0917266
   -.0941596
   -.1082226
   -.1127264
   -.1035860
   -.0731591
   -.0501750
   -.0800298
   -.0906456
   -.1029264
   -.1188202
   -.1477453
   -.1848385
   -.2004288
   -.1857593
   -.1367318
    .0098366
    .1007796
    .1318086
    .1008597
    .0598017
    .0554093
    .0317379
    .0226128
    .0253211
    .0249527
    .1335140
    .1780947
    .1453482
    .0993480
   -.0224049
   -.0962758
   -.1294627
   -.1482556
   -.1448648
   -.1345283
   -.0951944
   -.0432803
   -.0108924
    .0085010
   -.0027935
   -.0525353
   -.0850738
   -.1359845
   -.1612214
   -.1451099
   -.1230861
   -.0993611
   -.0732386
   -.0610369
   -.0653900
   -.0811128
   -.1169906
   -.1327293
   -.0648287
    .0028132
    .0716412
    .1523975
    .2161008
    .2644133
    .2591662
    .2234854
    .0965030
    .0280522
   -.0389722
   -.0448975
   -.0256352
    .0115151
    .0424863
    .1166216
    .1393674
    .1636617
    .1666953
    .1677301
    .1404311
    .1192001
    .0244056
   -.0211621
   -.0292084
   -.0103372
    .0180142
    .0362796
    .0441019
    .0752621
    .0225241
   -.0666088
   -.1219140
   -.1456667
   -.1418799
   -.1092130
   -.0626016
    .0114316
    .0828641
    .0810135
    .0620340
   -.0077569
   -.0888411
   -.1420195
   -.1578975
   -.1455590
   -.1093352
   -.0495258
   -.0259233
   -.0090503
    .0144633
    .0242641
   -.0001466
   -.0610852
   -.0874318
   -.0790523
   -.0650015
   -.0338241
    .0217026
    .0865776
    .1010334
    .1038433
    .0911501
    .0497111
   -.0292362
   -.0616243
   -.0668715
   -.0667561
   -.0590918
   -.0391316
   -.0227486
   -.0000413
    .0200348
    .0167596
    .0022537
   -.0066027
   -.0245103
   -.0285914
   -.0375408
   -.0594194
   -.0512181
   -.0449450
   -.0400125
   -.0472694
   -.0554875
   -.0603699
   -.0630529
   -.0621040
   -.0667878
   -.0594501
   -.0514906
   -.0128000
    .0262477
    .0908762
    .1166425
    .1190255
    .1122002
    .0981760
    .0523332
    .0083650
   -.0426802
   -.0558867
   -.0394917
    .0010134
    .0234650
    .0545666
    .0781077
    .0794163
    .0765084
    .0451703
    .0277735
   -.0153967
   -.0326032
   -.0343091
   -.0165917
    .0013389
    .0403007
    .0608491
    .0550249
    .0268710
   -.0143961
   -.1184309
   -.1450297
   -.1888662
   -.1730018
   -.1063531
   -.0735822
    .0113033
    .0636371
    .0984037
    .0909024
    .0748313
    .0692562
    .0094295
   -.0299424
   -.0500436
   -.0231044
   -.0050133
   -.0126583
   -.0291892
   -.0536112
   -.0779889
   -.1253983
   -.1431755
   -.1558706
   -.1651055
   -.1515195
   -.1045295
   -.0443168
    .0402111
    .0772779
    .1158601
    .1279385
    .0561622
   -.0697118
   -.1050747
   -.1237766
   -.1117484
   -.0567437
   -.0239164
   -.0105990
   -.0454857
   -.0727417
   -.0961801
   -.1039580
   -.0669061
    .0165212
    .0890963
    .1753378
    .2306999
    .2452095
    .2177202
    .1775943
    .1310501
    .0584887
    .0299147
    .0466823
    .0577182
    .0863645
    .1141251
    .1082551
    .0863286
    .0504565
   -.0139832
   -.0608953
   -.0994020
   -.1128944
   -.0908417
   -.0254384
    .0370345
    .0706696
    .0641936
    .0323840
   -.0024641
   -.0384802
   -.0515349
   -.0565255
   -.0436477
   -.0044004
    .0212857
    .0196835
   -.0041761
   -.0259306
   -.0406630
   -.0648987
   -.0802291
   -.0799540
   -.0631058
   -.0385886
   -.0177894
   -.0126209
   -.0243743
   -.0375624
   -.0477281
   -.0661381
   -.0856254
   -.0935633
   -.0791141
   -.0590530
   -.0547233
   -.0618867
   -.0849160
   -.0934307
   -.0947316
   -.0744467
   -.0414564
   -.0076610
    .0538059
    .0810022
    .1094013
    .1262935
    .1112871
    .1048988
    .0796783
    .0502264
    .0511644
    .0697494
    .1134583
    .1606971
    .2055005
    .2453469
    .2516879
    .2510833
    .2290414
    .2011149
    .1496592
    .0940119
    .0894785
    .1195275
    .1515284
    .1412383
    .1123160
    .0613676
    .0090641
   -.0221959
   -.0565373
   -.0776802
   -.0725255
   -.0655174
   -.0443016
   -.0276530
   -.0206701
   -.0225539
   -.0315852
   -.0335551
   -.0334284
   -.0336698
   -.0328613
   -.0248493
   -.0104178
   -.0005556
    .0074839
    .0102589
    .0104606
   -.0108604
   -.0219198
   -.0343147
   -.0412883
   -.0442969
   -.0406351
   -.0310229
   -.0230786
   -.0212583
   -.0235906
   -.0224732
   -.0230459
   -.0267932
   -.0354544
   -.0399832
   -.0420365
   -.0457854
   -.0575258
   -.0701383
   -.0722677
   -.0697341
   -.0602497
   -.0560726
   -.0496918
   -.0499766
   -.0435250
   -.0571267
   -.0646868
   -.0555890
   -.0437181
   -.0142833
    .0163216
    .0503477
    .0557379
    .0510970
    .0169003
   -.0047397
   -.0534745
   -.0765852
   -.0868156
   -.0822017
   -.0490743
   -.0263096
    .0058817
    .0321839
    .0476877
    .0540883
    .0712708
    .0548155
    .0276207
    .0285095
    .0719490
    .1078639
    .1249936
    .1227036
    .1108656
    .0789786
    .0658044
    .0416902
    .0204901
   -.0103277
   -.0156476
    .0014954
    .0311142
    .0536744
    .0652870
    .0841983
    .0995717
    .1135353
    .1101081
    .0975535
    .0820837
    .0586542
    .0344410
    .0161191
   -.0031208
   -.0080125
   -.0166109
   -.0410514
   -.0689868
   -.0921044
   -.1047874
   -.1095393
   -.1078537
   -.0999899
   -.0872833
   -.0724911
   -.0543416
   -.0310092
   -.0087339
    .0112140
    .0249797
    .0351004
    .0513113
    .0714857
    .0960053
    .1178230
    .1330972
    .1428314
    .1467695
    .1410375
    .1265003
    .0955097
    .0520003
    .0128973
   -.0099462
   -.0241992
   -.0235507
   -.0289886
   -.0343464
   -.0402624
   -.0479113
   -.0561225
   -.0599768
   -.0672326
   -.0708438
   -.0698072
   -.0634218
   -.0578364
   -.0580163
   -.0561738
   -.0513440
   -.0514457
   -.0607198
   -.0626297
   -.0571307
   -.0423152
   -.0282256
   -.0122393
   -.0010633
    .0113124
    .0158756
    .0116464
   -.0011788
   -.0104864
   -.0269195
   -.0398079
   -.0446729
   -.0454768
   -.0326271
   -.0153879
    .0014743
    .0106110
    .0011280
   -.0001123
   -.0155073
   -.0316429
   -.0189078
   -.0018099
    .0336624
    .0585443
    .0806083
    .0840715
    .0722269
    .0453728
    .0494923
    .0526811
    .0591745
    .0710729
    .0897246
    .1025414
    .1120239
    .1216087
    .1295034
    .1295301
    .1277801
    .1223960
    .1122898
    .1001299
    .0844218
    .0705438
    .0621591
    .0581587
    .0432980
    .0292615
    .0137540
   -.0038041
   -.0259473
   -.0423853
   -.0532658
   -.0577178
   -.0596617
   -.0578218
   -.0588031
   -.0559467
   -.0558518
   -.0557505
   -.0572731
   -.0624716
   -.0678870
   -.0716233
   -.0727683
   -.0668688
   -.0396391
   -.0216783
    .0043967
    .0105458
   -.0036312
   -.0208417
   -.0430525
   -.0532068
   -.0582107
   -.0454035
   -.0272012
   -.0100782
    .0034218
    .0017050
   -.0059534
   -.0196206
   -.0302841
   -.0467982
   -.0472758
   -.0281599
   -.0055393
    .0528862
    .0673990
    .0717409
    .0581505
    .0326236
   -.0020765
   -.0147884
   -.0287021
   -.0126052
   -.0016010
    .0090226
    .0172632
    .0171369
    .0080693
    .0098441
    .0160143
    .0317378
    .0572349
    .0854124
    .1073784
    .1230923
    .1285863
    .1230920
    .1063369
    .0935400
    .0757265
    .0537819
    .0270333
    .0176593
    .0047417
   -.0071922
   -.0196290
   -.0281748
   -.0341371
   -.0401475
   -.0480049
   -.0530977
   -.0529950
   -.0464733
   -.0262289
   -.0105313
    .0102737
    .0225515
    .0203652
    .0142143
   -.0038447
   -.0280806
   -.0432799
   -.0402744
   -.0258876
   -.0008784
    .0194591
    .0372443
    .0389970
    .0380813
    .0073892
   -.0103149
   -.0069928
    .0007734
    .0092874
    .0196616
    .0351750
    .0464876
    .0514710
    .0345986
    .0098976
   -.0144352
   -.0393280
   -.0583172
   -.0589703
   -.0501482
   -.0304339
   -.0097060
    .0065421
    .0237118
    .0410991
    .0223820
   -.0211512
   -.0384718
   -.0594170
   -.0576595
   -.0478527
   -.0305091
   -.0007289
    .0052707
    .0014381
   -.0062684
   -.0314034
   -.0828602
   -.0980159
   -.1016516
   -.0810510
   -.0594665
   -.0552428
   -.0479144
   -.0477327
   -.0514108
   -.0717297
   -.0762026
   -.0692699
   -.0550583
   -.0442174
   -.0256022
   -.0113616
   -.0029780
    .0003784
    .0038244
    .0104242
    .0107937
    .0123308
    .0132312
    .0189095
    .0191783
    .0219976
    .0327067
    .0433896
    .0474274
    .0604140
    .0597244
    .0569894
    .0567317
    .0605716
    .0685621
    .0837239
    .0986296
    .0934273
    .0827474
    .0619059
    .0300094
   -.0001720
   -.0238836
   -.0370768
   -.0409502
   -.0375616
   -.0278907
   -.0181669
   -.0097664
   -.0067320
   -.0061717
   -.0092940
   -.0031266
   -.0001048
    .0019279
    .0054768
    .0067056
    .0109312
    .0078002
   -.0033141
   -.0077233
   -.0208495
   -.0261313
   -.0359821
   -.0462709
   -.0540989
   -.0623173
   -.0621670
   -.0529881
   -.0394409
   -.0192036
    .0108787
    .0367243
    .0495632
    .0607558
    .0578306
    .0497796
    .0305286
    .0155329
   -.0001001
   -.0189311
   -.0221665
   -.0205339
   -.0191144
   -.0181429
   -.0118983
   -.0169095
   -.0233966
   -.0292232
   -.0236908
   -.0223882
   -.0267885
   -.0025448
    .0420613
    .0821880
    .0873992
    .0616271
    .0020312
   -.0465279
   -.0578073
   -.0581629
   -.0641256
   -.0720177
   -.0659501
   -.0506470
   -.0406587
   -.0463356
   -.0334299
   -.0175293
   -.0204846
   -.0130764
   -.0062925
   -.0034405
   -.0032513
   -.0045919
   -.0198614
   -.0285121
   -.0427237
   -.0563918
   -.0640299
   -.0627981
   -.0596785
   -.0524014
   -.0398218
   -.0262532
   -.0077913
    .0150371
    .0159154
    .0047557
   -.0074326
   -.0171620
   -.0304734
   -.0480636
   -.0459937
   -.0360226
   -.0305389
   -.0234595
   -.0149178
   -.0201887
   -.0550991
   -.0626707
   -.0675584
   -.0448094
   -.0077267
    .0408320
    .0794718
    .1146813
    .1241152
    .1118327
    .0936247
    .0729275
    .0644965
    .0546564
    .0532413
    .0635731
    .0933502
    .1103021
    .1096670
    .0992355
    .0851941
    .0760549
    .0668626
    .0549960
    .0525915
    .0550644
    .0529124
    .0367050
    .0204927
    .0057345
   -.0247430
   -.0806404
   -.1095936
   -.1354578
   -.1581390
   -.1511585
   -.1196397
   -.0749844
   -.0489353
   -.0337912
   -.0307795
   -.0430584
   -.0533680
   -.0680593
   -.0656556
   -.0537589
   -.0252258
   -.0054984
    .0149068
    .0212103
    .0188641
   -.0099203
   -.0330928
   -.0483213
   -.0570392
   -.0535069
   -.0361065
   -.0191618
   -.0016771
    .0096453
    .0178114
    .0382795
    .0281039
    .0273350
    .0170356
    .0012539
   -.0128519
   -.0260881
   -.0339022
   -.0449597
   -.0521813
   -.0761472
   -.0940551
   -.1108643
   -.1242664
   -.1489905
   -.1608813
   -.1614306
   -.1493909
   -.1309419
   -.1056668
   -.0740801
   -.0337949
   -.0143463
    .0058669
    .0205730
    .0311916
    .0452035
    .0440872
    .0276171
    .0299764
    .0314395
    .0311859
    .0242881
   -.0015479
   -.0188078
   -.0310242
   -.0244609
   -.0158113
    .0060749
    .0155110
    .0390948
    .0436658
    .0405130
    .0229429
   -.0069110
   -.0347676
   -.0503800
   -.0578742
   -.0562859
   -.0389459
   -.0240681
    .0008165
    .0215735
    .0345937
    .0371574
    .0395856
    .0467086
    .0467627
    .0515150
    .0578375
    .0664074
    .0749771
    .0844448
    .0837106
    .0678657
    .0153495
   -.0267714
   -.0380772
   -.0453586
   -.0468385
   -.0435111
   -.0083934
    .0033594
    .0337947
    .0630264
    .0717923
    .0977540
    .1073042
    .1038666
    .0824867
    .0401007
    .0183510
   -.0114648
   -.0269754
   -.0443574
   -.0435938
   -.0455030
   -.0456465
   -.0440528
   -.0453786
   -.0452653
   -.0456333
   -.0439301
   -.0270060
   -.0094840
    .0271023
    .0597234
    .0686722
    .0749293
    .0690783
    .0393068
    .0187457
    .0012656
   -.0175939
   -.0260026
   -.0370404
   -.0340421
   -.0360884
   -.0540039
   -.0721039
   -.0824319
   -.0919355
   -.0945672
   -.0927836
   -.0545444
   -.0395489
    .0105158
    .0468591
    .0570841
    .0506452
    .0439765
    .0336001
    .0247190
    .0210891
    .0196185
    .0037270
    .0179283
    .0018261
    .0056125
   -.0040667
   -.0207221
   -.0613181
   -.0463899
   -.0119143
    .0238253
    .0610860
    .1068289
    .1235516
    .1148619
    .0930428
    .0812212
    .0583463
    .0601538
    .0776223
    .1019793
    .0853344
    .0463597
    .0068298
   -.0293909
   -.0744524
   -.0852691
   -.0867817
   -.0666020
   -.0316094
   -.0029109
    .0292295
    .0274683
    .0058607
   -.0092060
   -.0130793
   -.0052579
    .0117630
    .0283588
    .0356993
    .0373746
    .0331643
    .0105218
   -.0018365
   -.0095629
   -.0204923
   -.0249337
   -.0233737
   -.0123256
    .0007349
    .0113921
    .0224974
    .0283367
    .0294093
    .0282622
    .0233690
    .0219095
    .0200547
    .0185130
    .0166376
    .0156049
    .0185987
    .0251927
    .0186909
    .0111512
    .0017105
   -.0033539
   -.0081215
   -.0168379
   -.0189819
   -.0112224
   -.0021361
    .0140189
    .0212383
    .0201612
    .0157858
    .0162260
    .0150198
    .0072751
   -.0002258
   -.0051025
   -.0086417
   -.0164967
   -.0196233
   -.0222959
   -.0295155
   -.0341209
   -.0390027
   -.0399802
   -.0356074
   -.0307925
   -.0214538
   -.0053028
    .0150906
    .0306350
    .0364916
    .0339781
    .0294606
    .0258871
    .0260907
    .0297514
    .0327252
    .0310962
    .0237774
    .0174558
    .0164692
    .0201211
    .0260091
    .0325267
    .0379091
    .0410749
    .0417533
    .0429378
    .0448774
    .0462595
    .0457860
    .0420667
    .0340147
    .0208964
    .0041928
   -.0105838
   -.0219872
   -.0324932
   -.0416830
   -.0485460
   -.0542711
   -.0590026
   -.0603573
   -.0571178
   -.0483038
   -.0331102
   -.0132930
    .0051223
    .0183989
    .0225568
    .0178516
    .0079208
   -.0062151
   -.0204946
   -.0246687
   -.0200325
   -.0116096
   -.0001278
    .0129685
    .0255892
    .0343247
    .0379693
    .0325215
    .0197307
    .0054941
   -.0080488
   -.0169595
   -.0142188
   -.0047129
    .0032670
    .0086544
    .0107929
    .0061573
   -.0033905
   -.0134108
   -.0230441
   -.0322888
   -.0406282
   -.0471962
   -.0511362
   -.0517490
   -.0481269
   -.0408386
   -.0325551
   -.0281345
   -.0284031
   -.0308309
   -.0352930
   -.0417331
   -.0477965
   -.0473391
   -.0379286
   -.0233320
   -.0101798
    .0033861
    .0178900
    .0308857
    .0476090
    .0649775
    .0760778
    .0773561
    .0709902
    .0653062
    .0564261
    .0444908
    .0344302
    .0276838
    .0208534
    .0122876
    .0038834
   -.0035936
   -.0099955
   -.0149429
   -.0178169
   -.0180562
   -.0142022
   -.0048658
    .0075270
    .0160170
    .0190591
    .0192015
    .0155269
    .0063374
   -.0054521
   -.0101421
   -.0063455
    .0002283
    .0086206
    .0173712
    .0199002
    .0173729
    .0158017
    .0143555
    .0116309
    .0085528
    .0054985
    .0038160
    .0069690
    .0131529
    .0194333
    .0285881
    .0399729
    .0486139
    .0489938
    .0425059
    .0336853
    .0238001
    .0134218
    .0047169
   -.0021630
   -.0072179
   -.0073682
   -.0027460
    .0043428
    .0134835
    .0248157
    .0342425
    .0323495
    .0193109
    .0012963
   -.0157359
   -.0218225
   -.0167262
   -.0026220
    .0158749
    .0287736
    .0327228
    .0251548
    .0073350
   -.0143098
   -.0326372
   -.0452921
   -.0485899
   -.0436432
   -.0349455
   -.0225658
   -.0081249
    .0022152
    .0070989
    .0031340
   -.0085700
   -.0217797
   -.0327180
   -.0367346
   -.0359093
   -.0341391
   -.0284360
   -.0190121
   -.0093971
   -.0006461
    .0073958
    .0146049
    .0206742
    .0254678
    .0274249
    .0228963
    .0126050
   -.0003448
   -.0152904
   -.0320631
   -.0495294
   -.0634170
   -.0662015
   -.0587122
   -.0453818
   -.0277541
   -.0107771
    .0021403
    .0060282
    .0009721
   -.0088477
   -.0203760
   -.0278222
   -.0292467
   -.0224383
   -.0107120
    .0031107
    .0170746
    .0201025
    .0110174
   -.0014498
   -.0136050
   -.0242405
   -.0303984
   -.0332551
   -.0354466
   -.0368304
   -.0373164
   -.0374397
   -.0374005
   -.0370334
   -.0364027
   -.0355637
   -.0345730
   -.0334156
   -.0321470
   -.0307500
   -.0292927
   -.0276784
   -.0242484
   -.0187912
   -.0125909
   -.0064721
   -.0011965
    .0034777
    .0082093
    .0132345
    .0169454
    .0162207
    .0119705
    .0067912
    .0010500
   -.0044382
   -.0067173
   -.0064619
   -.0064243
   -.0068781
   -.0069568
   -.0047162
   -.0001416
    .0053773
    .0096689
    .0091021
    .0052555
    .0020769
   -.0009473
   -.0054963
   -.0092904
   -.0070508
    .0015176
    .0107932
    .0143443
    .0156336
    .0196258
    .0240511
    .0274024
    .0294849
    .0308866
    .0342276
    .0395352
    .0448090
    .0496732
    .0541011
    .0578073
    .0612128
    .0642475
    .0653462
    .0641112
    .0595835
    .0513015
    .0418375
    .0284626
    .0143736
    .0045120
   -.0035070
   -.0117917
   -.0180150
   -.0205618
   -.0173540
   -.0118008
   -.0061363
   -.0032817
   -.0031504
   -.0033588
   -.0052497
   -.0090651
   -.0101605
   -.0096557
   -.0116464
   -.0168635
   -.0230569
   -.0265556
   -.0271757
   -.0243322
   -.0200222
   -.0156885
   -.0111978
   -.0065024
   -.0028124
    .0002736
    .0043553
    .0092170
    .0116714
    .0106095
    .0077434
    .0024945
   -.0052431
   -.0101169
   -.0098401
   -.0057692
    .0016121
    .0109058
    .0175389
    .0204535
    .0215534
    .0201506
    .0149250
    .0049834
   -.0072871
   -.0138207
   -.0145118
   -.0154130
   -.0179291
   -.0199274
   -.0232565
   -.0320137
   -.0407342
   -.0424698
   -.0372140
   -.0278195
   -.0162459
   -.0040336
    .0077526
    .0152134
    .0161232
    .0140215
    .0115864
    .0067592
    .0033561
    .0030365
    .0033133
    .0038515
    .0051345
    .0051469
    .0010751
   -.0052232
   -.0117261
   -.0138753
   -.0099471
   -.0027399
    .0047527
    .0080896
    .0082235
    .0082298
    .0078748
    .0060079
    .0036444
    .0040640
    .0072533
    .0107615
    .0141056
    .0176122
    .0212071
    .0247398
    .0282013
    .0315631
    .0347547
    .0377526
    .0405368
    .0431389
    .0455322
    .0477259
    .0491392
    .0485345
    .0461340
    .0427298
    .0384668
    .0332088
    .0267194
    .0190308
    .0105992
    .0025589
   -.0031509
   -.0069132
   -.0101823
   -.0120913
   -.0096584
   -.0028852
    .0061123
    .0148538
    .0188841
    .0190090
    .0189891
    .0190653
    .0184345
    .0172026
    .0155946
    .0133510
    .0102115
    .0059025
    .0000188
   -.0052831
   -.0055517
   -.0024828
   -.0004269
    .0000623
    .0000636
    .0000753
   -.0013894
   -.0080657
   -.0184826
   -.0285432
   -.0373881
   -.0447986
   -.0487093
   -.0456923
   -.0359993
   -.0221588
   -.0072357
    .0029370
    .0077212
    .0095641
    .0069318
   -.0007127
   -.0100341
   -.0136904
   -.0110468
   -.0064088
   -.0000417
    .0094109
    .0221837
    .0356012
    .0421726
    .0408490
    .0357914
    .0278559
    .0163430
    .0038487
   -.0038147
   -.0077788
   -.0091796
   -.0080522
   -.0058145
   -.0054979
   -.0129475
   -.0254323
   -.0362638
   -.0445630
   -.0507956
   -.0538344
   -.0531568
   -.0488474
   -.0406577
   -.0296392
   -.0177821
   -.0068246
    .0013467
    .0071329
    .0108956
    .0106223
    .0069340
    .0025720
    .0026437
    .0087055
    .0170831
    .0250504
    .0294154
    .0300899
    .0291767
    .0268809
    .0223705
    .0153883
    .0077778
    .0045620
    .0059433
    .0085142
    .0115452
    .0151695
    .0198484
    .0242153
    .0237868
    .0189947
    .0136843
    .0102100
    .0084384
    .0071246
    .0058247
    .0041810
    .0014813
   -.0021958
   -.0065832
   -.0100644
   -.0089373
   -.0039833
    .0018218
    .0081366
    .0151690
    .0204341
    .0196064
    .0141431
    .0077328
    .0004973
   -.0061784
   -.0068479
   -.0021139
    .0032215
    .0078140
    .0103277
    .0070704
   -.0007652
   -.0093755
   -.0177884
   -.0248555
   -.0271052
   -.0246963
   -.0202481
   -.0142597
   -.0070563
   -.0009349
    .0021612
    .0013250
   -.0025154
   -.0077325
   -.0128921
   -.0150482
   -.0145341
   -.0138526
   -.0132170
   -.0120595
   -.0106129
   -.0091295
   -.0076057
   -.0059327
   -.0041937
   -.0022997
   -.0002303
    .0022544
    .0056064
    .0098529
    .0149619
    .0193684
    .0198664
    .0171673
    .0139433
    .0105728
    .0064571
    .0015061
   -.0025715
   -.0021064
    .0017253
    .0052592
    .0078442
    .0101883
    .0125618
    .0152053
    .0165390
    .0128245
    .0052424
   -.0025221
   -.0094202
   -.0142815
   -.0141130
   -.0097944
   -.0043413
    .0013342
    .0066543
    .0115645
    .0165308
    .0200778
    .0186541
    .0126414
    .0048474
   -.0021164
   -.0043812
   -.0028717
   -.0006225
    .0024210
    .0069989
    .0116331
    .0129255
    .0114823
    .0101749
    .0095629
    .0092226
    .0093685
    .0099651
    .0106152
    .0111999
    .0114242
    .0118464
    .0140917
    .0173908
    .0199181
    .0212366
    .0215397
    .0209201
    .0194959
    .0174370
    .0149187
    .0117556
    .0064937
   -.0011067
   -.0087363
   -.0130095
   -.0138518
   -.0117257
   -.0068264
   -.0037929
   -.0037174
   -.0036309
   -.0033110
   -.0039502
   -.0046572
   -.0025425
    .0017138
    .0056884
    .0079604
    .0072028
    .0055348
    .0054434
    .0061474
    .0074640
    .0113055
    .0151766
    .0159999
    .0115433
    .0029539
   -.0059978
   -.0141575
   -.0215553
   -.0267898
   -.0283974
   -.0258200
   -.0235537
   -.0239451
   -.0239110
   -.0227521
   -.0217068
   -.0210503
   -.0207930
   -.0211814
   -.0216273
   -.0174274
   -.0063396
    .0093023
    .0254814
    .0359841
    .0404694
    .0415323
    .0379702
    .0303377
    .0264446
    .0275300
    .0282548
    .0294787
    .0323896
    .0339942
    .0295822
    .0206542
    .0113824
    .0025285
   -.0061155
   -.0128857
   -.0144734
   -.0115910
   -.0072213
   -.0021689
    .0020513
    .0015543
   -.0027494
   -.0074429
   -.0119903
   -.0167449
   -.0208057
   -.0221414
   -.0207868
   -.0181608
   -.0145663
   -.0098369
   -.0042597
    .0018458
    .0083839
    .0140572
    .0160986
    .0150171
    .0128852
    .0098001
    .0066047
    .0065549
    .0087375
    .0098851
    .0105862
    .0116285
    .0124567
    .0119407
    .0069307
   -.0025409
   -.0135520
   -.0241936
   -.0322243
   -.0375151
   -.0412870
   -.0432703
   -.0425501
   -.0384297
   -.0307131
   -.0212165
   -.0151134
   -.0124507
   -.0103443
   -.0106547
   -.0141246
   -.0173393
   -.0146473
   -.0074701
   -.0002687
    .0072000
    .0128234
    .0124951
    .0116594
    .0150710
    .0217115
    .0296597
    .0322546
    .0290479
    .0247002
    .0222069
    .0247911
    .0287771
    .0311188
    .0301957
    .0255832
    .0172655
    .0069267
   -.0000985
   -.0021749
   -.0004995
    .0039136
    .0056363
    .0036115
    .0012056
   -.0012709
   -.0045596
   -.0072691
   -.0066953
   -.0037584
   -.0010260
    .0011744
    .0034906
    .0060003
    .0072990
    .0052926
    .0019670
    .0001660
    .0004607
    .0030945
    .0073790
    .0121058
    .0167648
    .0212287
    .0252412
    .0285426
    .0309726
    .0324215
    .0325865
    .0312908
    .0286958
    .0256667
    .0234742
    .0221526
    .0204173
    .0185550
    .0148213
    .0113583
    .0088186
    .0061307
    .0033276
    .0008301
   -.0013776
   -.0049156
   -.0103085
   -.0167086
   -.0232644
   -.0294341
   -.0345318
   -.0376628
   -.0379885
   -.0359732
   -.0341247
   -.0323325
   -.0286451
   -.0249151
   -.0218538
   -.0188836
   -.0161552
   -.0133321
   -.0079850
   -.0000960
    .0084028
    .0161496
    .0211296
    .0227899
    .0216372
    .0173434
    .0107260
    .0052333
    .0003295
   -.0066229
   -.0121179
   -.0146285
   -.0152545
   -.0164207
   -.0225559
   -.0313770
   -.0380126
   -.0414936
   -.0423629
   -.0395901
   -.0316472
   -.0207571
   -.0111164
   -.0054042
   -.0017821
    .0019745
    .0057319
    .0091201
    .0122840
    .0151611
    .0173346
    .0184890
    .0182548
    .0162686
    .0133178
    .0123514
    .0135504
    .0146916
    .0151939
    .0154123
    .0154157
    .0151676
    .0147184
    .0141542
    .0135911
    .0130424
    .0127127
    .0121714
    .0099785
    .0063079
    .0022357
   -.0019319
   -.0062413
   -.0105918
   -.0148780
   -.0190672
   -.0230040
   -.0252529
   -.0230248
   -.0163618
   -.0070271
    .0025059
    .0078289
    .0093192
    .0101054
    .0103276
    .0087992
    .0049580
    .0004028
    .0001581
    .0045117
    .0097880
    .0150389
    .0201745
    .0253582
    .0290933
    .0278805
    .0231887
    .0185951
    .0145688
    .0121923
    .0149350
    .0209250
    .0256206
    .0279519
    .0283288
    .0261228
    .0207721
    .0133434
    .0047470
   -.0047761
   -.0146979
   -.0230111
   -.0271198
   -.0278722
   -.0262285
   -.0221735
   -.0198945
   -.0206882
   -.0215804
   -.0215834
   -.0212869
   -.0207334
   -.0198550
   -.0187083
   -.0173398
   -.0158537
   -.0142921
   -.0128560
   -.0115866
   -.0107727
   -.0101543
   -.0076235
   -.0035527
    .0000419
    .0018109
    .0006513
   -.0017489
   -.0034561
   -.0043995
   -.0047866
   -.0042617
   -.0026746
   -.0001746
    .0035097
    .0076109
    .0106359
    .0116443
    .0104311
    .0072556
    .0025348
   -.0030372
   -.0069156
   -.0077289
   -.0062621
   -.0034962
   -.0021519
   -.0026637
   -.0033279
   -.0039745
   -.0050790
   -.0068692
   -.0095661
   -.0117710
   -.0098341
   -.0039398
    .0014861
    .0027569
    .0019190
    .0018516
    .0024765
    .0030531
    .0032632
    .0037499
    .0063569
    .0105653
    .0144027
    .0172742
    .0187117
    .0169975
    .0103029
   -.0000659
   -.0090050
   -.0142129
   -.0157904
   -.0138624
   -.0128766
   -.0139472
   -.0139864
   -.0125716
   -.0111942
   -.0096107
   -.0059798
   -.0006295
    .0051835
    .0114160
    .0174250
    .0214950
    .0234474
    .0240889
    .0231662
    .0202010
    .0150046
    .0089684
    .0067746
    .0090125
    .0125586
    .0150654
    .0139143
    .0109504
    .0089123
    .0076133
    .0077431
    .0106221
    .0132853
    .0114224
    .0066254
    .0046080
    .0046100
    .0062195
    .0060589
    .0031916
   -.0007235
   -.0039526
   -.0058987
   -.0058995
   -.0039698
   -.0023668
   -.0017287
   -.0007470
    .0006811
    .0022204
    .0036777
    .0047822
    .0053056
    .0050289
    .0036708
    .0008642
   -.0029419
   -.0057783
   -.0072208
   -.0079141
   -.0063420
   -.0021580
    .0033611
    .0084463
    .0109507
    .0124771
    .0150550
    .0167431
    .0170701
    .0163190
    .0156186
    .0189216
    .0249301
    .0292108
    .0306955
    .0298377
    .0261320
    .0192687
    .0117306
    .0057278
    .0028801
    .0032735
    .0057927
    .0098718
    .0147612
    .0185336
    .0212371
    .0240408
    .0266960
    .0288451
    .0305853
    .0317402
    .0319927
    .0311624
    .0289227
    .0247345
    .0194848
    .0169095
    .0173183
    .0179139
    .0178784
    .0172822
    .0157519
    .0137269
    .0117976
    .0103332
    .0087430
    .0051970
    .0004321
   -.0036259
   -.0066472
   -.0093270
   -.0118633
   -.0137359
   -.0143859
   -.0127353
   -.0097139
   -.0069224
   -.0047259
   -.0032177
   -.0021276
   -.0008879
    .0006663
    .0024513
    .0043952
    .0064283
    .0084337
    .0103185
    .0119733
    .0132629
    .0140211
    .0139720
    .0127627
    .0103025
    .0084162
    .0073602
    .0053768
    .0016425
   -.0036235
   -.0089636
   -.0130350
   -.0153548
   -.0174820
   -.0193915
   -.0206976
   -.0216320
   -.0221806
   -.0223698
   -.0221168
   -.0211259
   -.0197068
   -.0191434
   -.0194419
   -.0196501
   -.0191691
   -.0176769
   -.0151184
   -.0114057
   -.0068768
   -.0027171
    .0006033
    .0034158
    .0054837
    .0062212
    .0054364
    .0035632
    .0022900
    .0018576
    .0011202
    .0001843
   -.0006663
   -.0013714
   -.0012008
   -.0000509
    .0017821
    .0043649
    .0066528
    .0062479
    .0036109
    .0007543
   -.0018663
   -.0036984
   -.0031888
   -.0011131
    .0006503
    .0017583
    .0024792
    .0029397
    .0033752
    .0033084
    .0018894
    .0001674
   -.0008492
   -.0012196
   -.0011126
   -.0001566
    .0006524
    .0016223
    .0021613
    .0019421
    .0013104
    .0004542
   -.0006367
   -.0019686
   -.0035687
   -.0053932
   -.0070338
   -.0077167
   -.0073125
   -.0061391
   -.0042554
   -.0021707
   -.0014238
   -.0018673
   -.0024681
   -.0033061
   -.0049330
   -.0067118
   -.0075637
   -.0090458
   -.0128427
   -.0179018
   -.0233647
   -.0298142
   -.0318816
   -.0294542
   -.0254712
   -.0214545
   -.0191381
   -.0167721
   -.0140222
   -.0112014
   -.0085157
   -.0059097
   -.0036253
   -.0018298
   -.0007580
   -.0006146
   -.0016607
   -.0041587
   -.0072451
   -.0087117
   -.0083989
   -.0078277
   -.0071018
   -.0056422
   -.0031409
    .0015167
    .0084539
    .0151872
    .0170979
    .0146043
    .0110921
    .0070839
    .0022536
   -.0035346
   -.0087605
   -.0093778
   -.0058387
   -.0015180
    .0030369
    .0084107
    .0145447
    .0194244
    .0196447
    .0170144
    .0152832
    .0146566
    .0141635
    .0129501
    .0107023
    .0094344
    .0129659
    .0195686
    .0251762
    .0289856
    .0303542
    .0265912
    .0184796
    .0098249
    .0036730
   -.0008414
   -.0053373
   -.0095006
   -.0126827
   -.0147249
   -.0155265
   -.0151067
   -.0139241
   -.0126640
   -.0109084
   -.0088712
   -.0070262
   -.0055120
   -.0044826
   -.0036290
   -.0032799
   -.0038500
   -.0045111
   -.0053224
   -.0063860
   -.0076032
   -.0085689
   -.0082200
   -.0059118
   -.0018507
    .0026483
    .0052973
    .0053925
    .0030401
   -.0014314
   -.0052707
   -.0075636
   -.0099246
   -.0124337
   -.0142876
   -.0150234
   -.0142853
   -.0118006
   -.0088227
   -.0084975
   -.0103343
   -.0118013
   -.0124470
   -.0125308
   -.0123850
   -.0116571
   -.0084113
   -.0030817
    .0022072
    .0066084
    .0091949
    .0084072
    .0051246
    .0011225
   -.0034645
   -.0081590
   -.0104600
   -.0100042
   -.0084944
   -.0063554
   -.0040900
   -.0033867
   -.0039561
   -.0043784
   -.0046731
   -.0050693
   -.0055191
   -.0059466
   -.0064748
   -.0071830
   -.0081982
   -.0091440
   -.0088831
   -.0074000
   -.0054246
   -.0039101
   -.0041800
   -.0049739
   -.0051106
   -.0044163
   -.0032014
   -.0018645
   -.0004588
    .0011203
    .0028263
    .0046193
    .0064633
    .0083029
    .0100443
    .0115827
    .0128493
    .0136057
    .0136124
    .0132694
    .0123191
    .0114221
    .0113815
    .0110638
    .0101662
    .0089018
    .0074584
    .0059680
    .0045676
    .0032990
    .0022264
    .0012164
    .0002413
   -.0006618
   -.0014257
   -.0019147
   -.0022905
   -.0035656
   -.0058688
   -.0089302
   -.0118566
   -.0129319
   -.0124453
   -.0123885
   -.0127585
   -.0098377
   -.0036122
    .0034307
    .0066847
    .0084290
    .0097522
    .0112800
    .0105193
    .0088381
    .0068731
    .0046151
    .0025260
    .0016467
    .0019643
    .0027845
    .0038115
    .0045212
    .0038118
    .0006277
   -.0049355
   -.0116266
   -.0177289
   -.0229853
   -.0275811
   -.0302898
   -.0291301
   -.0253592
   -.0248942
   -.0234227
   -.0221626
   -.0188326
   -.0140228
   -.0084387
   -.0022163
    .0043894
    .0109083
    .0159719
    .0180066
    .0179269
    .0158512
    .0146146
    .0162079
    .0179500
    .0189419
    .0194344
    .0195068
    .0191960
    .0185325
    .0176243
    .0164549
    .0150668
    .0135328
    .0118916
    .0101892
    .0084664
    .0065353
    .0037242
   -.0001148
   -.0045361
   -.0088556
   -.0120113
   -.0140035
   -.0151649
   -.0153284
   -.0138425
   -.0110539
   -.0096640
   -.0094377
   -.0081520
   -.0057059
   -.0028879
   -.0001559
    .0027215
    .0069331
    .0120595
    .0164882
    .0191024
    .0189696
    .0162350
    .0115965
    .0058605
    .0020713
    .0021071
    .0047836
    .0088694
    .0118469
    .0133441
    .0149874
    .0167851
    .0179892
    .0174135
    .0149073
    .0111299
    .0074822
    .0067329
    .0083127
    .0098604
    .0110553
    .0123379
    .0138076
    .0157124
    .0170045
    .0149315
    .0098515
    .0041132
   -.0014026
   -.0057804
   -.0070922
   -.0059105
   -.0039779
   -.0014809
    .0019666
    .0063886
    .0105034
    .0117629
    .0104416
    .0084522
    .0060558
    .0041681
    .0046153
    .0057999
    .0056275
    .0041956
    .0021818
   -.0002192
   -.0027197
   -.0051037
   -.0071241
   -.0083514
   -.0089981
   -.0100611
   -.0116023
   -.0133321
   -.0149841
   -.0161498
   -.0167271
   -.0166721
   -.0152643
   -.0125258
   -.0104748
   -.0092239
   -.0074396
   -.0052785
   -.0035953
   -.0020106
    .0010202
    .0050703
    .0083785
    .0100960
    .0103152
    .0097876
    .0089896
    .0080379
    .0068471
    .0054856
    .0040259
    .0025583
    .0012880
    .0005692
    .0002810
    .0000654
   -.0001400
   -.0002430
   -.0002857
   -.0003002
   -.0002739
   -.0001176
    .0001509
    .0005587
    .0011474
    .0019265
    .0029608
    .0039225
    .0039197
    .0030939
    .0020709
    .0009418
   -.0003276
   -.0013572
   -.0014072
   -.0006891
    .0001431
    .0010902
    .0022193
    .0035242
    .0049781
    .0065948
    .0079962
    .0083889
    .0078517
    .0069936
    .0058790
    .0043875
    .0025365
    .0007432
   -.0002349
   -.0006115
   -.0010004
   -.0013491
   -.0016011
   -.0017511
   -.0018470
   -.0018611
   -.0018686
   -.0017440
   -.0014707
   -.0010345
   -.0003874
    .0004964
    .0016844
    .0028619
    .0033237
    .0032085
    .0030117
    .0027457
    .0023079
    .0018297
    .0012551
    .0006426
    .0000746
   -.0003576
   -.0007685
   -.0011976
   -.0015939
   -.0018940
   -.0022848
   -.0027366
   -.0031901
   -.0036219
   -.0039948
   -.0043925
   -.0047916
   -.0051565
   -.0056026
   -.0059863
   -.0058055
   -.0052561
   -.0049284
   -.0046990
   -.0045757
   -.0044502
   -.0044291
   -.0042247
   -.0037826
   -.0029735
   -.0019737
   -.0014690
   -.0018878
   -.0024954
   -.0025813
   -.0021760
   -.0016601
   -.0008342
   -.0000222
    .0008250
    .0014281
    .0017132
    .0013888
    .0016512
    .0020589
    .0018606
    .0019582
    .0023709
    .0029488
    .0034953
    .0039059
    .0040709
    .0039429
    .0036411
    .0031589
    .0025846
    .0019362
    .0012398
    .0004981
   -.0002801
   -.0010542
   -.0017800
   -.0024970
   -.0032214
   -.0039256
   -.0045626
   -.0050877
   -.0055415
   -.0060361
   -.0066584
   -.0074153
   -.0082289
   -.0090543
   -.0100028
   -.0111641
   -.0125750
   -.0141244
   -.0157591
   -.0170277
   -.0173048
   -.0162148
   -.0140232
   -.0120390
   -.0098112
   -.0062744
   -.0022277
    .0013401
    .0049514
    .0064187
    .0050591
    .0038616
    .0029725
    .0026778
    .0024194
    .0020500
    .0015937
    .0010298
    .0003438
   -.0004412
   -.0012685
   -.0020957
   -.0029286
   -.0037521
   -.0045399
   -.0053098
   -.0060590
   -.0067477
   -.0072791
   -.0076634
   -.0080365
   -.0085234
   -.0091331
   -.0098932
   -.0108005
   -.0117319
   -.0127207
   -.0137874
   -.0147639
   -.0153317
   -.0152200
   -.0140053
   -.0119585
   -.0096199
   -.0061609
   -.0010798
    .0056455
    .0092224
    .0109338
    .0117397
    .0122391
    .0108201
    .0102141
    .0104134
    .0112680
    .0119356
    .0124548
    .0128307
    .0128118
    .0121436
    .0106026
    .0081440
    .0050858
    .0025477
    .0007826
   -.0007922
   -.0021410
   -.0029048
   -.0028269
   -.0016742
   -.0000484
    .0001762
   -.0009431
   -.0019516
   -.0025928
   -.0031086
   -.0035375
   -.0039335
   -.0039497
   -.0026669
   -.0003272
    .0021811
    .0046145
    .0070230
    .0092902
    .0113111
    .0127451
    .0129121
    .0119739
    .0103647
    .0080491
    .0051124
    .0021721
    .0003415
   -.0007281
   -.0020271
   -.0034964
   -.0048893
   -.0062221
   -.0074403
   -.0083734
   -.0088846
   -.0088628
   -.0087405
   -.0094825
   -.0106352
   -.0112161
   -.0111531
   -.0106619
   -.0097610
   -.0085483
   -.0071661
   -.0056879
   -.0042009
   -.0028131
   -.0016581
   -.0008379
   -.0003157
    .0000739
    .0005056
    .0009456
    .0014311
    .0015737
    .0009434
    .0002378
   -.0007252
   -.0012745
   -.0015624
   -.0015163
   -.0011941
   -.0012240
   -.0014076
   -.0012840
   -.0010646
   -.0007268
   -.0002348
    .0003832
    .0010811
    .0018523
    .0026699
    .0034875
    .0042620
    .0049698
    .0055747
    .0060725
    .0064623
    .0067399
    .0068902
    .0069027
    .0067849
    .0065653
    .0062666
    .0057929
    .0051783
    .0048125
    .0047491
    .0047388
    .0047339
    .0047466
    .0047772
    .0048096
    .0048595
    .0049436
    .0050565
    .0052020
    .0053801
    .0056515
    .0060154
    .0065058
    .0069234
    .0067599
    .0060830
    .0052784
    .0044428
    .0036198
    .0027930
    .0018907
    .0008588
   -.0000071
   -.0000470
    .0006473
    .0016093
    .0027940
    .0042610
    .0055800
    .0058474
    .0053079
    .0047643
    .0043314
    .0038771
    .0033770
    .0028266
    .0024182
    .0026098
    .0033185
    .0041663
    .0050422
    .0059749
    .0069489
    .0079347
    .0089152
    .0098756
    .0108234
    .0117374
    .0125951
    .0131524
    .0130167
    .0122978
    .0112584
    .0099254
    .0082709
    .0063604
    .0046269
    .0038949
    .0039410
    .0040851
    .0043224
    .0048540
    .0057448
    .0065553
    .0062403
    .0049821
    .0036816
    .0025238
    .0014563
    .0007114
    .0006482
    .0010661
    .0015661
    .0021438
    .0028559
    .0036276
    .0044223
    .0052327
    .0060324
    .0068015
    .0075344
    .0081955
    .0087594
    .0090893
    .0087272
    .0076595
    .0062234
    .0051498
    .0049359
    .0046119
    .0041539
    .0035040
    .0027462
    .0018803
    .0010885
    .0007236
    .0007074
    .0006358
    .0004500
    .0003104
    .0002498
    .0002313
    .0002395
    .0002523
    .0002535
    .0002365
    .0002091
    .0001758
    .0001385
    .0000970
    .0000540
   -.0000092
    .0000160
    .0004127
    .0011921
    .0021679
    .0030690
    .0034355
    .0033675
    .0032374
    .0031054
    .0027450
    .0021766
    .0019926
    .0022949
    .0027054
    .0031018
    .0035191
    .0039555
    .0042981
    .0043781
    .0042795
    .0041435
    .0039675
    .0037328
    .0034703
    .0031892
    .0029012
    .0026086
    .0023146
    .0020092
    .0016849
    .0013435
    .0009674
    .0006552
    .0007214
    .0011364
    .0016651
    .0022114
    .0026558
    .0027604
    .0026399
    .0025257
    .0024075
    .0022219
    .0020470
    .0019179
    .0017956
    .0016884
    .0016013
    .0015200
    .0014359
    .0013488
    .0012701
    .0011877
    .0011159
    .0011807
    .0013810
    .0016018
    .0017868
    .0018782
    .0018179
    .0017096
    .0016444
    .0016080
    .0015893
    .0015868
    .0016127
    .0016740
    .0017599
    .0018622
    .0019664
    .0020575
    .0021100
    .0021197
    .0021002
    .0020573
    .0019977
    .0019315
    .0018681
    .0018163
    .0017785
    .0017486
    .0017137
    .0016655
    .0016088
    .0015501
    .0014939
    .0014472
    .0014250
    .0014371
    .0014666
    .0014833
    .0014674
    .0014364
    .0014029
    .0013670
    .0013337
    .0013013
    .0012721
    .0012428
    .0012188
    .0011949
    .0011765
    .0011563
    .0011408
    .0011235
    .0011121
    .0010988
    .0010969
    .0011030
    .0011187
    .0011342
    .0011534
    .0011715
    .0011924
    .0012119
    .0012340
    .0012570
    .0012842
    .0013159
    .0013535
    .0013926
    .0014295
    .0014625
    .0014909
    .0015178
    .0015426
    .0015681
    .0015919
    .0016153
    .0016352
    .0016557
    .0016747
    .0016952
    .0017152
    .0017378
    .0017606
    .0017858
    .0018109
    .0018381
    .0018652
    .0018942
    .0019232
    .0019541
    .0019859
    .0020205
    .0020554
    .0020911
    .0021275
    .0021651
    .0022040
    .0022427
    .0022823
    .0023209
    .0023611
    .0023991
    .0024397
    .0024772
    .0025184
    .0025555
    .0025968
    .0026315
    .0026729
    .0027077
    .0027515
    .0027865
    .0028330
    .0028684
    .0029181
    .0029542
    .0030075
    .0030435
    .0031005
    .0031360
    .0031973
    .0032321
    .0032985
    .0033320
    .0034046
    .0034366
    .0035169
    .0035466
    .0036368
    .0036633
    .0037666
    .0037885
    .0039097
    .0039249
    .0040720
    .0040764
    .0042640
    .0042490
    .0045060
    .0044376
    .0048201
    .0045764
    .0057858