    .0082496
    .0083857
    .0122442
    .0153145
    .0129545
    .0057294
   -.0035313
   -.0083817
   -.0073428
   -.0017142
    .0046679
    .0101620
    .0139066
    .0167269
    .0200503
    .0241670
    .0278175
    .0286669
    .0249461
    .0169944
    .0078394
    .0005099
   -.0023285
   -.0021521
   -.0032100
   -.0061831
   -.0126495
   -.0255794
   -.0425175
   -.0569078
   -.0641291
   -.0622789
   -.0528539
   -.0383472
   -.0211295
   -.0011372
    .0203408
    .0419186
    .0608524
    .0740783
    .0792045
    .0762911
    .0667831
    .0525707
    .0351018
    .0163401
   -.0011610
   -.0152136
   -.0245302
   -.0285652
   -.0280321
   -.0247661
   -.0217621
   -.0195905
   -.0166427
   -.0114754
   -.0050725
    .0012378
    .0063704
    .0105284
    .0146402
    .0202797
    .0280459
    .0371353
    .0451614
    .0498634
    .0506662
    .0486067
    .0445615
    .0389630
    .0318506
    .0242959
    .0167612
    .0088070
   -.0001885
   -.0094693
   -.0176482
   -.0227711
   -.0232796
   -.0184990
   -.0110938
   -.0043895
   -.0004647
    .0001968
   -.0026833
   -.0079664
   -.0115900
   -.0068530
    .0095565
    .0326199
    .0546743
    .0710093
    .0752040
    .0651920
    .0457155
    .0237598
    .0042346
   -.0106293
   -.0215645
   -.0308575
   -.0408928
   -.0511895
   -.0594643
   -.0634131
   -.0615804
   -.0529881
   -.0378243
   -.0174718
    .0053920
    .0266700
    .0418757
    .0475305
    .0417278
    .0253470
    .0021194
   -.0218299
   -.0403360
   -.0494723
   -.0481959
   -.0378451
   -.0219745
   -.0047909
    .0107760
    .0244046
    .0377575
    .0528466
    .0702981
    .0882133
    .1020497
    .1061244
    .0976068
    .0785060
    .0536634
    .0276656
    .0024892
   -.0221113
   -.0467722
   -.0705180
   -.0899664
   -.1000214
   -.0972737
   -.0829062
   -.0632587
   -.0454834
   -.0329691
   -.0233491
   -.0110527
    .0079193
    .0323896
    .0568469
    .0749286
    .0824618
    .0785031
    .0658653
    .0493989
    .0329572
    .0172000
    .0003514
   -.0186214
   -.0380325
   -.0547366
   -.0664276
   -.0727884
   -.0742248
   -.0704053
   -.0604503
   -.0436548
   -.0215335
    .0012479
    .0188744
    .0266994
    .0222223
    .0059735
   -.0192579
   -.0490475
   -.0786913
   -.1053519
   -.1287088
   -.1488007
   -.1644375
   -.1739927
   -.1762729
   -.1705789
   -.1574370
   -.1382804
   -.1156878
   -.0940581
   -.0781888
   -.0697355
   -.0661869
   -.0640178
   -.0641228
   -.0674781
   -.0706502
   -.0713901
   -.0701403
   -.0683698
   -.0671137
   -.0669330
   -.0679312
   -.0699831
   -.0731674
   -.0779315
   -.0826725
   -.0820839
   -.0785506
   -.0713680
   -.0572957
   -.0381313
   -.0159384
    .0084857
    .0350054
    .0634251
    .0937425
    .1254099
    .1574441
    .1890624
    .2198762
    .2494600
    .2775131
    .3050433
    .3326636
    .3600917
    .3864077
    .4100034
    .4298503
    .4463837
    .4601588
    .4711078
    .4785734
    .4817551
    .4801531
    .4731492
    .4610386
    .4459259
    .4306638
    .4169604
    .4051750
    .3959663
    .3895698
    .3852907
    .3828288
    .3817718
    .3808498
    .3785652
    .3744757
    .3679119
    .3573441
    .3411050
    .3164202
    .2803580
    .2344805
    .1836695
    .1308643
    .0820580
    .0139250
   -.0511326
   -.0755684
   -.1454065
   -.1397268
   -.1098805
   -.0862322
    .0161813
    .0984903
    .1598390
    .2135720
    .2787059
    .3095024
    .2779981
    .2684762
    .2702965
    .1868041
    .1592706
    .1169153
    .1126257
    .0608012
    .0268692
    .0014322
   -.0236658
   -.0342316
   -.0597339
   -.0605496
   -.0410588
   -.0251009
    .0066923
    .0290424
    .0156096
   -.0584401
   -.1596606
   -.2414748
   -.3190185
   -.4369002
   -.5776750
   -.7225723
   -.7759482
   -.8339932
   -.8615812
   -.8763606
   -.8757742
   -.8470164
   -.8159761
   -.6716392
   -.5870869
   -.5242999
   -.4839502
   -.4449300
   -.3303416
   -.2211012
   -.1581896
    .0081722
    .0818712
    .1252493
    .1067593
    .0722972
   -.1132138
   -.2332285
   -.4302902
   -.5731833
   -.6370655
   -.6521655
   -.6740497
   -.7070415
   -.6419194
   -.6038158
   -.5811433
   -.5151267
   -.4835835
   -.4401024
   -.3386073
   -.3046888
   -.2147381
   -.1545539
   -.1220199
   -.0963269
   -.0305148
    .0229210
    .0854148
    .1354640
    .1541155
    .0964323
    .1196069
    .1175552
    .1313454
    .0764955
   -.0353576
   -.0621215
   -.0721196
   -.1038351
   -.1326189
   -.1504513
   -.1934557
   -.1992150
   -.1484040
   -.1443325
   -.1078976
   -.0699856
    .0121099
    .0411271
    .0623460
    .0877767
    .1452491
    .1905014
    .2751622
    .2710922
    .2432520
    .2448979
    .2580698
    .2465048
    .2588045
    .3033340
    .3244893
    .3581556
    .3723090
    .3611024
    .3632138
    .3592658
    .3502468
    .3144334
    .2869497
    .2288033
    .1449579
    .0863301
   -.1237630
   -.1862404
   -.2289485
   -.2461010
   -.2638164
   -.2734103
   -.2710953
   -.2519879
   -.1756125
   -.1272499
   -.1133873
   -.0531894
   -.0449113
   -.0426621
   -.0296996
    .0190604
    .0188712
    .0177744
    .0381645
    .0380402
    .0200903
    .0155028
    .0075393
   -.0148062
   -.0274637
   -.0693212
   -.1123220
   -.1309911
   -.1493180
   -.1594267
   -.1835908
   -.2004994
   -.2071251
   -.2095933
   -.2094625
   -.2041322
   -.1930195
   -.1742772
   -.1584667
   -.1480594
   -.1289653
   -.1188504
   -.0968424
   -.0844366
   -.0690655
   -.0593461
   -.0529119
   -.0454855
   -.0205502
   -.0138109
   -.0077037
   -.0004712
    .0083309
    .0347334
    .0418931
    .0449476
    .0530346
    .0492055
    .0431296
    .0334061
    .0186217
    .0101757
   -.0018435
   -.0229549
   -.0342768
   -.0391554
   -.0417515
   -.0410184
   -.0358463
   -.0268446
   -.0165484
   -.0024609
    .0158123
    .0336140
    .0610392
    .0751168
    .0937080
    .1116358
    .1256219
    .1386882
    .1522899
    .1602430
    .1679803
    .1723648
    .1700750
    .1681098
    .1695445
    .1655804
    .1606172
    .1572817
    .1548101
    .1522007
    .1480877
    .1453600
    .1402843
    .1388671
    .1354115
    .1367798
    .1348625
    .1355965
    .1346763
    .1376197
    .1416121
    .1466118
    .1519009
    .1573612
    .1606029
    .1665205
    .1741035
    .1826799
    .1925526
    .1992552
    .2077050
    .2156137
    .2219334
    .2259268
    .2301129
    .2364619
    .2434095
    .2483065
    .2531803
    .2543828
    .2681041
    .2683859
    .2662990
    .2632136
    .2538861
    .2524684
    .2455637
    .2314043
    .2206575
    .1896822
    .1311923
    .1013438
    .0778020
    .0625464
    .0459937
    .0377213
    .0294675
   -.0128410
   -.0196614
   -.0013994
    .0012512
    .0127471
    .0344399
    .0488867
    .1165386
    .1288813
    .1592524
    .1671685
    .1852103
    .1942180
    .2054626
    .2069897
    .1810476
    .1644286
    .1435960
    .0956177
    .0724489
    .0312984
   -.0015428
   -.0230644
   -.0746361
   -.0939156
   -.1158018
   -.1011877
   -.1093342
   -.1050631
   -.0880933
   -.0547337
   -.0518557
   -.0474993
   -.0453128
   -.0445656
   -.0476935
   -.0591515
   -.0697085
   -.0749097
   -.0814346
   -.0889172
   -.0894519
   -.0868622
   -.0966058
   -.0842048
   -.0803127
   -.0760892
   -.0678764
   -.0567654
   -.0495450
   -.0392707
   -.0197539
   -.0145639
    .0001253
   -.0342019
   -.0447665
   -.0600759
   -.0879831
   -.0989062
   -.1170682
   -.1315479
   -.1407121
   -.1471587
   -.1533535
   -.1612333
   -.1624520
   -.1558401
   -.1447570
   -.1342521
   -.1265534
   -.1277415
   -.1053434
   -.0781461
   -.0594784
   -.0388634
   -.0236872
   -.0156694
   -.0036937
    .0082029
    .0169460
    .0237689
    .0332007
    .0338753
    .0437243
    .0444449
    .0434019
    .0353639
    .0188829
    .0024284
   -.0118272
   -.0312817
   -.0438863
   -.0606771
   -.0798398
   -.0960525
   -.1042326
   -.1145256
   -.1135034
   -.1110280
   -.0776622
   -.0625080
   -.0449474
   -.0392186
    .0001231
    .0233338
    .0758960
    .0977442
    .1087758
    .0825652
    .0715320
    .0608490
    .0474024
    .0386309
    .0461669
    .0600944
    .1139678
    .1355504
    .1559601
    .1596693
    .1690894
    .1714433
    .1847075
    .1871541
    .1818365
    .1741330
    .1717254
    .1579703
    .1439383
    .1280747
    .0838588
    .0566700
    .0438496
    .0213429
    .0034960
   -.0011864
    .0064810
    .0090210
    .0139297
    .0281823
    .0495917
    .0702655
    .0990887
    .1101755
    .1218156
    .1385701
    .1567265
    .1706447
    .1851152
    .1968153
    .2040981
    .2008079
    .1963139
    .1860560
    .1630007
    .1484238
    .0907893
    .0737316
    .0467973
    .0206340
    .0095171
   -.0080605
   -.0247244
   -.0260676
   -.0114892
   -.0040893
   -.0012010
    .0123671
    .0200942
    .0159616
    .0131918
    .0105377
   -.0016569
   -.0071947
   -.0094740
   -.0077877
   -.0073647
   -.0027779
    .0080601
    .0142558
    .0134879
    .0126209
    .0113457
    .0101165
    .0080993
    .0051076
   -.0249692
   -.0368910
   -.0471713
   -.0778505
   -.0906062
   -.0997991
   -.1228415
   -.1449288
   -.1621740
   -.1749662
   -.1865622
   -.2025499
   -.2114245
   -.2160879
   -.2114306
   -.2094912
   -.2045383
   -.1936567
   -.1790875
   -.1562699
   -.1455351
   -.1304799
   -.1184812
   -.1064115
   -.1006005
   -.0924010
   -.0824194
   -.0763710
   -.0655157
   -.0600670
   -.0542520
   -.0518238
   -.0503885
   -.0472179
   -.0440749
   -.0411109
   -.0398338
   -.0365282
   -.0410087
   -.0391974
   -.0406860
   -.0411330
   -.0415000
   -.0399663
   -.0375523
   -.0374019
   -.0335633
   -.0336975
   -.0312082
   -.0340275
   -.0312421
   -.0284365
   -.0241774
   -.0175786
   -.0098456
   -.0026474
    .0058918
    .0147621
    .0278108
    .0463542
    .0530094
    .0576395
    .0717893
    .0743120
    .0718928
    .0710813
    .0605182
    .0528134
    .0396871
    .0285152
    .0181247
    .0041927
   -.0092052
   -.0148815
   -.0221869
   -.0297524
   -.0324473
   -.0414567
   -.0422532
   -.0415261
   -.0397214
   -.0327900
   -.0310139
   -.0308374
   -.0319149
   -.0324740
   -.0377017
   -.0404324
   -.0451176
   -.0502585
   -.0625055
   -.0685268
   -.0741602
   -.0824716
   -.0866145
   -.0856532
   -.0820153
   -.0638391
   -.0580523
   -.0518487
   -.0515694
   -.0516955
   -.0498920
   -.0486547
   -.0554735
   -.0622114
   -.0726153
   -.0769459
   -.0821130
   -.0889728
   -.0930647
   -.1000890
   -.1040354
   -.1089782
   -.1124155
   -.1186865
   -.1213443
   -.1232018
   -.1217422
   -.1214482
   -.1168713
   -.1124797
   -.1077377
   -.1018057
   -.0958408
   -.0932982
   -.0885705
   -.0843574
   -.0796411
   -.0735962
   -.0711257
   -.0698775
   -.0693154
   -.0709505
   -.0702123
   -.0690647
   -.0662892
   -.0650812
   -.0639519
   -.0628011
   -.0621253
   -.0608894
   -.0615221
   -.0581796
   -.0546411
   -.0504526
   -.0457856
   -.0406365
   -.0337943
   -.0237047
   -.0130344
   -.0029472
    .0106149
    .0233367
    .0330530
    .0422932
    .0497256
    .0577612
    .0650227
    .0715041
    .0783833
    .0826663
    .0879612
    .0917885
    .0951796
    .0985746
    .1010708
    .1019146
    .1031918
    .1041914
    .1055056
    .1059612
    .1064238
    .1056415
    .1044053
    .1015481
    .0981482
    .0946836
    .0922107
    .0888733
    .0833329
    .0762012
    .0729663
    .0677685
    .0689478
    .0659359
    .0622647
    .0602977
    .0585017
    .0582007
    .0582485
    .0571520
    .0562792
    .0556713
    .0555838
    .0566670
    .0563337
    .0543314
    .0527033
    .0519232
    .0501118
    .0466218
    .0402114
    .0359262
    .0295559
    .0245548
    .0186051
    .0133510
    .0071300
    .0013508
   -.0047417
   -.0104531
   -.0136577
   -.0175446
   -.0202157
   -.0226889
   -.0195352
   -.0200271
   -.0228133
   -.0250714
   -.0272227
   -.0282735
   -.0311305
   -.0340680
   -.0373165
   -.0428516
   -.0528998
   -.0567417
   -.0586581
   -.0618523
   -.0657082
   -.0686913
   -.0677591
   -.0666878
   -.0699025
   -.0658927
   -.0638416
   -.0632920
   -.0585931
   -.0522461
   -.0472550
   -.0428761
   -.0358574
   -.0393450
   -.0352563
   -.0310966
   -.0467678
   -.0419570
   -.0309415
   -.0226982
   -.0133211
   -.0037676
    .0077752
    .0255654
    .0384998
    .0547464
    .0693859
    .0835882
    .0961840
    .1097998
    .1326093
    .1378286
    .1383830
    .1387554
    .1405662
    .1383348
    .1310361
    .1237651
    .1186726
    .1119886
    .0980541
    .1050380
    .1077112
    .1073745
    .1107191
    .1149637
    .1261308
    .1218808
    .1145392
    .1031459
    .0925991
    .0877062
    .0827860
    .0753018
    .0662286
    .0584868
    .0539365
    .0479011
    .0473328
    .0471210
    .0450603
    .0437160
    .0418756
    .0410315
    .0419340
    .0414339
    .0417443
    .0414689
    .0437473
    .0444133
    .0434551
    .0411471
    .0386887
    .0366926
    .0350586
    .0318697
    .0312313
    .0308735
    .0299094
    .0291826
    .0276967
    .0270351
    .0263546
    .0270795
    .0278119
    .0280611
    .0277099
    .0270847
    .0244891
    .0235369
    .0240932
    .0247760
    .0243625
    .0252299
    .0265110
    .0280295
    .0288911
    .0307425
    .0320524
    .0337693
    .0362359
    .0382111
    .0387297
    .0414132
    .0429051
    .0446122
    .0460814
    .0477768
    .0491976
    .0520398
    .0548164
    .0564479
    .0575629
    .0588749
    .0616603
    .0633645
    .0676640
    .0712957
    .0762124
    .0819010
    .0871825
    .0921471
    .0977992
    .1039112
    .1090090
    .1127308
    .1159449
    .1179786
    .1194598
    .1209111
    .1220375
    .1232923
    .1220769
    .1225120
    .1195411
    .1173115
    .1142875
    .1099027
    .1043390
    .0984613
    .0920470
    .0847423
    .0767667
    .0682622
    .0605296
    .0532041
    .0434152
    .0358589
    .0277371
    .0214214
    .0166005
    .0116309
    .0071591
    .0002321
   -.0074407
   -.0129127
   -.0180422
   -.0227393
   -.0278415
   -.0329841
   -.0362078
   -.0395778
   -.0430276
   -.0476797
   -.0524830
   -.0554707
   -.0576420
   -.0591771
   -.0601953
   -.0611495
   -.0627128
   -.0643290
   -.0661736
   -.0674348
   -.0688967
   -.0712240
   -.0727445
   -.0762824
   -.0811721
   -.0870290
   -.0919483
   -.0969937
   -.1022630
   -.1079028
   -.1131516
   -.1181148
   -.1221151
   -.1268135
   -.1310920
   -.1344975
   -.1368362
   -.1378041
   -.1375294
   -.1365101
   -.1350232
   -.1330166
   -.1304670
   -.1275193
   -.1243709
   -.1201494
   -.1147489
   -.1095935
   -.1051419
   -.0993953
   -.0935569
   -.0871964
   -.0801521
   -.0736902
   -.0680336
   -.0627293
   -.0576014
   -.0529253
   -.0490341
   -.0456747
   -.0425226
   -.0387433
   -.0334153
   -.0270266
   -.0200814
   -.0129194
   -.0073154
   -.0038225
   -.0023620
   -.0021982
   -.0027163
   -.0038898
   -.0055672
   -.0072514
   -.0084050
   -.0085313
   -.0077870
   -.0060899
   -.0032599
   -.0004573
    .0019334
    .0042487
    .0068194
    .0097614
    .0122209
    .0139769
    .0154375
    .0169335
    .0192831
    .0219925
    .0243064
    .0263614
    .0285831
    .0316849
    .0354480
    .0393820
    .0432142
    .0467829
    .0507202
    .0548049
    .0581599
    .0606320
    .0623827
    .0650084
    .0676297
    .0696905
    .0714496
    .0733316
    .0750217
    .0772323
    .0784823
    .0786331
    .0777881
    .0756580
    .0723962
    .0699723
    .0659733
    .0601713
    .0530943
    .0454936
    .0376348
    .0297878
    .0224108
    .0155687
    .0091822
    .0032701
   -.0024371
   -.0080082
   -.0134830
   -.0185814
   -.0229785
   -.0266390
   -.0304146
   -.0333921
   -.0353720
   -.0365487
   -.0366512
   -.0364877
   -.0368182
   -.0384094
   -.0410888
   -.0437674
   -.0459538
   -.0477884
   -.0492499
   -.0505740
   -.0518639
   -.0528688
   -.0534380
   -.0533970
   -.0522511
   -.0498111
   -.0466605
   -.0432494
   -.0397938
   -.0363128
   -.0325508
   -.0281619
   -.0237748
   -.0201120
   -.0166724
   -.0122740
   -.0072493
   -.0020686
    .0030198
    .0068899
    .0095066
    .0115095
    .0130226
    .0134284
    .0129376
    .0116906
    .0100633
    .0081791
    .0065314
    .0049386
    .0028629
    .0005220
   -.0020360
   -.0042291
   -.0068215
   -.0102845
   -.0144085
   -.0183899
   -.0215968
   -.0245346
   -.0272216
   -.0295160
   -.0314134
   -.0323717
   -.0328013
   -.0332229
   -.0334055
   -.0329692
   -.0320606
   -.0309634
   -.0296579
   -.0279083
   -.0263531
   -.0249573
   -.0234348
   -.0216046
   -.0194750
   -.0170554
   -.0144480
   -.0117124
   -.0088686
   -.0054867
   -.0019000
    .0015494
    .0050834
    .0090483
    .0130325
    .0165662
    .0199377
    .0232465
    .0262611
    .0286332
    .0307431
    .0330562
    .0362267
    .0400407
    .0437838
    .0473767
    .0511393
    .0547941
    .0578198
    .0596847
    .0612879
    .0622605
    .0613588
    .0585485
    .0555996
    .0544183
    .0527234
    .0525705
    .0514028
    .0487666
    .0457527
    .0428578
    .0406082
    .0391637
    .0383398
    .0382117
    .0389090
    .0399348
    .0409081
    .0419020
    .0430193
    .0444229
    .0463383
    .0487290
    .0515829
    .0547383
    .0576941
    .0604538
    .0632309
    .0661985
    .0691127
    .0719526
    .0748999
    .0780482
    .0812265
    .0842573
    .0872060
    .0903623
    .0937511
    .0972222
    .1003731
    .1030978
    .1058866
    .1092791
    .1129626
    .1159074
    .1175595
    .1181975
    .1181213
    .1174534
    .1165001
    .1158930
    .1153247
    .1138878
    .1115671
    .1090465
    .1060689
    .1024849
    .0990797
    .0960743
    .0925031
    .0877736
    .0827468
    .0785066
    .0740150
    .0684318
    .0624187
    .0567075
    .0511592
    .0455812
    .0401014
    .0350388
    .0305935
    .0268361
    .0236883
    .0209568
    .0183857
    .0164393
    .0157565
    .0165752
    .0183936
    .0205988
    .0229193
    .0257987
    .0293048
    .0328750
    .0354593
    .0357656
    .0339008
    .0320465
    .0320716
    .0331875
    .0338618
    .0345708
    .0346329
    .0340342
    .0331622
    .0322774
    .0315768
    .0310476
    .0303110
    .0292316
    .0277990
    .0259189
    .0236285
    .0209797
    .0175158
    .0131589
    .0079246
    .0018810
   -.0048205
   -.0120100
   -.0190688
   -.0252219
   -.0312394
   -.0370499
   -.0422669
   -.0469307
   -.0501927
   -.0523969
   -.0544285
   -.0563205
   -.0581041
   -.0597667
   -.0608632
   -.0619017
   -.0635904
   -.0655417
   -.0672479
   -.0684909
   -.0693825
   -.0700162
   -.0703760
   -.0705795
   -.0704810
   -.0693961
   -.0683202
   -.0676911
   -.0672289
   -.0661262
   -.0644089
   -.0628439
   -.0614478
   -.0600638
   -.0587394
   -.0577552
   -.0568409
   -.0557073
   -.0549224
   -.0543916
   -.0540445
   -.0544774
   -.0563798
   -.0583319
   -.0584376
   -.0592277
   -.0592756
   -.0611114
   -.0650220
   -.0697378
   -.0739385
   -.0767172
   -.0795782
   -.0810490
   -.0826380
   -.0856774
   -.0893178
   -.0923243
   -.0941667
   -.0945642
   -.0941136
   -.0923158
   -.0895923
   -.0873248
   -.0853824
   -.0829477
   -.0798028
   -.0760749
   -.0719614
   -.0674783
   -.0622325
   -.0558582
   -.0486809
   -.0413270
   -.0335805
   -.0255758
   -.0187216
   -.0138462
   -.0112394
   -.0099585
   -.0075366
   -.0021917
    .0029764
    .0084959
    .0123102
    .0147254
    .0172368
    .0197991
    .0218744
    .0231975
    .0239775
    .0244312
    .0245246
    .0241600
    .0236536
    .0230435
    .0225099
    .0219631
    .0216641
    .0221153
    .0227122
    .0223575
    .0218251
    .0217666
    .0210193
    .0202221
    .0198065
    .0193607
    .0188317
    .0184776
    .0187275
    .0196540
    .0212198
    .0231856
    .0255707
    .0283580
    .0312717
    .0341917
    .0370561
    .0395279
    .0420086
    .0445917
    .0469222
    .0489815
    .0502800
    .0508912
    .0513835
    .0518841
    .0526816
    .0538810
    .0542698
    .0539046
    .0532395
    .0522767
    .0509855
    .0496862
    .0482638
    .0465671
    .0444404
    .0417524
    .0380657
    .0334707
    .0294037
    .0263016
    .0226611
    .0194007
    .0147658
    .0095372
    .0044340
   -.0003683
   -.0048375
   -.0092255
   -.0133651
   -.0159765
   -.0161853
   -.0155103
   -.0142836
   -.0139163
   -.0152341
   -.0162149
   -.0164963
   -.0168221
   -.0177587
   -.0197554
   -.0224952
   -.0256457
   -.0286087
   -.0312588
   -.0337982
   -.0360293
   -.0371676
   -.0372254
   -.0362956
   -.0344095
   -.0321094
   -.0292168
   -.0256335
   -.0215843
   -.0171852
   -.0123542
   -.0070824
   -.0006388
    .0068028
    .0142338
    .0210499
    .0276341
    .0331342
    .0382287
    .0424876
    .0460272
    .0487567
    .0507974
    .0521648
    .0522680
    .0508365
    .0493546
    .0504646
    .0530903
    .0537549
    .0549617
    .0534607
    .0511601
    .0494616
    .0475706
    .0457103
    .0439842
    .0425444
    .0414239
    .0406011
    .0400102
    .0395660
    .0391999
    .0389193
    .0387169
    .0386931
    .0387321
    .0385843
    .0383233
    .0388285
    .0397014
    .0407527
    .0424665
    .0446852
    .0472369
    .0494573
    .0520928
    .0542388
    .0556975
    .0568855
    .0584477
    .0603413
    .0618679
    .0627601
    .0632255
    .0634871
    .0634189
    .0627289
    .0613657
    .0594878
    .0573156
    .0546084
    .0514684
    .0483509
    .0444524
    .0394781
    .0341843
    .0294502
    .0255326
    .0209164
    .0163821
    .0115363
    .0064173
    .0011184
   -.0037922
   -.0081229
   -.0118764
   -.0150144
   -.0173344
   -.0192833
   -.0209327
   -.0220249
   -.0224984
   -.0226318
   -.0224032
   -.0219954
   -.0218262
   -.0216452
   -.0210978
   -.0200866
   -.0185839
   -.0164280
   -.0140465
   -.0115875
   -.0090506
   -.0061633
   -.0031870
   -.0001805
    .0027379
    .0053041
    .0072014
    .0088596
    .0103522
    .0122735
    .0140991
    .0156530
    .0168869
    .0177587
    .0183208
    .0185988
    .0183107
    .0174964
    .0164708
    .0153268
    .0143019
    .0131448
    .0118676
    .0104448
    .0090860
    .0077006
    .0065076
    .0054691
    .0044938
    .0033878
    .0023516
    .0012409
    .0003616
   -.0005441
   -.0015244
   -.0027268
   -.0037878
   -.0047377
   -.0054305
   -.0060499
   -.0062968
   -.0065280
   -.0067783
   -.0072407
   -.0074580
   -.0075623
   -.0073256
   -.0070971
   -.0066356
   -.0062478
   -.0056828
   -.0053508
   -.0048790
   -.0045204
   -.0039173
   -.0034813
   -.0028048
   -.0023716
   -.0017931
   -.0014439
   -.0008267
   -.0003645
    .0003678
    .0008058
    .0014656
    .0018542
    .0025928
    .0031071
    .0039011
    .0043513
    .0050754
    .0054837
    .0062211
    .0066296
    .0073308
    .0076884
    .0083492
    .0086918
    .0093343
    .0096111
    .0101525
    .0103592
    .0108585
    .0110504
    .0114970
    .0116236
    .0119831
    .0120657
    .0123673
    .0124278
    .0126678
    .0126993
    .0128591
    .0128563
    .0129087
    .0128503
    .0127367
    .0125907
    .0122269
    .0119226
    .0110231
    .0100740
    .0076746
    .0048418